municipality,group,variable,month,< de 2 años-H,< de 2 años-M,2 a 4 años-H,2 a 4 años-M,TOTAL-H,TOTAL-M,TOTAL
ACACIO,desnutricion global,desnutricion leve (l),2005-01-01,24,18,53,41,77,59,136
ACHACACHI,desnutricion global,desnutricion leve (l),2005-01-01,42,49,49,68,91,117,208
ACHOCALLA,desnutricion global,desnutricion leve (l),2005-01-01,24,32,8,10,32,42,74
AIQUILE,desnutricion global,desnutricion leve (l),2005-01-01,14,22,12,25,26,47,73
ALALAY,desnutricion global,desnutricion leve (l),2005-01-01,3,4,5,3,8,7,15
ALCALA,desnutricion global,desnutricion leve (l),2005-01-01,9,8,33,31,42,39,81
ANCORAIMES,desnutricion global,desnutricion leve (l),2005-01-01,37,35,44,74,81,109,190
ANDAMARCA,desnutricion global,desnutricion leve (l),2005-01-01,2,2,1,1,3,3,6
ANTEQUERA,desnutricion global,desnutricion leve (l),2005-01-01,2,7,4,3,6,10,16
ANZALDO,desnutricion global,desnutricion leve (l),2005-01-01,1,1,8,5,9,6,15
APOLO,desnutricion global,desnutricion leve (l),2005-01-01,16,12,24,31,40,43,83
ARAMPAMPA,desnutricion global,desnutricion leve (l),2005-01-01,13,12,21,26,34,38,72
ARANI,desnutricion global,desnutricion leve (l),2005-01-01,19,8,4,2,23,10,33
ARBIETO,desnutricion global,desnutricion leve (l),2005-01-01,5,7,8,8,13,15,28
ARQUE,desnutricion global,desnutricion leve (l),2005-01-01,28,35,23,43,51,78,129
ATOCHA,desnutricion global,desnutricion leve (l),2005-01-01,29,30,40,35,69,65,134
AUCAPATA,desnutricion global,desnutricion leve (l),2005-01-01,11,3,2,7,13,10,23
AYATA,desnutricion global,desnutricion leve (l),2005-01-01,25,17,12,19,37,36,73
AYO AYO,desnutricion global,desnutricion leve (l),2005-01-01,7,8,14,6,21,14,35
AYOPAYA (V. DE INDEPENDENCIA),desnutricion global,desnutricion leve (l),2005-01-01,29,30,26,27,55,57,112
AZURDUY,desnutricion global,desnutricion leve (l),2005-01-01,39,57,73,90,112,147,259
BATALLAS,desnutricion global,desnutricion leve (l),2005-01-01,22,11,15,11,37,22,59
BAURES,desnutricion global,desnutricion leve (l),2005-01-01,17,0,17,0,34,0,34
BELEN DE ANDAMARCA,desnutricion global,desnutricion leve (l),2005-01-01,1,1,1,0,2,1,3
BELEN DE URMIRI,desnutricion global,desnutricion leve (l),2005-01-01,3,0,5,7,8,7,15
BELLA FLOR,desnutricion global,desnutricion leve (l),2005-01-01,2,3,4,3,6,6,12
BERMEJO,desnutricion global,desnutricion leve (l),2005-01-01,3,5,0,8,3,13,16
BETANZOS,desnutricion global,desnutricion leve (l),2005-01-01,67,108,113,123,180,231,411
BOLIVAR,desnutricion global,desnutricion leve (l),2005-01-01,25,29,33,32,58,61,119
BOLPEBRA,desnutricion global,desnutricion leve (l),2005-01-01,1,0,2,1,3,1,4
BOYUIBE,desnutricion global,desnutricion leve (l),2005-01-01,5,10,7,3,12,13,25
BUENA VISTA,desnutricion global,desnutricion leve (l),2005-01-01,24,13,25,37,49,50,99
CABEZAS,desnutricion global,desnutricion leve (l),2005-01-01,32,24,21,29,53,53,106
CAIROMA,desnutricion global,desnutricion leve (l),2005-01-01,38,28,33,37,71,65,136
"CAIZA ""D""",desnutricion global,desnutricion leve (l),2005-01-01,21,28,17,38,38,66,104
CAJUATA,desnutricion global,desnutricion leve (l),2005-01-01,18,14,27,19,45,33,78
CALACOTO,desnutricion global,desnutricion leve (l),2005-01-01,4,2,3,5,7,7,14
CALAMARCA,desnutricion global,desnutricion leve (l),2005-01-01,36,37,31,45,67,82,149
CAMARGO,desnutricion global,desnutricion leve (l),2005-01-01,66,59,63,92,129,151,280
CAMATAQUI (C. VILLA ABECIA),desnutricion global,desnutricion leve (l),2005-01-01,7,12,14,13,21,25,46
CAMIRI,desnutricion global,desnutricion leve (l),2005-01-01,64,61,57,47,121,108,229
CAPINOTA,desnutricion global,desnutricion leve (l),2005-01-01,31,34,24,19,55,53,108
CAQUIAVIRI,desnutricion global,desnutricion leve (l),2005-01-01,12,13,7,8,19,21,40
CARACOLLO,desnutricion global,desnutricion leve (l),2005-01-01,31,20,22,25,53,45,98
CARANAVI,desnutricion global,desnutricion leve (l),2005-01-01,71,65,82,89,153,154,307
CARANGAS,desnutricion global,desnutricion leve (l),2005-01-01,0,1,0,1,0,2,2
CARAPARI,desnutricion global,desnutricion leve (l),2005-01-01,11,7,9,10,20,17,37
CATACORA,desnutricion global,desnutricion leve (l),2005-01-01,9,3,8,11,17,14,31
CHACARILLA,desnutricion global,desnutricion leve (l),2005-01-01,1,2,2,0,3,2,5
CHALLAPATA,desnutricion global,desnutricion leve (l),2005-01-01,34,32,43,50,77,82,159
CHAQUI,desnutricion global,desnutricion leve (l),2005-01-01,9,1,8,0,17,1,18
CHARAGUA,desnutricion global,desnutricion leve (l),2005-01-01,48,42,66,55,114,97,211
CHARAÑA,desnutricion global,desnutricion leve (l),2005-01-01,6,8,8,6,14,14,28
CHAYANTA,desnutricion global,desnutricion leve (l),2005-01-01,62,43,45,127,107,170,277
CHIMORE,desnutricion global,desnutricion leve (l),2005-01-01,12,13,17,23,29,36,65
CHIPAYA,desnutricion global,desnutricion leve (l),2005-01-01,0,5,3,5,3,10,13
CHOQUE COTA,desnutricion global,desnutricion leve (l),2005-01-01,1,2,5,1,6,3,9
CHULUMANI (V. DE LA LIBERTAD),desnutricion global,desnutricion leve (l),2005-01-01,9,5,4,4,13,9,22
CHUMA,desnutricion global,desnutricion leve (l),2005-01-01,14,10,17,14,31,24,55
CLIZA,desnutricion global,desnutricion leve (l),2005-01-01,31,29,13,17,44,46,90
COBIJA,desnutricion global,desnutricion leve (l),2005-01-01,38,15,63,27,101,42,143
COCHABAMBA,desnutricion global,desnutricion leve (l),2005-01-01,306,274,170,169,476,443,919
COLCAPIRHUA,desnutricion global,desnutricion leve (l),2005-01-01,23,15,14,20,37,35,72
"COLCHA ""K""",desnutricion global,desnutricion leve (l),2005-01-01,7,7,9,8,16,15,31
COLLANA,desnutricion global,desnutricion leve (l),2005-01-01,2,0,3,0,5,0,5
COLOMI,desnutricion global,desnutricion leve (l),2005-01-01,26,26,18,21,44,47,91
COLPA BELGICA,desnutricion global,desnutricion leve (l),2005-01-01,2,6,10,12,12,18,30
COLQUECHACA,desnutricion global,desnutricion leve (l),2005-01-01,38,47,33,36,71,83,154
COLQUENCHA,desnutricion global,desnutricion leve (l),2005-01-01,23,14,15,20,38,34,72
COLQUIRI,desnutricion global,desnutricion leve (l),2005-01-01,44,38,41,49,85,87,172
COMANCHE,desnutricion global,desnutricion leve (l),2005-01-01,0,2,2,2,2,4,6
COMARAPA,desnutricion global,desnutricion leve (l),2005-01-01,48,34,17,19,65,53,118
COMBAYA,desnutricion global,desnutricion leve (l),2005-01-01,2,2,0,2,2,4,6
CONCEPCION,desnutricion global,desnutricion leve (l),2005-01-01,35,0,1,0,36,0,36
COPACABANA,desnutricion global,desnutricion leve (l),2005-01-01,28,12,21,7,49,19,68
CORIPATA,desnutricion global,desnutricion leve (l),2005-01-01,4,2,3,2,7,4,11
CORO CORO,desnutricion global,desnutricion leve (l),2005-01-01,23,8,13,14,36,22,58
COROICO,desnutricion global,desnutricion leve (l),2005-01-01,13,9,8,6,21,15,36
CORQUE,desnutricion global,desnutricion leve (l),2005-01-01,7,7,11,11,18,18,36
COTAGAITA,desnutricion global,desnutricion leve (l),2005-01-01,73,51,94,93,167,144,311
COTOCA,desnutricion global,desnutricion leve (l),2005-01-01,41,30,21,16,62,46,108
CUATRO CAÑADAS,desnutricion global,desnutricion leve (l),2005-01-01,5,0,15,0,20,0,20
CUCHUMUELA (V. G. VILLARROEL),desnutricion global,desnutricion leve (l),2005-01-01,3,8,4,2,7,10,17
CUEVO,desnutricion global,desnutricion leve (l),2005-01-01,7,12,11,16,18,28,46
CULPINA,desnutricion global,desnutricion leve (l),2005-01-01,77,57,105,109,182,166,348
CURAHUARA DE CARANGAS,desnutricion global,desnutricion leve (l),2005-01-01,7,4,3,7,10,11,21
CURVA,desnutricion global,desnutricion leve (l),2005-01-01,17,4,14,10,31,14,45
DESAGUADERO,desnutricion global,desnutricion leve (l),2005-01-01,8,5,5,1,13,6,19
EL ALTO,desnutricion global,desnutricion leve (l),2005-01-01,974,833,564,567,1538,1400,2938
EL CHORO,desnutricion global,desnutricion leve (l),2005-01-01,0,2,3,3,3,5,8
EL PUENTE(TJA),desnutricion global,desnutricion leve (l),2005-01-01,26,18,38,58,64,76,140
EL TORNO,desnutricion global,desnutricion leve (l),2005-01-01,19,15,22,27,41,42,83
EL VILLAR,desnutricion global,desnutricion leve (l),2005-01-01,13,17,42,36,55,53,108
ENTRE RIOS,desnutricion global,desnutricion leve (l),2005-01-01,25,16,25,31,50,47,97
ENTRE RIOS,desnutricion global,desnutricion leve (l),2005-01-01,67,49,47,35,114,84,198
EUCALIPTUS,desnutricion global,desnutricion leve (l),2005-01-01,1,6,7,4,8,10,18
EUREKA (SANTOS MERCADO),desnutricion global,desnutricion leve (l),2005-01-01,0,0,1,0,1,0,1
EXALTACION,desnutricion global,desnutricion leve (l),2005-01-01,8,1,2,4,10,5,15
FERNANDEZ ALONSO,desnutricion global,desnutricion leve (l),2005-01-01,15,25,18,17,33,42,75
FILADELFIA,desnutricion global,desnutricion leve (l),2005-01-01,2,9,11,8,13,17,30
GENERAL SAAVEDRA,desnutricion global,desnutricion leve (l),2005-01-01,70,1,85,9,155,10,165
GRAL. J.J. PEREZ (CHARAZANI),desnutricion global,desnutricion leve (l),2005-01-01,11,12,12,13,23,25,48
GUANAY,desnutricion global,desnutricion leve (l),2005-01-01,10,16,8,12,18,28,46
GUAQUI,desnutricion global,desnutricion leve (l),2005-01-01,6,5,5,4,11,9,20
GUTIERREZ,desnutricion global,desnutricion leve (l),2005-01-01,69,72,135,131,204,203,407
HUACARETA,desnutricion global,desnutricion leve (l),2005-01-01,21,38,43,58,64,96,160
HUACAYA (VILLA DE HUACAYA),desnutricion global,desnutricion leve (l),2005-01-01,8,8,10,18,18,26,44
HUANUNI,desnutricion global,desnutricion leve (l),2005-01-01,41,29,29,10,70,39,109
HUARACAJE,desnutricion global,desnutricion leve (l),2005-01-01,5,2,0,4,5,6,11
HUAYLLAMARCA,desnutricion global,desnutricion leve (l),2005-01-01,0,2,1,8,1,10,11
ICHOCA,desnutricion global,desnutricion leve (l),2005-01-01,3,10,11,12,14,22,36
ICLA,desnutricion global,desnutricion leve (l),2005-01-01,52,46,115,86,167,132,299
INCAHUASI,desnutricion global,desnutricion leve (l),2005-01-01,69,84,88,101,157,185,342
INQUISIVI,desnutricion global,desnutricion leve (l),2005-01-01,47,24,40,43,87,67,154
IRUPANA (VILLA DE LANZA),desnutricion global,desnutricion leve (l),2005-01-01,11,11,29,22,40,33,73
IXIAMAS,desnutricion global,desnutricion leve (l),2005-01-01,15,9,21,17,36,26,62
JESUS DE MACHACA,desnutricion global,desnutricion leve (l),2005-01-01,8,5,5,9,13,14,27
LA ASUNTA,desnutricion global,desnutricion leve (l),2005-01-01,24,37,24,24,48,61,109
LA GUARDIA,desnutricion global,desnutricion leve (l),2005-01-01,47,38,38,37,85,75,160
LA PAZ,desnutricion global,desnutricion leve (l),2005-01-01,545,538,387,425,932,963,1895
LA RIVERA,desnutricion global,desnutricion leve (l),2005-01-01,0,1,0,0,0,1,1
LAGUNILLAS,desnutricion global,desnutricion leve (l),2005-01-01,23,6,11,15,34,21,55
LAJA,desnutricion global,desnutricion leve (l),2005-01-01,20,13,13,9,33,22,55
LAS CARRERAS,desnutricion global,desnutricion leve (l),2005-01-01,5,9,14,14,19,23,42
LICOMA PAMPA,desnutricion global,desnutricion leve (l),2005-01-01,4,1,3,1,7,2,9
LLALLAGUA,desnutricion global,desnutricion leve (l),2005-01-01,51,41,52,43,103,84,187
LLICA,desnutricion global,desnutricion leve (l),2005-01-01,2,4,1,2,3,6,9
LORETO,desnutricion global,desnutricion leve (l),2005-01-01,2,2,6,5,8,7,15
LURIBAY,desnutricion global,desnutricion leve (l),2005-01-01,20,15,11,18,31,33,64
MACHACAMARCA,desnutricion global,desnutricion leve (l),2005-01-01,3,2,2,2,5,4,9
MACHARETI,desnutricion global,desnutricion leve (l),2005-01-01,26,20,32,32,58,52,110
MAGDALENA,desnutricion global,desnutricion leve (l),2005-01-01,42,14,13,7,55,21,76
MAIRANA,desnutricion global,desnutricion leve (l),2005-01-01,20,0,11,0,31,0,31
MALLA,desnutricion global,desnutricion leve (l),2005-01-01,2,2,2,1,4,3,7
MAPIRI,desnutricion global,desnutricion leve (l),2005-01-01,22,10,12,15,34,25,59
MECAPACA,desnutricion global,desnutricion leve (l),2005-01-01,39,17,28,34,67,51,118
MINEROS,desnutricion global,desnutricion leve (l),2005-01-01,31,25,10,27,41,52,93
MIZQUE,desnutricion global,desnutricion leve (l),2005-01-01,11,14,24,13,35,27,62
MOCOMOCO,desnutricion global,desnutricion leve (l),2005-01-01,19,11,18,30,37,41,78
MOJINETE,desnutricion global,desnutricion leve (l),2005-01-01,2,1,5,6,7,7,14
MOJOCOYA,desnutricion global,desnutricion leve (l),2005-01-01,20,16,34,39,54,55,109
MONTEAGUDO,desnutricion global,desnutricion leve (l),2005-01-01,51,46,81,74,132,120,252
MONTERO,desnutricion global,desnutricion leve (l),2005-01-01,306,47,242,43,548,90,638
MORO MORO,desnutricion global,desnutricion leve (l),2005-01-01,10,3,13,9,23,12,35
MOROCHATA,desnutricion global,desnutricion leve (l),2005-01-01,23,20,9,12,32,32,64
NACEBE (SANTA ROSA DEL ABUNA),desnutricion global,desnutricion leve (l),2005-01-01,0,0,1,0,1,0,1
NAZACARA DE PACAJES,desnutricion global,desnutricion leve (l),2005-01-01,0,0,0,1,0,1,1
NUEVO MANOA (NUEVA ESPERANZA),desnutricion global,desnutricion leve (l),2005-01-01,1,0,2,0,3,0,3
OCURI,desnutricion global,desnutricion leve (l),2005-01-01,44,38,63,70,107,108,215
OKINAWA,desnutricion global,desnutricion leve (l),2005-01-01,23,18,8,10,31,28,59
OMEREQUE,desnutricion global,desnutricion leve (l),2005-01-01,2,0,0,0,2,0,2
ORURO,desnutricion global,desnutricion leve (l),2005-01-01,305,277,193,198,498,475,973
PADCAYA,desnutricion global,desnutricion leve (l),2005-01-01,28,17,21,26,49,43,92
PADILLA,desnutricion global,desnutricion leve (l),2005-01-01,37,34,71,81,108,115,223
PAILON,desnutricion global,desnutricion leve (l),2005-01-01,0,36,28,0,28,36,64
PALCA,desnutricion global,desnutricion leve (l),2005-01-01,51,20,31,9,82,29,111
PALOS BLANCOS,desnutricion global,desnutricion leve (l),2005-01-01,35,57,52,50,87,107,194
PAMPA AULLAGAS,desnutricion global,desnutricion leve (l),2005-01-01,3,1,4,7,7,8,15
PAMPA GRANDE,desnutricion global,desnutricion leve (l),2005-01-01,9,9,6,17,15,26,41
PAPEL PAMPA,desnutricion global,desnutricion leve (l),2005-01-01,2,4,6,5,8,9,17
PASORAPA,desnutricion global,desnutricion leve (l),2005-01-01,1,4,1,4,2,8,10
PATACAMAYA,desnutricion global,desnutricion leve (l),2005-01-01,63,74,44,43,107,117,224
PAZÑA,desnutricion global,desnutricion leve (l),2005-01-01,3,5,5,9,8,14,22
PELECHUCO,desnutricion global,desnutricion leve (l),2005-01-01,17,10,15,17,32,27,59
POCOATA,desnutricion global,desnutricion leve (l),2005-01-01,43,58,82,87,125,145,270
POCONA,desnutricion global,desnutricion leve (l),2005-01-01,12,12,4,1,16,13,29
POJO (CBBA),desnutricion global,desnutricion leve (l),2005-01-01,21,11,28,37,49,48,97
POOPO,desnutricion global,desnutricion leve (l),2005-01-01,3,1,4,0,7,1,8
PORCO,desnutricion global,desnutricion leve (l),2005-01-01,6,8,4,7,10,15,25
POROMA,desnutricion global,desnutricion leve (l),2005-01-01,53,42,59,87,112,129,241
PORONGO,desnutricion global,desnutricion leve (l),2005-01-01,8,6,6,5,14,11,25
PORTACHUELO,desnutricion global,desnutricion leve (l),2005-01-01,17,17,23,21,40,38,78
PORVENIR,desnutricion global,desnutricion leve (l),2005-01-01,4,4,2,9,6,13,19
POSTRER VALLE,desnutricion global,desnutricion leve (l),2005-01-01,4,2,4,2,8,4,12
POTOSI,desnutricion global,desnutricion leve (l),2005-01-01,201,163,132,108,333,271,604
PRESTO,desnutricion global,desnutricion leve (l),2005-01-01,32,32,52,44,84,76,160
PUCARA,desnutricion global,desnutricion leve (l),2005-01-01,2,0,1,1,3,1,4
PUCARANI,desnutricion global,desnutricion leve (l),2005-01-01,16,16,6,3,22,19,41
PUERTO ACOSTA,desnutricion global,desnutricion leve (l),2005-01-01,33,31,41,45,74,76,150
PUERTO CARABUCO,desnutricion global,desnutricion leve (l),2005-01-01,25,32,43,42,68,74,142
PUERTO GONZALO MORENO,desnutricion global,desnutricion leve (l),2005-01-01,2,3,3,3,5,6,11
PUERTO PEREZ,desnutricion global,desnutricion leve (l),2005-01-01,4,0,7,0,11,0,11
PUERTO RICO,desnutricion global,desnutricion leve (l),2005-01-01,4,3,6,6,10,9,19
PUERTO SILES,desnutricion global,desnutricion leve (l),2005-01-01,0,0,1,0,1,0,1
PUERTO VILLARROEL,desnutricion global,desnutricion leve (l),2005-01-01,104,90,90,81,194,171,365
PUNA,desnutricion global,desnutricion leve (l),2005-01-01,39,43,52,56,91,99,190
PUNATA,desnutricion global,desnutricion leve (l),2005-01-01,34,33,27,31,61,64,125
QUIABAYA,desnutricion global,desnutricion leve (l),2005-01-01,8,1,5,10,13,11,24
QUILLACOLLO,desnutricion global,desnutricion leve (l),2005-01-01,37,46,27,45,64,91,155
QUIME,desnutricion global,desnutricion leve (l),2005-01-01,17,13,43,45,60,58,118
QUIRUSILLAS,desnutricion global,desnutricion leve (l),2005-01-01,0,3,5,6,5,9,14
RAVELO,desnutricion global,desnutricion leve (l),2005-01-01,42,20,50,9,92,29,121
REYES,desnutricion global,desnutricion leve (l),2005-01-01,28,24,18,25,46,49,95
RIBERALTA,desnutricion global,desnutricion leve (l),2005-01-01,108,210,122,142,230,352,582
ROBORE,desnutricion global,desnutricion leve (l),2005-01-01,0,37,41,0,41,37,78
RURRENABAQUE,desnutricion global,desnutricion leve (l),2005-01-01,13,25,5,8,18,33,51
SABAYA,desnutricion global,desnutricion leve (l),2005-01-01,3,2,2,5,5,7,12
SACABA,desnutricion global,desnutricion leve (l),2005-01-01,62,55,47,60,109,115,224
SACABAMBA,desnutricion global,desnutricion leve (l),2005-01-01,2,4,0,0,2,4,6
SAIPINA,desnutricion global,desnutricion leve (l),2005-01-01,13,7,4,6,17,13,30
SALINAS DE GARCI MENDOZA,desnutricion global,desnutricion leve (l),2005-01-01,12,15,19,16,31,31,62
SAMAIPATA,desnutricion global,desnutricion leve (l),2005-01-01,25,0,23,1,48,1,49
SAN AGUSTIN,desnutricion global,desnutricion leve (l),2005-01-01,0,2,1,2,1,4,5
SAN ANDRES,desnutricion global,desnutricion leve (l),2005-01-01,5,6,11,1,16,7,23
SAN ANDRES DE MACHACA,desnutricion global,desnutricion leve (l),2005-01-01,5,6,7,5,12,11,23
SAN ANTONIO DE ESMORUCO,desnutricion global,desnutricion leve (l),2005-01-01,3,3,1,2,4,5,9
SAN ANTONIO DE LOMERIO,desnutricion global,desnutricion leve (l),2005-01-01,41,34,48,45,89,79,168
SAN BENITO,desnutricion global,desnutricion leve (l),2005-01-01,9,7,4,7,13,14,27
SAN BORJA,desnutricion global,desnutricion leve (l),2005-01-01,64,66,55,54,119,120,239
SAN BUENA VENTURA,desnutricion global,desnutricion leve (l),2005-01-01,9,18,18,22,27,40,67
SAN CARLOS,desnutricion global,desnutricion leve (l),2005-01-01,44,12,17,9,61,21,82
SAN IGNACIO,desnutricion global,desnutricion leve (l),2005-01-01,52,35,66,45,118,80,198
SAN IGNACIO DE VELASCO,desnutricion global,desnutricion leve (l),2005-01-01,114,99,105,107,219,206,425
SAN JAVIER(BNI),desnutricion global,desnutricion leve (l),2005-01-01,2,8,11,11,13,19,32
SAN JAVIER(STC),desnutricion global,desnutricion leve (l),2005-01-01,18,0,40,0,58,0,58
SAN JOAQUIN,desnutricion global,desnutricion leve (l),2005-01-01,3,4,5,9,8,13,21
SAN JOSE DE CHIQUITOS,desnutricion global,desnutricion leve (l),2005-01-01,24,19,10,8,34,27,61
SAN JUAN DE YAPACANI,desnutricion global,desnutricion leve (l),2005-01-01,7,9,16,12,23,21,44
SAN JULIAN,desnutricion global,desnutricion leve (l),2005-01-01,40,6,37,6,77,12,89
SAN LORENZO(PND),desnutricion global,desnutricion leve (l),2005-01-01,6,3,2,2,8,5,13
SAN LORENZO(TJA),desnutricion global,desnutricion leve (l),2005-01-01,37,33,52,46,89,79,168
SAN LUCAS,desnutricion global,desnutricion leve (l),2005-01-01,184,189,226,252,410,441,851
SAN MIGUEL DE VELASCO,desnutricion global,desnutricion leve (l),2005-01-01,33,27,39,39,72,66,138
SAN PABLO DE LIPEZ,desnutricion global,desnutricion leve (l),2005-01-01,9,7,5,5,14,12,26
SAN PEDRO,desnutricion global,desnutricion leve (l),2005-01-01,34,25,31,39,65,64,129
SAN PEDRO DE BUENA VISTA,desnutricion global,desnutricion leve (l),2005-01-01,38,40,53,52,91,92,183
SAN PEDRO DE CURAHUARA,desnutricion global,desnutricion leve (l),2005-01-01,10,7,13,12,23,19,42
SAN PEDRO DE QUEMES,desnutricion global,desnutricion leve (l),2005-01-01,0,0,0,1,0,1,1
SAN PEDRO DE TIQUINA,desnutricion global,desnutricion leve (l),2005-01-01,6,7,3,5,9,12,21
SAN PEDRO(PND),desnutricion global,desnutricion leve (l),2005-01-01,4,5,0,0,4,5,9
SAN RAFAEL,desnutricion global,desnutricion leve (l),2005-01-01,16,13,11,6,27,19,46
SAN RAMON,desnutricion global,desnutricion leve (l),2005-01-01,4,8,4,2,8,10,18
SAN RAMON,desnutricion global,desnutricion leve (l),2005-01-01,19,0,26,3,45,3,48
SANTA ANA,desnutricion global,desnutricion leve (l),2005-01-01,15,22,11,12,26,34,60
SANTA CRUZ DE LA SIERRA,desnutricion global,desnutricion leve (l),2005-01-01,1657,1114,602,539,2259,1653,3912
SANTA ROSA,desnutricion global,desnutricion leve (l),2005-01-01,13,8,2,3,15,11,26
SANTA ROSA DEL SARA,desnutricion global,desnutricion leve (l),2005-01-01,20,19,16,20,36,39,75
SANTIAGO DE CALLAPA,desnutricion global,desnutricion leve (l),2005-01-01,11,13,18,7,29,20,49
SANTIAGO DE HUARI,desnutricion global,desnutricion leve (l),2005-01-01,11,8,10,9,21,17,38
SANTIAGO DE MACHACA,desnutricion global,desnutricion leve (l),2005-01-01,9,1,1,9,10,10,20
SANTIVAÑES,desnutricion global,desnutricion leve (l),2005-01-01,13,9,8,9,21,18,39
SANTUARIO DE QUILLACAS,desnutricion global,desnutricion leve (l),2005-01-01,5,4,8,6,13,10,23
SAPAHAQUI,desnutricion global,desnutricion leve (l),2005-01-01,10,10,10,16,20,26,46
SENA,desnutricion global,desnutricion leve (l),2005-01-01,3,2,3,3,6,5,11
SICA SICA (VILLA AROMA),desnutricion global,desnutricion leve (l),2005-01-01,32,44,40,45,72,89,161
SICAYA,desnutricion global,desnutricion leve (l),2005-01-01,3,4,1,2,4,6,10
SIPE SIPE,desnutricion global,desnutricion leve (l),2005-01-01,63,50,41,33,104,83,187
SOPACHUY,desnutricion global,desnutricion leve (l),2005-01-01,27,31,44,72,71,103,174
SORACACHI,desnutricion global,desnutricion leve (l),2005-01-01,8,4,24,8,32,12,44
SORATA,desnutricion global,desnutricion leve (l),2005-01-01,31,25,42,43,73,68,141
SUCRE,desnutricion global,desnutricion leve (l),2005-01-01,166,138,162,147,328,285,613
TACACHI,desnutricion global,desnutricion leve (l),2005-01-01,4,5,5,0,9,5,14
TACACOMA,desnutricion global,desnutricion leve (l),2005-01-01,7,8,6,6,13,14,27
TACOBAMBA,desnutricion global,desnutricion leve (l),2005-01-01,4,1,6,1,10,2,12
TACOPAYA,desnutricion global,desnutricion leve (l),2005-01-01,19,21,19,24,38,45,83
TAHUA,desnutricion global,desnutricion leve (l),2005-01-01,1,0,2,2,3,2,5
TAPACARI,desnutricion global,desnutricion leve (l),2005-01-01,63,50,33,21,96,71,167
TARABUCO,desnutricion global,desnutricion leve (l),2005-01-01,125,94,231,216,356,310,666
TARACO,desnutricion global,desnutricion leve (l),2005-01-01,7,9,9,7,16,16,32
TARATA,desnutricion global,desnutricion leve (l),2005-01-01,18,14,11,14,29,28,57
TARIJA,desnutricion global,desnutricion leve (l),2005-01-01,152,189,139,125,291,314,605
TARVITA,desnutricion global,desnutricion leve (l),2005-01-01,61,74,120,162,181,236,417
TEOPONTE,desnutricion global,desnutricion leve (l),2005-01-01,10,15,11,19,21,34,55
TIAWANACU,desnutricion global,desnutricion leve (l),2005-01-01,7,11,8,3,15,14,29
TINGUIPAYA,desnutricion global,desnutricion leve (l),2005-01-01,51,37,31,24,82,61,143
TIPUANI,desnutricion global,desnutricion leve (l),2005-01-01,9,9,2,1,11,10,21
TIQUIPAYA,desnutricion global,desnutricion leve (l),2005-01-01,40,35,24,16,64,51,115
TIRAQUE (CBBA),desnutricion global,desnutricion leve (l),2005-01-01,87,89,71,67,158,156,314
TITO YUPANQUI (PARQUIPUJIO),desnutricion global,desnutricion leve (l),2005-01-01,2,1,4,1,6,2,8
TOCO,desnutricion global,desnutricion leve (l),2005-01-01,5,3,9,14,14,17,31
TOLATA,desnutricion global,desnutricion leve (l),2005-01-01,0,1,1,1,1,2,3
TOLEDO,desnutricion global,desnutricion leve (l),2005-01-01,7,3,1,0,8,3,11
TOMAVE,desnutricion global,desnutricion leve (l),2005-01-01,12,2,9,5,21,7,28
TOMINA,desnutricion global,desnutricion leve (l),2005-01-01,49,45,92,118,141,163,304
TORO TORO,desnutricion global,desnutricion leve (l),2005-01-01,19,55,19,16,38,71,109
TOTORA(CBBA),desnutricion global,desnutricion leve (l),2005-01-01,15,17,5,8,20,25,45
TOTORA(ORR),desnutricion global,desnutricion leve (l),2005-01-01,6,1,5,8,11,9,20
TRIGAL,desnutricion global,desnutricion leve (l),2005-01-01,1,3,1,2,2,5,7
TRINIDAD,desnutricion global,desnutricion leve (l),2005-01-01,151,164,96,73,247,237,484
TUPIZA,desnutricion global,desnutricion leve (l),2005-01-01,63,63,69,70,132,133,265
TURCO,desnutricion global,desnutricion leve (l),2005-01-01,8,5,9,10,17,15,32
UNCIA,desnutricion global,desnutricion leve (l),2005-01-01,29,36,43,28,72,64,136
URIONDO (A. CONCEPCION),desnutricion global,desnutricion leve (l),2005-01-01,42,31,41,31,83,62,145
UYUNI,desnutricion global,desnutricion leve (l),2005-01-01,11,12,19,23,30,35,65
VACAS,desnutricion global,desnutricion leve (l),2005-01-01,23,29,15,19,38,48,86
VALLEGRANDE,desnutricion global,desnutricion leve (l),2005-01-01,18,10,40,12,58,22,80
VIACHA,desnutricion global,desnutricion leve (l),2005-01-01,120,134,48,54,168,188,356
VILA VILA,desnutricion global,desnutricion leve (l),2005-01-01,3,2,2,0,5,2,7
VILLA MONTES,desnutricion global,desnutricion leve (l),2005-01-01,39,32,41,41,80,73,153
VILLA NUEVA (LOMA ALTA),desnutricion global,desnutricion leve (l),2005-01-01,0,1,1,0,1,1,2
VILLA RIVERO,desnutricion global,desnutricion leve (l),2005-01-01,11,5,15,9,26,14,40
VILLA SERRANO,desnutricion global,desnutricion leve (l),2005-01-01,28,23,59,47,87,70,157
VILLA TUNARI,desnutricion global,desnutricion leve (l),2005-01-01,86,109,70,75,156,184,340
VILLA VACA GUZMAN (MUYUPAMPA),desnutricion global,desnutricion leve (l),2005-01-01,30,20,35,55,65,75,140
VILLAZON,desnutricion global,desnutricion leve (l),2005-01-01,74,73,60,88,134,161,295
VINTO,desnutricion global,desnutricion leve (l),2005-01-01,53,0,22,0,75,0,75
VITICHI,desnutricion global,desnutricion leve (l),2005-01-01,33,18,62,35,95,53,148
WALDO BALLIVIAN,desnutricion global,desnutricion leve (l),2005-01-01,2,3,2,2,4,5,9
WARNES,desnutricion global,desnutricion leve (l),2005-01-01,38,45,30,25,68,70,138
YACO,desnutricion global,desnutricion leve (l),2005-01-01,21,15,11,8,32,23,55
YACUIBA,desnutricion global,desnutricion leve (l),2005-01-01,62,73,36,36,98,109,207
YAMPARAEZ,desnutricion global,desnutricion leve (l),2005-01-01,60,60,138,126,198,186,384
YANACACHI,desnutricion global,desnutricion leve (l),2005-01-01,1,5,1,3,2,8,10
YAPACANI,desnutricion global,desnutricion leve (l),2005-01-01,108,66,68,68,176,134,310
YOCALLA,desnutricion global,desnutricion leve (l),2005-01-01,6,3,12,5,18,8,26
YOTALA,desnutricion global,desnutricion leve (l),2005-01-01,40,27,58,66,98,93,191
YUNCHARA,desnutricion global,desnutricion leve (l),2005-01-01,17,10,41,33,58,43,101
ZUDAÑEZ,desnutricion global,desnutricion leve (l),2005-01-01,34,19,63,39,97,58,155
ACACIO,desnutricion global,desnutricion leve (l),2005-02-01,29,22,41,48,70,70,140
ACHACACHI,desnutricion global,desnutricion leve (l),2005-02-01,68,52,74,73,142,125,267
ACHOCALLA,desnutricion global,desnutricion leve (l),2005-02-01,23,19,20,20,43,39,82
AIQUILE,desnutricion global,desnutricion leve (l),2005-02-01,34,20,29,29,63,49,112
ALALAY,desnutricion global,desnutricion leve (l),2005-02-01,12,10,8,8,20,18,38
ALCALA,desnutricion global,desnutricion leve (l),2005-02-01,9,8,35,34,44,42,86
ANCORAIMES,desnutricion global,desnutricion leve (l),2005-02-01,29,21,41,168,70,189,259
ANDAMARCA,desnutricion global,desnutricion leve (l),2005-02-01,6,6,3,11,9,17,26
ANTEQUERA,desnutricion global,desnutricion leve (l),2005-02-01,6,11,7,7,13,18,31
ANZALDO,desnutricion global,desnutricion leve (l),2005-02-01,4,4,7,11,11,15,26
APOLO,desnutricion global,desnutricion leve (l),2005-02-01,24,16,23,25,47,41,88
ARAMPAMPA,desnutricion global,desnutricion leve (l),2005-02-01,14,13,27,23,41,36,77
ARANI,desnutricion global,desnutricion leve (l),2005-02-01,10,7,8,7,18,14,32
ARBIETO,desnutricion global,desnutricion leve (l),2005-02-01,13,5,9,7,22,12,34
ARQUE,desnutricion global,desnutricion leve (l),2005-02-01,30,39,20,23,50,62,112
ATOCHA,desnutricion global,desnutricion leve (l),2005-02-01,28,21,27,27,55,48,103
AUCAPATA,desnutricion global,desnutricion leve (l),2005-02-01,10,4,11,6,21,10,31
AYATA,desnutricion global,desnutricion leve (l),2005-02-01,17,7,20,14,37,21,58
AYO AYO,desnutricion global,desnutricion leve (l),2005-02-01,8,5,8,4,16,9,25
AYOPAYA (V. DE INDEPENDENCIA),desnutricion global,desnutricion leve (l),2005-02-01,49,55,57,50,106,105,211
AZURDUY,desnutricion global,desnutricion leve (l),2005-02-01,26,35,49,74,75,109,184
BATALLAS,desnutricion global,desnutricion leve (l),2005-02-01,12,7,6,6,18,13,31
BAURES,desnutricion global,desnutricion leve (l),2005-02-01,13,0,10,0,23,0,23
BELEN DE ANDAMARCA,desnutricion global,desnutricion leve (l),2005-02-01,0,2,1,3,1,5,6
BELEN DE URMIRI,desnutricion global,desnutricion leve (l),2005-02-01,3,5,7,7,10,12,22
BELLA FLOR,desnutricion global,desnutricion leve (l),2005-02-01,2,2,3,4,5,6,11
BERMEJO,desnutricion global,desnutricion leve (l),2005-02-01,5,5,5,5,10,10,20
BETANZOS,desnutricion global,desnutricion leve (l),2005-02-01,60,54,66,97,126,151,277
BOLIVAR,desnutricion global,desnutricion leve (l),2005-02-01,15,13,14,14,29,27,56
BOLPEBRA,desnutricion global,desnutricion leve (l),2005-02-01,2,0,2,0,4,0,4
BOYUIBE,desnutricion global,desnutricion leve (l),2005-02-01,4,12,8,6,12,18,30
BUENA VISTA,desnutricion global,desnutricion leve (l),2005-02-01,13,11,25,44,38,55,93
CABEZAS,desnutricion global,desnutricion leve (l),2005-02-01,29,26,27,17,56,43,99
CAIROMA,desnutricion global,desnutricion leve (l),2005-02-01,45,48,36,58,81,106,187
"CAIZA ""D""",desnutricion global,desnutricion leve (l),2005-02-01,14,14,29,30,43,44,87
CAJUATA,desnutricion global,desnutricion leve (l),2005-02-01,13,7,13,19,26,26,52
CALACOTO,desnutricion global,desnutricion leve (l),2005-02-01,4,5,6,8,10,13,23
CALAMARCA,desnutricion global,desnutricion leve (l),2005-02-01,84,66,76,119,160,185,345
CAMARGO,desnutricion global,desnutricion leve (l),2005-02-01,39,43,42,54,81,97,178
CAMATAQUI (C. VILLA ABECIA),desnutricion global,desnutricion leve (l),2005-02-01,9,4,9,15,18,19,37
CAMIRI,desnutricion global,desnutricion leve (l),2005-02-01,50,38,36,38,86,76,162
CAPINOTA,desnutricion global,desnutricion leve (l),2005-02-01,26,34,13,22,39,56,95
CAQUIAVIRI,desnutricion global,desnutricion leve (l),2005-02-01,11,8,13,4,24,12,36
CARACOLLO,desnutricion global,desnutricion leve (l),2005-02-01,9,18,16,20,25,38,63
CARANAVI,desnutricion global,desnutricion leve (l),2005-02-01,91,66,68,103,159,169,328
CARAPARI,desnutricion global,desnutricion leve (l),2005-02-01,11,11,11,8,22,19,41
CARIPUYO,desnutricion global,desnutricion leve (l),2005-02-01,12,16,23,32,35,48,83
CATACORA,desnutricion global,desnutricion leve (l),2005-02-01,1,0,0,0,1,0,1
CHACARILLA,desnutricion global,desnutricion leve (l),2005-02-01,0,1,3,3,3,4,7
CHALLAPATA,desnutricion global,desnutricion leve (l),2005-02-01,40,46,37,50,77,96,173
CHAQUI,desnutricion global,desnutricion leve (l),2005-02-01,9,6,17,7,26,13,39
CHARAGUA,desnutricion global,desnutricion leve (l),2005-02-01,55,34,44,55,99,89,188
CHARAÑA,desnutricion global,desnutricion leve (l),2005-02-01,2,1,1,0,3,1,4
CHAYANTA,desnutricion global,desnutricion leve (l),2005-02-01,66,32,47,93,113,125,238
CHIMORE,desnutricion global,desnutricion leve (l),2005-02-01,10,10,9,15,19,25,44
CHIPAYA,desnutricion global,desnutricion leve (l),2005-02-01,0,4,3,2,3,6,9
CHULUMANI (V. DE LA LIBERTAD),desnutricion global,desnutricion leve (l),2005-02-01,6,11,9,11,15,22,37
CHUMA,desnutricion global,desnutricion leve (l),2005-02-01,9,15,13,15,22,30,52
CLIZA,desnutricion global,desnutricion leve (l),2005-02-01,31,16,12,11,43,27,70
COBIJA,desnutricion global,desnutricion leve (l),2005-02-01,30,24,27,37,57,61,118
COCHABAMBA,desnutricion global,desnutricion leve (l),2005-02-01,293,228,141,165,434,393,827
COLCAPIRHUA,desnutricion global,desnutricion leve (l),2005-02-01,17,22,16,14,33,36,69
"COLCHA ""K""",desnutricion global,desnutricion leve (l),2005-02-01,10,11,9,18,19,29,48
COLLANA,desnutricion global,desnutricion leve (l),2005-02-01,1,0,4,3,5,3,8
COLOMI,desnutricion global,desnutricion leve (l),2005-02-01,21,26,17,24,38,50,88
COLPA BELGICA,desnutricion global,desnutricion leve (l),2005-02-01,5,3,7,2,12,5,17
COLQUECHACA,desnutricion global,desnutricion leve (l),2005-02-01,85,76,87,87,172,163,335
COLQUENCHA,desnutricion global,desnutricion leve (l),2005-02-01,18,17,20,20,38,37,75
COLQUIRI,desnutricion global,desnutricion leve (l),2005-02-01,45,38,38,40,83,78,161
COMANCHE,desnutricion global,desnutricion leve (l),2005-02-01,7,4,1,2,8,6,14
COMARAPA,desnutricion global,desnutricion leve (l),2005-02-01,26,21,13,16,39,37,76
COMBAYA,desnutricion global,desnutricion leve (l),2005-02-01,4,3,13,8,17,11,28
CONCEPCION,desnutricion global,desnutricion leve (l),2005-02-01,18,0,12,0,30,0,30
COPACABANA,desnutricion global,desnutricion leve (l),2005-02-01,37,12,11,12,48,24,72
CORIPATA,desnutricion global,desnutricion leve (l),2005-02-01,8,12,1,1,9,13,22
CORO CORO,desnutricion global,desnutricion leve (l),2005-02-01,20,15,29,22,49,37,86
COROICO,desnutricion global,desnutricion leve (l),2005-02-01,4,11,12,9,16,20,36
CORQUE,desnutricion global,desnutricion leve (l),2005-02-01,13,12,7,11,20,23,43
COTAGAITA,desnutricion global,desnutricion leve (l),2005-02-01,20,14,31,21,51,35,86
COTOCA,desnutricion global,desnutricion leve (l),2005-02-01,23,21,9,14,32,35,67
CUATRO CAÑADAS,desnutricion global,desnutricion leve (l),2005-02-01,10,4,8,10,18,14,32
CUEVO,desnutricion global,desnutricion leve (l),2005-02-01,4,7,8,9,12,16,28
CULPINA,desnutricion global,desnutricion leve (l),2005-02-01,90,87,96,116,186,203,389
CURAHUARA DE CARANGAS,desnutricion global,desnutricion leve (l),2005-02-01,7,5,2,4,9,9,18
CURVA,desnutricion global,desnutricion leve (l),2005-02-01,6,1,7,117,13,118,131
DESAGUADERO,desnutricion global,desnutricion leve (l),2005-02-01,2,1,2,3,4,4,8
EL ALTO,desnutricion global,desnutricion leve (l),2005-02-01,947,765,619,554,1566,1319,2885
EL CHORO,desnutricion global,desnutricion leve (l),2005-02-01,1,1,2,0,3,1,4
EL PUENTE(TJA),desnutricion global,desnutricion leve (l),2005-02-01,21,9,28,33,49,42,91
EL TORNO,desnutricion global,desnutricion leve (l),2005-02-01,25,33,26,23,51,56,107
EL VILLAR,desnutricion global,desnutricion leve (l),2005-02-01,11,10,37,37,48,47,95
ENTRE RIOS,desnutricion global,desnutricion leve (l),2005-02-01,16,18,16,16,32,34,66
ENTRE RIOS,desnutricion global,desnutricion leve (l),2005-02-01,51,39,32,37,83,76,159
EUCALIPTUS,desnutricion global,desnutricion leve (l),2005-02-01,4,3,7,2,11,5,16
EXALTACION,desnutricion global,desnutricion leve (l),2005-02-01,7,10,11,8,18,18,36
FERNANDEZ ALONSO,desnutricion global,desnutricion leve (l),2005-02-01,16,26,15,21,31,47,78
FILADELFIA,desnutricion global,desnutricion leve (l),2005-02-01,1,8,1,4,2,12,14
GENERAL SAAVEDRA,desnutricion global,desnutricion leve (l),2005-02-01,64,0,100,0,164,0,164
GRAL. J.J. PEREZ (CHARAZANI),desnutricion global,desnutricion leve (l),2005-02-01,17,21,16,28,33,49,82
GUANAY,desnutricion global,desnutricion leve (l),2005-02-01,19,13,10,12,29,25,54
GUAQUI,desnutricion global,desnutricion leve (l),2005-02-01,3,2,9,2,12,4,16
GUTIERREZ,desnutricion global,desnutricion leve (l),2005-02-01,46,69,109,97,155,166,321
HUACARETA,desnutricion global,desnutricion leve (l),2005-02-01,28,36,49,47,77,83,160
HUACAYA (VILLA DE HUACAYA),desnutricion global,desnutricion leve (l),2005-02-01,4,4,6,5,10,9,19
HUACHACALLA,desnutricion global,desnutricion leve (l),2005-02-01,2,4,2,3,4,7,11
HUANUNI,desnutricion global,desnutricion leve (l),2005-02-01,32,15,25,15,57,30,87
HUARACAJE,desnutricion global,desnutricion leve (l),2005-02-01,6,0,7,4,13,4,17
HUAYLLAMARCA,desnutricion global,desnutricion leve (l),2005-02-01,2,5,2,7,4,12,16
ICHOCA,desnutricion global,desnutricion leve (l),2005-02-01,3,2,2,7,5,9,14
ICLA,desnutricion global,desnutricion leve (l),2005-02-01,61,48,115,93,176,141,317
INCAHUASI,desnutricion global,desnutricion leve (l),2005-02-01,91,102,127,122,218,224,442
INGAVI (HUMAITA),desnutricion global,desnutricion leve (l),2005-02-01,0,0,2,0,2,0,2
INQUISIVI,desnutricion global,desnutricion leve (l),2005-02-01,30,18,34,40,64,58,122
IRUPANA (VILLA DE LANZA),desnutricion global,desnutricion leve (l),2005-02-01,13,10,8,21,21,31,52
IXIAMAS,desnutricion global,desnutricion leve (l),2005-02-01,8,14,12,18,20,32,52
JESUS DE MACHACA,desnutricion global,desnutricion leve (l),2005-02-01,16,10,12,12,28,22,50
LA ASUNTA,desnutricion global,desnutricion leve (l),2005-02-01,26,21,16,24,42,45,87
LA GUARDIA,desnutricion global,desnutricion leve (l),2005-02-01,38,22,22,30,60,52,112
LA PAZ,desnutricion global,desnutricion leve (l),2005-02-01,615,520,395,428,1010,948,1958
LA RIVERA,desnutricion global,desnutricion leve (l),2005-02-01,0,0,2,0,2,0,2
LAGUNILLAS,desnutricion global,desnutricion leve (l),2005-02-01,19,15,24,34,43,49,92
LAJA,desnutricion global,desnutricion leve (l),2005-02-01,25,19,23,24,48,43,91
LAS CARRERAS,desnutricion global,desnutricion leve (l),2005-02-01,8,9,15,7,23,16,39
LICOMA PAMPA,desnutricion global,desnutricion leve (l),2005-02-01,0,1,2,1,2,2,4
LLALLAGUA,desnutricion global,desnutricion leve (l),2005-02-01,48,45,60,67,108,112,220
LLICA,desnutricion global,desnutricion leve (l),2005-02-01,5,11,3,5,8,16,24
LORETO,desnutricion global,desnutricion leve (l),2005-02-01,1,6,5,2,6,8,14
LURIBAY,desnutricion global,desnutricion leve (l),2005-02-01,18,20,17,25,35,45,80
MACHACAMARCA,desnutricion global,desnutricion leve (l),2005-02-01,1,5,3,5,4,10,14
MACHARETI,desnutricion global,desnutricion leve (l),2005-02-01,23,20,41,39,64,59,123
MAGDALENA,desnutricion global,desnutricion leve (l),2005-02-01,27,9,5,5,32,14,46
MAIRANA,desnutricion global,desnutricion leve (l),2005-02-01,16,1,20,0,36,1,37
MALLA,desnutricion global,desnutricion leve (l),2005-02-01,1,2,1,1,2,3,5
MAPIRI,desnutricion global,desnutricion leve (l),2005-02-01,16,15,7,9,23,24,47
MECAPACA,desnutricion global,desnutricion leve (l),2005-02-01,86,37,50,38,136,75,211
MINEROS,desnutricion global,desnutricion leve (l),2005-02-01,39,4,47,4,86,8,94
MIZQUE,desnutricion global,desnutricion leve (l),2005-02-01,31,32,26,38,57,70,127
MOCOMOCO,desnutricion global,desnutricion leve (l),2005-02-01,28,19,24,27,52,46,98
MOJINETE,desnutricion global,desnutricion leve (l),2005-02-01,2,2,3,7,5,9,14
MOJOCOYA,desnutricion global,desnutricion leve (l),2005-02-01,24,24,31,33,55,57,112
MONTEAGUDO,desnutricion global,desnutricion leve (l),2005-02-01,62,48,87,119,149,167,316
MONTERO,desnutricion global,desnutricion leve (l),2005-02-01,207,63,169,67,376,130,506
MORO MORO,desnutricion global,desnutricion leve (l),2005-02-01,8,2,5,8,13,10,23
MOROCHATA,desnutricion global,desnutricion leve (l),2005-02-01,22,15,9,13,31,28,59
NACEBE (SANTA ROSA DEL ABUNA),desnutricion global,desnutricion leve (l),2005-02-01,0,0,2,0,2,0,2
NAZACARA DE PACAJES,desnutricion global,desnutricion leve (l),2005-02-01,0,0,3,1,3,1,4
OCURI,desnutricion global,desnutricion leve (l),2005-02-01,24,25,36,22,60,47,107
OKINAWA,desnutricion global,desnutricion leve (l),2005-02-01,23,15,14,10,37,25,62
OMEREQUE,desnutricion global,desnutricion leve (l),2005-02-01,9,4,1,0,10,4,14
ORURO,desnutricion global,desnutricion leve (l),2005-02-01,255,221,167,179,422,400,822
PADCAYA,desnutricion global,desnutricion leve (l),2005-02-01,15,18,22,32,37,50,87
PADILLA,desnutricion global,desnutricion leve (l),2005-02-01,28,33,77,70,105,103,208
PAILON,desnutricion global,desnutricion leve (l),2005-02-01,0,44,39,0,39,44,83
PALCA,desnutricion global,desnutricion leve (l),2005-02-01,75,40,49,20,124,60,184
PALOS BLANCOS,desnutricion global,desnutricion leve (l),2005-02-01,46,52,59,65,105,117,222
PAMPA AULLAGAS,desnutricion global,desnutricion leve (l),2005-02-01,3,5,3,2,6,7,13
PAMPA GRANDE,desnutricion global,desnutricion leve (l),2005-02-01,10,5,9,7,19,12,31
PAPEL PAMPA,desnutricion global,desnutricion leve (l),2005-02-01,8,5,22,7,30,12,42
PASORAPA,desnutricion global,desnutricion leve (l),2005-02-01,13,11,11,14,24,25,49
PATACAMAYA,desnutricion global,desnutricion leve (l),2005-02-01,45,49,31,46,76,95,171
PAZÑA,desnutricion global,desnutricion leve (l),2005-02-01,8,4,6,5,14,9,23
PELECHUCO,desnutricion global,desnutricion leve (l),2005-02-01,14,13,11,16,25,29,54
POCOATA,desnutricion global,desnutricion leve (l),2005-02-01,47,67,88,86,135,153,288
POCONA,desnutricion global,desnutricion leve (l),2005-02-01,33,35,30,18,63,53,116
POJO (CBBA),desnutricion global,desnutricion leve (l),2005-02-01,14,19,14,10,28,29,57
POOPO,desnutricion global,desnutricion leve (l),2005-02-01,6,0,5,1,11,1,12
PORCO,desnutricion global,desnutricion leve (l),2005-02-01,8,13,5,3,13,16,29
POROMA,desnutricion global,desnutricion leve (l),2005-02-01,57,40,68,57,125,97,222
PORONGO,desnutricion global,desnutricion leve (l),2005-02-01,8,2,3,4,11,6,17
PORTACHUELO,desnutricion global,desnutricion leve (l),2005-02-01,14,16,24,17,38,33,71
PORVENIR,desnutricion global,desnutricion leve (l),2005-02-01,1,2,0,5,1,7,8
POSTRER VALLE,desnutricion global,desnutricion leve (l),2005-02-01,2,1,1,3,3,4,7
POTOSI,desnutricion global,desnutricion leve (l),2005-02-01,162,147,103,73,265,220,485
PRESTO,desnutricion global,desnutricion leve (l),2005-02-01,32,30,38,47,70,77,147
PUCARA,desnutricion global,desnutricion leve (l),2005-02-01,3,2,6,3,9,5,14
PUCARANI,desnutricion global,desnutricion leve (l),2005-02-01,28,17,11,12,39,29,68
PUERTO ACOSTA,desnutricion global,desnutricion leve (l),2005-02-01,35,33,30,51,65,84,149
PUERTO CARABUCO,desnutricion global,desnutricion leve (l),2005-02-01,23,20,41,39,64,59,123
PUERTO GONZALO MORENO,desnutricion global,desnutricion leve (l),2005-02-01,13,7,23,27,36,34,70
PUERTO PEREZ,desnutricion global,desnutricion leve (l),2005-02-01,4,0,0,1,4,1,5
PUERTO RICO,desnutricion global,desnutricion leve (l),2005-02-01,6,7,4,12,10,19,29
PUERTO SILES,desnutricion global,desnutricion leve (l),2005-02-01,8,5,6,8,14,13,27
PUERTO VILLARROEL,desnutricion global,desnutricion leve (l),2005-02-01,104,69,82,98,186,167,353
PUNA,desnutricion global,desnutricion leve (l),2005-02-01,33,74,52,65,85,139,224
PUNATA,desnutricion global,desnutricion leve (l),2005-02-01,20,22,5,12,25,34,59
QUILLACOLLO,desnutricion global,desnutricion leve (l),2005-02-01,49,64,27,71,76,135,211
QUIME,desnutricion global,desnutricion leve (l),2005-02-01,9,15,22,18,31,33,64
QUIRUSILLAS,desnutricion global,desnutricion leve (l),2005-02-01,3,3,0,2,3,5,8
RAVELO,desnutricion global,desnutricion leve (l),2005-02-01,83,57,85,64,168,121,289
REYES,desnutricion global,desnutricion leve (l),2005-02-01,13,17,8,26,21,43,64
RIBERALTA,desnutricion global,desnutricion leve (l),2005-02-01,119,165,124,174,243,339,582
ROBORE,desnutricion global,desnutricion leve (l),2005-02-01,3,40,32,1,35,41,76
RURRENABAQUE,desnutricion global,desnutricion leve (l),2005-02-01,18,10,7,12,25,22,47
SABAYA,desnutricion global,desnutricion leve (l),2005-02-01,0,5,2,3,2,8,10
SACABA,desnutricion global,desnutricion leve (l),2005-02-01,29,22,21,12,50,34,84
SACABAMBA,desnutricion global,desnutricion leve (l),2005-02-01,2,6,5,4,7,10,17
SACACA,desnutricion global,desnutricion leve (l),2005-02-01,111,119,238,231,349,350,699
SAIPINA,desnutricion global,desnutricion leve (l),2005-02-01,7,5,9,15,16,20,36
SALINAS DE GARCI MENDOZA,desnutricion global,desnutricion leve (l),2005-02-01,11,7,7,9,18,16,34
SAMAIPATA,desnutricion global,desnutricion leve (l),2005-02-01,25,0,35,0,60,0,60
SAN AGUSTIN,desnutricion global,desnutricion leve (l),2005-02-01,1,1,0,0,1,1,2
SAN ANDRES,desnutricion global,desnutricion leve (l),2005-02-01,19,20,23,21,42,41,83
SAN ANDRES DE MACHACA,desnutricion global,desnutricion leve (l),2005-02-01,1,2,2,0,3,2,5
SAN ANTONIO DE ESMORUCO,desnutricion global,desnutricion leve (l),2005-02-01,0,2,0,1,0,3,3
SAN ANTONIO DE LOMERIO,desnutricion global,desnutricion leve (l),2005-02-01,52,34,54,57,106,91,197
SAN BENITO,desnutricion global,desnutricion leve (l),2005-02-01,7,7,8,7,15,14,29
SAN BORJA,desnutricion global,desnutricion leve (l),2005-02-01,55,54,37,41,92,95,187
SAN BUENA VENTURA,desnutricion global,desnutricion leve (l),2005-02-01,16,14,14,21,30,35,65
SAN CARLOS,desnutricion global,desnutricion leve (l),2005-02-01,24,17,15,13,39,30,69
SAN IGNACIO,desnutricion global,desnutricion leve (l),2005-02-01,38,39,31,43,69,82,151
SAN IGNACIO DE VELASCO,desnutricion global,desnutricion leve (l),2005-02-01,78,101,81,97,159,198,357
SAN JAVIER(BNI),desnutricion global,desnutricion leve (l),2005-02-01,1,6,6,4,7,10,17
SAN JAVIER(STC),desnutricion global,desnutricion leve (l),2005-02-01,32,0,53,0,85,0,85
SAN JOAQUIN,desnutricion global,desnutricion leve (l),2005-02-01,7,6,7,6,14,12,26
SAN JOSE DE CHIQUITOS,desnutricion global,desnutricion leve (l),2005-02-01,14,17,6,7,20,24,44
SAN JUAN DE YAPACANI,desnutricion global,desnutricion leve (l),2005-02-01,23,11,19,5,42,16,58
SAN JULIAN,desnutricion global,desnutricion leve (l),2005-02-01,49,39,38,24,87,63,150
SAN LORENZO(PND),desnutricion global,desnutricion leve (l),2005-02-01,8,11,12,12,20,23,43
SAN LORENZO(TJA),desnutricion global,desnutricion leve (l),2005-02-01,26,27,37,36,63,63,126
SAN LUCAS,desnutricion global,desnutricion leve (l),2005-02-01,170,171,189,246,359,417,776
SAN MIGUEL DE VELASCO,desnutricion global,desnutricion leve (l),2005-02-01,8,18,25,29,33,47,80
SAN PABLO DE LIPEZ,desnutricion global,desnutricion leve (l),2005-02-01,5,6,2,2,7,8,15
SAN PEDRO,desnutricion global,desnutricion leve (l),2005-02-01,26,14,31,29,57,43,100
SAN PEDRO DE BUENA VISTA,desnutricion global,desnutricion leve (l),2005-02-01,63,38,85,75,148,113,261
SAN PEDRO DE CURAHUARA,desnutricion global,desnutricion leve (l),2005-02-01,5,3,16,9,21,12,33
SAN PEDRO DE TIQUINA,desnutricion global,desnutricion leve (l),2005-02-01,10,7,6,3,16,10,26
SAN PEDRO(PND),desnutricion global,desnutricion leve (l),2005-02-01,1,1,2,0,3,1,4
SAN RAFAEL,desnutricion global,desnutricion leve (l),2005-02-01,15,15,19,23,34,38,72
SAN RAMON,desnutricion global,desnutricion leve (l),2005-02-01,7,12,8,10,15,22,37
SAN RAMON,desnutricion global,desnutricion leve (l),2005-02-01,2,4,3,4,5,8,13
SANTA ANA,desnutricion global,desnutricion leve (l),2005-02-01,19,9,15,14,34,23,57
SANTA CRUZ DE LA SIERRA,desnutricion global,desnutricion leve (l),2005-02-01,1405,1090,587,525,1992,1615,3607
SANTA ROSA,desnutricion global,desnutricion leve (l),2005-02-01,11,11,3,8,14,19,33
SANTA ROSA DEL SARA,desnutricion global,desnutricion leve (l),2005-02-01,25,20,19,18,44,38,82
SANTIAGO DE CALLAPA,desnutricion global,desnutricion leve (l),2005-02-01,4,6,9,7,13,13,26
SANTIAGO DE HUARI,desnutricion global,desnutricion leve (l),2005-02-01,21,5,8,8,29,13,42
SANTIAGO DE MACHACA,desnutricion global,desnutricion leve (l),2005-02-01,5,3,5,9,10,12,22
SANTIVAÑES,desnutricion global,desnutricion leve (l),2005-02-01,11,9,13,19,24,28,52
SANTUARIO DE QUILLACAS,desnutricion global,desnutricion leve (l),2005-02-01,6,1,4,5,10,6,16
SAPAHAQUI,desnutricion global,desnutricion leve (l),2005-02-01,29,27,26,40,55,67,122
SENA,desnutricion global,desnutricion leve (l),2005-02-01,10,8,10,6,20,14,34
SICA SICA (VILLA AROMA),desnutricion global,desnutricion leve (l),2005-02-01,53,49,57,54,110,103,213
SICAYA,desnutricion global,desnutricion leve (l),2005-02-01,7,2,2,1,9,3,12
SIPE SIPE,desnutricion global,desnutricion leve (l),2005-02-01,48,54,54,40,102,94,196
SOPACHUY,desnutricion global,desnutricion leve (l),2005-02-01,10,12,25,37,35,49,84
SORACACHI,desnutricion global,desnutricion leve (l),2005-02-01,3,4,5,9,8,13,21
SORATA,desnutricion global,desnutricion leve (l),2005-02-01,19,20,30,16,49,36,85
SUCRE,desnutricion global,desnutricion leve (l),2005-02-01,155,128,156,152,311,280,591
TACACHI,desnutricion global,desnutricion leve (l),2005-02-01,3,4,2,7,5,11,16
TACACOMA,desnutricion global,desnutricion leve (l),2005-02-01,8,5,10,7,18,12,30
TACOBAMBA,desnutricion global,desnutricion leve (l),2005-02-01,20,5,23,7,43,12,55
TACOPAYA,desnutricion global,desnutricion leve (l),2005-02-01,24,29,41,47,65,76,141
TAHUA,desnutricion global,desnutricion leve (l),2005-02-01,0,0,1,1,1,1,2
TAPACARI,desnutricion global,desnutricion leve (l),2005-02-01,47,38,46,36,93,74,167
TARABUCO,desnutricion global,desnutricion leve (l),2005-02-01,106,107,213,193,319,300,619
TARACO,desnutricion global,desnutricion leve (l),2005-02-01,6,4,9,7,15,11,26
TARATA,desnutricion global,desnutricion leve (l),2005-02-01,12,13,5,9,17,22,39
TARIJA,desnutricion global,desnutricion leve (l),2005-02-01,104,117,78,85,182,202,384
TARVITA,desnutricion global,desnutricion leve (l),2005-02-01,31,32,70,59,101,91,192
TEOPONTE,desnutricion global,desnutricion leve (l),2005-02-01,9,12,9,17,18,29,47
TIAWANACU,desnutricion global,desnutricion leve (l),2005-02-01,7,3,1,0,8,3,11
TINGUIPAYA,desnutricion global,desnutricion leve (l),2005-02-01,30,39,24,35,54,74,128
TIPUANI,desnutricion global,desnutricion leve (l),2005-02-01,7,2,5,0,12,2,14
TIQUIPAYA,desnutricion global,desnutricion leve (l),2005-02-01,43,44,22,19,65,63,128
TIRAQUE (CBBA),desnutricion global,desnutricion leve (l),2005-02-01,57,61,29,31,86,92,178
TITO YUPANQUI (PARQUIPUJIO),desnutricion global,desnutricion leve (l),2005-02-01,2,3,1,5,3,8,11
TOCO,desnutricion global,desnutricion leve (l),2005-02-01,4,4,4,5,8,9,17
TOLATA,desnutricion global,desnutricion leve (l),2005-02-01,2,3,0,0,2,3,5
TOLEDO,desnutricion global,desnutricion leve (l),2005-02-01,4,1,4,3,8,4,12
TOMAVE,desnutricion global,desnutricion leve (l),2005-02-01,22,11,24,10,46,21,67
TOMINA,desnutricion global,desnutricion leve (l),2005-02-01,54,58,103,119,157,177,334
TORO TORO,desnutricion global,desnutricion leve (l),2005-02-01,37,41,43,42,80,83,163
TOTORA(CBBA),desnutricion global,desnutricion leve (l),2005-02-01,22,17,18,22,40,39,79
TOTORA(ORR),desnutricion global,desnutricion leve (l),2005-02-01,6,5,2,5,8,10,18
TRIGAL,desnutricion global,desnutricion leve (l),2005-02-01,0,0,0,3,0,3,3
TRINIDAD,desnutricion global,desnutricion leve (l),2005-02-01,98,102,74,71,172,173,345
TUPIZA,desnutricion global,desnutricion leve (l),2005-02-01,64,79,77,98,141,177,318
TURCO,desnutricion global,desnutricion leve (l),2005-02-01,2,0,4,4,6,4,10
UMALA,desnutricion global,desnutricion leve (l),2005-02-01,20,20,13,14,33,34,67
UNCIA,desnutricion global,desnutricion leve (l),2005-02-01,21,20,27,22,48,42,90
URIONDO (A. CONCEPCION),desnutricion global,desnutricion leve (l),2005-02-01,28,9,56,24,84,33,117
UYUNI,desnutricion global,desnutricion leve (l),2005-02-01,22,20,24,32,46,52,98
VACAS,desnutricion global,desnutricion leve (l),2005-02-01,17,23,21,14,38,37,75
VALLEGRANDE,desnutricion global,desnutricion leve (l),2005-02-01,16,14,27,15,43,29,72
VIACHA,desnutricion global,desnutricion leve (l),2005-02-01,123,112,47,50,170,162,332
VILA VILA,desnutricion global,desnutricion leve (l),2005-02-01,3,2,2,1,5,3,8
VILLA MONTES,desnutricion global,desnutricion leve (l),2005-02-01,23,20,30,22,53,42,95
VILLA NUEVA (LOMA ALTA),desnutricion global,desnutricion leve (l),2005-02-01,0,1,1,1,1,2,3
VILLA RIVERO,desnutricion global,desnutricion leve (l),2005-02-01,10,4,7,9,17,13,30
VILLA SERRANO,desnutricion global,desnutricion leve (l),2005-02-01,57,48,103,96,160,144,304
VILLA TUNARI,desnutricion global,desnutricion leve (l),2005-02-01,85,87,91,89,176,176,352
VILLA VACA GUZMAN (MUYUPAMPA),desnutricion global,desnutricion leve (l),2005-02-01,29,30,57,54,86,84,170
VILLAZON,desnutricion global,desnutricion leve (l),2005-02-01,60,47,55,49,115,96,211
VINTO,desnutricion global,desnutricion leve (l),2005-02-01,33,0,6,0,39,0,39
VITICHI,desnutricion global,desnutricion leve (l),2005-02-01,28,8,53,25,81,33,114
WALDO BALLIVIAN,desnutricion global,desnutricion leve (l),2005-02-01,0,0,0,1,0,1,1
WARNES,desnutricion global,desnutricion leve (l),2005-02-01,53,53,45,33,98,86,184
YACO,desnutricion global,desnutricion leve (l),2005-02-01,15,26,11,12,26,38,64
YACUIBA,desnutricion global,desnutricion leve (l),2005-02-01,39,49,32,42,71,91,162
YAMPARAEZ,desnutricion global,desnutricion leve (l),2005-02-01,48,53,125,92,173,145,318
YANACACHI,desnutricion global,desnutricion leve (l),2005-02-01,6,2,6,13,12,15,27
YAPACANI,desnutricion global,desnutricion leve (l),2005-02-01,77,59,61,57,138,116,254
YOCALLA,desnutricion global,desnutricion leve (l),2005-02-01,11,10,20,31,31,41,72
YOTALA,desnutricion global,desnutricion leve (l),2005-02-01,34,18,57,63,91,81,172
YUNCHARA,desnutricion global,desnutricion leve (l),2005-02-01,16,13,36,30,52,43,95
ZUDAÑEZ,desnutricion global,desnutricion leve (l),2005-02-01,25,22,42,41,67,63,130
ACACIO,desnutricion global,desnutricion leve (l),2005-03-01,27,24,45,40,72,64,136
ACHACACHI,desnutricion global,desnutricion leve (l),2005-03-01,43,45,40,51,83,96,179
ACHOCALLA,desnutricion global,desnutricion leve (l),2005-03-01,22,24,9,10,31,34,65
AIQUILE,desnutricion global,desnutricion leve (l),2005-03-01,45,43,42,57,87,100,187
ALALAY,desnutricion global,desnutricion leve (l),2005-03-01,5,8,8,13,13,21,34
ALCALA,desnutricion global,desnutricion leve (l),2005-03-01,12,12,32,38,44,50,94
ANCORAIMES,desnutricion global,desnutricion leve (l),2005-03-01,46,43,30,753,76,796,872
ANDAMARCA,desnutricion global,desnutricion leve (l),2005-03-01,10,2,14,14,24,16,40
ANTEQUERA,desnutricion global,desnutricion leve (l),2005-03-01,7,6,7,11,14,17,31
ANZALDO,desnutricion global,desnutricion leve (l),2005-03-01,8,11,9,13,17,24,41
APOLO,desnutricion global,desnutricion leve (l),2005-03-01,19,25,11,21,30,46,76
ARAMPAMPA,desnutricion global,desnutricion leve (l),2005-03-01,20,11,31,38,51,49,100
ARANI,desnutricion global,desnutricion leve (l),2005-03-01,36,33,31,30,67,63,130
ARBIETO,desnutricion global,desnutricion leve (l),2005-03-01,9,11,12,15,21,26,47
ARQUE,desnutricion global,desnutricion leve (l),2005-03-01,24,27,24,26,48,53,101
ATOCHA,desnutricion global,desnutricion leve (l),2005-03-01,48,35,59,39,107,74,181
AUCAPATA,desnutricion global,desnutricion leve (l),2005-03-01,5,5,12,10,17,15,32
AYATA,desnutricion global,desnutricion leve (l),2005-03-01,36,24,29,29,65,53,118
AYO AYO,desnutricion global,desnutricion leve (l),2005-03-01,12,8,10,9,22,17,39
AYOPAYA (V. DE INDEPENDENCIA),desnutricion global,desnutricion leve (l),2005-03-01,56,50,62,66,118,116,234
AZURDUY,desnutricion global,desnutricion leve (l),2005-03-01,54,62,125,123,179,185,364
BATALLAS,desnutricion global,desnutricion leve (l),2005-03-01,9,9,8,7,17,16,33
BAURES,desnutricion global,desnutricion leve (l),2005-03-01,20,0,23,0,43,0,43
BELEN DE ANDAMARCA,desnutricion global,desnutricion leve (l),2005-03-01,2,0,2,3,4,3,7
BELEN DE URMIRI,desnutricion global,desnutricion leve (l),2005-03-01,3,4,11,6,14,10,24
BELLA FLOR,desnutricion global,desnutricion leve (l),2005-03-01,3,3,6,4,9,7,16
BERMEJO,desnutricion global,desnutricion leve (l),2005-03-01,20,12,20,15,40,27,67
BETANZOS,desnutricion global,desnutricion leve (l),2005-03-01,87,100,117,127,204,227,431
BOLIVAR,desnutricion global,desnutricion leve (l),2005-03-01,14,13,17,18,31,31,62
BOLPEBRA,desnutricion global,desnutricion leve (l),2005-03-01,8,7,4,5,12,12,24
BOYUIBE,desnutricion global,desnutricion leve (l),2005-03-01,19,10,18,18,37,28,65
BUENA VISTA,desnutricion global,desnutricion leve (l),2005-03-01,23,14,19,20,42,34,76
CABEZAS,desnutricion global,desnutricion leve (l),2005-03-01,18,28,11,21,29,49,78
CAIROMA,desnutricion global,desnutricion leve (l),2005-03-01,47,46,59,75,106,121,227
"CAIZA ""D""",desnutricion global,desnutricion leve (l),2005-03-01,19,22,41,53,60,75,135
CAJUATA,desnutricion global,desnutricion leve (l),2005-03-01,12,12,23,23,35,35,70
CALACOTO,desnutricion global,desnutricion leve (l),2005-03-01,14,14,17,16,31,30,61
CALAMARCA,desnutricion global,desnutricion leve (l),2005-03-01,80,69,65,98,145,167,312
CAMARGO,desnutricion global,desnutricion leve (l),2005-03-01,51,69,61,92,112,161,273
CAMATAQUI (C. VILLA ABECIA),desnutricion global,desnutricion leve (l),2005-03-01,16,6,17,17,33,23,56
CAMIRI,desnutricion global,desnutricion leve (l),2005-03-01,38,38,27,33,65,71,136
CAPINOTA,desnutricion global,desnutricion leve (l),2005-03-01,32,35,28,32,60,67,127
CAQUIAVIRI,desnutricion global,desnutricion leve (l),2005-03-01,18,16,27,17,45,33,78
CARACOLLO,desnutricion global,desnutricion leve (l),2005-03-01,21,14,27,26,48,40,88
CARANAVI,desnutricion global,desnutricion leve (l),2005-03-01,87,91,79,97,166,188,354
CARAPARI,desnutricion global,desnutricion leve (l),2005-03-01,5,8,15,7,20,15,35
CARIPUYO,desnutricion global,desnutricion leve (l),2005-03-01,89,67,133,133,222,200,422
CATACORA,desnutricion global,desnutricion leve (l),2005-03-01,5,2,0,1,5,3,8
CHACARILLA,desnutricion global,desnutricion leve (l),2005-03-01,1,4,6,7,7,11,18
CHALLAPATA,desnutricion global,desnutricion leve (l),2005-03-01,48,55,62,48,110,103,213
CHAQUI,desnutricion global,desnutricion leve (l),2005-03-01,21,19,40,32,61,51,112
CHARAGUA,desnutricion global,desnutricion leve (l),2005-03-01,86,53,57,77,143,130,273
CHARAÑA,desnutricion global,desnutricion leve (l),2005-03-01,5,6,3,7,8,13,21
CHAYANTA,desnutricion global,desnutricion leve (l),2005-03-01,53,20,32,80,85,100,185
CHIMORE,desnutricion global,desnutricion leve (l),2005-03-01,19,13,22,36,41,49,90
CHIPAYA,desnutricion global,desnutricion leve (l),2005-03-01,0,4,2,3,2,7,9
CHOQUE COTA,desnutricion global,desnutricion leve (l),2005-03-01,2,4,4,5,6,9,15
CHULUMANI (V. DE LA LIBERTAD),desnutricion global,desnutricion leve (l),2005-03-01,10,12,4,7,14,19,33
CHUMA,desnutricion global,desnutricion leve (l),2005-03-01,24,29,17,23,41,52,93
CLIZA,desnutricion global,desnutricion leve (l),2005-03-01,33,35,22,18,55,53,108
COBIJA,desnutricion global,desnutricion leve (l),2005-03-01,40,22,37,41,77,63,140
COCHABAMBA,desnutricion global,desnutricion leve (l),2005-03-01,419,368,258,286,677,654,1331
COIPASA,desnutricion global,desnutricion leve (l),2005-03-01,3,2,2,4,5,6,11
COLCAPIRHUA,desnutricion global,desnutricion leve (l),2005-03-01,40,35,27,31,67,66,133
"COLCHA ""K""",desnutricion global,desnutricion leve (l),2005-03-01,21,23,20,24,41,47,88
COLLANA,desnutricion global,desnutricion leve (l),2005-03-01,2,0,2,0,4,0,4
COLOMI,desnutricion global,desnutricion leve (l),2005-03-01,18,26,14,14,32,40,72
COLPA BELGICA,desnutricion global,desnutricion leve (l),2005-03-01,11,10,8,6,19,16,35
COLQUECHACA,desnutricion global,desnutricion leve (l),2005-03-01,117,123,94,97,211,220,431
COLQUENCHA,desnutricion global,desnutricion leve (l),2005-03-01,19,13,7,13,26,26,52
COLQUIRI,desnutricion global,desnutricion leve (l),2005-03-01,38,33,48,43,86,76,162
COMANCHE,desnutricion global,desnutricion leve (l),2005-03-01,5,2,8,13,13,15,28
COMARAPA,desnutricion global,desnutricion leve (l),2005-03-01,40,33,22,31,62,64,126
COMBAYA,desnutricion global,desnutricion leve (l),2005-03-01,3,4,3,4,6,8,14
CONCEPCION,desnutricion global,desnutricion leve (l),2005-03-01,13,0,10,0,23,0,23
COPACABANA,desnutricion global,desnutricion leve (l),2005-03-01,12,12,4,13,16,25,41
CORIPATA,desnutricion global,desnutricion leve (l),2005-03-01,7,14,4,3,11,17,28
CORO CORO,desnutricion global,desnutricion leve (l),2005-03-01,38,23,38,36,76,59,135
COROICO,desnutricion global,desnutricion leve (l),2005-03-01,11,18,12,14,23,32,55
CORQUE,desnutricion global,desnutricion leve (l),2005-03-01,13,18,19,15,32,33,65
COTAGAITA,desnutricion global,desnutricion leve (l),2005-03-01,66,52,88,86,154,138,292
COTOCA,desnutricion global,desnutricion leve (l),2005-03-01,47,40,30,35,77,75,152
CUATRO CAÑADAS,desnutricion global,desnutricion leve (l),2005-03-01,16,3,26,19,42,22,64
CUCHUMUELA (V. G. VILLARROEL),desnutricion global,desnutricion leve (l),2005-03-01,2,3,4,3,6,6,12
CUEVO,desnutricion global,desnutricion leve (l),2005-03-01,2,9,10,14,12,23,35
CULPINA,desnutricion global,desnutricion leve (l),2005-03-01,95,107,138,172,233,279,512
CURAHUARA DE CARANGAS,desnutricion global,desnutricion leve (l),2005-03-01,7,1,4,1,11,2,13
CURVA,desnutricion global,desnutricion leve (l),2005-03-01,14,6,10,9,24,15,39
DESAGUADERO,desnutricion global,desnutricion leve (l),2005-03-01,8,5,4,2,12,7,19
EL ALTO,desnutricion global,desnutricion leve (l),2005-03-01,1268,987,857,760,2125,1747,3872
EL CHORO,desnutricion global,desnutricion leve (l),2005-03-01,0,0,1,0,1,0,1
EL PUENTE(TJA),desnutricion global,desnutricion leve (l),2005-03-01,13,17,32,44,45,61,106
EL TORNO,desnutricion global,desnutricion leve (l),2005-03-01,40,35,45,39,85,74,159
EL VILLAR,desnutricion global,desnutricion leve (l),2005-03-01,15,12,46,42,61,54,115
ENTRE RIOS,desnutricion global,desnutricion leve (l),2005-03-01,25,26,37,48,62,74,136
ENTRE RIOS,desnutricion global,desnutricion leve (l),2005-03-01,64,60,47,43,111,103,214
EUCALIPTUS,desnutricion global,desnutricion leve (l),2005-03-01,6,6,4,5,10,11,21
EUREKA (SANTOS MERCADO),desnutricion global,desnutricion leve (l),2005-03-01,1,1,0,0,1,1,2
EXALTACION,desnutricion global,desnutricion leve (l),2005-03-01,9,10,6,10,15,20,35
FERNANDEZ ALONSO,desnutricion global,desnutricion leve (l),2005-03-01,32,25,21,31,53,56,109
FILADELFIA,desnutricion global,desnutricion leve (l),2005-03-01,10,18,16,19,26,37,63
GENERAL SAAVEDRA,desnutricion global,desnutricion leve (l),2005-03-01,87,0,114,0,201,0,201
GRAL. J.J. PEREZ (CHARAZANI),desnutricion global,desnutricion leve (l),2005-03-01,34,29,34,45,68,74,142
GUANAY,desnutricion global,desnutricion leve (l),2005-03-01,14,15,10,9,24,24,48
GUAQUI,desnutricion global,desnutricion leve (l),2005-03-01,10,3,3,5,13,8,21
GUTIERREZ,desnutricion global,desnutricion leve (l),2005-03-01,70,67,87,106,157,173,330
HUACARETA,desnutricion global,desnutricion leve (l),2005-03-01,24,34,42,57,66,91,157
HUACAYA (VILLA DE HUACAYA),desnutricion global,desnutricion leve (l),2005-03-01,6,10,13,12,19,22,41
HUACHACALLA,desnutricion global,desnutricion leve (l),2005-03-01,0,0,1,3,1,3,4
HUANUNI,desnutricion global,desnutricion leve (l),2005-03-01,45,34,19,30,64,64,128
HUARACAJE,desnutricion global,desnutricion leve (l),2005-03-01,10,1,10,0,20,1,21
HUAYLLAMARCA,desnutricion global,desnutricion leve (l),2005-03-01,3,9,5,4,8,13,21
ICHOCA,desnutricion global,desnutricion leve (l),2005-03-01,8,8,13,16,21,24,45
ICLA,desnutricion global,desnutricion leve (l),2005-03-01,66,49,128,103,194,152,346
INCAHUASI,desnutricion global,desnutricion leve (l),2005-03-01,149,140,157,182,306,322,628
INGAVI (HUMAITA),desnutricion global,desnutricion leve (l),2005-03-01,0,0,1,1,1,1,2
INQUISIVI,desnutricion global,desnutricion leve (l),2005-03-01,39,32,31,28,70,60,130
IRUPANA (VILLA DE LANZA),desnutricion global,desnutricion leve (l),2005-03-01,23,23,22,66,45,89,134
IXIAMAS,desnutricion global,desnutricion leve (l),2005-03-01,10,8,25,19,35,27,62
JESUS DE MACHACA,desnutricion global,desnutricion leve (l),2005-03-01,13,13,9,11,22,24,46
LA ASUNTA,desnutricion global,desnutricion leve (l),2005-03-01,23,36,14,20,37,56,93
LA GUARDIA,desnutricion global,desnutricion leve (l),2005-03-01,41,40,20,37,61,77,138
LA PAZ,desnutricion global,desnutricion leve (l),2005-03-01,956,862,517,603,1473,1465,2938
LAGUNILLAS,desnutricion global,desnutricion leve (l),2005-03-01,40,26,31,43,71,69,140
LAJA,desnutricion global,desnutricion leve (l),2005-03-01,13,16,13,14,26,30,56
LAS CARRERAS,desnutricion global,desnutricion leve (l),2005-03-01,9,12,20,27,29,39,68
LICOMA PAMPA,desnutricion global,desnutricion leve (l),2005-03-01,3,5,7,6,10,11,21
LLALLAGUA,desnutricion global,desnutricion leve (l),2005-03-01,83,56,69,64,152,120,272
LLICA,desnutricion global,desnutricion leve (l),2005-03-01,7,11,3,6,10,17,27
LORETO,desnutricion global,desnutricion leve (l),2005-03-01,2,9,4,3,6,12,18
LURIBAY,desnutricion global,desnutricion leve (l),2005-03-01,34,32,26,47,60,79,139
MACHACAMARCA,desnutricion global,desnutricion leve (l),2005-03-01,7,6,2,3,9,9,18
MACHARETI,desnutricion global,desnutricion leve (l),2005-03-01,11,22,44,41,55,63,118
MAGDALENA,desnutricion global,desnutricion leve (l),2005-03-01,26,9,13,6,39,15,54
MAIRANA,desnutricion global,desnutricion leve (l),2005-03-01,12,0,23,0,35,0,35
MALLA,desnutricion global,desnutricion leve (l),2005-03-01,4,1,10,6,14,7,21
MAPIRI,desnutricion global,desnutricion leve (l),2005-03-01,21,15,9,8,30,23,53
MECAPACA,desnutricion global,desnutricion leve (l),2005-03-01,23,36,25,34,48,70,118
MINEROS,desnutricion global,desnutricion leve (l),2005-03-01,93,0,110,0,203,0,203
MIZQUE,desnutricion global,desnutricion leve (l),2005-03-01,77,66,38,53,115,119,234
MOCOMOCO,desnutricion global,desnutricion leve (l),2005-03-01,38,24,49,62,87,86,173
MOJINETE,desnutricion global,desnutricion leve (l),2005-03-01,3,2,2,4,5,6,11
MOJOCOYA,desnutricion global,desnutricion leve (l),2005-03-01,25,18,41,47,66,65,131
MONTEAGUDO,desnutricion global,desnutricion leve (l),2005-03-01,80,61,101,134,181,195,376
MONTERO,desnutricion global,desnutricion leve (l),2005-03-01,265,67,308,79,573,146,719
MORO MORO,desnutricion global,desnutricion leve (l),2005-03-01,6,6,13,15,19,21,40
MOROCHATA,desnutricion global,desnutricion leve (l),2005-03-01,63,68,44,23,107,91,198
NACEBE (SANTA ROSA DEL ABUNA),desnutricion global,desnutricion leve (l),2005-03-01,0,4,2,1,2,5,7
NAZACARA DE PACAJES,desnutricion global,desnutricion leve (l),2005-03-01,0,0,1,1,1,1,2
NUEVO MANOA (NUEVA ESPERANZA),desnutricion global,desnutricion leve (l),2005-03-01,0,1,0,1,0,2,2
OCURI,desnutricion global,desnutricion leve (l),2005-03-01,101,48,98,53,199,101,300
OKINAWA,desnutricion global,desnutricion leve (l),2005-03-01,24,9,6,12,30,21,51
OMEREQUE,desnutricion global,desnutricion leve (l),2005-03-01,18,18,24,24,42,42,84
ORURO,desnutricion global,desnutricion leve (l),2005-03-01,390,308,238,285,628,593,1221
PADCAYA,desnutricion global,desnutricion leve (l),2005-03-01,20,13,22,39,42,52,94
PADILLA,desnutricion global,desnutricion leve (l),2005-03-01,38,56,108,109,146,165,311
PAILON,desnutricion global,desnutricion leve (l),2005-03-01,0,44,28,1,28,45,73
PALCA,desnutricion global,desnutricion leve (l),2005-03-01,140,58,16,19,156,77,233
PALOS BLANCOS,desnutricion global,desnutricion leve (l),2005-03-01,72,83,87,99,159,182,341
PAMPA AULLAGAS,desnutricion global,desnutricion leve (l),2005-03-01,3,1,2,1,5,2,7
PAMPA GRANDE,desnutricion global,desnutricion leve (l),2005-03-01,14,14,21,18,35,32,67
PAPEL PAMPA,desnutricion global,desnutricion leve (l),2005-03-01,2,4,2,6,4,10,14
PASORAPA,desnutricion global,desnutricion leve (l),2005-03-01,14,7,16,15,30,22,52
PATACAMAYA,desnutricion global,desnutricion leve (l),2005-03-01,38,28,21,31,59,59,118
PAZÑA,desnutricion global,desnutricion leve (l),2005-03-01,7,7,9,9,16,16,32
PELECHUCO,desnutricion global,desnutricion leve (l),2005-03-01,27,29,35,19,62,48,110
POCOATA,desnutricion global,desnutricion leve (l),2005-03-01,75,92,131,112,206,204,410
POCONA,desnutricion global,desnutricion leve (l),2005-03-01,22,16,23,28,45,44,89
POJO (CBBA),desnutricion global,desnutricion leve (l),2005-03-01,44,23,38,37,82,60,142
POOPO,desnutricion global,desnutricion leve (l),2005-03-01,4,3,2,1,6,4,10
PORCO,desnutricion global,desnutricion leve (l),2005-03-01,21,28,13,13,34,41,75
POROMA,desnutricion global,desnutricion leve (l),2005-03-01,71,46,81,101,152,147,299
PORONGO,desnutricion global,desnutricion leve (l),2005-03-01,11,6,4,3,15,9,24
PORTACHUELO,desnutricion global,desnutricion leve (l),2005-03-01,26,21,36,26,62,47,109
PORVENIR,desnutricion global,desnutricion leve (l),2005-03-01,6,3,1,2,7,5,12
POSTRER VALLE,desnutricion global,desnutricion leve (l),2005-03-01,5,7,4,5,9,12,21
POTOSI,desnutricion global,desnutricion leve (l),2005-03-01,274,163,145,136,419,299,718
PRESTO,desnutricion global,desnutricion leve (l),2005-03-01,34,44,62,62,96,106,202
PUCARA,desnutricion global,desnutricion leve (l),2005-03-01,1,0,2,3,3,3,6
PUCARANI,desnutricion global,desnutricion leve (l),2005-03-01,36,17,24,26,60,43,103
PUERTO ACOSTA,desnutricion global,desnutricion leve (l),2005-03-01,61,58,49,60,110,118,228
PUERTO CARABUCO,desnutricion global,desnutricion leve (l),2005-03-01,31,30,57,64,88,94,182
PUERTO GONZALO MORENO,desnutricion global,desnutricion leve (l),2005-03-01,5,10,11,12,16,22,38
PUERTO PEREZ,desnutricion global,desnutricion leve (l),2005-03-01,2,2,9,2,11,4,15
PUERTO RICO,desnutricion global,desnutricion leve (l),2005-03-01,9,7,3,7,12,14,26
PUERTO SILES,desnutricion global,desnutricion leve (l),2005-03-01,0,0,0,2,0,2,2
PUERTO VILLARROEL,desnutricion global,desnutricion leve (l),2005-03-01,145,111,113,145,258,256,514
PUNA,desnutricion global,desnutricion leve (l),2005-03-01,72,91,133,115,205,206,411
PUNATA,desnutricion global,desnutricion leve (l),2005-03-01,49,27,14,25,63,52,115
QUIABAYA,desnutricion global,desnutricion leve (l),2005-03-01,12,10,6,15,18,25,43
QUILLACOLLO,desnutricion global,desnutricion leve (l),2005-03-01,50,68,54,52,104,120,224
QUIME,desnutricion global,desnutricion leve (l),2005-03-01,18,12,17,14,35,26,61
QUIRUSILLAS,desnutricion global,desnutricion leve (l),2005-03-01,2,0,2,1,4,1,5
RAVELO,desnutricion global,desnutricion leve (l),2005-03-01,150,70,188,114,338,184,522
REYES,desnutricion global,desnutricion leve (l),2005-03-01,23,12,33,39,56,51,107
RIBERALTA,desnutricion global,desnutricion leve (l),2005-03-01,227,322,182,193,409,515,924
ROBORE,desnutricion global,desnutricion leve (l),2005-03-01,6,25,22,17,28,42,70
RURRENABAQUE,desnutricion global,desnutricion leve (l),2005-03-01,15,12,19,12,34,24,58
SABAYA,desnutricion global,desnutricion leve (l),2005-03-01,8,5,9,9,17,14,31
SACABA,desnutricion global,desnutricion leve (l),2005-03-01,65,50,65,71,130,121,251
SACABAMBA,desnutricion global,desnutricion leve (l),2005-03-01,7,9,6,10,13,19,32
SACACA,desnutricion global,desnutricion leve (l),2005-03-01,159,133,341,309,500,442,942
SAIPINA,desnutricion global,desnutricion leve (l),2005-03-01,12,12,8,8,20,20,40
SALINAS DE GARCI MENDOZA,desnutricion global,desnutricion leve (l),2005-03-01,15,14,17,15,32,29,61
SAMAIPATA,desnutricion global,desnutricion leve (l),2005-03-01,26,0,29,0,55,0,55
SAN AGUSTIN,desnutricion global,desnutricion leve (l),2005-03-01,2,5,3,9,5,14,19
SAN ANDRES,desnutricion global,desnutricion leve (l),2005-03-01,23,28,23,31,46,59,105
SAN ANDRES DE MACHACA,desnutricion global,desnutricion leve (l),2005-03-01,4,1,2,3,6,4,10
SAN ANTONIO DE ESMORUCO,desnutricion global,desnutricion leve (l),2005-03-01,7,4,6,5,13,9,22
SAN ANTONIO DE LOMERIO,desnutricion global,desnutricion leve (l),2005-03-01,44,26,50,56,94,82,176
SAN BENITO,desnutricion global,desnutricion leve (l),2005-03-01,7,4,15,16,22,20,42
SAN BORJA,desnutricion global,desnutricion leve (l),2005-03-01,93,92,45,46,138,138,276
SAN BUENA VENTURA,desnutricion global,desnutricion leve (l),2005-03-01,12,14,16,24,28,38,66
SAN CARLOS,desnutricion global,desnutricion leve (l),2005-03-01,28,32,18,31,46,63,109
SAN IGNACIO,desnutricion global,desnutricion leve (l),2005-03-01,59,65,66,61,125,126,251
SAN IGNACIO DE VELASCO,desnutricion global,desnutricion leve (l),2005-03-01,195,189,229,218,424,407,831
SAN JAVIER(BNI),desnutricion global,desnutricion leve (l),2005-03-01,7,15,15,5,22,20,42
SAN JAVIER(STC),desnutricion global,desnutricion leve (l),2005-03-01,27,0,48,0,75,0,75
SAN JOAQUIN,desnutricion global,desnutricion leve (l),2005-03-01,5,0,1,5,6,5,11
SAN JOSE DE CHIQUITOS,desnutricion global,desnutricion leve (l),2005-03-01,24,27,14,4,38,31,69
SAN JUAN DE YAPACANI,desnutricion global,desnutricion leve (l),2005-03-01,22,16,18,19,40,35,75
SAN JULIAN,desnutricion global,desnutricion leve (l),2005-03-01,39,34,78,43,117,77,194
SAN LORENZO(PND),desnutricion global,desnutricion leve (l),2005-03-01,5,5,8,11,13,16,29
SAN LORENZO(TJA),desnutricion global,desnutricion leve (l),2005-03-01,46,27,49,60,95,87,182
SAN LUCAS,desnutricion global,desnutricion leve (l),2005-03-01,199,205,225,278,424,483,907
SAN MIGUEL DE VELASCO,desnutricion global,desnutricion leve (l),2005-03-01,27,33,45,39,72,72,144
SAN PABLO DE LIPEZ,desnutricion global,desnutricion leve (l),2005-03-01,7,5,13,12,20,17,37
SAN PEDRO,desnutricion global,desnutricion leve (l),2005-03-01,27,25,18,26,45,51,96
SAN PEDRO DE BUENA VISTA,desnutricion global,desnutricion leve (l),2005-03-01,105,104,179,141,284,245,529
SAN PEDRO DE CURAHUARA,desnutricion global,desnutricion leve (l),2005-03-01,8,7,8,10,16,17,33
SAN PEDRO DE QUEMES,desnutricion global,desnutricion leve (l),2005-03-01,0,1,0,5,0,6,6
SAN PEDRO DE TIQUINA,desnutricion global,desnutricion leve (l),2005-03-01,10,7,3,11,13,18,31
SAN RAFAEL,desnutricion global,desnutricion leve (l),2005-03-01,18,14,13,15,31,29,60
SAN RAMON,desnutricion global,desnutricion leve (l),2005-03-01,5,5,5,3,10,8,18
SAN RAMON,desnutricion global,desnutricion leve (l),2005-03-01,15,8,10,9,25,17,42
SANTA ANA,desnutricion global,desnutricion leve (l),2005-03-01,19,23,15,25,34,48,82
SANTA CRUZ DE LA SIERRA,desnutricion global,desnutricion leve (l),2005-03-01,1755,1308,674,705,2429,2013,4442
SANTA ROSA,desnutricion global,desnutricion leve (l),2005-03-01,16,17,10,15,26,32,58
SANTA ROSA DEL SARA,desnutricion global,desnutricion leve (l),2005-03-01,32,29,28,35,60,64,124
SANTIAGO DE CALLAPA,desnutricion global,desnutricion leve (l),2005-03-01,11,13,29,27,40,40,80
SANTIAGO DE HUARI,desnutricion global,desnutricion leve (l),2005-03-01,11,6,6,11,17,17,34
SANTIAGO DE MACHACA,desnutricion global,desnutricion leve (l),2005-03-01,22,10,22,26,44,36,80
SANTIVAÑES,desnutricion global,desnutricion leve (l),2005-03-01,18,18,33,31,51,49,100
SANTUARIO DE QUILLACAS,desnutricion global,desnutricion leve (l),2005-03-01,4,2,6,6,10,8,18
SAPAHAQUI,desnutricion global,desnutricion leve (l),2005-03-01,12,17,18,27,30,44,74
SENA,desnutricion global,desnutricion leve (l),2005-03-01,7,8,8,9,15,17,32
SICA SICA (VILLA AROMA),desnutricion global,desnutricion leve (l),2005-03-01,40,59,80,86,120,145,265
SICAYA,desnutricion global,desnutricion leve (l),2005-03-01,21,7,16,13,37,20,57
SIPE SIPE,desnutricion global,desnutricion leve (l),2005-03-01,55,57,38,44,93,101,194
SOPACHUY,desnutricion global,desnutricion leve (l),2005-03-01,25,28,64,85,89,113,202
SORACACHI,desnutricion global,desnutricion leve (l),2005-03-01,12,14,15,13,27,27,54
SORATA,desnutricion global,desnutricion leve (l),2005-03-01,29,19,43,36,72,55,127
SUCRE,desnutricion global,desnutricion leve (l),2005-03-01,312,335,367,364,679,699,1378
TACACHI,desnutricion global,desnutricion leve (l),2005-03-01,3,2,3,6,6,8,14
TACACOMA,desnutricion global,desnutricion leve (l),2005-03-01,9,5,13,8,22,13,35
TACOBAMBA,desnutricion global,desnutricion leve (l),2005-03-01,56,33,58,42,114,75,189
TACOPAYA,desnutricion global,desnutricion leve (l),2005-03-01,21,29,24,34,45,63,108
TAHUA,desnutricion global,desnutricion leve (l),2005-03-01,2,1,2,2,4,3,7
TAPACARI,desnutricion global,desnutricion leve (l),2005-03-01,71,81,96,104,167,185,352
TARABUCO,desnutricion global,desnutricion leve (l),2005-03-01,142,114,239,240,381,354,735
TARACO,desnutricion global,desnutricion leve (l),2005-03-01,4,3,7,7,11,10,21
TARATA,desnutricion global,desnutricion leve (l),2005-03-01,24,16,13,8,37,24,61
TARIJA,desnutricion global,desnutricion leve (l),2005-03-01,147,175,145,161,292,336,628
TARVITA,desnutricion global,desnutricion leve (l),2005-03-01,87,66,154,153,241,219,460
TEOPONTE,desnutricion global,desnutricion leve (l),2005-03-01,14,15,10,14,24,29,53
TIAWANACU,desnutricion global,desnutricion leve (l),2005-03-01,7,5,10,3,17,8,25
TINGUIPAYA,desnutricion global,desnutricion leve (l),2005-03-01,99,86,78,115,177,201,378
TIPUANI,desnutricion global,desnutricion leve (l),2005-03-01,10,10,11,5,21,15,36
TIQUIPAYA,desnutricion global,desnutricion leve (l),2005-03-01,19,22,10,10,29,32,61
TIRAQUE (CBBA),desnutricion global,desnutricion leve (l),2005-03-01,98,113,83,97,181,210,391
TITO YUPANQUI (PARQUIPUJIO),desnutricion global,desnutricion leve (l),2005-03-01,1,1,1,1,2,2,4
TOCO,desnutricion global,desnutricion leve (l),2005-03-01,5,3,7,5,12,8,20
TODOS SANTOS,desnutricion global,desnutricion leve (l),2005-03-01,1,0,0,0,1,0,1
TOLATA,desnutricion global,desnutricion leve (l),2005-03-01,3,5,2,5,5,10,15
TOLEDO,desnutricion global,desnutricion leve (l),2005-03-01,6,7,4,9,10,16,26
TOMAVE,desnutricion global,desnutricion leve (l),2005-03-01,33,11,50,25,83,36,119
TOMINA,desnutricion global,desnutricion leve (l),2005-03-01,49,52,78,93,127,145,272
TORO TORO,desnutricion global,desnutricion leve (l),2005-03-01,9,10,9,24,18,34,52
TOTORA(CBBA),desnutricion global,desnutricion leve (l),2005-03-01,34,34,35,32,69,66,135
TOTORA(ORR),desnutricion global,desnutricion leve (l),2005-03-01,8,6,9,13,17,19,36
TRIGAL,desnutricion global,desnutricion leve (l),2005-03-01,2,0,0,4,2,4,6
TRINIDAD,desnutricion global,desnutricion leve (l),2005-03-01,130,99,62,68,192,167,359
TUPIZA,desnutricion global,desnutricion leve (l),2005-03-01,86,92,94,118,180,210,390
TURCO,desnutricion global,desnutricion leve (l),2005-03-01,10,7,15,14,25,21,46
UMALA,desnutricion global,desnutricion leve (l),2005-03-01,22,14,13,16,35,30,65
UNCIA,desnutricion global,desnutricion leve (l),2005-03-01,31,30,34,40,65,70,135
URIONDO (A. CONCEPCION),desnutricion global,desnutricion leve (l),2005-03-01,37,24,53,30,90,54,144
UYUNI,desnutricion global,desnutricion leve (l),2005-03-01,67,56,72,88,139,144,283
VACAS,desnutricion global,desnutricion leve (l),2005-03-01,23,12,17,13,40,25,65
VALLEGRANDE,desnutricion global,desnutricion leve (l),2005-03-01,37,36,61,40,98,76,174
VIACHA,desnutricion global,desnutricion leve (l),2005-03-01,173,156,81,76,254,232,486
VILA VILA,desnutricion global,desnutricion leve (l),2005-03-01,14,10,20,13,34,23,57
VILLA MONTES,desnutricion global,desnutricion leve (l),2005-03-01,42,31,44,39,86,70,156
VILLA NUEVA (LOMA ALTA),desnutricion global,desnutricion leve (l),2005-03-01,2,1,0,0,2,1,3
VILLA RIVERO,desnutricion global,desnutricion leve (l),2005-03-01,12,17,18,8,30,25,55
VILLA SERRANO,desnutricion global,desnutricion leve (l),2005-03-01,49,53,100,77,149,130,279
VILLA TUNARI,desnutricion global,desnutricion leve (l),2005-03-01,168,130,157,133,325,263,588
VILLA VACA GUZMAN (MUYUPAMPA),desnutricion global,desnutricion leve (l),2005-03-01,41,26,70,61,111,87,198
VILLAZON,desnutricion global,desnutricion leve (l),2005-03-01,91,89,80,96,171,185,356
VINTO,desnutricion global,desnutricion leve (l),2005-03-01,58,0,22,0,80,0,80
VITICHI,desnutricion global,desnutricion leve (l),2005-03-01,36,21,59,37,95,58,153
WALDO BALLIVIAN,desnutricion global,desnutricion leve (l),2005-03-01,0,0,2,6,2,6,8
WARNES,desnutricion global,desnutricion leve (l),2005-03-01,52,43,57,48,109,91,200
YACO,desnutricion global,desnutricion leve (l),2005-03-01,25,24,19,19,44,43,87
YACUIBA,desnutricion global,desnutricion leve (l),2005-03-01,37,38,50,44,87,82,169
YAMPARAEZ,desnutricion global,desnutricion leve (l),2005-03-01,59,59,140,127,199,186,385
YANACACHI,desnutricion global,desnutricion leve (l),2005-03-01,3,10,9,10,12,20,32
YAPACANI,desnutricion global,desnutricion leve (l),2005-03-01,91,61,91,75,182,136,318
YOCALLA,desnutricion global,desnutricion leve (l),2005-03-01,11,7,20,20,31,27,58
YOTALA,desnutricion global,desnutricion leve (l),2005-03-01,39,29,77,74,116,103,219
YUNCHARA,desnutricion global,desnutricion leve (l),2005-03-01,14,13,46,35,60,48,108
ZUDAÑEZ,desnutricion global,desnutricion leve (l),2005-03-01,22,23,51,54,73,77,150
ACACIO,desnutricion global,desnutricion leve (l),2005-04-01,27,29,35,34,62,63,125
ACHACACHI,desnutricion global,desnutricion leve (l),2005-04-01,51,53,46,59,97,112,209
ACHOCALLA,desnutricion global,desnutricion leve (l),2005-04-01,20,12,7,15,27,27,54
AIQUILE,desnutricion global,desnutricion leve (l),2005-04-01,30,26,27,22,57,48,105
ALALAY,desnutricion global,desnutricion leve (l),2005-04-01,11,10,7,9,18,19,37
ALCALA,desnutricion global,desnutricion leve (l),2005-04-01,13,12,33,32,46,44,90
ANCORAIMES,desnutricion global,desnutricion leve (l),2005-04-01,22,29,22,28,44,57,101
ANDAMARCA,desnutricion global,desnutricion leve (l),2005-04-01,6,5,5,8,11,13,24
ANTEQUERA,desnutricion global,desnutricion leve (l),2005-04-01,3,8,8,7,11,15,26
ANZALDO,desnutricion global,desnutricion leve (l),2005-04-01,5,5,7,9,12,14,26
APOLO,desnutricion global,desnutricion leve (l),2005-04-01,26,41,44,57,70,98,168
ARAMPAMPA,desnutricion global,desnutricion leve (l),2005-04-01,16,15,28,31,44,46,90
ARANI,desnutricion global,desnutricion leve (l),2005-04-01,25,25,22,24,47,49,96
ARBIETO,desnutricion global,desnutricion leve (l),2005-04-01,12,13,14,10,26,23,49
ARQUE,desnutricion global,desnutricion leve (l),2005-04-01,49,53,68,56,117,109,226
ATOCHA,desnutricion global,desnutricion leve (l),2005-04-01,34,33,41,44,75,77,152
AUCAPATA,desnutricion global,desnutricion leve (l),2005-04-01,4,6,4,6,8,12,20
AYATA,desnutricion global,desnutricion leve (l),2005-04-01,23,27,10,15,33,42,75
AYO AYO,desnutricion global,desnutricion leve (l),2005-04-01,22,19,12,16,34,35,69
AYOPAYA (V. DE INDEPENDENCIA),desnutricion global,desnutricion leve (l),2005-04-01,98,89,107,118,205,207,412
AZURDUY,desnutricion global,desnutricion leve (l),2005-04-01,34,44,74,85,108,129,237
BATALLAS,desnutricion global,desnutricion leve (l),2005-04-01,17,23,11,16,28,39,67
BAURES,desnutricion global,desnutricion leve (l),2005-04-01,16,10,15,8,31,18,49
BELEN DE ANDAMARCA,desnutricion global,desnutricion leve (l),2005-04-01,1,0,1,5,2,5,7
BELEN DE URMIRI,desnutricion global,desnutricion leve (l),2005-04-01,4,0,3,4,7,4,11
BELLA FLOR,desnutricion global,desnutricion leve (l),2005-04-01,4,6,8,3,12,9,21
BERMEJO,desnutricion global,desnutricion leve (l),2005-04-01,4,8,16,10,20,18,38
BETANZOS,desnutricion global,desnutricion leve (l),2005-04-01,72,82,114,115,186,197,383
BOLIVAR,desnutricion global,desnutricion leve (l),2005-04-01,31,43,51,46,82,89,171
BOLPEBRA,desnutricion global,desnutricion leve (l),2005-04-01,0,2,2,3,2,5,7
BOYUIBE,desnutricion global,desnutricion leve (l),2005-04-01,13,4,11,8,24,12,36
BUENA VISTA,desnutricion global,desnutricion leve (l),2005-04-01,29,16,16,18,45,34,79
CABEZAS,desnutricion global,desnutricion leve (l),2005-04-01,14,11,10,11,24,22,46
CAIROMA,desnutricion global,desnutricion leve (l),2005-04-01,47,55,51,75,98,130,228
"CAIZA ""D""",desnutricion global,desnutricion leve (l),2005-04-01,15,19,38,39,53,58,111
CAJUATA,desnutricion global,desnutricion leve (l),2005-04-01,8,11,13,15,21,26,47
CALACOTO,desnutricion global,desnutricion leve (l),2005-04-01,3,3,3,17,6,20,26
CALAMARCA,desnutricion global,desnutricion leve (l),2005-04-01,71,48,50,77,121,125,246
CAMARGO,desnutricion global,desnutricion leve (l),2005-04-01,67,74,93,85,160,159,319
CAMATAQUI (C. VILLA ABECIA),desnutricion global,desnutricion leve (l),2005-04-01,8,11,16,7,24,18,42
CAMIRI,desnutricion global,desnutricion leve (l),2005-04-01,55,33,47,38,102,71,173
CAPINOTA,desnutricion global,desnutricion leve (l),2005-04-01,28,24,22,17,50,41,91
CAQUIAVIRI,desnutricion global,desnutricion leve (l),2005-04-01,8,9,10,12,18,21,39
CARACOLLO,desnutricion global,desnutricion leve (l),2005-04-01,40,37,37,50,77,87,164
CARANAVI,desnutricion global,desnutricion leve (l),2005-04-01,95,72,67,46,162,118,280
CARAPARI,desnutricion global,desnutricion leve (l),2005-04-01,9,8,14,23,23,31,54
CARIPUYO,desnutricion global,desnutricion leve (l),2005-04-01,44,25,76,73,120,98,218
CATACORA,desnutricion global,desnutricion leve (l),2005-04-01,0,0,1,0,1,0,1
CHACARILLA,desnutricion global,desnutricion leve (l),2005-04-01,0,4,3,3,3,7,10
CHALLAPATA,desnutricion global,desnutricion leve (l),2005-04-01,52,57,54,71,106,128,234
CHAQUI,desnutricion global,desnutricion leve (l),2005-04-01,19,15,35,32,54,47,101
CHARAGUA,desnutricion global,desnutricion leve (l),2005-04-01,55,37,38,46,93,83,176
CHARAÑA,desnutricion global,desnutricion leve (l),2005-04-01,7,3,2,4,9,7,16
CHAYANTA,desnutricion global,desnutricion leve (l),2005-04-01,65,19,23,93,88,112,200
CHIMORE,desnutricion global,desnutricion leve (l),2005-04-01,19,10,15,20,34,30,64
CHIPAYA,desnutricion global,desnutricion leve (l),2005-04-01,5,6,5,8,10,14,24
CHOQUE COTA,desnutricion global,desnutricion leve (l),2005-04-01,2,2,1,0,3,2,5
CHULUMANI (V. DE LA LIBERTAD),desnutricion global,desnutricion leve (l),2005-04-01,6,0,3,1,9,1,10
CHUMA,desnutricion global,desnutricion leve (l),2005-04-01,17,8,20,19,37,27,64
CLIZA,desnutricion global,desnutricion leve (l),2005-04-01,43,34,24,17,67,51,118
COBIJA,desnutricion global,desnutricion leve (l),2005-04-01,45,42,40,41,85,83,168
COCHABAMBA,desnutricion global,desnutricion leve (l),2005-04-01,339,317,258,277,597,594,1191
COIPASA,desnutricion global,desnutricion leve (l),2005-04-01,1,2,2,2,3,4,7
COLCAPIRHUA,desnutricion global,desnutricion leve (l),2005-04-01,41,36,23,41,64,77,141
"COLCHA ""K""",desnutricion global,desnutricion leve (l),2005-04-01,34,28,29,31,63,59,122
COLLANA,desnutricion global,desnutricion leve (l),2005-04-01,4,1,6,6,10,7,17
COLOMI,desnutricion global,desnutricion leve (l),2005-04-01,33,31,26,17,59,48,107
COLPA BELGICA,desnutricion global,desnutricion leve (l),2005-04-01,2,6,3,6,5,12,17
COLQUECHACA,desnutricion global,desnutricion leve (l),2005-04-01,106,99,69,48,175,147,322
COLQUENCHA,desnutricion global,desnutricion leve (l),2005-04-01,16,13,9,13,25,26,51
COLQUIRI,desnutricion global,desnutricion leve (l),2005-04-01,41,27,29,36,70,63,133
COMANCHE,desnutricion global,desnutricion leve (l),2005-04-01,7,3,5,4,12,7,19
COMARAPA,desnutricion global,desnutricion leve (l),2005-04-01,39,31,29,28,68,59,127
COMBAYA,desnutricion global,desnutricion leve (l),2005-04-01,2,2,7,10,9,12,21
CONCEPCION,desnutricion global,desnutricion leve (l),2005-04-01,18,0,7,0,25,0,25
COPACABANA,desnutricion global,desnutricion leve (l),2005-04-01,24,16,10,12,34,28,62
CORIPATA,desnutricion global,desnutricion leve (l),2005-04-01,9,3,12,3,21,6,27
CORO CORO,desnutricion global,desnutricion leve (l),2005-04-01,11,7,26,17,37,24,61
COROICO,desnutricion global,desnutricion leve (l),2005-04-01,14,13,11,6,25,19,44
CORQUE,desnutricion global,desnutricion leve (l),2005-04-01,16,18,7,18,23,36,59
COTAGAITA,desnutricion global,desnutricion leve (l),2005-04-01,51,48,85,84,136,132,268
COTOCA,desnutricion global,desnutricion leve (l),2005-04-01,24,28,31,29,55,57,112
CUATRO CAÑADAS,desnutricion global,desnutricion leve (l),2005-04-01,4,4,11,15,15,19,34
CUCHUMUELA (V. G. VILLARROEL),desnutricion global,desnutricion leve (l),2005-04-01,2,2,2,0,4,2,6
CUEVO,desnutricion global,desnutricion leve (l),2005-04-01,2,4,6,8,8,12,20
CULPINA,desnutricion global,desnutricion leve (l),2005-04-01,82,71,82,102,164,173,337
CURAHUARA DE CARANGAS,desnutricion global,desnutricion leve (l),2005-04-01,10,7,17,14,27,21,48
CURVA,desnutricion global,desnutricion leve (l),2005-04-01,10,4,14,6,24,10,34
DESAGUADERO,desnutricion global,desnutricion leve (l),2005-04-01,9,12,12,2,21,14,35
EL ALTO,desnutricion global,desnutricion leve (l),2005-04-01,1173,993,781,820,1954,1813,3767
EL CHORO,desnutricion global,desnutricion leve (l),2005-04-01,1,0,2,1,3,1,4
EL PUENTE(TJA),desnutricion global,desnutricion leve (l),2005-04-01,29,29,52,56,81,85,166
EL TORNO,desnutricion global,desnutricion leve (l),2005-04-01,35,25,38,36,73,61,134
EL VILLAR,desnutricion global,desnutricion leve (l),2005-04-01,8,10,42,41,50,51,101
ENTRE RIOS,desnutricion global,desnutricion leve (l),2005-04-01,42,46,39,34,81,80,161
ENTRE RIOS,desnutricion global,desnutricion leve (l),2005-04-01,14,8,15,18,29,26,55
EUCALIPTUS,desnutricion global,desnutricion leve (l),2005-04-01,11,7,16,16,27,23,50
EUREKA (SANTOS MERCADO),desnutricion global,desnutricion leve (l),2005-04-01,0,1,0,0,0,1,1
EXALTACION,desnutricion global,desnutricion leve (l),2005-04-01,11,13,6,12,17,25,42
FERNANDEZ ALONSO,desnutricion global,desnutricion leve (l),2005-04-01,13,33,13,18,26,51,77
FILADELFIA,desnutricion global,desnutricion leve (l),2005-04-01,1,0,1,1,2,1,3
GENERAL SAAVEDRA,desnutricion global,desnutricion leve (l),2005-04-01,46,0,69,0,115,0,115
GRAL. J.J. PEREZ (CHARAZANI),desnutricion global,desnutricion leve (l),2005-04-01,13,18,10,23,23,41,64
GUANAY,desnutricion global,desnutricion leve (l),2005-04-01,19,18,16,17,35,35,70
GUAQUI,desnutricion global,desnutricion leve (l),2005-04-01,4,7,5,6,9,13,22
GUAYARAMERIN,desnutricion global,desnutricion leve (l),2005-04-01,3,3,0,42,3,45,48
GUTIERREZ,desnutricion global,desnutricion leve (l),2005-04-01,48,54,81,88,129,142,271
HUACARETA,desnutricion global,desnutricion leve (l),2005-04-01,26,26,44,47,70,73,143
HUACAYA (VILLA DE HUACAYA),desnutricion global,desnutricion leve (l),2005-04-01,4,7,18,8,22,15,37
HUACHACALLA,desnutricion global,desnutricion leve (l),2005-04-01,0,3,6,1,6,4,10
HUANUNI,desnutricion global,desnutricion leve (l),2005-04-01,34,20,31,27,65,47,112
HUARACAJE,desnutricion global,desnutricion leve (l),2005-04-01,13,2,6,2,19,4,23
HUAYLLAMARCA,desnutricion global,desnutricion leve (l),2005-04-01,2,4,2,3,4,7,11
ICHOCA,desnutricion global,desnutricion leve (l),2005-04-01,17,12,7,19,24,31,55
ICLA,desnutricion global,desnutricion leve (l),2005-04-01,72,57,125,108,197,165,362
INCAHUASI,desnutricion global,desnutricion leve (l),2005-04-01,97,100,116,121,213,221,434
INGAVI (HUMAITA),desnutricion global,desnutricion leve (l),2005-04-01,6,6,4,4,10,10,20
INQUISIVI,desnutricion global,desnutricion leve (l),2005-04-01,43,39,33,61,76,100,176
IRUPANA (VILLA DE LANZA),desnutricion global,desnutricion leve (l),2005-04-01,16,20,27,27,43,47,90
IXIAMAS,desnutricion global,desnutricion leve (l),2005-04-01,16,7,15,28,31,35,66
JESUS DE MACHACA,desnutricion global,desnutricion leve (l),2005-04-01,7,15,5,3,12,18,30
LA ASUNTA,desnutricion global,desnutricion leve (l),2005-04-01,21,23,11,15,32,38,70
LA GUARDIA,desnutricion global,desnutricion leve (l),2005-04-01,43,29,26,25,69,54,123
LA PAZ,desnutricion global,desnutricion leve (l),2005-04-01,888,768,628,583,1516,1351,2867
LAGUNILLAS,desnutricion global,desnutricion leve (l),2005-04-01,14,23,29,39,43,62,105
LAJA,desnutricion global,desnutricion leve (l),2005-04-01,27,18,13,13,40,31,71
LAS CARRERAS,desnutricion global,desnutricion leve (l),2005-04-01,11,5,7,21,18,26,44
LICOMA PAMPA,desnutricion global,desnutricion leve (l),2005-04-01,1,3,2,2,3,5,8
LLALLAGUA,desnutricion global,desnutricion leve (l),2005-04-01,102,79,89,123,191,202,393
LLICA,desnutricion global,desnutricion leve (l),2005-04-01,17,17,19,13,36,30,66
LORETO,desnutricion global,desnutricion leve (l),2005-04-01,1,6,2,3,3,9,12
LURIBAY,desnutricion global,desnutricion leve (l),2005-04-01,19,20,12,27,31,47,78
MACHACAMARCA,desnutricion global,desnutricion leve (l),2005-04-01,7,7,8,4,15,11,26
MACHARETI,desnutricion global,desnutricion leve (l),2005-04-01,17,10,31,41,48,51,99
MAGDALENA,desnutricion global,desnutricion leve (l),2005-04-01,23,7,12,14,35,21,56
MAIRANA,desnutricion global,desnutricion leve (l),2005-04-01,17,0,18,0,35,0,35
MALLA,desnutricion global,desnutricion leve (l),2005-04-01,5,2,7,6,12,8,20
MAPIRI,desnutricion global,desnutricion leve (l),2005-04-01,33,17,31,27,64,44,108
MECAPACA,desnutricion global,desnutricion leve (l),2005-04-01,25,1,33,0,58,1,59
MINEROS,desnutricion global,desnutricion leve (l),2005-04-01,18,21,24,27,42,48,90
MIZQUE,desnutricion global,desnutricion leve (l),2005-04-01,98,107,73,58,171,165,336
MOCOMOCO,desnutricion global,desnutricion leve (l),2005-04-01,19,20,27,24,46,44,90
MOJINETE,desnutricion global,desnutricion leve (l),2005-04-01,6,3,6,6,12,9,21
MOJOCOYA,desnutricion global,desnutricion leve (l),2005-04-01,27,21,50,40,77,61,138
MONTEAGUDO,desnutricion global,desnutricion leve (l),2005-04-01,55,41,92,103,147,144,291
MONTERO,desnutricion global,desnutricion leve (l),2005-04-01,210,65,208,57,418,122,540
MORO MORO,desnutricion global,desnutricion leve (l),2005-04-01,2,4,19,23,21,27,48
MOROCHATA,desnutricion global,desnutricion leve (l),2005-04-01,74,63,77,76,151,139,290
NACEBE (SANTA ROSA DEL ABUNA),desnutricion global,desnutricion leve (l),2005-04-01,0,2,2,4,2,6,8
NAZACARA DE PACAJES,desnutricion global,desnutricion leve (l),2005-04-01,0,0,0,2,0,2,2
NUEVO MANOA (NUEVA ESPERANZA),desnutricion global,desnutricion leve (l),2005-04-01,2,0,1,0,3,0,3
OCURI,desnutricion global,desnutricion leve (l),2005-04-01,70,73,105,110,175,183,358
OKINAWA,desnutricion global,desnutricion leve (l),2005-04-01,7,15,11,11,18,26,44
OMEREQUE,desnutricion global,desnutricion leve (l),2005-04-01,12,19,16,27,28,46,74
ORURO,desnutricion global,desnutricion leve (l),2005-04-01,309,265,251,231,560,496,1056
PADCAYA,desnutricion global,desnutricion leve (l),2005-04-01,19,16,19,22,38,38,76
PADILLA,desnutricion global,desnutricion leve (l),2005-04-01,26,41,84,104,110,145,255
PAILON,desnutricion global,desnutricion leve (l),2005-04-01,0,32,27,2,27,34,61
PALCA,desnutricion global,desnutricion leve (l),2005-04-01,21,13,16,21,37,34,71
PALOS BLANCOS,desnutricion global,desnutricion leve (l),2005-04-01,37,39,50,48,87,87,174
PAMPA AULLAGAS,desnutricion global,desnutricion leve (l),2005-04-01,9,6,15,5,24,11,35
PAMPA GRANDE,desnutricion global,desnutricion leve (l),2005-04-01,13,5,7,10,20,15,35
PAPEL PAMPA,desnutricion global,desnutricion leve (l),2005-04-01,8,10,9,9,17,19,36
PASORAPA,desnutricion global,desnutricion leve (l),2005-04-01,4,2,9,10,13,12,25
PATACAMAYA,desnutricion global,desnutricion leve (l),2005-04-01,43,51,53,83,96,134,230
PAZÑA,desnutricion global,desnutricion leve (l),2005-04-01,11,12,15,20,26,32,58
PELECHUCO,desnutricion global,desnutricion leve (l),2005-04-01,11,12,15,11,26,23,49
POCOATA,desnutricion global,desnutricion leve (l),2005-04-01,84,107,113,136,197,243,440
POCONA,desnutricion global,desnutricion leve (l),2005-04-01,24,25,47,44,71,69,140
POJO (CBBA),desnutricion global,desnutricion leve (l),2005-04-01,27,27,20,18,47,45,92
POOPO,desnutricion global,desnutricion leve (l),2005-04-01,2,3,2,2,4,5,9
PORCO,desnutricion global,desnutricion leve (l),2005-04-01,15,11,11,7,26,18,44
POROMA,desnutricion global,desnutricion leve (l),2005-04-01,46,44,71,75,117,119,236
PORONGO,desnutricion global,desnutricion leve (l),2005-04-01,11,3,2,2,13,5,18
PORTACHUELO,desnutricion global,desnutricion leve (l),2005-04-01,18,10,29,27,47,37,84
PORVENIR,desnutricion global,desnutricion leve (l),2005-04-01,3,2,8,1,11,3,14
POSTRER VALLE,desnutricion global,desnutricion leve (l),2005-04-01,4,5,4,5,8,10,18
POTOSI,desnutricion global,desnutricion leve (l),2005-04-01,233,172,130,109,363,281,644
PRESTO,desnutricion global,desnutricion leve (l),2005-04-01,26,35,56,46,82,81,163
PUCARA,desnutricion global,desnutricion leve (l),2005-04-01,2,3,10,2,12,5,17
PUCARANI,desnutricion global,desnutricion leve (l),2005-04-01,48,47,56,42,104,89,193
PUERTO ACOSTA,desnutricion global,desnutricion leve (l),2005-04-01,41,60,51,61,92,121,213
PUERTO CARABUCO,desnutricion global,desnutricion leve (l),2005-04-01,22,25,25,30,47,55,102
PUERTO GONZALO MORENO,desnutricion global,desnutricion leve (l),2005-04-01,24,19,19,20,43,39,82
PUERTO PEREZ,desnutricion global,desnutricion leve (l),2005-04-01,11,4,9,7,20,11,31
PUERTO RICO,desnutricion global,desnutricion leve (l),2005-04-01,4,7,3,8,7,15,22
PUERTO SILES,desnutricion global,desnutricion leve (l),2005-04-01,1,0,0,2,1,2,3
PUERTO VILLARROEL,desnutricion global,desnutricion leve (l),2005-04-01,114,107,90,104,204,211,415
PUNA,desnutricion global,desnutricion leve (l),2005-04-01,68,67,97,82,165,149,314
PUNATA,desnutricion global,desnutricion leve (l),2005-04-01,39,21,31,35,70,56,126
QUIABAYA,desnutricion global,desnutricion leve (l),2005-04-01,0,4,2,1,2,5,7
QUILLACOLLO,desnutricion global,desnutricion leve (l),2005-04-01,87,75,56,72,143,147,290
QUIME,desnutricion global,desnutricion leve (l),2005-04-01,22,16,31,22,53,38,91
QUIRUSILLAS,desnutricion global,desnutricion leve (l),2005-04-01,0,1,2,2,2,3,5
RAVELO,desnutricion global,desnutricion leve (l),2005-04-01,182,144,172,174,354,318,672
REYES,desnutricion global,desnutricion leve (l),2005-04-01,34,30,55,65,89,95,184
RIBERALTA,desnutricion global,desnutricion leve (l),2005-04-01,236,301,189,226,425,527,952
ROBORE,desnutricion global,desnutricion leve (l),2005-04-01,18,15,26,19,44,34,78
RURRENABAQUE,desnutricion global,desnutricion leve (l),2005-04-01,10,3,4,3,14,6,20
SABAYA,desnutricion global,desnutricion leve (l),2005-04-01,5,6,6,9,11,15,26
SACABA,desnutricion global,desnutricion leve (l),2005-04-01,79,95,50,63,129,158,287
SACABAMBA,desnutricion global,desnutricion leve (l),2005-04-01,5,5,13,17,18,22,40
SACACA,desnutricion global,desnutricion leve (l),2005-04-01,176,183,287,329,463,512,975
SAIPINA,desnutricion global,desnutricion leve (l),2005-04-01,14,5,5,5,19,10,29
SALINAS DE GARCI MENDOZA,desnutricion global,desnutricion leve (l),2005-04-01,10,13,17,10,27,23,50
SAMAIPATA,desnutricion global,desnutricion leve (l),2005-04-01,22,0,41,0,63,0,63
SAN AGUSTIN,desnutricion global,desnutricion leve (l),2005-04-01,7,5,2,7,9,12,21
SAN ANDRES,desnutricion global,desnutricion leve (l),2005-04-01,17,9,15,20,32,29,61
SAN ANDRES DE MACHACA,desnutricion global,desnutricion leve (l),2005-04-01,2,0,4,0,6,0,6
SAN ANTONIO DE ESMORUCO,desnutricion global,desnutricion leve (l),2005-04-01,4,6,6,5,10,11,21
SAN ANTONIO DE LOMERIO,desnutricion global,desnutricion leve (l),2005-04-01,61,39,52,72,113,111,224
SAN BENITO,desnutricion global,desnutricion leve (l),2005-04-01,20,8,15,26,35,34,69
SAN BORJA,desnutricion global,desnutricion leve (l),2005-04-01,52,51,50,50,102,101,203
SAN BUENA VENTURA,desnutricion global,desnutricion leve (l),2005-04-01,12,18,21,25,33,43,76
SAN CARLOS,desnutricion global,desnutricion leve (l),2005-04-01,24,31,20,20,44,51,95
SAN IGNACIO,desnutricion global,desnutricion leve (l),2005-04-01,52,57,68,67,120,124,244
SAN IGNACIO DE VELASCO,desnutricion global,desnutricion leve (l),2005-04-01,131,143,119,127,250,270,520
SAN JAVIER(BNI),desnutricion global,desnutricion leve (l),2005-04-01,9,7,3,2,12,9,21
SAN JAVIER(STC),desnutricion global,desnutricion leve (l),2005-04-01,5,0,2,0,7,0,7
SAN JOAQUIN,desnutricion global,desnutricion leve (l),2005-04-01,2,5,1,1,3,6,9
SAN JOSE DE CHIQUITOS,desnutricion global,desnutricion leve (l),2005-04-01,27,19,18,18,45,37,82
SAN JUAN DE YAPACANI,desnutricion global,desnutricion leve (l),2005-04-01,13,18,21,17,34,35,69
SAN JULIAN,desnutricion global,desnutricion leve (l),2005-04-01,50,47,56,39,106,86,192
SAN LORENZO(PND),desnutricion global,desnutricion leve (l),2005-04-01,8,8,9,9,17,17,34
SAN LORENZO(TJA),desnutricion global,desnutricion leve (l),2005-04-01,40,35,63,76,103,111,214
SAN LUCAS,desnutricion global,desnutricion leve (l),2005-04-01,194,221,225,265,419,486,905
SAN MIGUEL DE VELASCO,desnutricion global,desnutricion leve (l),2005-04-01,19,19,22,33,41,52,93
SAN PABLO DE LIPEZ,desnutricion global,desnutricion leve (l),2005-04-01,4,7,16,8,20,15,35
SAN PEDRO,desnutricion global,desnutricion leve (l),2005-04-01,18,20,14,19,32,39,71
SAN PEDRO DE BUENA VISTA,desnutricion global,desnutricion leve (l),2005-04-01,66,76,134,123,200,199,399
SAN PEDRO DE CURAHUARA,desnutricion global,desnutricion leve (l),2005-04-01,14,9,20,22,34,31,65
SAN PEDRO DE QUEMES,desnutricion global,desnutricion leve (l),2005-04-01,0,3,1,1,1,4,5
SAN PEDRO DE TIQUINA,desnutricion global,desnutricion leve (l),2005-04-01,9,4,6,4,15,8,23
SAN PEDRO(PND),desnutricion global,desnutricion leve (l),2005-04-01,1,2,0,0,1,2,3
SAN RAFAEL,desnutricion global,desnutricion leve (l),2005-04-01,22,16,17,20,39,36,75
SAN RAMON,desnutricion global,desnutricion leve (l),2005-04-01,3,8,3,3,6,11,17
SAN RAMON,desnutricion global,desnutricion leve (l),2005-04-01,9,12,13,8,22,20,42
SANTA ANA,desnutricion global,desnutricion leve (l),2005-04-01,15,12,13,19,28,31,59
SANTA CRUZ DE LA SIERRA,desnutricion global,desnutricion leve (l),2005-04-01,1589,1082,651,774,2240,1856,4096
SANTA ROSA,desnutricion global,desnutricion leve (l),2005-04-01,23,12,9,9,32,21,53
SANTA ROSA DEL SARA,desnutricion global,desnutricion leve (l),2005-04-01,17,18,17,26,34,44,78
SANTIAGO DE CALLAPA,desnutricion global,desnutricion leve (l),2005-04-01,13,6,12,13,25,19,44
SANTIAGO DE HUARI,desnutricion global,desnutricion leve (l),2005-04-01,9,13,14,13,23,26,49
SANTIAGO DE MACHACA,desnutricion global,desnutricion leve (l),2005-04-01,7,3,1,4,8,7,15
SANTIVAÑES,desnutricion global,desnutricion leve (l),2005-04-01,19,7,16,18,35,25,60
SANTUARIO DE QUILLACAS,desnutricion global,desnutricion leve (l),2005-04-01,8,3,5,6,13,9,22
SAPAHAQUI,desnutricion global,desnutricion leve (l),2005-04-01,23,30,34,37,57,67,124
SENA,desnutricion global,desnutricion leve (l),2005-04-01,2,2,7,1,9,3,12
SICA SICA (VILLA AROMA),desnutricion global,desnutricion leve (l),2005-04-01,37,38,38,34,75,72,147
SICAYA,desnutricion global,desnutricion leve (l),2005-04-01,9,11,15,10,24,21,45
SIPE SIPE,desnutricion global,desnutricion leve (l),2005-04-01,69,63,83,55,152,118,270
SOPACHUY,desnutricion global,desnutricion leve (l),2005-04-01,26,22,58,72,84,94,178
SORACACHI,desnutricion global,desnutricion leve (l),2005-04-01,5,14,37,15,42,29,71
SORATA,desnutricion global,desnutricion leve (l),2005-04-01,25,34,37,49,62,83,145
SUCRE,desnutricion global,desnutricion leve (l),2005-04-01,329,280,384,380,713,660,1373
TACACHI,desnutricion global,desnutricion leve (l),2005-04-01,7,4,2,2,9,6,15
TACACOMA,desnutricion global,desnutricion leve (l),2005-04-01,12,11,8,9,20,20,40
TACOBAMBA,desnutricion global,desnutricion leve (l),2005-04-01,42,20,34,35,76,55,131
TACOPAYA,desnutricion global,desnutricion leve (l),2005-04-01,68,68,81,97,149,165,314
TAHUA,desnutricion global,desnutricion leve (l),2005-04-01,1,1,4,7,5,8,13
TAPACARI,desnutricion global,desnutricion leve (l),2005-04-01,94,84,63,69,157,153,310
TARABUCO,desnutricion global,desnutricion leve (l),2005-04-01,154,114,206,251,360,365,725
TARACO,desnutricion global,desnutricion leve (l),2005-04-01,15,11,4,12,19,23,42
TARATA,desnutricion global,desnutricion leve (l),2005-04-01,16,18,18,12,34,30,64
TARIJA,desnutricion global,desnutricion leve (l),2005-04-01,127,110,143,117,270,227,497
TARVITA,desnutricion global,desnutricion leve (l),2005-04-01,4,3,9,5,13,8,21
TEOPONTE,desnutricion global,desnutricion leve (l),2005-04-01,6,16,5,11,11,27,38
TIAWANACU,desnutricion global,desnutricion leve (l),2005-04-01,7,8,7,2,14,10,24
TINGUIPAYA,desnutricion global,desnutricion leve (l),2005-04-01,50,59,58,51,108,110,218
TIPUANI,desnutricion global,desnutricion leve (l),2005-04-01,2,1,2,1,4,2,6
TIQUIPAYA,desnutricion global,desnutricion leve (l),2005-04-01,73,44,34,34,107,78,185
TIRAQUE (CBBA),desnutricion global,desnutricion leve (l),2005-04-01,89,388,60,69,149,457,606
TITO YUPANQUI (PARQUIPUJIO),desnutricion global,desnutricion leve (l),2005-04-01,3,6,4,2,7,8,15
TOCO,desnutricion global,desnutricion leve (l),2005-04-01,4,1,3,7,7,8,15
TOLATA,desnutricion global,desnutricion leve (l),2005-04-01,2,6,3,1,5,7,12
TOLEDO,desnutricion global,desnutricion leve (l),2005-04-01,10,9,5,7,15,16,31
TOMAVE,desnutricion global,desnutricion leve (l),2005-04-01,22,18,22,17,44,35,79
TOMINA,desnutricion global,desnutricion leve (l),2005-04-01,64,57,104,110,168,167,335
TORO TORO,desnutricion global,desnutricion leve (l),2005-04-01,41,51,43,27,84,78,162
TOTORA(CBBA),desnutricion global,desnutricion leve (l),2005-04-01,41,31,41,48,82,79,161
TOTORA(ORR),desnutricion global,desnutricion leve (l),2005-04-01,9,4,5,10,14,14,28
TRIGAL,desnutricion global,desnutricion leve (l),2005-04-01,2,1,2,1,4,2,6
TRINIDAD,desnutricion global,desnutricion leve (l),2005-04-01,99,88,69,77,168,165,333
TUPIZA,desnutricion global,desnutricion leve (l),2005-04-01,83,66,114,118,197,184,381
TURCO,desnutricion global,desnutricion leve (l),2005-04-01,3,2,8,11,11,13,24
UMALA,desnutricion global,desnutricion leve (l),2005-04-01,14,10,14,14,28,24,52
UNCIA,desnutricion global,desnutricion leve (l),2005-04-01,38,24,44,46,82,70,152
URIONDO (A. CONCEPCION),desnutricion global,desnutricion leve (l),2005-04-01,50,19,75,29,125,48,173
UYUNI,desnutricion global,desnutricion leve (l),2005-04-01,38,35,57,74,95,109,204
VACAS,desnutricion global,desnutricion leve (l),2005-04-01,22,18,24,18,46,36,82
VALLEGRANDE,desnutricion global,desnutricion leve (l),2005-04-01,18,13,37,31,55,44,99
VIACHA,desnutricion global,desnutricion leve (l),2005-04-01,30,32,30,13,60,45,105
VILA VILA,desnutricion global,desnutricion leve (l),2005-04-01,8,10,12,7,20,17,37
VILLA MONTES,desnutricion global,desnutricion leve (l),2005-04-01,32,35,33,32,65,67,132
VILLA NUEVA (LOMA ALTA),desnutricion global,desnutricion leve (l),2005-04-01,1,1,1,0,2,1,3
VILLA RIVERO,desnutricion global,desnutricion leve (l),2005-04-01,13,17,18,19,31,36,67
VILLA SERRANO,desnutricion global,desnutricion leve (l),2005-04-01,62,41,99,99,161,140,301
VILLA TUNARI,desnutricion global,desnutricion leve (l),2005-04-01,152,145,141,158,293,303,596
VILLA VACA GUZMAN (MUYUPAMPA),desnutricion global,desnutricion leve (l),2005-04-01,31,22,36,47,67,69,136
VILLAZON,desnutricion global,desnutricion leve (l),2005-04-01,67,65,77,75,144,140,284
VINTO,desnutricion global,desnutricion leve (l),2005-04-01,23,44,24,16,47,60,107
VITICHI,desnutricion global,desnutricion leve (l),2005-04-01,31,17,82,47,113,64,177
WALDO BALLIVIAN,desnutricion global,desnutricion leve (l),2005-04-01,2,4,1,5,3,9,12
WARNES,desnutricion global,desnutricion leve (l),2005-04-01,26,26,30,27,56,53,109
YACO,desnutricion global,desnutricion leve (l),2005-04-01,10,16,7,15,17,31,48
YACUIBA,desnutricion global,desnutricion leve (l),2005-04-01,24,31,23,25,47,56,103
YAMPARAEZ,desnutricion global,desnutricion leve (l),2005-04-01,61,57,133,124,194,181,375
YANACACHI,desnutricion global,desnutricion leve (l),2005-04-01,2,3,1,2,3,5,8
YAPACANI,desnutricion global,desnutricion leve (l),2005-04-01,74,62,72,53,146,115,261
YOCALLA,desnutricion global,desnutricion leve (l),2005-04-01,5,7,16,9,21,16,37
YOTALA,desnutricion global,desnutricion leve (l),2005-04-01,33,28,56,69,89,97,186
YUNCHARA,desnutricion global,desnutricion leve (l),2005-04-01,38,23,98,58,136,81,217
ZUDAÑEZ,desnutricion global,desnutricion leve (l),2005-04-01,35,24,53,67,88,91,179
ACACIO,desnutricion global,desnutricion leve (l),2005-05-01,26,22,49,34,75,56,131
ACHACACHI,desnutricion global,desnutricion leve (l),2005-05-01,39,38,37,45,76,83,159
ACHOCALLA,desnutricion global,desnutricion leve (l),2005-05-01,4,7,15,14,19,21,40
AIQUILE,desnutricion global,desnutricion leve (l),2005-05-01,28,21,29,30,57,51,108
ALALAY,desnutricion global,desnutricion leve (l),2005-05-01,9,4,4,2,13,6,19
ALCALA,desnutricion global,desnutricion leve (l),2005-05-01,13,14,29,33,42,47,89
ANCORAIMES,desnutricion global,desnutricion leve (l),2005-05-01,35,36,41,47,76,83,159
ANDAMARCA,desnutricion global,desnutricion leve (l),2005-05-01,3,0,5,4,8,4,12
ANTEQUERA,desnutricion global,desnutricion leve (l),2005-05-01,8,6,9,7,17,13,30
ANZALDO,desnutricion global,desnutricion leve (l),2005-05-01,3,7,14,15,17,22,39
APOLO,desnutricion global,desnutricion leve (l),2005-05-01,15,17,23,27,38,44,82
ARAMPAMPA,desnutricion global,desnutricion leve (l),2005-05-01,5,0,8,10,13,10,23
ARANI,desnutricion global,desnutricion leve (l),2005-05-01,15,17,26,31,41,48,89
ARBIETO,desnutricion global,desnutricion leve (l),2005-05-01,7,4,3,7,10,11,21
ARQUE,desnutricion global,desnutricion leve (l),2005-05-01,31,32,38,41,69,73,142
ATOCHA,desnutricion global,desnutricion leve (l),2005-05-01,33,19,33,25,66,44,110
AUCAPATA,desnutricion global,desnutricion leve (l),2005-05-01,17,20,15,22,32,42,74
AYATA,desnutricion global,desnutricion leve (l),2005-05-01,17,18,17,23,34,41,75
AYO AYO,desnutricion global,desnutricion leve (l),2005-05-01,11,10,11,13,22,23,45
AYOPAYA (V. DE INDEPENDENCIA),desnutricion global,desnutricion leve (l),2005-05-01,64,75,47,62,111,137,248
AZURDUY,desnutricion global,desnutricion leve (l),2005-05-01,44,45,88,113,132,158,290
BATALLAS,desnutricion global,desnutricion leve (l),2005-05-01,12,12,9,7,21,19,40
BAURES,desnutricion global,desnutricion leve (l),2005-05-01,4,14,10,1,14,15,29
BELEN DE ANDAMARCA,desnutricion global,desnutricion leve (l),2005-05-01,1,0,1,2,2,2,4
BELEN DE URMIRI,desnutricion global,desnutricion leve (l),2005-05-01,0,0,2,2,2,2,4
BELLA FLOR,desnutricion global,desnutricion leve (l),2005-05-01,5,4,1,10,6,14,20
BERMEJO,desnutricion global,desnutricion leve (l),2005-05-01,5,8,5,16,10,24,34
BETANZOS,desnutricion global,desnutricion leve (l),2005-05-01,79,122,117,124,196,246,442
BOLIVAR,desnutricion global,desnutricion leve (l),2005-05-01,24,34,22,25,46,59,105
BOLPEBRA,desnutricion global,desnutricion leve (l),2005-05-01,0,1,3,2,3,3,6
BOYUIBE,desnutricion global,desnutricion leve (l),2005-05-01,6,8,6,5,12,13,25
BUENA VISTA,desnutricion global,desnutricion leve (l),2005-05-01,10,9,12,15,22,24,46
CABEZAS,desnutricion global,desnutricion leve (l),2005-05-01,20,22,16,15,36,37,73
CAIROMA,desnutricion global,desnutricion leve (l),2005-05-01,50,55,41,71,91,126,217
"CAIZA ""D""",desnutricion global,desnutricion leve (l),2005-05-01,18,19,24,27,42,46,88
CAJUATA,desnutricion global,desnutricion leve (l),2005-05-01,18,10,11,17,29,27,56
CALACOTO,desnutricion global,desnutricion leve (l),2005-05-01,2,3,7,8,9,11,20
CALAMARCA,desnutricion global,desnutricion leve (l),2005-05-01,82,71,73,92,155,163,318
CAMARGO,desnutricion global,desnutricion leve (l),2005-05-01,55,70,94,84,149,154,303
CAMATAQUI (C. VILLA ABECIA),desnutricion global,desnutricion leve (l),2005-05-01,10,6,14,9,24,15,39
CAMIRI,desnutricion global,desnutricion leve (l),2005-05-01,28,20,10,24,38,44,82
CAPINOTA,desnutricion global,desnutricion leve (l),2005-05-01,25,22,22,23,47,45,92
CAQUIAVIRI,desnutricion global,desnutricion leve (l),2005-05-01,19,11,24,19,43,30,73
CARACOLLO,desnutricion global,desnutricion leve (l),2005-05-01,12,7,17,15,29,22,51
CARANAVI,desnutricion global,desnutricion leve (l),2005-05-01,96,86,76,89,172,175,347
CARANGAS,desnutricion global,desnutricion leve (l),2005-05-01,0,1,0,0,0,1,1
CARAPARI,desnutricion global,desnutricion leve (l),2005-05-01,6,7,17,18,23,25,48
CARIPUYO,desnutricion global,desnutricion leve (l),2005-05-01,30,21,35,26,65,47,112
CATACORA,desnutricion global,desnutricion leve (l),2005-05-01,10,1,5,11,15,12,27
CHACARILLA,desnutricion global,desnutricion leve (l),2005-05-01,1,3,5,4,6,7,13
CHALLAPATA,desnutricion global,desnutricion leve (l),2005-05-01,60,53,42,45,102,98,200
CHAQUI,desnutricion global,desnutricion leve (l),2005-05-01,14,16,14,11,28,27,55
CHARAGUA,desnutricion global,desnutricion leve (l),2005-05-01,38,32,30,40,68,72,140
CHARAÑA,desnutricion global,desnutricion leve (l),2005-05-01,7,7,8,11,15,18,33
CHAYANTA,desnutricion global,desnutricion leve (l),2005-05-01,41,27,35,28,76,55,131
CHIMORE,desnutricion global,desnutricion leve (l),2005-05-01,21,21,10,23,31,44,75
CHIPAYA,desnutricion global,desnutricion leve (l),2005-05-01,3,3,3,3,6,6,12
CHOQUE COTA,desnutricion global,desnutricion leve (l),2005-05-01,1,2,4,3,5,5,10
CHULUMANI (V. DE LA LIBERTAD),desnutricion global,desnutricion leve (l),2005-05-01,12,8,3,4,15,12,27
CHUMA,desnutricion global,desnutricion leve (l),2005-05-01,12,19,16,25,28,44,72
CLIZA,desnutricion global,desnutricion leve (l),2005-05-01,47,31,12,15,59,46,105
COBIJA,desnutricion global,desnutricion leve (l),2005-05-01,41,34,20,40,61,74,135
COCHABAMBA,desnutricion global,desnutricion leve (l),2005-05-01,284,253,236,227,520,480,1000
COIPASA,desnutricion global,desnutricion leve (l),2005-05-01,1,3,1,4,2,7,9
COLCAPIRHUA,desnutricion global,desnutricion leve (l),2005-05-01,21,25,16,27,37,52,89
"COLCHA ""K""",desnutricion global,desnutricion leve (l),2005-05-01,24,23,27,39,51,62,113
COLLANA,desnutricion global,desnutricion leve (l),2005-05-01,1,4,6,4,7,8,15
COLOMI,desnutricion global,desnutricion leve (l),2005-05-01,40,27,32,18,72,45,117
COLPA BELGICA,desnutricion global,desnutricion leve (l),2005-05-01,2,4,3,3,5,7,12
COLQUECHACA,desnutricion global,desnutricion leve (l),2005-05-01,89,85,103,62,192,147,339
COLQUENCHA,desnutricion global,desnutricion leve (l),2005-05-01,26,15,22,13,48,28,76
COLQUIRI,desnutricion global,desnutricion leve (l),2005-05-01,38,42,38,41,76,83,159
COMANCHE,desnutricion global,desnutricion leve (l),2005-05-01,3,5,3,3,6,8,14
COMARAPA,desnutricion global,desnutricion leve (l),2005-05-01,27,22,24,21,51,43,94
COMBAYA,desnutricion global,desnutricion leve (l),2005-05-01,4,1,3,3,7,4,11
CONCEPCION,desnutricion global,desnutricion leve (l),2005-05-01,13,0,0,0,13,0,13
COPACABANA,desnutricion global,desnutricion leve (l),2005-05-01,4,6,6,5,10,11,21
CORIPATA,desnutricion global,desnutricion leve (l),2005-05-01,23,12,4,3,27,15,42
CORO CORO,desnutricion global,desnutricion leve (l),2005-05-01,27,16,23,21,50,37,87
COROICO,desnutricion global,desnutricion leve (l),2005-05-01,31,22,19,26,50,48,98
CORQUE,desnutricion global,desnutricion leve (l),2005-05-01,11,13,9,10,20,23,43
COTAGAITA,desnutricion global,desnutricion leve (l),2005-05-01,70,33,93,76,163,109,272
COTOCA,desnutricion global,desnutricion leve (l),2005-05-01,17,23,21,14,38,37,75
CUATRO CAÑADAS,desnutricion global,desnutricion leve (l),2005-05-01,3,1,2,3,5,4,9
CUCHUMUELA (V. G. VILLARROEL),desnutricion global,desnutricion leve (l),2005-05-01,4,2,3,1,7,3,10
CUEVO,desnutricion global,desnutricion leve (l),2005-05-01,3,1,4,9,7,10,17
CULPINA,desnutricion global,desnutricion leve (l),2005-05-01,107,77,107,152,214,229,443
CURAHUARA DE CARANGAS,desnutricion global,desnutricion leve (l),2005-05-01,4,2,6,5,10,7,17
CURVA,desnutricion global,desnutricion leve (l),2005-05-01,6,3,2,1,8,4,12
DESAGUADERO,desnutricion global,desnutricion leve (l),2005-05-01,5,6,1,4,6,10,16
EL ALTO,desnutricion global,desnutricion leve (l),2005-05-01,1052,919,701,609,1753,1528,3281
EL CHORO,desnutricion global,desnutricion leve (l),2005-05-01,3,4,5,3,8,7,15
EL PUENTE(STC),desnutricion global,desnutricion leve (l),2005-05-01,15,13,16,37,31,50,81
EL PUENTE(TJA),desnutricion global,desnutricion leve (l),2005-05-01,18,8,36,38,54,46,100
EL TORNO,desnutricion global,desnutricion leve (l),2005-05-01,13,34,16,27,29,61,90
EL VILLAR,desnutricion global,desnutricion leve (l),2005-05-01,9,14,28,33,37,47,84
ENTRE RIOS,desnutricion global,desnutricion leve (l),2005-05-01,29,33,28,43,57,76,133
ENTRE RIOS,desnutricion global,desnutricion leve (l),2005-05-01,41,49,36,39,77,88,165
EUCALIPTUS,desnutricion global,desnutricion leve (l),2005-05-01,3,6,6,6,9,12,21
EUREKA (SANTOS MERCADO),desnutricion global,desnutricion leve (l),2005-05-01,0,0,0,1,0,1,1
EXALTACION,desnutricion global,desnutricion leve (l),2005-05-01,5,7,5,12,10,19,29
FERNANDEZ ALONSO,desnutricion global,desnutricion leve (l),2005-05-01,13,27,14,30,27,57,84
FILADELFIA,desnutricion global,desnutricion leve (l),2005-05-01,2,2,8,4,10,6,16
GENERAL SAAVEDRA,desnutricion global,desnutricion leve (l),2005-05-01,30,15,52,14,82,29,111
GRAL. J.J. PEREZ (CHARAZANI),desnutricion global,desnutricion leve (l),2005-05-01,14,20,19,21,33,41,74
GUANAY,desnutricion global,desnutricion leve (l),2005-05-01,15,15,24,18,39,33,72
GUAQUI,desnutricion global,desnutricion leve (l),2005-05-01,4,3,4,3,8,6,14
GUAYARAMERIN,desnutricion global,desnutricion leve (l),2005-05-01,42,42,34,34,76,76,152
GUTIERREZ,desnutricion global,desnutricion leve (l),2005-05-01,41,34,64,75,105,109,214
HUACARETA,desnutricion global,desnutricion leve (l),2005-05-01,20,19,20,41,40,60,100
HUACAYA (VILLA DE HUACAYA),desnutricion global,desnutricion leve (l),2005-05-01,2,3,15,7,17,10,27
HUACHACALLA,desnutricion global,desnutricion leve (l),2005-05-01,6,2,2,3,8,5,13
HUANUNI,desnutricion global,desnutricion leve (l),2005-05-01,30,15,13,17,43,32,75
HUARACAJE,desnutricion global,desnutricion leve (l),2005-05-01,10,5,14,0,24,5,29
HUAYLLAMARCA,desnutricion global,desnutricion leve (l),2005-05-01,4,8,6,6,10,14,24
ICHOCA,desnutricion global,desnutricion leve (l),2005-05-01,8,4,11,5,19,9,28
ICLA,desnutricion global,desnutricion leve (l),2005-05-01,58,39,108,97,166,136,302
INCAHUASI,desnutricion global,desnutricion leve (l),2005-05-01,109,118,143,182,252,300,552
INGAVI (HUMAITA),desnutricion global,desnutricion leve (l),2005-05-01,0,0,0,4,0,4,4
INQUISIVI,desnutricion global,desnutricion leve (l),2005-05-01,38,31,30,26,68,57,125
IRUPANA (VILLA DE LANZA),desnutricion global,desnutricion leve (l),2005-05-01,32,17,19,31,51,48,99
IXIAMAS,desnutricion global,desnutricion leve (l),2005-05-01,19,8,27,15,46,23,69
JESUS DE MACHACA,desnutricion global,desnutricion leve (l),2005-05-01,19,12,19,8,38,20,58
LA ASUNTA,desnutricion global,desnutricion leve (l),2005-05-01,26,27,8,11,34,38,72
LA GUARDIA,desnutricion global,desnutricion leve (l),2005-05-01,42,18,26,17,68,35,103
LA PAZ,desnutricion global,desnutricion leve (l),2005-05-01,806,739,534,555,1340,1294,2634
LAGUNILLAS,desnutricion global,desnutricion leve (l),2005-05-01,9,9,27,12,36,21,57
LAJA,desnutricion global,desnutricion leve (l),2005-05-01,24,20,10,7,34,27,61
LAS CARRERAS,desnutricion global,desnutricion leve (l),2005-05-01,4,10,17,11,21,21,42
LLALLAGUA,desnutricion global,desnutricion leve (l),2005-05-01,85,70,176,127,261,197,458
LLICA,desnutricion global,desnutricion leve (l),2005-05-01,1,4,6,4,7,8,15
LORETO,desnutricion global,desnutricion leve (l),2005-05-01,1,2,4,2,5,4,9
LURIBAY,desnutricion global,desnutricion leve (l),2005-05-01,21,27,25,34,46,61,107
MACHACAMARCA,desnutricion global,desnutricion leve (l),2005-05-01,3,5,0,2,3,7,10
MACHARETI,desnutricion global,desnutricion leve (l),2005-05-01,19,20,33,30,52,50,102
MAGDALENA,desnutricion global,desnutricion leve (l),2005-05-01,10,13,8,9,18,22,40
MAIRANA,desnutricion global,desnutricion leve (l),2005-05-01,12,3,4,3,16,6,22
MALLA,desnutricion global,desnutricion leve (l),2005-05-01,5,6,3,7,8,13,21
MAPIRI,desnutricion global,desnutricion leve (l),2005-05-01,14,18,22,18,36,36,72
MECAPACA,desnutricion global,desnutricion leve (l),2005-05-01,26,18,20,14,46,32,78
MINEROS,desnutricion global,desnutricion leve (l),2005-05-01,22,24,11,14,33,38,71
MIZQUE,desnutricion global,desnutricion leve (l),2005-05-01,24,38,19,20,43,58,101
MOCOMOCO,desnutricion global,desnutricion leve (l),2005-05-01,29,21,32,48,61,69,130
MOJINETE,desnutricion global,desnutricion leve (l),2005-05-01,1,0,0,1,1,1,2
MOJOCOYA,desnutricion global,desnutricion leve (l),2005-05-01,31,13,39,37,70,50,120
MONTEAGUDO,desnutricion global,desnutricion leve (l),2005-05-01,48,61,77,103,125,164,289
MONTERO,desnutricion global,desnutricion leve (l),2005-05-01,130,103,61,94,191,197,388
MORO MORO,desnutricion global,desnutricion leve (l),2005-05-01,5,2,9,5,14,7,21
MOROCHATA,desnutricion global,desnutricion leve (l),2005-05-01,44,45,53,53,97,98,195
NACEBE (SANTA ROSA DEL ABUNA),desnutricion global,desnutricion leve (l),2005-05-01,1,3,1,2,2,5,7
NAZACARA DE PACAJES,desnutricion global,desnutricion leve (l),2005-05-01,1,0,1,2,2,2,4
NUEVO MANOA (NUEVA ESPERANZA),desnutricion global,desnutricion leve (l),2005-05-01,1,0,1,1,2,1,3
OCURI,desnutricion global,desnutricion leve (l),2005-05-01,50,30,50,30,100,60,160
OKINAWA,desnutricion global,desnutricion leve (l),2005-05-01,11,8,6,5,17,13,30
OMEREQUE,desnutricion global,desnutricion leve (l),2005-05-01,11,7,8,6,19,13,32
ORURO,desnutricion global,desnutricion leve (l),2005-05-01,314,265,230,252,544,517,1061
PADCAYA,desnutricion global,desnutricion leve (l),2005-05-01,17,15,40,43,57,58,115
PADILLA,desnutricion global,desnutricion leve (l),2005-05-01,35,38,76,88,111,126,237
PAILON,desnutricion global,desnutricion leve (l),2005-05-01,2,50,51,3,53,53,106
PALCA,desnutricion global,desnutricion leve (l),2005-05-01,20,19,12,11,32,30,62
PALOS BLANCOS,desnutricion global,desnutricion leve (l),2005-05-01,60,57,63,63,123,120,243
PAMPA AULLAGAS,desnutricion global,desnutricion leve (l),2005-05-01,10,2,7,4,17,6,23
PAMPA GRANDE,desnutricion global,desnutricion leve (l),2005-05-01,7,13,6,10,13,23,36
PAPEL PAMPA,desnutricion global,desnutricion leve (l),2005-05-01,8,8,2,2,10,10,20
PASORAPA,desnutricion global,desnutricion leve (l),2005-05-01,4,7,9,7,13,14,27
PATACAMAYA,desnutricion global,desnutricion leve (l),2005-05-01,81,78,73,62,154,140,294
PAZÑA,desnutricion global,desnutricion leve (l),2005-05-01,4,14,9,12,13,26,39
PELECHUCO,desnutricion global,desnutricion leve (l),2005-05-01,13,9,10,17,23,26,49
POCOATA,desnutricion global,desnutricion leve (l),2005-05-01,55,81,90,101,145,182,327
POCONA,desnutricion global,desnutricion leve (l),2005-05-01,13,20,14,16,27,36,63
POJO (CBBA),desnutricion global,desnutricion leve (l),2005-05-01,27,25,32,54,59,79,138
POOPO,desnutricion global,desnutricion leve (l),2005-05-01,2,4,6,7,8,11,19
PORCO,desnutricion global,desnutricion leve (l),2005-05-01,11,9,3,5,14,14,28
POROMA,desnutricion global,desnutricion leve (l),2005-05-01,51,53,73,99,124,152,276
PORONGO,desnutricion global,desnutricion leve (l),2005-05-01,11,8,4,1,15,9,24
PORTACHUELO,desnutricion global,desnutricion leve (l),2005-05-01,13,11,18,23,31,34,65
PORVENIR,desnutricion global,desnutricion leve (l),2005-05-01,1,3,4,3,5,6,11
POSTRER VALLE,desnutricion global,desnutricion leve (l),2005-05-01,3,1,8,12,11,13,24
POTOSI,desnutricion global,desnutricion leve (l),2005-05-01,214,169,136,99,350,268,618
PRESTO,desnutricion global,desnutricion leve (l),2005-05-01,35,29,51,57,86,86,172
PUCARANI,desnutricion global,desnutricion leve (l),2005-05-01,29,29,28,26,57,55,112
PUERTO ACOSTA,desnutricion global,desnutricion leve (l),2005-05-01,20,24,20,21,40,45,85
PUERTO CARABUCO,desnutricion global,desnutricion leve (l),2005-05-01,28,29,28,25,56,54,110
PUERTO GONZALO MORENO,desnutricion global,desnutricion leve (l),2005-05-01,7,4,5,4,12,8,20
PUERTO PEREZ,desnutricion global,desnutricion leve (l),2005-05-01,6,2,6,5,12,7,19
PUERTO RICO,desnutricion global,desnutricion leve (l),2005-05-01,5,3,11,7,16,10,26
PUERTO SILES,desnutricion global,desnutricion leve (l),2005-05-01,8,3,4,6,12,9,21
PUERTO VILLARROEL,desnutricion global,desnutricion leve (l),2005-05-01,110,87,83,101,193,188,381
PUNA,desnutricion global,desnutricion leve (l),2005-05-01,82,50,132,62,214,112,326
PUNATA,desnutricion global,desnutricion leve (l),2005-05-01,26,29,23,33,49,62,111
QUIABAYA,desnutricion global,desnutricion leve (l),2005-05-01,2,0,2,1,4,1,5
QUILLACOLLO,desnutricion global,desnutricion leve (l),2005-05-01,97,84,56,57,153,141,294
QUIME,desnutricion global,desnutricion leve (l),2005-05-01,17,13,34,34,51,47,98
QUIRUSILLAS,desnutricion global,desnutricion leve (l),2005-05-01,2,2,0,0,2,2,4
RAVELO,desnutricion global,desnutricion leve (l),2005-05-01,142,124,151,186,293,310,603
REYES,desnutricion global,desnutricion leve (l),2005-05-01,15,15,10,14,25,29,54
RIBERALTA,desnutricion global,desnutricion leve (l),2005-05-01,153,187,110,132,263,319,582
ROBORE,desnutricion global,desnutricion leve (l),2005-05-01,6,12,8,4,14,16,30
RURRENABAQUE,desnutricion global,desnutricion leve (l),2005-05-01,7,8,3,2,10,10,20
SABAYA,desnutricion global,desnutricion leve (l),2005-05-01,4,4,1,4,5,8,13
SACABA,desnutricion global,desnutricion leve (l),2005-05-01,92,88,72,71,164,159,323
SACABAMBA,desnutricion global,desnutricion leve (l),2005-05-01,4,8,10,22,14,30,44
SAIPINA,desnutricion global,desnutricion leve (l),2005-05-01,12,9,15,4,27,13,40
SALINAS DE GARCI MENDOZA,desnutricion global,desnutricion leve (l),2005-05-01,12,15,24,21,36,36,72
SAMAIPATA,desnutricion global,desnutricion leve (l),2005-05-01,9,1,15,0,24,1,25
SAN AGUSTIN,desnutricion global,desnutricion leve (l),2005-05-01,0,2,1,1,1,3,4
SAN ANDRES,desnutricion global,desnutricion leve (l),2005-05-01,17,15,4,7,21,22,43
SAN ANDRES DE MACHACA,desnutricion global,desnutricion leve (l),2005-05-01,5,10,4,4,9,14,23
SAN ANTONIO DE ESMORUCO,desnutricion global,desnutricion leve (l),2005-05-01,0,1,4,2,4,3,7
SAN ANTONIO DE LOMERIO,desnutricion global,desnutricion leve (l),2005-05-01,34,29,56,74,90,103,193
SAN BENITO,desnutricion global,desnutricion leve (l),2005-05-01,14,16,14,28,28,44,72
SAN BORJA,desnutricion global,desnutricion leve (l),2005-05-01,47,45,39,35,86,80,166
SAN BUENA VENTURA,desnutricion global,desnutricion leve (l),2005-05-01,4,14,5,12,9,26,35
SAN CARLOS,desnutricion global,desnutricion leve (l),2005-05-01,13,20,13,12,26,32,58
SAN IGNACIO,desnutricion global,desnutricion leve (l),2005-05-01,34,30,48,30,82,60,142
SAN IGNACIO DE VELASCO,desnutricion global,desnutricion leve (l),2005-05-01,121,109,97,126,218,235,453
SAN JAVIER(BNI),desnutricion global,desnutricion leve (l),2005-05-01,2,3,3,1,5,4,9
SAN JAVIER(STC),desnutricion global,desnutricion leve (l),2005-05-01,2,2,1,0,3,2,5
SAN JOAQUIN,desnutricion global,desnutricion leve (l),2005-05-01,2,4,9,10,11,14,25
SAN JOSE DE CHIQUITOS,desnutricion global,desnutricion leve (l),2005-05-01,24,16,8,14,32,30,62
SAN JUAN DE YAPACANI,desnutricion global,desnutricion leve (l),2005-05-01,17,13,13,10,30,23,53
SAN JULIAN,desnutricion global,desnutricion leve (l),2005-05-01,35,19,69,18,104,37,141
SAN LORENZO(PND),desnutricion global,desnutricion leve (l),2005-05-01,6,3,3,6,9,9,18
SAN LORENZO(TJA),desnutricion global,desnutricion leve (l),2005-05-01,30,32,38,68,68,100,168
SAN LUCAS,desnutricion global,desnutricion leve (l),2005-05-01,163,187,231,278,394,465,859
SAN MIGUEL DE VELASCO,desnutricion global,desnutricion leve (l),2005-05-01,23,24,33,41,56,65,121
SAN PABLO DE LIPEZ,desnutricion global,desnutricion leve (l),2005-05-01,4,2,3,15,7,17,24
SAN PEDRO,desnutricion global,desnutricion leve (l),2005-05-01,13,16,16,25,29,41,70
SAN PEDRO DE BUENA VISTA,desnutricion global,desnutricion leve (l),2005-05-01,79,116,89,88,168,204,372
SAN PEDRO DE CURAHUARA,desnutricion global,desnutricion leve (l),2005-05-01,6,5,9,11,15,16,31
SAN PEDRO DE QUEMES,desnutricion global,desnutricion leve (l),2005-05-01,0,3,0,1,0,4,4
SAN PEDRO DE TIQUINA,desnutricion global,desnutricion leve (l),2005-05-01,2,7,3,5,5,12,17
SAN PEDRO(PND),desnutricion global,desnutricion leve (l),2005-05-01,2,1,2,1,4,2,6
SAN RAFAEL,desnutricion global,desnutricion leve (l),2005-05-01,18,13,22,17,40,30,70
SAN RAMON,desnutricion global,desnutricion leve (l),2005-05-01,4,5,4,2,8,7,15
SAN RAMON,desnutricion global,desnutricion leve (l),2005-05-01,0,0,1,3,1,3,4
SANTA ANA,desnutricion global,desnutricion leve (l),2005-05-01,7,9,5,8,12,17,29
SANTA CRUZ DE LA SIERRA,desnutricion global,desnutricion leve (l),2005-05-01,1201,1020,524,493,1725,1513,3238
SANTA ROSA,desnutricion global,desnutricion leve (l),2005-05-01,16,15,14,14,30,29,59
SANTA ROSA DEL SARA,desnutricion global,desnutricion leve (l),2005-05-01,18,15,18,20,36,35,71
SANTIAGO DE CALLAPA,desnutricion global,desnutricion leve (l),2005-05-01,10,6,9,7,19,13,32
SANTIAGO DE HUARI,desnutricion global,desnutricion leve (l),2005-05-01,18,9,7,10,25,19,44
SANTIAGO DE MACHACA,desnutricion global,desnutricion leve (l),2005-05-01,11,6,14,9,25,15,40
SANTIVAÑES,desnutricion global,desnutricion leve (l),2005-05-01,12,12,22,25,34,37,71
SANTUARIO DE QUILLACAS,desnutricion global,desnutricion leve (l),2005-05-01,7,2,7,12,14,14,28
SAPAHAQUI,desnutricion global,desnutricion leve (l),2005-05-01,7,9,13,16,20,25,45
SENA,desnutricion global,desnutricion leve (l),2005-05-01,30,35,40,31,70,66,136
SICA SICA (VILLA AROMA),desnutricion global,desnutricion leve (l),2005-05-01,62,56,71,86,133,142,275
SICAYA,desnutricion global,desnutricion leve (l),2005-05-01,16,12,20,14,36,26,62
SIPE SIPE,desnutricion global,desnutricion leve (l),2005-05-01,81,90,78,75,159,165,324
SOPACHUY,desnutricion global,desnutricion leve (l),2005-05-01,25,37,47,56,72,93,165
SORACACHI,desnutricion global,desnutricion leve (l),2005-05-01,11,8,19,10,30,18,48
SORATA,desnutricion global,desnutricion leve (l),2005-05-01,23,29,34,38,57,67,124
SUCRE,desnutricion global,desnutricion leve (l),2005-05-01,272,271,342,302,614,573,1187
TACACHI,desnutricion global,desnutricion leve (l),2005-05-01,2,2,0,7,2,9,11
TACACOMA,desnutricion global,desnutricion leve (l),2005-05-01,2,7,2,6,4,13,17
TACOBAMBA,desnutricion global,desnutricion leve (l),2005-05-01,2,1,4,5,6,6,12
TACOPAYA,desnutricion global,desnutricion leve (l),2005-05-01,8,20,26,23,34,43,77
TAHUA,desnutricion global,desnutricion leve (l),2005-05-01,1,2,3,3,4,5,9
TAPACARI,desnutricion global,desnutricion leve (l),2005-05-01,54,57,64,69,118,126,244
TARABUCO,desnutricion global,desnutricion leve (l),2005-05-01,155,132,254,252,409,384,793
TARACO,desnutricion global,desnutricion leve (l),2005-05-01,12,9,6,8,18,17,35
TARATA,desnutricion global,desnutricion leve (l),2005-05-01,21,24,11,9,32,33,65
TARIJA,desnutricion global,desnutricion leve (l),2005-05-01,96,107,86,115,182,222,404
TARVITA,desnutricion global,desnutricion leve (l),2005-05-01,78,98,178,212,256,310,566
TEOPONTE,desnutricion global,desnutricion leve (l),2005-05-01,15,23,22,17,37,40,77
TIAWANACU,desnutricion global,desnutricion leve (l),2005-05-01,15,11,15,10,30,21,51
TINGUIPAYA,desnutricion global,desnutricion leve (l),2005-05-01,53,74,71,56,124,130,254
TIPUANI,desnutricion global,desnutricion leve (l),2005-05-01,13,10,5,7,18,17,35
TIQUIPAYA,desnutricion global,desnutricion leve (l),2005-05-01,8,10,5,6,13,16,29
TIRAQUE (CBBA),desnutricion global,desnutricion leve (l),2005-05-01,77,162,70,72,147,234,381
TITO YUPANQUI (PARQUIPUJIO),desnutricion global,desnutricion leve (l),2005-05-01,3,2,7,3,10,5,15
TOCO,desnutricion global,desnutricion leve (l),2005-05-01,4,1,5,5,9,6,15
TOLATA,desnutricion global,desnutricion leve (l),2005-05-01,5,5,1,2,6,7,13
TOLEDO,desnutricion global,desnutricion leve (l),2005-05-01,9,8,3,4,12,12,24
TOMAVE,desnutricion global,desnutricion leve (l),2005-05-01,48,9,55,20,103,29,132
TOMINA,desnutricion global,desnutricion leve (l),2005-05-01,52,62,88,109,140,171,311
TORO TORO,desnutricion global,desnutricion leve (l),2005-05-01,49,42,41,46,90,88,178
TOTORA(CBBA),desnutricion global,desnutricion leve (l),2005-05-01,27,22,11,16,38,38,76
TOTORA(ORR),desnutricion global,desnutricion leve (l),2005-05-01,5,6,5,6,10,12,22
TRIGAL,desnutricion global,desnutricion leve (l),2005-05-01,1,1,0,1,1,2,3
TRINIDAD,desnutricion global,desnutricion leve (l),2005-05-01,99,98,49,64,148,162,310
TUPIZA,desnutricion global,desnutricion leve (l),2005-05-01,61,71,62,77,123,148,271
TURCO,desnutricion global,desnutricion leve (l),2005-05-01,2,3,10,11,12,14,26
UMALA,desnutricion global,desnutricion leve (l),2005-05-01,0,1,1,1,1,2,3
UNCIA,desnutricion global,desnutricion leve (l),2005-05-01,55,41,58,58,113,99,212
URIONDO (A. CONCEPCION),desnutricion global,desnutricion leve (l),2005-05-01,24,23,46,46,70,69,139
UYUNI,desnutricion global,desnutricion leve (l),2005-05-01,17,16,30,28,47,44,91
VACAS,desnutricion global,desnutricion leve (l),2005-05-01,22,11,8,6,30,17,47
VALLEGRANDE,desnutricion global,desnutricion leve (l),2005-05-01,36,32,28,34,64,66,130
VIACHA,desnutricion global,desnutricion leve (l),2005-05-01,36,44,30,34,66,78,144
VILA VILA,desnutricion global,desnutricion leve (l),2005-05-01,20,6,15,10,35,16,51
VILLA MONTES,desnutricion global,desnutricion leve (l),2005-05-01,25,15,15,15,40,30,70
VILLA NUEVA (LOMA ALTA),desnutricion global,desnutricion leve (l),2005-05-01,2,1,1,1,3,2,5
VILLA RIVERO,desnutricion global,desnutricion leve (l),2005-05-01,15,6,7,3,22,9,31
VILLA SERRANO,desnutricion global,desnutricion leve (l),2005-05-01,65,46,93,88,158,134,292
VILLA TUNARI,desnutricion global,desnutricion leve (l),2005-05-01,110,108,127,119,237,227,464
VILLA VACA GUZMAN (MUYUPAMPA),desnutricion global,desnutricion leve (l),2005-05-01,26,25,50,52,76,77,153
VILLAZON,desnutricion global,desnutricion leve (l),2005-05-01,54,46,60,62,114,108,222
VINTO,desnutricion global,desnutricion leve (l),2005-05-01,9,8,0,2,9,10,19
VITICHI,desnutricion global,desnutricion leve (l),2005-05-01,44,16,74,21,118,37,155
WALDO BALLIVIAN,desnutricion global,desnutricion leve (l),2005-05-01,0,0,4,0,4,0,4
WARNES,desnutricion global,desnutricion leve (l),2005-05-01,38,27,26,23,64,50,114
YACO,desnutricion global,desnutricion leve (l),2005-05-01,10,17,15,16,25,33,58
YACUIBA,desnutricion global,desnutricion leve (l),2005-05-01,24,37,21,23,45,60,105
YAMPARAEZ,desnutricion global,desnutricion leve (l),2005-05-01,61,55,128,104,189,159,348
YANACACHI,desnutricion global,desnutricion leve (l),2005-05-01,9,3,4,5,13,8,21
YAPACANI,desnutricion global,desnutricion leve (l),2005-05-01,49,38,61,39,110,77,187
YOCALLA,desnutricion global,desnutricion leve (l),2005-05-01,6,3,7,5,13,8,21
YOTALA,desnutricion global,desnutricion leve (l),2005-05-01,35,21,60,54,95,75,170
YUNCHARA,desnutricion global,desnutricion leve (l),2005-05-01,14,15,41,31,55,46,101
ZUDAÑEZ,desnutricion global,desnutricion leve (l),2005-05-01,28,36,58,79,86,115,201
ACACIO,desnutricion global,desnutricion leve (l),2005-06-01,20,24,37,49,57,73,130
ACHACACHI,desnutricion global,desnutricion leve (l),2005-06-01,36,47,42,54,78,101,179
ACHOCALLA,desnutricion global,desnutricion leve (l),2005-06-01,11,13,11,14,22,27,49
AIQUILE,desnutricion global,desnutricion leve (l),2005-06-01,16,12,23,26,39,38,77
ALALAY,desnutricion global,desnutricion leve (l),2005-06-01,4,8,0,0,4,8,12
ALCALA,desnutricion global,desnutricion leve (l),2005-06-01,12,13,43,31,55,44,99
ANCORAIMES,desnutricion global,desnutricion leve (l),2005-06-01,28,20,29,32,57,52,109
ANDAMARCA,desnutricion global,desnutricion leve (l),2005-06-01,6,2,6,4,12,6,18
ANTEQUERA,desnutricion global,desnutricion leve (l),2005-06-01,10,11,10,14,20,25,45
ANZALDO,desnutricion global,desnutricion leve (l),2005-06-01,3,7,9,12,12,19,31
APOLO,desnutricion global,desnutricion leve (l),2005-06-01,19,13,20,14,39,27,66
ARAMPAMPA,desnutricion global,desnutricion leve (l),2005-06-01,46,48,73,84,119,132,251
ARANI,desnutricion global,desnutricion leve (l),2005-06-01,10,9,10,8,20,17,37
ARBIETO,desnutricion global,desnutricion leve (l),2005-06-01,13,14,18,17,31,31,62
ARQUE,desnutricion global,desnutricion leve (l),2005-06-01,36,34,18,37,54,71,125
ATOCHA,desnutricion global,desnutricion leve (l),2005-06-01,34,25,43,19,77,44,121
AUCAPATA,desnutricion global,desnutricion leve (l),2005-06-01,9,9,8,10,17,19,36
AYATA,desnutricion global,desnutricion leve (l),2005-06-01,20,8,10,8,30,16,46
AYO AYO,desnutricion global,desnutricion leve (l),2005-06-01,15,13,12,13,27,26,53
AYOPAYA (V. DE INDEPENDENCIA),desnutricion global,desnutricion leve (l),2005-06-01,53,65,56,73,109,138,247
AZURDUY,desnutricion global,desnutricion leve (l),2005-06-01,39,38,72,82,111,120,231
BATALLAS,desnutricion global,desnutricion leve (l),2005-06-01,18,21,13,14,31,35,66
BAURES,desnutricion global,desnutricion leve (l),2005-06-01,5,6,7,6,12,12,24
BELEN DE ANDAMARCA,desnutricion global,desnutricion leve (l),2005-06-01,3,0,2,0,5,0,5
BELEN DE URMIRI,desnutricion global,desnutricion leve (l),2005-06-01,2,3,7,10,9,13,22
BELLA FLOR,desnutricion global,desnutricion leve (l),2005-06-01,2,2,1,2,3,4,7
BERMEJO,desnutricion global,desnutricion leve (l),2005-06-01,10,10,14,22,24,32,56
BETANZOS,desnutricion global,desnutricion leve (l),2005-06-01,87,78,101,116,188,194,382
BOLIVAR,desnutricion global,desnutricion leve (l),2005-06-01,28,23,20,28,48,51,99
BOLPEBRA,desnutricion global,desnutricion leve (l),2005-06-01,2,3,3,0,5,3,8
BOYUIBE,desnutricion global,desnutricion leve (l),2005-06-01,4,8,9,11,13,19,32
BUENA VISTA,desnutricion global,desnutricion leve (l),2005-06-01,19,17,24,29,43,46,89
CABEZAS,desnutricion global,desnutricion leve (l),2005-06-01,21,25,29,34,50,59,109
CAIROMA,desnutricion global,desnutricion leve (l),2005-06-01,47,53,43,59,90,112,202
"CAIZA ""D""",desnutricion global,desnutricion leve (l),2005-06-01,19,18,31,33,50,51,101
CAJUATA,desnutricion global,desnutricion leve (l),2005-06-01,13,11,10,10,23,21,44
CALACOTO,desnutricion global,desnutricion leve (l),2005-06-01,1,3,4,5,5,8,13
CALAMARCA,desnutricion global,desnutricion leve (l),2005-06-01,78,80,65,89,143,169,312
CAMARGO,desnutricion global,desnutricion leve (l),2005-06-01,60,77,73,87,133,164,297
CAMATAQUI (C. VILLA ABECIA),desnutricion global,desnutricion leve (l),2005-06-01,11,15,17,10,28,25,53
CAMIRI,desnutricion global,desnutricion leve (l),2005-06-01,47,40,37,54,84,94,178
CAPINOTA,desnutricion global,desnutricion leve (l),2005-06-01,42,62,79,56,121,118,239
CAQUIAVIRI,desnutricion global,desnutricion leve (l),2005-06-01,5,12,7,12,12,24,36
CARACOLLO,desnutricion global,desnutricion leve (l),2005-06-01,15,12,24,14,39,26,65
CARANAVI,desnutricion global,desnutricion leve (l),2005-06-01,96,82,64,82,160,164,324
CARANGAS,desnutricion global,desnutricion leve (l),2005-06-01,0,2,0,0,0,2,2
CARAPARI,desnutricion global,desnutricion leve (l),2005-06-01,9,9,17,22,26,31,57
CARIPUYO,desnutricion global,desnutricion leve (l),2005-06-01,80,54,98,103,178,157,335
CATACORA,desnutricion global,desnutricion leve (l),2005-06-01,1,0,1,2,2,2,4
CHACARILLA,desnutricion global,desnutricion leve (l),2005-06-01,1,1,4,2,5,3,8
CHALLAPATA,desnutricion global,desnutricion leve (l),2005-06-01,60,66,76,81,136,147,283
CHAQUI,desnutricion global,desnutricion leve (l),2005-06-01,19,16,28,22,47,38,85
CHARAGUA,desnutricion global,desnutricion leve (l),2005-06-01,33,33,23,33,56,66,122
CHARAÑA,desnutricion global,desnutricion leve (l),2005-06-01,2,2,1,2,3,4,7
CHAYANTA,desnutricion global,desnutricion leve (l),2005-06-01,48,34,45,58,93,92,185
CHIMORE,desnutricion global,desnutricion leve (l),2005-06-01,24,21,19,20,43,41,84
CHIPAYA,desnutricion global,desnutricion leve (l),2005-06-01,0,1,4,3,4,4,8
CHULUMANI (V. DE LA LIBERTAD),desnutricion global,desnutricion leve (l),2005-06-01,11,17,5,11,16,28,44
CHUMA,desnutricion global,desnutricion leve (l),2005-06-01,23,16,22,27,45,43,88
CLIZA,desnutricion global,desnutricion leve (l),2005-06-01,57,10,24,5,81,15,96
COBIJA,desnutricion global,desnutricion leve (l),2005-06-01,41,37,39,31,80,68,148
COCHABAMBA,desnutricion global,desnutricion leve (l),2005-06-01,345,284,202,208,547,492,1039
COLCAPIRHUA,desnutricion global,desnutricion leve (l),2005-06-01,83,60,59,67,142,127,269
"COLCHA ""K""",desnutricion global,desnutricion leve (l),2005-06-01,24,32,26,48,50,80,130
COLLANA,desnutricion global,desnutricion leve (l),2005-06-01,9,8,6,5,15,13,28
COLOMI,desnutricion global,desnutricion leve (l),2005-06-01,42,45,27,46,69,91,160
COLPA BELGICA,desnutricion global,desnutricion leve (l),2005-06-01,4,4,3,3,7,7,14
COLQUECHACA,desnutricion global,desnutricion leve (l),2005-06-01,103,93,88,80,191,173,364
COLQUENCHA,desnutricion global,desnutricion leve (l),2005-06-01,42,31,62,53,104,84,188
COLQUIRI,desnutricion global,desnutricion leve (l),2005-06-01,33,32,28,31,61,63,124
COMANCHE,desnutricion global,desnutricion leve (l),2005-06-01,6,3,11,7,17,10,27
COMARAPA,desnutricion global,desnutricion leve (l),2005-06-01,35,13,34,36,69,49,118
COMBAYA,desnutricion global,desnutricion leve (l),2005-06-01,3,5,3,3,6,8,14
CONCEPCION,desnutricion global,desnutricion leve (l),2005-06-01,29,0,6,0,35,0,35
COPACABANA,desnutricion global,desnutricion leve (l),2005-06-01,20,11,6,8,26,19,45
CORIPATA,desnutricion global,desnutricion leve (l),2005-06-01,22,26,14,21,36,47,83
CORO CORO,desnutricion global,desnutricion leve (l),2005-06-01,33,15,29,16,62,31,93
COROICO,desnutricion global,desnutricion leve (l),2005-06-01,19,6,8,6,27,12,39
CORQUE,desnutricion global,desnutricion leve (l),2005-06-01,18,14,12,14,30,28,58
COTAGAITA,desnutricion global,desnutricion leve (l),2005-06-01,40,39,62,67,102,106,208
COTOCA,desnutricion global,desnutricion leve (l),2005-06-01,42,40,16,21,58,61,119
CUATRO CAÑADAS,desnutricion global,desnutricion leve (l),2005-06-01,15,5,26,4,41,9,50
CUCHUMUELA (V. G. VILLARROEL),desnutricion global,desnutricion leve (l),2005-06-01,2,2,2,3,4,5,9
CUEVO,desnutricion global,desnutricion leve (l),2005-06-01,2,0,10,6,12,6,18
CULPINA,desnutricion global,desnutricion leve (l),2005-06-01,102,94,110,153,212,247,459
CURAHUARA DE CARANGAS,desnutricion global,desnutricion leve (l),2005-06-01,8,7,9,5,17,12,29
CURVA,desnutricion global,desnutricion leve (l),2005-06-01,1,0,1,0,2,0,2
DESAGUADERO,desnutricion global,desnutricion leve (l),2005-06-01,6,11,2,0,8,11,19
EL ALTO,desnutricion global,desnutricion leve (l),2005-06-01,1105,928,588,598,1693,1526,3219
EL CHORO,desnutricion global,desnutricion leve (l),2005-06-01,1,1,2,1,3,2,5
EL PUENTE(TJA),desnutricion global,desnutricion leve (l),2005-06-01,17,11,33,26,50,37,87
EL TORNO,desnutricion global,desnutricion leve (l),2005-06-01,30,33,17,20,47,53,100
EL VILLAR,desnutricion global,desnutricion leve (l),2005-06-01,7,15,27,42,34,57,91
ENTRE RIOS,desnutricion global,desnutricion leve (l),2005-06-01,52,65,45,39,97,104,201
ENTRE RIOS,desnutricion global,desnutricion leve (l),2005-06-01,19,25,14,36,33,61,94
EUCALIPTUS,desnutricion global,desnutricion leve (l),2005-06-01,8,5,7,3,15,8,23
EXALTACION,desnutricion global,desnutricion leve (l),2005-06-01,6,8,3,2,9,10,19
FERNANDEZ ALONSO,desnutricion global,desnutricion leve (l),2005-06-01,31,29,23,37,54,66,120
FILADELFIA,desnutricion global,desnutricion leve (l),2005-06-01,2,4,2,2,4,6,10
GENERAL SAAVEDRA,desnutricion global,desnutricion leve (l),2005-06-01,32,33,41,30,73,63,136
GRAL. J.J. PEREZ (CHARAZANI),desnutricion global,desnutricion leve (l),2005-06-01,25,19,24,30,49,49,98
GUANAY,desnutricion global,desnutricion leve (l),2005-06-01,17,18,16,15,33,33,66
GUAQUI,desnutricion global,desnutricion leve (l),2005-06-01,9,5,13,11,22,16,38
GUAYARAMERIN,desnutricion global,desnutricion leve (l),2005-06-01,65,54,40,44,105,98,203
GUTIERREZ,desnutricion global,desnutricion leve (l),2005-06-01,55,28,72,73,127,101,228
HUACARETA,desnutricion global,desnutricion leve (l),2005-06-01,14,15,23,36,37,51,88
HUACAYA (VILLA DE HUACAYA),desnutricion global,desnutricion leve (l),2005-06-01,10,4,15,18,25,22,47
HUACHACALLA,desnutricion global,desnutricion leve (l),2005-06-01,0,0,1,0,1,0,1
HUANUNI,desnutricion global,desnutricion leve (l),2005-06-01,24,28,13,15,37,43,80
HUARACAJE,desnutricion global,desnutricion leve (l),2005-06-01,4,11,8,0,12,11,23
HUAYLLAMARCA,desnutricion global,desnutricion leve (l),2005-06-01,4,5,1,3,5,8,13
ICHOCA,desnutricion global,desnutricion leve (l),2005-06-01,8,8,12,12,20,20,40
ICLA,desnutricion global,desnutricion leve (l),2005-06-01,56,56,139,107,195,163,358
INCAHUASI,desnutricion global,desnutricion leve (l),2005-06-01,110,130,129,168,239,298,537
INGAVI (HUMAITA),desnutricion global,desnutricion leve (l),2005-06-01,2,0,2,2,4,2,6
INQUISIVI,desnutricion global,desnutricion leve (l),2005-06-01,35,26,42,46,77,72,149
IRUPANA (VILLA DE LANZA),desnutricion global,desnutricion leve (l),2005-06-01,43,29,35,36,78,65,143
IXIAMAS,desnutricion global,desnutricion leve (l),2005-06-01,16,7,14,13,30,20,50
JESUS DE MACHACA,desnutricion global,desnutricion leve (l),2005-06-01,15,12,11,9,26,21,47
LA ASUNTA,desnutricion global,desnutricion leve (l),2005-06-01,24,36,12,13,36,49,85
LA GUARDIA,desnutricion global,desnutricion leve (l),2005-06-01,57,39,40,29,97,68,165
LA PAZ,desnutricion global,desnutricion leve (l),2005-06-01,772,667,423,472,1195,1139,2334
LAGUNILLAS,desnutricion global,desnutricion leve (l),2005-06-01,26,24,23,28,49,52,101
LAJA,desnutricion global,desnutricion leve (l),2005-06-01,22,14,16,19,38,33,71
LAS CARRERAS,desnutricion global,desnutricion leve (l),2005-06-01,5,13,22,22,27,35,62
LLALLAGUA,desnutricion global,desnutricion leve (l),2005-06-01,84,69,114,101,198,170,368
LLICA,desnutricion global,desnutricion leve (l),2005-06-01,5,10,4,6,9,16,25
LORETO,desnutricion global,desnutricion leve (l),2005-06-01,5,6,14,7,19,13,32
LURIBAY,desnutricion global,desnutricion leve (l),2005-06-01,27,23,30,51,57,74,131
MACHACAMARCA,desnutricion global,desnutricion leve (l),2005-06-01,6,7,7,2,13,9,22
MACHARETI,desnutricion global,desnutricion leve (l),2005-06-01,17,19,23,39,40,58,98
MAGDALENA,desnutricion global,desnutricion leve (l),2005-06-01,26,8,15,10,41,18,59
MAIRANA,desnutricion global,desnutricion leve (l),2005-06-01,14,5,12,13,26,18,44
MALLA,desnutricion global,desnutricion leve (l),2005-06-01,11,12,22,16,33,28,61
MAPIRI,desnutricion global,desnutricion leve (l),2005-06-01,17,12,13,7,30,19,49
MECAPACA,desnutricion global,desnutricion leve (l),2005-06-01,10,15,14,13,24,28,52
MINEROS,desnutricion global,desnutricion leve (l),2005-06-01,48,24,27,25,75,49,124
MIZQUE,desnutricion global,desnutricion leve (l),2005-06-01,39,57,45,39,84,96,180
MOCOMOCO,desnutricion global,desnutricion leve (l),2005-06-01,20,26,27,35,47,61,108
MOJINETE,desnutricion global,desnutricion leve (l),2005-06-01,6,2,5,2,11,4,15
MOJOCOYA,desnutricion global,desnutricion leve (l),2005-06-01,29,28,49,49,78,77,155
MONTEAGUDO,desnutricion global,desnutricion leve (l),2005-06-01,69,37,93,117,162,154,316
MONTERO,desnutricion global,desnutricion leve (l),2005-06-01,206,169,143,213,349,382,731
MORO MORO,desnutricion global,desnutricion leve (l),2005-06-01,2,4,13,9,15,13,28
MOROCHATA,desnutricion global,desnutricion leve (l),2005-06-01,77,56,52,38,129,94,223
NACEBE (SANTA ROSA DEL ABUNA),desnutricion global,desnutricion leve (l),2005-06-01,1,0,1,1,2,1,3
NAZACARA DE PACAJES,desnutricion global,desnutricion leve (l),2005-06-01,0,0,1,1,1,1,2
NUEVO MANOA (NUEVA ESPERANZA),desnutricion global,desnutricion leve (l),2005-06-01,1,1,2,0,3,1,4
OCURI,desnutricion global,desnutricion leve (l),2005-06-01,46,45,36,41,82,86,168
OKINAWA,desnutricion global,desnutricion leve (l),2005-06-01,12,15,4,3,16,18,34
OMEREQUE,desnutricion global,desnutricion leve (l),2005-06-01,14,17,11,19,25,36,61
ORURO,desnutricion global,desnutricion leve (l),2005-06-01,341,283,234,237,575,520,1095
PADCAYA,desnutricion global,desnutricion leve (l),2005-06-01,21,24,26,40,47,64,111
PADILLA,desnutricion global,desnutricion leve (l),2005-06-01,42,52,92,106,134,158,292
PALCA,desnutricion global,desnutricion leve (l),2005-06-01,14,6,5,6,19,12,31
PALOS BLANCOS,desnutricion global,desnutricion leve (l),2005-06-01,57,51,63,57,120,108,228
PAMPA AULLAGAS,desnutricion global,desnutricion leve (l),2005-06-01,8,11,8,7,16,18,34
PAMPA GRANDE,desnutricion global,desnutricion leve (l),2005-06-01,17,4,9,15,26,19,45
PAPEL PAMPA,desnutricion global,desnutricion leve (l),2005-06-01,7,9,4,3,11,12,23
PASORAPA,desnutricion global,desnutricion leve (l),2005-06-01,7,10,4,8,11,18,29
PATACAMAYA,desnutricion global,desnutricion leve (l),2005-06-01,51,56,33,32,84,88,172
PAZÑA,desnutricion global,desnutricion leve (l),2005-06-01,7,11,12,8,19,19,38
PELECHUCO,desnutricion global,desnutricion leve (l),2005-06-01,20,14,17,20,37,34,71
POCOATA,desnutricion global,desnutricion leve (l),2005-06-01,78,92,116,115,194,207,401
POCONA,desnutricion global,desnutricion leve (l),2005-06-01,21,22,18,21,39,43,82
POJO (CBBA),desnutricion global,desnutricion leve (l),2005-06-01,27,31,32,34,59,65,124
POOPO,desnutricion global,desnutricion leve (l),2005-06-01,2,3,1,2,3,5,8
PORCO,desnutricion global,desnutricion leve (l),2005-06-01,9,5,6,3,15,8,23
POROMA,desnutricion global,desnutricion leve (l),2005-06-01,63,61,91,95,154,156,310
PORONGO,desnutricion global,desnutricion leve (l),2005-06-01,6,3,1,1,7,4,11
PORTACHUELO,desnutricion global,desnutricion leve (l),2005-06-01,28,20,21,24,49,44,93
PORVENIR,desnutricion global,desnutricion leve (l),2005-06-01,0,6,0,1,0,7,7
POSTRER VALLE,desnutricion global,desnutricion leve (l),2005-06-01,0,0,4,8,4,8,12
POTOSI,desnutricion global,desnutricion leve (l),2005-06-01,317,289,202,157,519,446,965
PRESTO,desnutricion global,desnutricion leve (l),2005-06-01,41,43,65,72,106,115,221
PUCARA,desnutricion global,desnutricion leve (l),2005-06-01,1,0,7,9,8,9,17
PUCARANI,desnutricion global,desnutricion leve (l),2005-06-01,38,34,33,38,71,72,143
PUERTO ACOSTA,desnutricion global,desnutricion leve (l),2005-06-01,36,34,48,60,84,94,178
PUERTO CARABUCO,desnutricion global,desnutricion leve (l),2005-06-01,19,25,29,29,48,54,102
PUERTO GONZALO MORENO,desnutricion global,desnutricion leve (l),2005-06-01,15,8,10,15,25,23,48
PUERTO PEREZ,desnutricion global,desnutricion leve (l),2005-06-01,5,3,5,5,10,8,18
PUERTO QUIJARRO,desnutricion global,desnutricion leve (l),2005-06-01,6,0,1,1,7,1,8
PUERTO RICO,desnutricion global,desnutricion leve (l),2005-06-01,12,7,12,10,24,17,41
PUERTO SUAREZ,desnutricion global,desnutricion leve (l),2005-06-01,3,5,0,3,3,8,11
PUERTO VILLARROEL,desnutricion global,desnutricion leve (l),2005-06-01,114,97,99,97,213,194,407
PUNA,desnutricion global,desnutricion leve (l),2005-06-01,89,94,78,105,167,199,366
PUNATA,desnutricion global,desnutricion leve (l),2005-06-01,54,63,14,20,68,83,151
QUIABAYA,desnutricion global,desnutricion leve (l),2005-06-01,8,8,4,3,12,11,23
QUILLACOLLO,desnutricion global,desnutricion leve (l),2005-06-01,29,26,43,24,72,50,122
QUIME,desnutricion global,desnutricion leve (l),2005-06-01,19,20,35,24,54,44,98
QUIRUSILLAS,desnutricion global,desnutricion leve (l),2005-06-01,1,0,0,0,1,0,1
RAVELO,desnutricion global,desnutricion leve (l),2005-06-01,123,107,109,141,232,248,480
REYES,desnutricion global,desnutricion leve (l),2005-06-01,27,32,19,41,46,73,119
RIBERALTA,desnutricion global,desnutricion leve (l),2005-06-01,214,243,146,166,360,409,769
RURRENABAQUE,desnutricion global,desnutricion leve (l),2005-06-01,13,11,3,4,16,15,31
SABAYA,desnutricion global,desnutricion leve (l),2005-06-01,6,4,3,4,9,8,17
SACABA,desnutricion global,desnutricion leve (l),2005-06-01,80,58,41,29,121,87,208
SACABAMBA,desnutricion global,desnutricion leve (l),2005-06-01,10,13,15,16,25,29,54
SACACA,desnutricion global,desnutricion leve (l),2005-06-01,177,186,346,315,523,501,1024
SAIPINA,desnutricion global,desnutricion leve (l),2005-06-01,15,8,12,8,27,16,43
SALINAS DE GARCI MENDOZA,desnutricion global,desnutricion leve (l),2005-06-01,15,13,15,8,30,21,51
SAMAIPATA,desnutricion global,desnutricion leve (l),2005-06-01,13,12,21,17,34,29,63
SAN AGUSTIN,desnutricion global,desnutricion leve (l),2005-06-01,3,4,2,3,5,7,12
SAN ANDRES,desnutricion global,desnutricion leve (l),2005-06-01,15,22,17,18,32,40,72
SAN ANDRES DE MACHACA,desnutricion global,desnutricion leve (l),2005-06-01,1,3,0,1,1,4,5
SAN ANTONIO DE ESMORUCO,desnutricion global,desnutricion leve (l),2005-06-01,2,5,4,4,6,9,15
SAN ANTONIO DE LOMERIO,desnutricion global,desnutricion leve (l),2005-06-01,1,1,3,5,4,6,10
SAN BENITO,desnutricion global,desnutricion leve (l),2005-06-01,15,9,12,8,27,17,44
SAN BORJA,desnutricion global,desnutricion leve (l),2005-06-01,73,63,46,44,119,107,226
SAN BUENA VENTURA,desnutricion global,desnutricion leve (l),2005-06-01,13,17,15,26,28,43,71
SAN CARLOS,desnutricion global,desnutricion leve (l),2005-06-01,30,21,14,20,44,41,85
SAN IGNACIO,desnutricion global,desnutricion leve (l),2005-06-01,43,49,42,41,85,90,175
SAN IGNACIO DE VELASCO,desnutricion global,desnutricion leve (l),2005-06-01,122,130,103,98,225,228,453
SAN JAVIER(BNI),desnutricion global,desnutricion leve (l),2005-06-01,15,8,3,9,18,17,35
SAN JAVIER(STC),desnutricion global,desnutricion leve (l),2005-06-01,1,4,6,3,7,7,14
SAN JOAQUIN,desnutricion global,desnutricion leve (l),2005-06-01,6,9,2,3,8,12,20
SAN JUAN DE YAPACANI,desnutricion global,desnutricion leve (l),2005-06-01,16,13,16,14,32,27,59
SAN JULIAN,desnutricion global,desnutricion leve (l),2005-06-01,36,27,49,42,85,69,154
SAN LORENZO(PND),desnutricion global,desnutricion leve (l),2005-06-01,11,6,5,9,16,15,31
SAN LORENZO(TJA),desnutricion global,desnutricion leve (l),2005-06-01,35,33,43,42,78,75,153
SAN LUCAS,desnutricion global,desnutricion leve (l),2005-06-01,176,199,261,297,437,496,933
SAN MATIAS,desnutricion global,desnutricion leve (l),2005-06-01,7,16,9,11,16,27,43
SAN MIGUEL DE VELASCO,desnutricion global,desnutricion leve (l),2005-06-01,17,18,23,30,40,48,88
SAN PABLO DE LIPEZ,desnutricion global,desnutricion leve (l),2005-06-01,12,11,3,9,15,20,35
SAN PEDRO,desnutricion global,desnutricion leve (l),2005-06-01,29,28,28,32,57,60,117
SAN PEDRO DE BUENA VISTA,desnutricion global,desnutricion leve (l),2005-06-01,95,97,135,116,230,213,443
SAN PEDRO DE CURAHUARA,desnutricion global,desnutricion leve (l),2005-06-01,12,5,21,26,33,31,64
SAN PEDRO DE QUEMES,desnutricion global,desnutricion leve (l),2005-06-01,0,2,0,0,0,2,2
SAN PEDRO DE TIQUINA,desnutricion global,desnutricion leve (l),2005-06-01,11,10,6,10,17,20,37
SAN PEDRO(PND),desnutricion global,desnutricion leve (l),2005-06-01,6,1,3,2,9,3,12
SAN RAFAEL,desnutricion global,desnutricion leve (l),2005-06-01,14,17,16,20,30,37,67
SANTA ANA,desnutricion global,desnutricion leve (l),2005-06-01,18,16,8,11,26,27,53
SANTA CRUZ DE LA SIERRA,desnutricion global,desnutricion leve (l),2005-06-01,1918,1789,740,710,2658,2499,5157
SANTA ROSA,desnutricion global,desnutricion leve (l),2005-06-01,23,17,14,9,37,26,63
SANTA ROSA DEL SARA,desnutricion global,desnutricion leve (l),2005-06-01,22,14,16,27,38,41,79
SANTIAGO DE CALLAPA,desnutricion global,desnutricion leve (l),2005-06-01,8,12,9,9,17,21,38
SANTIAGO DE HUARI,desnutricion global,desnutricion leve (l),2005-06-01,17,18,11,20,28,38,66
SANTIAGO DE MACHACA,desnutricion global,desnutricion leve (l),2005-06-01,15,10,11,12,26,22,48
SANTIVAÑES,desnutricion global,desnutricion leve (l),2005-06-01,8,8,14,13,22,21,43
SANTUARIO DE QUILLACAS,desnutricion global,desnutricion leve (l),2005-06-01,7,2,4,4,11,6,17
SAPAHAQUI,desnutricion global,desnutricion leve (l),2005-06-01,15,18,19,18,34,36,70
SENA,desnutricion global,desnutricion leve (l),2005-06-01,1,5,4,1,5,6,11
SICA SICA (VILLA AROMA),desnutricion global,desnutricion leve (l),2005-06-01,37,50,63,57,100,107,207
SICAYA,desnutricion global,desnutricion leve (l),2005-06-01,18,6,12,12,30,18,48
SIPE SIPE,desnutricion global,desnutricion leve (l),2005-06-01,113,80,81,67,194,147,341
SOPACHUY,desnutricion global,desnutricion leve (l),2005-06-01,15,35,43,62,58,97,155
SORACACHI,desnutricion global,desnutricion leve (l),2005-06-01,12,10,17,12,29,22,51
SORATA,desnutricion global,desnutricion leve (l),2005-06-01,15,30,29,19,44,49,93
SUCRE,desnutricion global,desnutricion leve (l),2005-06-01,364,369,419,425,783,794,1577
TACACHI,desnutricion global,desnutricion leve (l),2005-06-01,1,1,8,2,9,3,12
TACACOMA,desnutricion global,desnutricion leve (l),2005-06-01,7,6,3,3,10,9,19
TACOBAMBA,desnutricion global,desnutricion leve (l),2005-06-01,44,35,55,45,99,80,179
TACOPAYA,desnutricion global,desnutricion leve (l),2005-06-01,33,41,31,42,64,83,147
TAHUA,desnutricion global,desnutricion leve (l),2005-06-01,2,1,2,2,4,3,7
TAPACARI,desnutricion global,desnutricion leve (l),2005-06-01,83,49,77,89,160,138,298
TARABUCO,desnutricion global,desnutricion leve (l),2005-06-01,156,131,255,287,411,418,829
TARACO,desnutricion global,desnutricion leve (l),2005-06-01,6,9,9,14,15,23,38
TARATA,desnutricion global,desnutricion leve (l),2005-06-01,19,7,15,11,34,18,52
TARIJA,desnutricion global,desnutricion leve (l),2005-06-01,208,184,158,205,366,389,755
TARVITA,desnutricion global,desnutricion leve (l),2005-06-01,12,23,10,17,22,40,62
TEOPONTE,desnutricion global,desnutricion leve (l),2005-06-01,14,12,11,10,25,22,47
TIAWANACU,desnutricion global,desnutricion leve (l),2005-06-01,16,11,6,9,22,20,42
TINGUIPAYA,desnutricion global,desnutricion leve (l),2005-06-01,72,48,75,70,147,118,265
TIPUANI,desnutricion global,desnutricion leve (l),2005-06-01,2,14,9,10,11,24,35
TIQUIPAYA,desnutricion global,desnutricion leve (l),2005-06-01,19,14,19,17,38,31,69
TIRAQUE (CBBA),desnutricion global,desnutricion leve (l),2005-06-01,70,43,51,43,121,86,207
TITO YUPANQUI (PARQUIPUJIO),desnutricion global,desnutricion leve (l),2005-06-01,1,1,3,0,4,1,5
TOCO,desnutricion global,desnutricion leve (l),2005-06-01,4,3,8,8,12,11,23
TOLATA,desnutricion global,desnutricion leve (l),2005-06-01,2,6,0,0,2,6,8
TOLEDO,desnutricion global,desnutricion leve (l),2005-06-01,10,9,1,3,11,12,23
TOMAVE,desnutricion global,desnutricion leve (l),2005-06-01,17,9,30,20,47,29,76
TOMINA,desnutricion global,desnutricion leve (l),2005-06-01,47,58,90,97,137,155,292
TORO TORO,desnutricion global,desnutricion leve (l),2005-06-01,73,83,78,97,151,180,331
TOTORA(CBBA),desnutricion global,desnutricion leve (l),2005-06-01,28,34,20,33,48,67,115
TOTORA(ORR),desnutricion global,desnutricion leve (l),2005-06-01,4,5,11,9,15,14,29
TRIGAL,desnutricion global,desnutricion leve (l),2005-06-01,1,0,0,1,1,1,2
TRINIDAD,desnutricion global,desnutricion leve (l),2005-06-01,159,119,104,67,263,186,449
TUPIZA,desnutricion global,desnutricion leve (l),2005-06-01,85,79,112,133,197,212,409
TURCO,desnutricion global,desnutricion leve (l),2005-06-01,2,4,2,4,4,8,12
UMALA,desnutricion global,desnutricion leve (l),2005-06-01,9,7,9,6,18,13,31
UNCIA,desnutricion global,desnutricion leve (l),2005-06-01,24,28,39,42,63,70,133
URIONDO (A. CONCEPCION),desnutricion global,desnutricion leve (l),2005-06-01,23,32,57,63,80,95,175
UYUNI,desnutricion global,desnutricion leve (l),2005-06-01,50,36,55,55,105,91,196
VACAS,desnutricion global,desnutricion leve (l),2005-06-01,15,7,8,6,23,13,36
VALLEGRANDE,desnutricion global,desnutricion leve (l),2005-06-01,18,21,10,25,28,46,74
VIACHA,desnutricion global,desnutricion leve (l),2005-06-01,38,35,17,24,55,59,114
VILA VILA,desnutricion global,desnutricion leve (l),2005-06-01,12,8,13,15,25,23,48
VILLA MONTES,desnutricion global,desnutricion leve (l),2005-06-01,29,44,29,27,58,71,129
VILLA NUEVA (LOMA ALTA),desnutricion global,desnutricion leve (l),2005-06-01,1,3,5,0,6,3,9
VILLA RIVERO,desnutricion global,desnutricion leve (l),2005-06-01,11,9,11,8,22,17,39
VILLA SERRANO,desnutricion global,desnutricion leve (l),2005-06-01,48,44,86,89,134,133,267
VILLA TUNARI,desnutricion global,desnutricion leve (l),2005-06-01,87,103,87,106,174,209,383
VILLA VACA GUZMAN (MUYUPAMPA),desnutricion global,desnutricion leve (l),2005-06-01,23,25,34,41,57,66,123
VILLAZON,desnutricion global,desnutricion leve (l),2005-06-01,88,82,74,102,162,184,346
VINTO,desnutricion global,desnutricion leve (l),2005-06-01,5,7,6,6,11,13,24
VITICHI,desnutricion global,desnutricion leve (l),2005-06-01,25,38,70,49,95,87,182
WALDO BALLIVIAN,desnutricion global,desnutricion leve (l),2005-06-01,5,4,2,10,7,14,21
WARNES,desnutricion global,desnutricion leve (l),2005-06-01,51,59,32,41,83,100,183
YACO,desnutricion global,desnutricion leve (l),2005-06-01,13,27,8,14,21,41,62
YACUIBA,desnutricion global,desnutricion leve (l),2005-06-01,40,40,33,48,73,88,161
YAMPARAEZ,desnutricion global,desnutricion leve (l),2005-06-01,62,50,140,98,202,148,350
YANACACHI,desnutricion global,desnutricion leve (l),2005-06-01,2,2,1,0,3,2,5
YAPACANI,desnutricion global,desnutricion leve (l),2005-06-01,93,59,66,83,159,142,301
YOCALLA,desnutricion global,desnutricion leve (l),2005-06-01,9,13,21,21,30,34,64
YOTALA,desnutricion global,desnutricion leve (l),2005-06-01,28,20,52,60,80,80,160
YUNCHARA,desnutricion global,desnutricion leve (l),2005-06-01,21,20,44,34,65,54,119
ZUDAÑEZ,desnutricion global,desnutricion leve (l),2005-06-01,33,32,46,61,79,93,172
ACACIO,desnutricion global,desnutricion leve (l),2005-07-01,27,20,40,34,67,54,121
ACHACACHI,desnutricion global,desnutricion leve (l),2005-07-01,38,42,54,58,92,100,192
ACHOCALLA,desnutricion global,desnutricion leve (l),2005-07-01,6,5,4,5,10,10,20
AIQUILE,desnutricion global,desnutricion leve (l),2005-07-01,23,32,23,27,46,59,105
ALALAY,desnutricion global,desnutricion leve (l),2005-07-01,25,26,18,21,43,47,90
ALCALA,desnutricion global,desnutricion leve (l),2005-07-01,10,8,29,32,39,40,79
ANCORAIMES,desnutricion global,desnutricion leve (l),2005-07-01,25,23,34,39,59,62,121
ANDAMARCA,desnutricion global,desnutricion leve (l),2005-07-01,4,2,2,0,6,2,8
ANTEQUERA,desnutricion global,desnutricion leve (l),2005-07-01,8,7,12,11,20,18,38
ANZALDO,desnutricion global,desnutricion leve (l),2005-07-01,3,4,6,5,9,9,18
APOLO,desnutricion global,desnutricion leve (l),2005-07-01,24,19,52,48,76,67,143
ARAMPAMPA,desnutricion global,desnutricion leve (l),2005-07-01,16,24,43,39,59,63,122
ARANI,desnutricion global,desnutricion leve (l),2005-07-01,32,11,11,21,43,32,75
ARBIETO,desnutricion global,desnutricion leve (l),2005-07-01,10,7,4,9,14,16,30
ARQUE,desnutricion global,desnutricion leve (l),2005-07-01,50,62,65,72,115,134,249
ATOCHA,desnutricion global,desnutricion leve (l),2005-07-01,29,27,24,23,53,50,103
AUCAPATA,desnutricion global,desnutricion leve (l),2005-07-01,12,12,12,13,24,25,49
AYATA,desnutricion global,desnutricion leve (l),2005-07-01,25,31,27,41,52,72,124
AYO AYO,desnutricion global,desnutricion leve (l),2005-07-01,10,7,17,12,27,19,46
AYOPAYA (V. DE INDEPENDENCIA),desnutricion global,desnutricion leve (l),2005-07-01,53,50,56,43,109,93,202
AZURDUY,desnutricion global,desnutricion leve (l),2005-07-01,41,40,84,114,125,154,279
BATALLAS,desnutricion global,desnutricion leve (l),2005-07-01,11,9,10,17,21,26,47
BAURES,desnutricion global,desnutricion leve (l),2005-07-01,6,7,8,3,14,10,24
BELEN DE ANDAMARCA,desnutricion global,desnutricion leve (l),2005-07-01,3,0,4,7,7,7,14
BELEN DE URMIRI,desnutricion global,desnutricion leve (l),2005-07-01,3,6,4,6,7,12,19
BELLA FLOR,desnutricion global,desnutricion leve (l),2005-07-01,5,3,5,5,10,8,18
BERMEJO,desnutricion global,desnutricion leve (l),2005-07-01,8,14,8,7,16,21,37
BETANZOS,desnutricion global,desnutricion leve (l),2005-07-01,74,65,119,143,193,208,401
BOLIVAR,desnutricion global,desnutricion leve (l),2005-07-01,42,59,49,63,91,122,213
BOLPEBRA,desnutricion global,desnutricion leve (l),2005-07-01,1,2,1,1,2,3,5
BOYUIBE,desnutricion global,desnutricion leve (l),2005-07-01,10,4,9,9,19,13,32
BUENA VISTA,desnutricion global,desnutricion leve (l),2005-07-01,14,8,16,16,30,24,54
CABEZAS,desnutricion global,desnutricion leve (l),2005-07-01,20,7,17,13,37,20,57
CAIROMA,desnutricion global,desnutricion leve (l),2005-07-01,42,49,53,64,95,113,208
"CAIZA ""D""",desnutricion global,desnutricion leve (l),2005-07-01,19,20,31,34,50,54,104
CAJUATA,desnutricion global,desnutricion leve (l),2005-07-01,13,8,23,16,36,24,60
CALACOTO,desnutricion global,desnutricion leve (l),2005-07-01,8,9,4,7,12,16,28
CALAMARCA,desnutricion global,desnutricion leve (l),2005-07-01,67,78,59,62,126,140,266
CAMARGO,desnutricion global,desnutricion leve (l),2005-07-01,33,48,53,85,86,133,219
CAMATAQUI (C. VILLA ABECIA),desnutricion global,desnutricion leve (l),2005-07-01,10,8,21,15,31,23,54
CAMIRI,desnutricion global,desnutricion leve (l),2005-07-01,30,28,21,40,51,68,119
CAPINOTA,desnutricion global,desnutricion leve (l),2005-07-01,28,25,15,19,43,44,87
CAQUIAVIRI,desnutricion global,desnutricion leve (l),2005-07-01,15,18,24,16,39,34,73
CARACOLLO,desnutricion global,desnutricion leve (l),2005-07-01,20,14,25,20,45,34,79
CARANAVI,desnutricion global,desnutricion leve (l),2005-07-01,81,75,59,72,140,147,287
CARAPARI,desnutricion global,desnutricion leve (l),2005-07-01,5,7,12,11,17,18,35
CARIPUYO,desnutricion global,desnutricion leve (l),2005-07-01,59,72,122,94,181,166,347
CATACORA,desnutricion global,desnutricion leve (l),2005-07-01,7,3,5,6,12,9,21
CHACARILLA,desnutricion global,desnutricion leve (l),2005-07-01,3,3,1,2,4,5,9
CHALLAPATA,desnutricion global,desnutricion leve (l),2005-07-01,28,35,38,37,66,72,138
CHAQUI,desnutricion global,desnutricion leve (l),2005-07-01,20,15,31,29,51,44,95
CHARAGUA,desnutricion global,desnutricion leve (l),2005-07-01,27,37,33,47,60,84,144
CHARAÑA,desnutricion global,desnutricion leve (l),2005-07-01,6,4,15,11,21,15,36
CHAYANTA,desnutricion global,desnutricion leve (l),2005-07-01,28,25,40,30,68,55,123
CHIMORE,desnutricion global,desnutricion leve (l),2005-07-01,31,20,13,25,44,45,89
CHIPAYA,desnutricion global,desnutricion leve (l),2005-07-01,2,2,5,4,7,6,13
CHOQUE COTA,desnutricion global,desnutricion leve (l),2005-07-01,4,1,5,2,9,3,12
CHULUMANI (V. DE LA LIBERTAD),desnutricion global,desnutricion leve (l),2005-07-01,26,14,14,16,40,30,70
CHUMA,desnutricion global,desnutricion leve (l),2005-07-01,30,18,41,52,71,70,141
CLIZA,desnutricion global,desnutricion leve (l),2005-07-01,19,13,11,13,30,26,56
COBIJA,desnutricion global,desnutricion leve (l),2005-07-01,34,31,33,42,67,73,140
COCHABAMBA,desnutricion global,desnutricion leve (l),2005-07-01,230,172,138,142,368,314,682
COIPASA,desnutricion global,desnutricion leve (l),2005-07-01,0,2,1,1,1,3,4
COLCAPIRHUA,desnutricion global,desnutricion leve (l),2005-07-01,47,52,42,51,89,103,192
"COLCHA ""K""",desnutricion global,desnutricion leve (l),2005-07-01,20,16,30,26,50,42,92
COLLANA,desnutricion global,desnutricion leve (l),2005-07-01,12,10,10,2,22,12,34
COLOMI,desnutricion global,desnutricion leve (l),2005-07-01,29,35,23,33,52,68,120
COLPA BELGICA,desnutricion global,desnutricion leve (l),2005-07-01,7,4,5,11,12,15,27
COLQUECHACA,desnutricion global,desnutricion leve (l),2005-07-01,79,80,96,91,175,171,346
COLQUENCHA,desnutricion global,desnutricion leve (l),2005-07-01,13,13,15,21,28,34,62
COLQUIRI,desnutricion global,desnutricion leve (l),2005-07-01,48,28,43,36,91,64,155
COMANCHE,desnutricion global,desnutricion leve (l),2005-07-01,9,12,10,10,19,22,41
COMARAPA,desnutricion global,desnutricion leve (l),2005-07-01,32,38,31,32,63,70,133
COMBAYA,desnutricion global,desnutricion leve (l),2005-07-01,7,1,3,1,10,2,12
CONCEPCION,desnutricion global,desnutricion leve (l),2005-07-01,11,6,3,7,14,13,27
COPACABANA,desnutricion global,desnutricion leve (l),2005-07-01,26,11,11,6,37,17,54
CORIPATA,desnutricion global,desnutricion leve (l),2005-07-01,27,32,11,17,38,49,87
CORO CORO,desnutricion global,desnutricion leve (l),2005-07-01,32,23,19,31,51,54,105
COROICO,desnutricion global,desnutricion leve (l),2005-07-01,21,20,18,30,39,50,89
CORQUE,desnutricion global,desnutricion leve (l),2005-07-01,10,9,8,11,18,20,38
COTAGAITA,desnutricion global,desnutricion leve (l),2005-07-01,68,58,105,110,173,168,341
COTOCA,desnutricion global,desnutricion leve (l),2005-07-01,40,38,22,17,62,55,117
CUATRO CAÑADAS,desnutricion global,desnutricion leve (l),2005-07-01,11,7,9,20,20,27,47
CUCHUMUELA (V. G. VILLARROEL),desnutricion global,desnutricion leve (l),2005-07-01,1,6,4,1,5,7,12
CUEVO,desnutricion global,desnutricion leve (l),2005-07-01,7,4,12,11,19,15,34
CULPINA,desnutricion global,desnutricion leve (l),2005-07-01,88,89,106,102,194,191,385
CURAHUARA DE CARANGAS,desnutricion global,desnutricion leve (l),2005-07-01,2,1,5,3,7,4,11
CURVA,desnutricion global,desnutricion leve (l),2005-07-01,1,1,3,1,4,2,6
DESAGUADERO,desnutricion global,desnutricion leve (l),2005-07-01,7,8,3,7,10,15,25
EL ALTO,desnutricion global,desnutricion leve (l),2005-07-01,925,843,526,509,1451,1352,2803
EL CHORO,desnutricion global,desnutricion leve (l),2005-07-01,1,1,2,0,3,1,4
EL PUENTE(TJA),desnutricion global,desnutricion leve (l),2005-07-01,17,13,33,36,50,49,99
EL TORNO,desnutricion global,desnutricion leve (l),2005-07-01,30,30,27,18,57,48,105
EL VILLAR,desnutricion global,desnutricion leve (l),2005-07-01,10,12,29,35,39,47,86
ENTRE RIOS,desnutricion global,desnutricion leve (l),2005-07-01,38,37,25,27,63,64,127
ENTRE RIOS,desnutricion global,desnutricion leve (l),2005-07-01,19,24,23,31,42,55,97
EUCALIPTUS,desnutricion global,desnutricion leve (l),2005-07-01,5,4,12,11,17,15,32
EXALTACION,desnutricion global,desnutricion leve (l),2005-07-01,5,5,4,6,9,11,20
FERNANDEZ ALONSO,desnutricion global,desnutricion leve (l),2005-07-01,23,14,11,19,34,33,67
FILADELFIA,desnutricion global,desnutricion leve (l),2005-07-01,3,3,4,4,7,7,14
GENERAL SAAVEDRA,desnutricion global,desnutricion leve (l),2005-07-01,29,27,72,58,101,85,186
GRAL. J.J. PEREZ (CHARAZANI),desnutricion global,desnutricion leve (l),2005-07-01,36,29,37,33,73,62,135
GUANAY,desnutricion global,desnutricion leve (l),2005-07-01,15,7,11,12,26,19,45
GUAQUI,desnutricion global,desnutricion leve (l),2005-07-01,6,5,3,1,9,6,15
GUAYARAMERIN,desnutricion global,desnutricion leve (l),2005-07-01,50,43,42,58,92,101,193
GUTIERREZ,desnutricion global,desnutricion leve (l),2005-07-01,39,36,90,80,129,116,245
HUACARETA,desnutricion global,desnutricion leve (l),2005-07-01,21,29,28,37,49,66,115
HUACAYA (VILLA DE HUACAYA),desnutricion global,desnutricion leve (l),2005-07-01,7,5,13,10,20,15,35
HUACHACALLA,desnutricion global,desnutricion leve (l),2005-07-01,0,1,1,3,1,4,5
HUANUNI,desnutricion global,desnutricion leve (l),2005-07-01,23,25,32,15,55,40,95
HUARACAJE,desnutricion global,desnutricion leve (l),2005-07-01,7,2,4,0,11,2,13
HUAYLLAMARCA,desnutricion global,desnutricion leve (l),2005-07-01,3,2,5,3,8,5,13
ICHOCA,desnutricion global,desnutricion leve (l),2005-07-01,11,7,19,17,30,24,54
ICLA,desnutricion global,desnutricion leve (l),2005-07-01,72,60,144,107,216,167,383
INCAHUASI,desnutricion global,desnutricion leve (l),2005-07-01,125,106,142,204,267,310,577
INGAVI (HUMAITA),desnutricion global,desnutricion leve (l),2005-07-01,1,2,2,1,3,3,6
INQUISIVI,desnutricion global,desnutricion leve (l),2005-07-01,25,18,27,29,52,47,99
IRUPANA (VILLA DE LANZA),desnutricion global,desnutricion leve (l),2005-07-01,38,42,41,55,79,97,176
IXIAMAS,desnutricion global,desnutricion leve (l),2005-07-01,20,16,18,12,38,28,66
JESUS DE MACHACA,desnutricion global,desnutricion leve (l),2005-07-01,23,22,10,17,33,39,72
LA ASUNTA,desnutricion global,desnutricion leve (l),2005-07-01,42,50,18,19,60,69,129
LA GUARDIA,desnutricion global,desnutricion leve (l),2005-07-01,39,25,22,35,61,60,121
LA PAZ,desnutricion global,desnutricion leve (l),2005-07-01,631,557,368,393,999,950,1949
LAGUNILLAS,desnutricion global,desnutricion leve (l),2005-07-01,11,13,23,27,34,40,74
LAJA,desnutricion global,desnutricion leve (l),2005-07-01,25,19,11,12,36,31,67
LAS CARRERAS,desnutricion global,desnutricion leve (l),2005-07-01,8,12,18,17,26,29,55
LLALLAGUA,desnutricion global,desnutricion leve (l),2005-07-01,81,76,120,151,201,227,428
LLICA,desnutricion global,desnutricion leve (l),2005-07-01,3,5,3,2,6,7,13
LORETO,desnutricion global,desnutricion leve (l),2005-07-01,7,7,3,6,10,13,23
LURIBAY,desnutricion global,desnutricion leve (l),2005-07-01,27,20,26,27,53,47,100
MACHACAMARCA,desnutricion global,desnutricion leve (l),2005-07-01,7,4,2,6,9,10,19
MACHARETI,desnutricion global,desnutricion leve (l),2005-07-01,13,14,22,27,35,41,76
MAGDALENA,desnutricion global,desnutricion leve (l),2005-07-01,14,14,6,5,20,19,39
MAIRANA,desnutricion global,desnutricion leve (l),2005-07-01,2,9,2,12,4,21,25
MALLA,desnutricion global,desnutricion leve (l),2005-07-01,3,7,8,11,11,18,29
MAPIRI,desnutricion global,desnutricion leve (l),2005-07-01,10,22,11,16,21,38,59
MECAPACA,desnutricion global,desnutricion leve (l),2005-07-01,13,14,14,4,27,18,45
MINEROS,desnutricion global,desnutricion leve (l),2005-07-01,34,37,21,28,55,65,120
MIZQUE,desnutricion global,desnutricion leve (l),2005-07-01,47,43,18,24,65,67,132
MOCOMOCO,desnutricion global,desnutricion leve (l),2005-07-01,45,36,53,67,98,103,201
MOJINETE,desnutricion global,desnutricion leve (l),2005-07-01,1,6,4,3,5,9,14
MOJOCOYA,desnutricion global,desnutricion leve (l),2005-07-01,24,18,47,35,71,53,124
MONTEAGUDO,desnutricion global,desnutricion leve (l),2005-07-01,58,54,81,94,139,148,287
MONTERO,desnutricion global,desnutricion leve (l),2005-07-01,194,127,93,111,287,238,525
MORO MORO,desnutricion global,desnutricion leve (l),2005-07-01,3,3,11,10,14,13,27
MOROCHATA,desnutricion global,desnutricion leve (l),2005-07-01,52,36,34,32,86,68,154
NAZACARA DE PACAJES,desnutricion global,desnutricion leve (l),2005-07-01,0,0,0,2,0,2,2
NUEVO MANOA (NUEVA ESPERANZA),desnutricion global,desnutricion leve (l),2005-07-01,2,0,0,0,2,0,2
OCURI,desnutricion global,desnutricion leve (l),2005-07-01,50,67,67,85,117,152,269
OKINAWA,desnutricion global,desnutricion leve (l),2005-07-01,7,14,5,5,12,19,31
OMEREQUE,desnutricion global,desnutricion leve (l),2005-07-01,2,10,13,7,15,17,32
ORURO,desnutricion global,desnutricion leve (l),2005-07-01,280,235,150,150,430,385,815
PADCAYA,desnutricion global,desnutricion leve (l),2005-07-01,19,26,31,36,50,62,112
PADILLA,desnutricion global,desnutricion leve (l),2005-07-01,35,31,80,77,115,108,223
PALCA,desnutricion global,desnutricion leve (l),2005-07-01,7,12,19,23,26,35,61
PALOS BLANCOS,desnutricion global,desnutricion leve (l),2005-07-01,41,38,27,48,68,86,154
PAMPA AULLAGAS,desnutricion global,desnutricion leve (l),2005-07-01,8,4,9,7,17,11,28
PAMPA GRANDE,desnutricion global,desnutricion leve (l),2005-07-01,10,6,8,7,18,13,31
PAPEL PAMPA,desnutricion global,desnutricion leve (l),2005-07-01,2,7,2,4,4,11,15
PASORAPA,desnutricion global,desnutricion leve (l),2005-07-01,6,6,5,8,11,14,25
PATACAMAYA,desnutricion global,desnutricion leve (l),2005-07-01,72,62,34,38,106,100,206
PAZÑA,desnutricion global,desnutricion leve (l),2005-07-01,9,8,6,9,15,17,32
PELECHUCO,desnutricion global,desnutricion leve (l),2005-07-01,11,11,12,9,23,20,43
POCOATA,desnutricion global,desnutricion leve (l),2005-07-01,70,90,93,88,163,178,341
POCONA,desnutricion global,desnutricion leve (l),2005-07-01,23,21,31,33,54,54,108
POJO (CBBA),desnutricion global,desnutricion leve (l),2005-07-01,36,26,38,53,74,79,153
POOPO,desnutricion global,desnutricion leve (l),2005-07-01,2,6,1,2,3,8,11
PORCO,desnutricion global,desnutricion leve (l),2005-07-01,8,9,3,1,11,10,21
POROMA,desnutricion global,desnutricion leve (l),2005-07-01,55,66,91,88,146,154,300
PORONGO,desnutricion global,desnutricion leve (l),2005-07-01,6,1,0,2,6,3,9
PORTACHUELO,desnutricion global,desnutricion leve (l),2005-07-01,21,20,19,16,40,36,76
PORVENIR,desnutricion global,desnutricion leve (l),2005-07-01,4,0,0,0,4,0,4
POSTRER VALLE,desnutricion global,desnutricion leve (l),2005-07-01,3,1,6,10,9,11,20
POTOSI,desnutricion global,desnutricion leve (l),2005-07-01,298,228,171,194,469,422,891
PRESTO,desnutricion global,desnutricion leve (l),2005-07-01,40,36,61,71,101,107,208
PUCARA,desnutricion global,desnutricion leve (l),2005-07-01,0,0,2,4,2,4,6
PUCARANI,desnutricion global,desnutricion leve (l),2005-07-01,43,42,64,55,107,97,204
PUERTO ACOSTA,desnutricion global,desnutricion leve (l),2005-07-01,41,61,42,49,83,110,193
PUERTO CARABUCO,desnutricion global,desnutricion leve (l),2005-07-01,33,35,41,51,74,86,160
PUERTO GONZALO MORENO,desnutricion global,desnutricion leve (l),2005-07-01,7,15,9,10,16,25,41
PUERTO PEREZ,desnutricion global,desnutricion leve (l),2005-07-01,10,9,14,12,24,21,45
PUERTO RICO,desnutricion global,desnutricion leve (l),2005-07-01,8,7,5,14,13,21,34
PUERTO SILES,desnutricion global,desnutricion leve (l),2005-07-01,1,2,1,2,2,4,6
PUERTO VILLARROEL,desnutricion global,desnutricion leve (l),2005-07-01,68,45,66,82,134,127,261
PUNA,desnutricion global,desnutricion leve (l),2005-07-01,85,93,104,109,189,202,391
PUNATA,desnutricion global,desnutricion leve (l),2005-07-01,38,28,23,25,61,53,114
QUIABAYA,desnutricion global,desnutricion leve (l),2005-07-01,3,3,3,2,6,5,11
QUILLACOLLO,desnutricion global,desnutricion leve (l),2005-07-01,51,43,24,29,75,72,147
QUIME,desnutricion global,desnutricion leve (l),2005-07-01,21,14,25,30,46,44,90
QUIRUSILLAS,desnutricion global,desnutricion leve (l),2005-07-01,0,0,2,1,2,1,3
RAVELO,desnutricion global,desnutricion leve (l),2005-07-01,131,122,153,167,284,289,573
REYES,desnutricion global,desnutricion leve (l),2005-07-01,22,15,20,23,42,38,80
RIBERALTA,desnutricion global,desnutricion leve (l),2005-07-01,145,193,83,126,228,319,547
RURRENABAQUE,desnutricion global,desnutricion leve (l),2005-07-01,3,12,5,4,8,16,24
SABAYA,desnutricion global,desnutricion leve (l),2005-07-01,5,4,6,4,11,8,19
SACABA,desnutricion global,desnutricion leve (l),2005-07-01,114,84,102,103,216,187,403
SACABAMBA,desnutricion global,desnutricion leve (l),2005-07-01,11,8,8,7,19,15,34
SACACA,desnutricion global,desnutricion leve (l),2005-07-01,86,95,166,172,252,267,519
SAIPINA,desnutricion global,desnutricion leve (l),2005-07-01,10,10,9,12,19,22,41
SALINAS DE GARCI MENDOZA,desnutricion global,desnutricion leve (l),2005-07-01,14,8,18,14,32,22,54
SAMAIPATA,desnutricion global,desnutricion leve (l),2005-07-01,8,5,15,15,23,20,43
SAN AGUSTIN,desnutricion global,desnutricion leve (l),2005-07-01,1,4,0,1,1,5,6
SAN ANDRES,desnutricion global,desnutricion leve (l),2005-07-01,14,10,7,12,21,22,43
SAN ANDRES DE MACHACA,desnutricion global,desnutricion leve (l),2005-07-01,6,5,4,6,10,11,21
SAN ANTONIO DE ESMORUCO,desnutricion global,desnutricion leve (l),2005-07-01,3,4,7,6,10,10,20
SAN ANTONIO DE LOMERIO,desnutricion global,desnutricion leve (l),2005-07-01,37,20,43,48,80,68,148
SAN BENITO,desnutricion global,desnutricion leve (l),2005-07-01,11,7,6,12,17,19,36
SAN BORJA,desnutricion global,desnutricion leve (l),2005-07-01,75,70,55,75,130,145,275
SAN BUENA VENTURA,desnutricion global,desnutricion leve (l),2005-07-01,17,22,13,34,30,56,86
SAN CARLOS,desnutricion global,desnutricion leve (l),2005-07-01,14,17,8,16,22,33,55
SAN IGNACIO,desnutricion global,desnutricion leve (l),2005-07-01,48,55,62,40,110,95,205
SAN IGNACIO DE VELASCO,desnutricion global,desnutricion leve (l),2005-07-01,102,115,90,120,192,235,427
SAN JAVIER(BNI),desnutricion global,desnutricion leve (l),2005-07-01,14,9,8,7,22,16,38
SAN JAVIER(STC),desnutricion global,desnutricion leve (l),2005-07-01,3,0,3,4,6,4,10
SAN JOAQUIN,desnutricion global,desnutricion leve (l),2005-07-01,1,2,2,3,3,5,8
SAN JUAN DE YAPACANI,desnutricion global,desnutricion leve (l),2005-07-01,15,10,8,18,23,28,51
SAN JULIAN,desnutricion global,desnutricion leve (l),2005-07-01,38,20,64,41,102,61,163
SAN LORENZO(PND),desnutricion global,desnutricion leve (l),2005-07-01,10,4,4,2,14,6,20
SAN LORENZO(TJA),desnutricion global,desnutricion leve (l),2005-07-01,37,27,42,54,79,81,160
SAN LUCAS,desnutricion global,desnutricion leve (l),2005-07-01,154,171,225,245,379,416,795
SAN MIGUEL DE VELASCO,desnutricion global,desnutricion leve (l),2005-07-01,17,16,14,24,31,40,71
SAN PABLO DE LIPEZ,desnutricion global,desnutricion leve (l),2005-07-01,1,1,7,6,8,7,15
SAN PEDRO,desnutricion global,desnutricion leve (l),2005-07-01,10,24,17,14,27,38,65
SAN PEDRO DE BUENA VISTA,desnutricion global,desnutricion leve (l),2005-07-01,70,72,99,88,169,160,329
SAN PEDRO DE CURAHUARA,desnutricion global,desnutricion leve (l),2005-07-01,11,14,17,8,28,22,50
SAN PEDRO DE TIQUINA,desnutricion global,desnutricion leve (l),2005-07-01,13,9,7,5,20,14,34
SAN PEDRO(PND),desnutricion global,desnutricion leve (l),2005-07-01,4,3,2,0,6,3,9
SAN RAFAEL,desnutricion global,desnutricion leve (l),2005-07-01,17,14,14,18,31,32,63
SAN RAMON,desnutricion global,desnutricion leve (l),2005-07-01,10,4,3,5,13,9,22
SANTA ANA,desnutricion global,desnutricion leve (l),2005-07-01,9,9,9,5,18,14,32
SANTA CRUZ DE LA SIERRA,desnutricion global,desnutricion leve (l),2005-07-01,1459,1452,696,706,2155,2158,4313
SANTA ROSA,desnutricion global,desnutricion leve (l),2005-07-01,21,30,21,23,42,53,95
SANTA ROSA DEL SARA,desnutricion global,desnutricion leve (l),2005-07-01,14,10,14,19,28,29,57
SANTIAGO DE CALLAPA,desnutricion global,desnutricion leve (l),2005-07-01,13,11,16,20,29,31,60
SANTIAGO DE HUARI,desnutricion global,desnutricion leve (l),2005-07-01,12,9,9,17,21,26,47
SANTIAGO DE MACHACA,desnutricion global,desnutricion leve (l),2005-07-01,8,11,10,16,18,27,45
SANTIVAÑES,desnutricion global,desnutricion leve (l),2005-07-01,15,11,19,12,34,23,57
SANTUARIO DE QUILLACAS,desnutricion global,desnutricion leve (l),2005-07-01,4,3,3,9,7,12,19
SAPAHAQUI,desnutricion global,desnutricion leve (l),2005-07-01,27,26,20,24,47,50,97
SENA,desnutricion global,desnutricion leve (l),2005-07-01,5,5,10,10,15,15,30
SICA SICA (VILLA AROMA),desnutricion global,desnutricion leve (l),2005-07-01,74,73,83,64,157,137,294
SICAYA,desnutricion global,desnutricion leve (l),2005-07-01,15,6,17,6,32,12,44
SIPE SIPE,desnutricion global,desnutricion leve (l),2005-07-01,100,90,73,74,173,164,337
SOPACHUY,desnutricion global,desnutricion leve (l),2005-07-01,30,43,53,67,83,110,193
SORACACHI,desnutricion global,desnutricion leve (l),2005-07-01,14,11,17,18,31,29,60
SORATA,desnutricion global,desnutricion leve (l),2005-07-01,23,22,23,29,46,51,97
SUCRE,desnutricion global,desnutricion leve (l),2005-07-01,299,247,335,342,634,589,1223
TACACHI,desnutricion global,desnutricion leve (l),2005-07-01,4,6,5,2,9,8,17
TACACOMA,desnutricion global,desnutricion leve (l),2005-07-01,8,5,8,4,16,9,25
TACOBAMBA,desnutricion global,desnutricion leve (l),2005-07-01,10,3,13,11,23,14,37
TACOPAYA,desnutricion global,desnutricion leve (l),2005-07-01,25,38,55,48,80,86,166
TAHUA,desnutricion global,desnutricion leve (l),2005-07-01,2,3,0,0,2,3,5
TAPACARI,desnutricion global,desnutricion leve (l),2005-07-01,69,74,110,89,179,163,342
TARABUCO,desnutricion global,desnutricion leve (l),2005-07-01,146,121,228,242,374,363,737
TARACO,desnutricion global,desnutricion leve (l),2005-07-01,3,5,7,8,10,13,23
TARATA,desnutricion global,desnutricion leve (l),2005-07-01,19,18,14,12,33,30,63
TARIJA,desnutricion global,desnutricion leve (l),2005-07-01,135,126,135,121,270,247,517
TARVITA,desnutricion global,desnutricion leve (l),2005-07-01,76,71,166,184,242,255,497
TEOPONTE,desnutricion global,desnutricion leve (l),2005-07-01,11,23,19,25,30,48,78
TIAWANACU,desnutricion global,desnutricion leve (l),2005-07-01,15,6,12,14,27,20,47
TINGUIPAYA,desnutricion global,desnutricion leve (l),2005-07-01,36,68,61,61,97,129,226
TIPUANI,desnutricion global,desnutricion leve (l),2005-07-01,10,1,1,4,11,5,16
TIQUIPAYA,desnutricion global,desnutricion leve (l),2005-07-01,41,24,26,17,67,41,108
TIRAQUE (CBBA),desnutricion global,desnutricion leve (l),2005-07-01,70,60,48,65,118,125,243
TITO YUPANQUI (PARQUIPUJIO),desnutricion global,desnutricion leve (l),2005-07-01,2,3,2,1,4,4,8
TOCO,desnutricion global,desnutricion leve (l),2005-07-01,4,0,6,3,10,3,13
TOLATA,desnutricion global,desnutricion leve (l),2005-07-01,3,4,1,1,4,5,9
TOLEDO,desnutricion global,desnutricion leve (l),2005-07-01,5,8,4,8,9,16,25
TOMAVE,desnutricion global,desnutricion leve (l),2005-07-01,27,7,18,8,45,15,60
TOMINA,desnutricion global,desnutricion leve (l),2005-07-01,43,51,85,92,128,143,271
TORO TORO,desnutricion global,desnutricion leve (l),2005-07-01,52,58,54,73,106,131,237
TOTORA(CBBA),desnutricion global,desnutricion leve (l),2005-07-01,30,26,20,28,50,54,104
TOTORA(ORR),desnutricion global,desnutricion leve (l),2005-07-01,5,7,13,11,18,18,36
TRIGAL,desnutricion global,desnutricion leve (l),2005-07-01,3,1,0,2,3,3,6
TRINIDAD,desnutricion global,desnutricion leve (l),2005-07-01,103,92,57,52,160,144,304
TUPIZA,desnutricion global,desnutricion leve (l),2005-07-01,72,55,69,85,141,140,281
TURCO,desnutricion global,desnutricion leve (l),2005-07-01,12,12,16,17,28,29,57
UMALA,desnutricion global,desnutricion leve (l),2005-07-01,14,12,19,12,33,24,57
UNCIA,desnutricion global,desnutricion leve (l),2005-07-01,27,24,37,35,64,59,123
URIONDO (A. CONCEPCION),desnutricion global,desnutricion leve (l),2005-07-01,29,29,38,48,67,77,144
UYUNI,desnutricion global,desnutricion leve (l),2005-07-01,17,9,16,27,33,36,69
VACAS,desnutricion global,desnutricion leve (l),2005-07-01,14,8,14,7,28,15,43
VALLEGRANDE,desnutricion global,desnutricion leve (l),2005-07-01,15,19,14,33,29,52,81
VIACHA,desnutricion global,desnutricion leve (l),2005-07-01,41,33,33,25,74,58,132
VILA VILA,desnutricion global,desnutricion leve (l),2005-07-01,12,13,21,17,33,30,63
VILLA MONTES,desnutricion global,desnutricion leve (l),2005-07-01,25,28,24,19,49,47,96
VILLA NUEVA (LOMA ALTA),desnutricion global,desnutricion leve (l),2005-07-01,1,4,1,3,2,7,9
VILLA RIVERO,desnutricion global,desnutricion leve (l),2005-07-01,4,5,5,3,9,8,17
VILLA SERRANO,desnutricion global,desnutricion leve (l),2005-07-01,59,50,113,96,172,146,318
VILLA TUNARI,desnutricion global,desnutricion leve (l),2005-07-01,121,96,82,71,203,167,370
VILLA VACA GUZMAN (MUYUPAMPA),desnutricion global,desnutricion leve (l),2005-07-01,26,22,48,50,74,72,146
VILLAZON,desnutricion global,desnutricion leve (l),2005-07-01,75,59,69,70,144,129,273
VINTO,desnutricion global,desnutricion leve (l),2005-07-01,15,11,5,9,20,20,40
VITICHI,desnutricion global,desnutricion leve (l),2005-07-01,22,23,37,44,59,67,126
WALDO BALLIVIAN,desnutricion global,desnutricion leve (l),2005-07-01,4,6,3,4,7,10,17
WARNES,desnutricion global,desnutricion leve (l),2005-07-01,44,47,30,36,74,83,157
YACO,desnutricion global,desnutricion leve (l),2005-07-01,23,31,19,15,42,46,88
YACUIBA,desnutricion global,desnutricion leve (l),2005-07-01,43,39,35,35,78,74,152
YAMPARAEZ,desnutricion global,desnutricion leve (l),2005-07-01,65,47,136,101,201,148,349
YANACACHI,desnutricion global,desnutricion leve (l),2005-07-01,6,3,0,1,6,4,10
YAPACANI,desnutricion global,desnutricion leve (l),2005-07-01,74,46,52,63,126,109,235
YOCALLA,desnutricion global,desnutricion leve (l),2005-07-01,4,5,14,12,18,17,35
YOTALA,desnutricion global,desnutricion leve (l),2005-07-01,18,34,62,60,80,94,174
YUNCHARA,desnutricion global,desnutricion leve (l),2005-07-01,17,12,35,29,52,41,93
ZUDAÑEZ,desnutricion global,desnutricion leve (l),2005-07-01,33,30,50,55,83,85,168
ACACIO,desnutricion global,desnutricion leve (l),2005-08-01,27,31,70,57,97,88,185
ACHACACHI,desnutricion global,desnutricion leve (l),2005-08-01,41,50,56,91,97,141,238
ACHOCALLA,desnutricion global,desnutricion leve (l),2005-08-01,6,7,7,7,13,14,27
AIQUILE,desnutricion global,desnutricion leve (l),2005-08-01,46,41,34,33,80,74,154
ALALAY,desnutricion global,desnutricion leve (l),2005-08-01,7,6,0,4,7,10,17
ALCALA,desnutricion global,desnutricion leve (l),2005-08-01,17,11,37,30,54,41,95
ANCORAIMES,desnutricion global,desnutricion leve (l),2005-08-01,25,21,27,36,52,57,109
ANDAMARCA,desnutricion global,desnutricion leve (l),2005-08-01,5,4,8,6,13,10,23
ANTEQUERA,desnutricion global,desnutricion leve (l),2005-08-01,7,12,9,6,16,18,34
ANZALDO,desnutricion global,desnutricion leve (l),2005-08-01,4,4,15,15,19,19,38
APOLO,desnutricion global,desnutricion leve (l),2005-08-01,57,44,44,50,101,94,195
ARAMPAMPA,desnutricion global,desnutricion leve (l),2005-08-01,17,32,45,51,62,83,145
ARANI,desnutricion global,desnutricion leve (l),2005-08-01,67,52,6,7,73,59,132
ARBIETO,desnutricion global,desnutricion leve (l),2005-08-01,6,8,6,11,12,19,31
ARQUE,desnutricion global,desnutricion leve (l),2005-08-01,31,34,22,24,53,58,111
ATOCHA,desnutricion global,desnutricion leve (l),2005-08-01,21,19,17,23,38,42,80
AUCAPATA,desnutricion global,desnutricion leve (l),2005-08-01,20,17,20,18,40,35,75
AYATA,desnutricion global,desnutricion leve (l),2005-08-01,35,28,25,35,60,63,123
AYO AYO,desnutricion global,desnutricion leve (l),2005-08-01,15,8,15,13,30,21,51
AYOPAYA (V. DE INDEPENDENCIA),desnutricion global,desnutricion leve (l),2005-08-01,49,38,73,78,122,116,238
AZURDUY,desnutricion global,desnutricion leve (l),2005-08-01,34,45,71,81,105,126,231
BATALLAS,desnutricion global,desnutricion leve (l),2005-08-01,27,12,9,8,36,20,56
BAURES,desnutricion global,desnutricion leve (l),2005-08-01,7,8,6,8,13,16,29
BELEN DE ANDAMARCA,desnutricion global,desnutricion leve (l),2005-08-01,2,0,5,1,7,1,8
BELEN DE URMIRI,desnutricion global,desnutricion leve (l),2005-08-01,6,0,5,7,11,7,18
BELLA FLOR,desnutricion global,desnutricion leve (l),2005-08-01,11,6,7,8,18,14,32
BERMEJO,desnutricion global,desnutricion leve (l),2005-08-01,9,7,14,18,23,25,48
BETANZOS,desnutricion global,desnutricion leve (l),2005-08-01,124,94,141,176,265,270,535
BOLIVAR,desnutricion global,desnutricion leve (l),2005-08-01,35,32,37,34,72,66,138
BOLPEBRA,desnutricion global,desnutricion leve (l),2005-08-01,0,2,2,3,2,5,7
BOYUIBE,desnutricion global,desnutricion leve (l),2005-08-01,5,2,9,5,14,7,21
BUENA VISTA,desnutricion global,desnutricion leve (l),2005-08-01,15,13,17,28,32,41,73
CABEZAS,desnutricion global,desnutricion leve (l),2005-08-01,23,27,27,12,50,39,89
CAIROMA,desnutricion global,desnutricion leve (l),2005-08-01,58,68,65,113,123,181,304
"CAIZA ""D""",desnutricion global,desnutricion leve (l),2005-08-01,18,20,48,50,66,70,136
CAJUATA,desnutricion global,desnutricion leve (l),2005-08-01,24,16,13,23,37,39,76
CALACOTO,desnutricion global,desnutricion leve (l),2005-08-01,4,8,8,5,12,13,25
CALAMARCA,desnutricion global,desnutricion leve (l),2005-08-01,79,78,50,97,129,175,304
CAMARGO,desnutricion global,desnutricion leve (l),2005-08-01,73,74,74,86,147,160,307
CAMATAQUI (C. VILLA ABECIA),desnutricion global,desnutricion leve (l),2005-08-01,9,6,18,14,27,20,47
CAMIRI,desnutricion global,desnutricion leve (l),2005-08-01,38,35,33,40,71,75,146
CAPINOTA,desnutricion global,desnutricion leve (l),2005-08-01,24,18,18,26,42,44,86
CAQUIAVIRI,desnutricion global,desnutricion leve (l),2005-08-01,9,12,14,20,23,32,55
CARACOLLO,desnutricion global,desnutricion leve (l),2005-08-01,24,14,26,32,50,46,96
CARANAVI,desnutricion global,desnutricion leve (l),2005-08-01,115,110,83,118,198,228,426
CARANGAS,desnutricion global,desnutricion leve (l),2005-08-01,0,0,1,0,1,0,1
CARAPARI,desnutricion global,desnutricion leve (l),2005-08-01,12,4,17,16,29,20,49
CARIPUYO,desnutricion global,desnutricion leve (l),2005-08-01,61,45,92,81,153,126,279
CATACORA,desnutricion global,desnutricion leve (l),2005-08-01,4,0,5,3,9,3,12
CHACARILLA,desnutricion global,desnutricion leve (l),2005-08-01,2,1,0,1,2,2,4
CHALLAPATA,desnutricion global,desnutricion leve (l),2005-08-01,76,57,58,67,134,124,258
CHAQUI,desnutricion global,desnutricion leve (l),2005-08-01,20,19,33,40,53,59,112
CHARAGUA,desnutricion global,desnutricion leve (l),2005-08-01,34,37,28,41,62,78,140
CHARAÑA,desnutricion global,desnutricion leve (l),2005-08-01,3,5,2,1,5,6,11
CHAYANTA,desnutricion global,desnutricion leve (l),2005-08-01,46,34,74,60,120,94,214
CHIMORE,desnutricion global,desnutricion leve (l),2005-08-01,52,41,22,34,74,75,149
CHIPAYA,desnutricion global,desnutricion leve (l),2005-08-01,1,4,8,10,9,14,23
CHOQUE COTA,desnutricion global,desnutricion leve (l),2005-08-01,2,2,1,1,3,3,6
CHULUMANI (V. DE LA LIBERTAD),desnutricion global,desnutricion leve (l),2005-08-01,15,11,14,6,29,17,46
CHUMA,desnutricion global,desnutricion leve (l),2005-08-01,19,20,21,17,40,37,77
CLIZA,desnutricion global,desnutricion leve (l),2005-08-01,28,41,13,11,41,52,93
COBIJA,desnutricion global,desnutricion leve (l),2005-08-01,65,60,54,64,119,124,243
COCHABAMBA,desnutricion global,desnutricion leve (l),2005-08-01,309,270,210,217,519,487,1006
COIPASA,desnutricion global,desnutricion leve (l),2005-08-01,1,2,2,2,3,4,7
COLCAPIRHUA,desnutricion global,desnutricion leve (l),2005-08-01,57,45,26,19,83,64,147
"COLCHA ""K""",desnutricion global,desnutricion leve (l),2005-08-01,21,24,21,28,42,52,94
COLLANA,desnutricion global,desnutricion leve (l),2005-08-01,3,5,12,5,15,10,25
COLOMI,desnutricion global,desnutricion leve (l),2005-08-01,40,42,37,44,77,86,163
COLPA BELGICA,desnutricion global,desnutricion leve (l),2005-08-01,9,9,8,12,17,21,38
COLQUECHACA,desnutricion global,desnutricion leve (l),2005-08-01,95,78,72,82,167,160,327
COLQUENCHA,desnutricion global,desnutricion leve (l),2005-08-01,14,17,18,12,32,29,61
COLQUIRI,desnutricion global,desnutricion leve (l),2005-08-01,38,33,24,32,62,65,127
COMANCHE,desnutricion global,desnutricion leve (l),2005-08-01,1,3,3,3,4,6,10
COMARAPA,desnutricion global,desnutricion leve (l),2005-08-01,38,33,27,47,65,80,145
COMBAYA,desnutricion global,desnutricion leve (l),2005-08-01,7,4,8,9,15,13,28
CONCEPCION,desnutricion global,desnutricion leve (l),2005-08-01,13,9,1,5,14,14,28
COPACABANA,desnutricion global,desnutricion leve (l),2005-08-01,12,19,13,14,25,33,58
CORIPATA,desnutricion global,desnutricion leve (l),2005-08-01,17,14,15,13,32,27,59
CORO CORO,desnutricion global,desnutricion leve (l),2005-08-01,25,20,36,24,61,44,105
COROICO,desnutricion global,desnutricion leve (l),2005-08-01,19,20,16,22,35,42,77
CORQUE,desnutricion global,desnutricion leve (l),2005-08-01,14,11,9,15,23,26,49
COTAGAITA,desnutricion global,desnutricion leve (l),2005-08-01,51,40,61,67,112,107,219
COTOCA,desnutricion global,desnutricion leve (l),2005-08-01,45,28,26,25,71,53,124
CUATRO CAÑADAS,desnutricion global,desnutricion leve (l),2005-08-01,4,4,12,22,16,26,42
CUCHUMUELA (V. G. VILLARROEL),desnutricion global,desnutricion leve (l),2005-08-01,2,0,3,4,5,4,9
CUEVO,desnutricion global,desnutricion leve (l),2005-08-01,4,6,5,4,9,10,19
CULPINA,desnutricion global,desnutricion leve (l),2005-08-01,106,105,143,150,249,255,504
CURAHUARA DE CARANGAS,desnutricion global,desnutricion leve (l),2005-08-01,17,3,14,22,31,25,56
CURVA,desnutricion global,desnutricion leve (l),2005-08-01,3,0,5,0,8,0,8
DESAGUADERO,desnutricion global,desnutricion leve (l),2005-08-01,9,7,9,7,18,14,32
EL ALTO,desnutricion global,desnutricion leve (l),2005-08-01,1238,966,772,765,2010,1731,3741
EL CHORO,desnutricion global,desnutricion leve (l),2005-08-01,2,0,7,6,9,6,15
EL PUENTE(TJA),desnutricion global,desnutricion leve (l),2005-08-01,23,21,41,43,64,64,128
EL TORNO,desnutricion global,desnutricion leve (l),2005-08-01,40,59,39,41,79,100,179
EL VILLAR,desnutricion global,desnutricion leve (l),2005-08-01,11,9,35,33,46,42,88
ENTRE RIOS,desnutricion global,desnutricion leve (l),2005-08-01,15,24,30,38,45,62,107
ENTRE RIOS,desnutricion global,desnutricion leve (l),2005-08-01,41,44,48,46,89,90,179
EUCALIPTUS,desnutricion global,desnutricion leve (l),2005-08-01,3,14,9,12,12,26,38
EUREKA (SANTOS MERCADO),desnutricion global,desnutricion leve (l),2005-08-01,0,0,0,1,0,1,1
EXALTACION,desnutricion global,desnutricion leve (l),2005-08-01,7,7,10,13,17,20,37
FERNANDEZ ALONSO,desnutricion global,desnutricion leve (l),2005-08-01,20,26,21,27,41,53,94
FILADELFIA,desnutricion global,desnutricion leve (l),2005-08-01,1,3,1,3,2,6,8
GENERAL SAAVEDRA,desnutricion global,desnutricion leve (l),2005-08-01,57,33,38,36,95,69,164
GRAL. J.J. PEREZ (CHARAZANI),desnutricion global,desnutricion leve (l),2005-08-01,18,25,24,29,42,54,96
GUANAY,desnutricion global,desnutricion leve (l),2005-08-01,25,28,12,12,37,40,77
GUAQUI,desnutricion global,desnutricion leve (l),2005-08-01,9,6,4,4,13,10,23
GUAYARAMERIN,desnutricion global,desnutricion leve (l),2005-08-01,64,61,38,60,102,121,223
GUTIERREZ,desnutricion global,desnutricion leve (l),2005-08-01,52,40,75,77,127,117,244
HUACARETA,desnutricion global,desnutricion leve (l),2005-08-01,24,24,28,29,52,53,105
HUACAYA (VILLA DE HUACAYA),desnutricion global,desnutricion leve (l),2005-08-01,6,6,4,10,10,16,26
HUACHACALLA,desnutricion global,desnutricion leve (l),2005-08-01,5,4,2,5,7,9,16
HUANUNI,desnutricion global,desnutricion leve (l),2005-08-01,34,24,24,23,58,47,105
HUARACAJE,desnutricion global,desnutricion leve (l),2005-08-01,7,6,5,4,12,10,22
HUAYLLAMARCA,desnutricion global,desnutricion leve (l),2005-08-01,2,1,3,3,5,4,9
ICHOCA,desnutricion global,desnutricion leve (l),2005-08-01,11,14,14,10,25,24,49
ICLA,desnutricion global,desnutricion leve (l),2005-08-01,59,47,98,92,157,139,296
INCAHUASI,desnutricion global,desnutricion leve (l),2005-08-01,146,136,143,184,289,320,609
INGAVI (HUMAITA),desnutricion global,desnutricion leve (l),2005-08-01,2,3,4,3,6,6,12
INQUISIVI,desnutricion global,desnutricion leve (l),2005-08-01,40,33,34,41,74,74,148
IRUPANA (VILLA DE LANZA),desnutricion global,desnutricion leve (l),2005-08-01,19,22,28,32,47,54,101
IXIAMAS,desnutricion global,desnutricion leve (l),2005-08-01,16,13,16,15,32,28,60
JESUS DE MACHACA,desnutricion global,desnutricion leve (l),2005-08-01,18,19,21,23,39,42,81
LA ASUNTA,desnutricion global,desnutricion leve (l),2005-08-01,29,17,11,11,40,28,68
LA GUARDIA,desnutricion global,desnutricion leve (l),2005-08-01,30,19,26,29,56,48,104
LA PAZ,desnutricion global,desnutricion leve (l),2005-08-01,821,674,517,554,1338,1228,2566
LA RIVERA,desnutricion global,desnutricion leve (l),2005-08-01,0,0,1,0,1,0,1
LAGUNILLAS,desnutricion global,desnutricion leve (l),2005-08-01,11,14,17,23,28,37,65
LAJA,desnutricion global,desnutricion leve (l),2005-08-01,13,16,25,25,38,41,79
LAS CARRERAS,desnutricion global,desnutricion leve (l),2005-08-01,5,10,14,21,19,31,50
LLALLAGUA,desnutricion global,desnutricion leve (l),2005-08-01,122,123,187,186,309,309,618
LLICA,desnutricion global,desnutricion leve (l),2005-08-01,2,7,8,4,10,11,21
LORETO,desnutricion global,desnutricion leve (l),2005-08-01,5,4,4,3,9,7,16
LURIBAY,desnutricion global,desnutricion leve (l),2005-08-01,25,21,24,25,49,46,95
MACHACAMARCA,desnutricion global,desnutricion leve (l),2005-08-01,6,6,1,3,7,9,16
MACHARETI,desnutricion global,desnutricion leve (l),2005-08-01,25,16,35,47,60,63,123
MAGDALENA,desnutricion global,desnutricion leve (l),2005-08-01,14,14,3,11,17,25,42
MAIRANA,desnutricion global,desnutricion leve (l),2005-08-01,8,12,10,18,18,30,48
MALLA,desnutricion global,desnutricion leve (l),2005-08-01,9,18,23,18,32,36,68
MAPIRI,desnutricion global,desnutricion leve (l),2005-08-01,11,12,9,14,20,26,46
MECAPACA,desnutricion global,desnutricion leve (l),2005-08-01,17,9,10,8,27,17,44
MINEROS,desnutricion global,desnutricion leve (l),2005-08-01,37,35,17,20,54,55,109
MIZQUE,desnutricion global,desnutricion leve (l),2005-08-01,53,73,59,61,112,134,246
MOCOMOCO,desnutricion global,desnutricion leve (l),2005-08-01,21,14,28,34,49,48,97
MOJINETE,desnutricion global,desnutricion leve (l),2005-08-01,3,5,8,6,11,11,22
MOJOCOYA,desnutricion global,desnutricion leve (l),2005-08-01,31,27,41,48,72,75,147
MONTEAGUDO,desnutricion global,desnutricion leve (l),2005-08-01,70,47,107,105,177,152,329
MONTERO,desnutricion global,desnutricion leve (l),2005-08-01,206,146,132,151,338,297,635
MORO MORO,desnutricion global,desnutricion leve (l),2005-08-01,10,6,15,12,25,18,43
MOROCHATA,desnutricion global,desnutricion leve (l),2005-08-01,73,61,98,77,171,138,309
NACEBE (SANTA ROSA DEL ABUNA),desnutricion global,desnutricion leve (l),2005-08-01,5,0,1,0,6,0,6
NUEVO MANOA (NUEVA ESPERANZA),desnutricion global,desnutricion leve (l),2005-08-01,2,0,3,2,5,2,7
OCURI,desnutricion global,desnutricion leve (l),2005-08-01,68,55,68,72,136,127,263
OKINAWA,desnutricion global,desnutricion leve (l),2005-08-01,10,8,5,14,15,22,37
OMEREQUE,desnutricion global,desnutricion leve (l),2005-08-01,16,13,22,21,38,34,72
ORURO,desnutricion global,desnutricion leve (l),2005-08-01,365,281,229,222,594,503,1097
PADCAYA,desnutricion global,desnutricion leve (l),2005-08-01,21,26,34,49,55,75,130
PADILLA,desnutricion global,desnutricion leve (l),2005-08-01,37,50,87,95,124,145,269
PALCA,desnutricion global,desnutricion leve (l),2005-08-01,12,8,9,14,21,22,43
PALOS BLANCOS,desnutricion global,desnutricion leve (l),2005-08-01,38,50,54,62,92,112,204
PAMPA AULLAGAS,desnutricion global,desnutricion leve (l),2005-08-01,8,7,11,10,19,17,36
PAMPA GRANDE,desnutricion global,desnutricion leve (l),2005-08-01,11,7,6,11,17,18,35
PAPEL PAMPA,desnutricion global,desnutricion leve (l),2005-08-01,7,10,5,12,12,22,34
PASORAPA,desnutricion global,desnutricion leve (l),2005-08-01,17,15,16,19,33,34,67
PATACAMAYA,desnutricion global,desnutricion leve (l),2005-08-01,79,77,68,50,147,127,274
PAZÑA,desnutricion global,desnutricion leve (l),2005-08-01,8,2,8,15,16,17,33
PELECHUCO,desnutricion global,desnutricion leve (l),2005-08-01,27,22,15,18,42,40,82
POCOATA,desnutricion global,desnutricion leve (l),2005-08-01,56,85,69,75,125,160,285
POCONA,desnutricion global,desnutricion leve (l),2005-08-01,35,22,37,52,72,74,146
POJO (CBBA),desnutricion global,desnutricion leve (l),2005-08-01,27,22,33,27,60,49,109
POOPO,desnutricion global,desnutricion leve (l),2005-08-01,2,3,3,2,5,5,10
PORCO,desnutricion global,desnutricion leve (l),2005-08-01,18,14,9,13,27,27,54
POROMA,desnutricion global,desnutricion leve (l),2005-08-01,70,61,103,98,173,159,332
PORONGO,desnutricion global,desnutricion leve (l),2005-08-01,3,2,3,4,6,6,12
PORTACHUELO,desnutricion global,desnutricion leve (l),2005-08-01,30,23,17,39,47,62,109
PORVENIR,desnutricion global,desnutricion leve (l),2005-08-01,0,4,1,4,1,8,9
POSTRER VALLE,desnutricion global,desnutricion leve (l),2005-08-01,2,3,12,17,14,20,34
POTOSI,desnutricion global,desnutricion leve (l),2005-08-01,363,271,194,181,557,452,1009
PRESTO,desnutricion global,desnutricion leve (l),2005-08-01,46,48,60,73,106,121,227
PUCARA,desnutricion global,desnutricion leve (l),2005-08-01,1,2,6,4,7,6,13
PUCARANI,desnutricion global,desnutricion leve (l),2005-08-01,46,46,81,59,127,105,232
PUERTO ACOSTA,desnutricion global,desnutricion leve (l),2005-08-01,35,27,21,45,56,72,128
PUERTO CARABUCO,desnutricion global,desnutricion leve (l),2005-08-01,28,17,23,31,51,48,99
PUERTO GONZALO MORENO,desnutricion global,desnutricion leve (l),2005-08-01,12,12,9,14,21,26,47
PUERTO PEREZ,desnutricion global,desnutricion leve (l),2005-08-01,12,4,16,6,28,10,38
PUERTO RICO,desnutricion global,desnutricion leve (l),2005-08-01,7,11,8,17,15,28,43
PUERTO SILES,desnutricion global,desnutricion leve (l),2005-08-01,0,1,1,2,1,3,4
PUERTO VILLARROEL,desnutricion global,desnutricion leve (l),2005-08-01,80,78,73,86,153,164,317
PUNA,desnutricion global,desnutricion leve (l),2005-08-01,80,79,111,114,191,193,384
PUNATA,desnutricion global,desnutricion leve (l),2005-08-01,45,37,32,26,77,63,140
QUIABAYA,desnutricion global,desnutricion leve (l),2005-08-01,3,1,7,3,10,4,14
QUILLACOLLO,desnutricion global,desnutricion leve (l),2005-08-01,61,45,46,53,107,98,205
QUIME,desnutricion global,desnutricion leve (l),2005-08-01,7,12,24,18,31,30,61
RAVELO,desnutricion global,desnutricion leve (l),2005-08-01,140,128,149,156,289,284,573
REYES,desnutricion global,desnutricion leve (l),2005-08-01,48,37,59,76,107,113,220
RIBERALTA,desnutricion global,desnutricion leve (l),2005-08-01,211,258,128,162,339,420,759
RURRENABAQUE,desnutricion global,desnutricion leve (l),2005-08-01,8,17,3,5,11,22,33
SABAYA,desnutricion global,desnutricion leve (l),2005-08-01,4,5,2,5,6,10,16
SACABA,desnutricion global,desnutricion leve (l),2005-08-01,92,63,58,48,150,111,261
SACABAMBA,desnutricion global,desnutricion leve (l),2005-08-01,12,9,16,17,28,26,54
SACACA,desnutricion global,desnutricion leve (l),2005-08-01,143,179,311,289,454,468,922
SAIPINA,desnutricion global,desnutricion leve (l),2005-08-01,9,11,7,14,16,25,41
SALINAS DE GARCI MENDOZA,desnutricion global,desnutricion leve (l),2005-08-01,17,16,17,15,34,31,65
SAMAIPATA,desnutricion global,desnutricion leve (l),2005-08-01,15,8,11,18,26,26,52
SAN AGUSTIN,desnutricion global,desnutricion leve (l),2005-08-01,0,3,0,2,0,5,5
SAN ANDRES,desnutricion global,desnutricion leve (l),2005-08-01,28,18,13,19,41,37,78
SAN ANDRES DE MACHACA,desnutricion global,desnutricion leve (l),2005-08-01,8,5,4,8,12,13,25
SAN ANTONIO DE ESMORUCO,desnutricion global,desnutricion leve (l),2005-08-01,1,1,4,2,5,3,8
SAN ANTONIO DE LOMERIO,desnutricion global,desnutricion leve (l),2005-08-01,32,33,53,63,85,96,181
SAN BENITO,desnutricion global,desnutricion leve (l),2005-08-01,9,10,9,17,18,27,45
SAN BORJA,desnutricion global,desnutricion leve (l),2005-08-01,88,66,54,52,142,118,260
SAN BUENA VENTURA,desnutricion global,desnutricion leve (l),2005-08-01,19,17,19,21,38,38,76
SAN CARLOS,desnutricion global,desnutricion leve (l),2005-08-01,19,24,16,26,35,50,85
SAN IGNACIO,desnutricion global,desnutricion leve (l),2005-08-01,67,55,56,76,123,131,254
SAN IGNACIO DE VELASCO,desnutricion global,desnutricion leve (l),2005-08-01,123,143,108,135,231,278,509
SAN JAVIER(BNI),desnutricion global,desnutricion leve (l),2005-08-01,9,10,17,14,26,24,50
SAN JAVIER(STC),desnutricion global,desnutricion leve (l),2005-08-01,3,2,0,3,3,5,8
SAN JOAQUIN,desnutricion global,desnutricion leve (l),2005-08-01,1,2,3,7,4,9,13
SAN JUAN DE YAPACANI,desnutricion global,desnutricion leve (l),2005-08-01,13,16,11,15,24,31,55
SAN JULIAN,desnutricion global,desnutricion leve (l),2005-08-01,32,27,47,55,79,82,161
SAN LORENZO(PND),desnutricion global,desnutricion leve (l),2005-08-01,9,16,10,16,19,32,51
SAN LORENZO(TJA),desnutricion global,desnutricion leve (l),2005-08-01,46,49,70,65,116,114,230
SAN LUCAS,desnutricion global,desnutricion leve (l),2005-08-01,221,232,248,330,469,562,1031
SAN MIGUEL DE VELASCO,desnutricion global,desnutricion leve (l),2005-08-01,14,20,27,39,41,59,100
SAN PABLO DE LIPEZ,desnutricion global,desnutricion leve (l),2005-08-01,8,11,9,6,17,17,34
SAN PEDRO,desnutricion global,desnutricion leve (l),2005-08-01,12,21,19,24,31,45,76
SAN PEDRO DE BUENA VISTA,desnutricion global,desnutricion leve (l),2005-08-01,112,116,151,129,263,245,508
SAN PEDRO DE CURAHUARA,desnutricion global,desnutricion leve (l),2005-08-01,14,7,11,16,25,23,48
SAN PEDRO DE QUEMES,desnutricion global,desnutricion leve (l),2005-08-01,0,1,0,0,0,1,1
SAN PEDRO DE TIQUINA,desnutricion global,desnutricion leve (l),2005-08-01,7,5,6,12,13,17,30
SAN PEDRO(PND),desnutricion global,desnutricion leve (l),2005-08-01,4,12,7,12,11,24,35
SAN RAFAEL,desnutricion global,desnutricion leve (l),2005-08-01,21,15,15,13,36,28,64
SAN RAMON,desnutricion global,desnutricion leve (l),2005-08-01,6,3,5,3,11,6,17
SAN RAMON,desnutricion global,desnutricion leve (l),2005-08-01,3,3,4,4,7,7,14
SANTA ANA,desnutricion global,desnutricion leve (l),2005-08-01,18,13,5,4,23,17,40
SANTA CRUZ DE LA SIERRA,desnutricion global,desnutricion leve (l),2005-08-01,1714,1628,609,726,2323,2354,4677
SANTA ROSA,desnutricion global,desnutricion leve (l),2005-08-01,10,4,9,2,19,6,25
SANTA ROSA DEL SARA,desnutricion global,desnutricion leve (l),2005-08-01,18,11,13,14,31,25,56
SANTIAGO DE CALLAPA,desnutricion global,desnutricion leve (l),2005-08-01,5,5,16,9,21,14,35
SANTIAGO DE HUARI,desnutricion global,desnutricion leve (l),2005-08-01,16,5,12,14,28,19,47
SANTIAGO DE MACHACA,desnutricion global,desnutricion leve (l),2005-08-01,5,9,2,2,7,11,18
SANTIVAÑES,desnutricion global,desnutricion leve (l),2005-08-01,16,11,26,22,42,33,75
SANTUARIO DE QUILLACAS,desnutricion global,desnutricion leve (l),2005-08-01,4,3,3,3,7,6,13
SAPAHAQUI,desnutricion global,desnutricion leve (l),2005-08-01,21,26,30,23,51,49,100
SENA,desnutricion global,desnutricion leve (l),2005-08-01,2,8,3,5,5,13,18
SICA SICA (VILLA AROMA),desnutricion global,desnutricion leve (l),2005-08-01,65,48,47,55,112,103,215
SICAYA,desnutricion global,desnutricion leve (l),2005-08-01,22,14,22,14,44,28,72
SIPE SIPE,desnutricion global,desnutricion leve (l),2005-08-01,131,85,114,103,245,188,433
SOPACHUY,desnutricion global,desnutricion leve (l),2005-08-01,23,42,42,59,65,101,166
SORACACHI,desnutricion global,desnutricion leve (l),2005-08-01,10,13,16,15,26,28,54
SORATA,desnutricion global,desnutricion leve (l),2005-08-01,31,42,34,37,65,79,144
SUCRE,desnutricion global,desnutricion leve (l),2005-08-01,379,364,464,458,843,822,1665
TACACHI,desnutricion global,desnutricion leve (l),2005-08-01,4,2,1,5,5,7,12
TACACOMA,desnutricion global,desnutricion leve (l),2005-08-01,11,19,18,8,29,27,56
TACOBAMBA,desnutricion global,desnutricion leve (l),2005-08-01,36,32,49,34,85,66,151
TACOPAYA,desnutricion global,desnutricion leve (l),2005-08-01,39,50,49,61,88,111,199
TAHUA,desnutricion global,desnutricion leve (l),2005-08-01,1,1,2,4,3,5,8
TAPACARI,desnutricion global,desnutricion leve (l),2005-08-01,54,46,33,29,87,75,162
TARABUCO,desnutricion global,desnutricion leve (l),2005-08-01,136,121,231,253,367,374,741
TARACO,desnutricion global,desnutricion leve (l),2005-08-01,6,8,5,13,11,21,32
TARATA,desnutricion global,desnutricion leve (l),2005-08-01,16,9,11,14,27,23,50
TARIJA,desnutricion global,desnutricion leve (l),2005-08-01,230,188,163,198,393,386,779
TARVITA,desnutricion global,desnutricion leve (l),2005-08-01,14,13,22,19,36,32,68
TEOPONTE,desnutricion global,desnutricion leve (l),2005-08-01,12,18,13,14,25,32,57
TIAWANACU,desnutricion global,desnutricion leve (l),2005-08-01,17,4,10,7,27,11,38
TINGUIPAYA,desnutricion global,desnutricion leve (l),2005-08-01,93,60,82,83,175,143,318
TIPUANI,desnutricion global,desnutricion leve (l),2005-08-01,15,7,5,3,20,10,30
TIQUIPAYA,desnutricion global,desnutricion leve (l),2005-08-01,61,37,39,29,100,66,166
TIRAQUE (CBBA),desnutricion global,desnutricion leve (l),2005-08-01,91,68,30,44,121,112,233
TITO YUPANQUI (PARQUIPUJIO),desnutricion global,desnutricion leve (l),2005-08-01,6,1,3,4,9,5,14
TOCO,desnutricion global,desnutricion leve (l),2005-08-01,4,3,9,8,13,11,24
TOLATA,desnutricion global,desnutricion leve (l),2005-08-01,2,4,2,3,4,7,11
TOLEDO,desnutricion global,desnutricion leve (l),2005-08-01,8,4,6,5,14,9,23
TOMAVE,desnutricion global,desnutricion leve (l),2005-08-01,63,14,76,25,139,39,178
TOMINA,desnutricion global,desnutricion leve (l),2005-08-01,53,48,86,119,139,167,306
TORO TORO,desnutricion global,desnutricion leve (l),2005-08-01,60,49,58,71,118,120,238
TOTORA(CBBA),desnutricion global,desnutricion leve (l),2005-08-01,27,46,22,44,49,90,139
TOTORA(ORR),desnutricion global,desnutricion leve (l),2005-08-01,2,4,4,3,6,7,13
TRIGAL,desnutricion global,desnutricion leve (l),2005-08-01,2,0,1,1,3,1,4
TRINIDAD,desnutricion global,desnutricion leve (l),2005-08-01,137,121,93,77,230,198,428
TUPIZA,desnutricion global,desnutricion leve (l),2005-08-01,68,76,82,104,150,180,330
TURCO,desnutricion global,desnutricion leve (l),2005-08-01,1,2,4,3,5,5,10
UMALA,desnutricion global,desnutricion leve (l),2005-08-01,14,9,17,17,31,26,57
UNCIA,desnutricion global,desnutricion leve (l),2005-08-01,22,21,23,16,45,37,82
URIONDO (A. CONCEPCION),desnutricion global,desnutricion leve (l),2005-08-01,37,42,37,40,74,82,156
UYUNI,desnutricion global,desnutricion leve (l),2005-08-01,34,43,37,60,71,103,174
VACAS,desnutricion global,desnutricion leve (l),2005-08-01,23,14,25,15,48,29,77
VALLEGRANDE,desnutricion global,desnutricion leve (l),2005-08-01,20,26,19,20,39,46,85
VIACHA,desnutricion global,desnutricion leve (l),2005-08-01,34,51,49,45,83,96,179
VILA VILA,desnutricion global,desnutricion leve (l),2005-08-01,12,11,10,12,22,23,45
VILLA MONTES,desnutricion global,desnutricion leve (l),2005-08-01,32,25,24,24,56,49,105
VILLA NUEVA (LOMA ALTA),desnutricion global,desnutricion leve (l),2005-08-01,3,6,5,4,8,10,18
VILLA RIVERO,desnutricion global,desnutricion leve (l),2005-08-01,17,9,9,13,26,22,48
VILLA SERRANO,desnutricion global,desnutricion leve (l),2005-08-01,54,43,92,92,146,135,281
VILLA TUNARI,desnutricion global,desnutricion leve (l),2005-08-01,136,108,145,135,281,243,524
VILLA VACA GUZMAN (MUYUPAMPA),desnutricion global,desnutricion leve (l),2005-08-01,26,23,40,45,66,68,134
VILLAZON,desnutricion global,desnutricion leve (l),2005-08-01,68,89,71,88,139,177,316
VINTO,desnutricion global,desnutricion leve (l),2005-08-01,54,7,17,3,71,10,81
VITICHI,desnutricion global,desnutricion leve (l),2005-08-01,22,28,39,37,61,65,126
WALDO BALLIVIAN,desnutricion global,desnutricion leve (l),2005-08-01,3,4,5,7,8,11,19
WARNES,desnutricion global,desnutricion leve (l),2005-08-01,61,56,51,43,112,99,211
YACO,desnutricion global,desnutricion leve (l),2005-08-01,18,15,18,15,36,30,66
YACUIBA,desnutricion global,desnutricion leve (l),2005-08-01,44,37,30,45,74,82,156
YAMPARAEZ,desnutricion global,desnutricion leve (l),2005-08-01,49,52,123,94,172,146,318
YANACACHI,desnutricion global,desnutricion leve (l),2005-08-01,0,0,0,1,0,1,1
YAPACANI,desnutricion global,desnutricion leve (l),2005-08-01,64,63,46,54,110,117,227
YOCALLA,desnutricion global,desnutricion leve (l),2005-08-01,8,5,12,14,20,19,39
YOTALA,desnutricion global,desnutricion leve (l),2005-08-01,23,29,51,53,74,82,156
YUNCHARA,desnutricion global,desnutricion leve (l),2005-08-01,25,29,58,38,83,67,150
ZUDAÑEZ,desnutricion global,desnutricion leve (l),2005-08-01,40,40,46,72,86,112,198
ACACIO,desnutricion global,desnutricion leve (l),2005-09-01,25,26,31,39,56,65,121
ACHACACHI,desnutricion global,desnutricion leve (l),2005-09-01,34,50,45,63,79,113,192
ACHOCALLA,desnutricion global,desnutricion leve (l),2005-09-01,6,5,8,16,14,21,35
AIQUILE,desnutricion global,desnutricion leve (l),2005-09-01,31,31,40,46,71,77,148
ALALAY,desnutricion global,desnutricion leve (l),2005-09-01,12,21,15,10,27,31,58
ALCALA,desnutricion global,desnutricion leve (l),2005-09-01,12,6,38,31,50,37,87
ANCORAIMES,desnutricion global,desnutricion leve (l),2005-09-01,30,28,44,52,74,80,154
ANDAMARCA,desnutricion global,desnutricion leve (l),2005-09-01,8,7,6,11,14,18,32
ANTEQUERA,desnutricion global,desnutricion leve (l),2005-09-01,4,3,4,7,8,10,18
ANZALDO,desnutricion global,desnutricion leve (l),2005-09-01,3,5,8,7,11,12,23
APOLO,desnutricion global,desnutricion leve (l),2005-09-01,38,42,24,43,62,85,147
ARAMPAMPA,desnutricion global,desnutricion leve (l),2005-09-01,26,25,28,29,54,54,108
ARANI,desnutricion global,desnutricion leve (l),2005-09-01,28,32,27,35,55,67,122
ARBIETO,desnutricion global,desnutricion leve (l),2005-09-01,4,4,5,9,9,13,22
ARQUE,desnutricion global,desnutricion leve (l),2005-09-01,23,22,3,8,26,30,56
ATOCHA,desnutricion global,desnutricion leve (l),2005-09-01,25,23,24,26,49,49,98
AUCAPATA,desnutricion global,desnutricion leve (l),2005-09-01,6,4,7,16,13,20,33
AYATA,desnutricion global,desnutricion leve (l),2005-09-01,36,22,32,38,68,60,128
AYO AYO,desnutricion global,desnutricion leve (l),2005-09-01,14,4,7,8,21,12,33
AYOPAYA (V. DE INDEPENDENCIA),desnutricion global,desnutricion leve (l),2005-09-01,48,37,51,50,99,87,186
AZURDUY,desnutricion global,desnutricion leve (l),2005-09-01,48,66,88,120,136,186,322
BATALLAS,desnutricion global,desnutricion leve (l),2005-09-01,7,4,5,3,12,7,19
BAURES,desnutricion global,desnutricion leve (l),2005-09-01,11,9,5,4,16,13,29
BELEN DE ANDAMARCA,desnutricion global,desnutricion leve (l),2005-09-01,3,0,0,0,3,0,3
BELEN DE URMIRI,desnutricion global,desnutricion leve (l),2005-09-01,3,4,7,9,10,13,23
BELLA FLOR,desnutricion global,desnutricion leve (l),2005-09-01,5,1,1,2,6,3,9
BERMEJO,desnutricion global,desnutricion leve (l),2005-09-01,10,8,9,14,19,22,41
BETANZOS,desnutricion global,desnutricion leve (l),2005-09-01,104,103,163,154,267,257,524
BOLIVAR,desnutricion global,desnutricion leve (l),2005-09-01,45,50,47,53,92,103,195
BOLPEBRA,desnutricion global,desnutricion leve (l),2005-09-01,5,3,4,4,9,7,16
BOYUIBE,desnutricion global,desnutricion leve (l),2005-09-01,12,5,15,18,27,23,50
BUENA VISTA,desnutricion global,desnutricion leve (l),2005-09-01,11,7,9,13,20,20,40
CABEZAS,desnutricion global,desnutricion leve (l),2005-09-01,13,11,22,18,35,29,64
CAIROMA,desnutricion global,desnutricion leve (l),2005-09-01,36,61,41,58,77,119,196
"CAIZA ""D""",desnutricion global,desnutricion leve (l),2005-09-01,20,22,33,45,53,67,120
CAJUATA,desnutricion global,desnutricion leve (l),2005-09-01,15,11,12,17,27,28,55
CALACOTO,desnutricion global,desnutricion leve (l),2005-09-01,7,10,9,15,16,25,41
CALAMARCA,desnutricion global,desnutricion leve (l),2005-09-01,75,76,68,96,143,172,315
CAMARGO,desnutricion global,desnutricion leve (l),2005-09-01,52,54,67,90,119,144,263
CAMATAQUI (C. VILLA ABECIA),desnutricion global,desnutricion leve (l),2005-09-01,8,4,18,15,26,19,45
CAMIRI,desnutricion global,desnutricion leve (l),2005-09-01,36,22,19,29,55,51,106
CAPINOTA,desnutricion global,desnutricion leve (l),2005-09-01,28,22,91,86,119,108,227
CAQUIAVIRI,desnutricion global,desnutricion leve (l),2005-09-01,13,15,19,22,32,37,69
CARACOLLO,desnutricion global,desnutricion leve (l),2005-09-01,29,15,24,13,53,28,81
CARANAVI,desnutricion global,desnutricion leve (l),2005-09-01,64,82,53,77,117,159,276
CARANGAS,desnutricion global,desnutricion leve (l),2005-09-01,1,1,1,2,2,3,5
CARAPARI,desnutricion global,desnutricion leve (l),2005-09-01,2,4,9,6,11,10,21
CARIPUYO,desnutricion global,desnutricion leve (l),2005-09-01,62,60,99,104,161,164,325
CATACORA,desnutricion global,desnutricion leve (l),2005-09-01,4,0,2,4,6,4,10
CHACARILLA,desnutricion global,desnutricion leve (l),2005-09-01,7,5,8,14,15,19,34
CHALLAPATA,desnutricion global,desnutricion leve (l),2005-09-01,65,52,30,28,95,80,175
CHAQUI,desnutricion global,desnutricion leve (l),2005-09-01,15,13,30,35,45,48,93
CHARAGUA,desnutricion global,desnutricion leve (l),2005-09-01,32,44,51,49,83,93,176
CHARAÑA,desnutricion global,desnutricion leve (l),2005-09-01,8,6,8,13,16,19,35
CHAYANTA,desnutricion global,desnutricion leve (l),2005-09-01,38,37,54,55,92,92,184
CHIMORE,desnutricion global,desnutricion leve (l),2005-09-01,37,22,15,35,52,57,109
CHIPAYA,desnutricion global,desnutricion leve (l),2005-09-01,3,2,4,3,7,5,12
CHOQUE COTA,desnutricion global,desnutricion leve (l),2005-09-01,3,3,0,1,3,4,7
CHULUMANI (V. DE LA LIBERTAD),desnutricion global,desnutricion leve (l),2005-09-01,10,6,1,8,11,14,25
CHUMA,desnutricion global,desnutricion leve (l),2005-09-01,19,19,19,12,38,31,69
CLIZA,desnutricion global,desnutricion leve (l),2005-09-01,32,27,20,21,52,48,100
COBIJA,desnutricion global,desnutricion leve (l),2005-09-01,47,31,38,59,85,90,175
COCHABAMBA,desnutricion global,desnutricion leve (l),2005-09-01,275,237,229,225,504,462,966
COIPASA,desnutricion global,desnutricion leve (l),2005-09-01,0,0,0,1,0,1,1
COLCAPIRHUA,desnutricion global,desnutricion leve (l),2005-09-01,52,49,48,36,100,85,185
"COLCHA ""K""",desnutricion global,desnutricion leve (l),2005-09-01,24,25,25,29,49,54,103
COLLANA,desnutricion global,desnutricion leve (l),2005-09-01,2,4,5,6,7,10,17
COLOMI,desnutricion global,desnutricion leve (l),2005-09-01,42,47,30,37,72,84,156
COLPA BELGICA,desnutricion global,desnutricion leve (l),2005-09-01,5,7,3,4,8,11,19
COLQUECHACA,desnutricion global,desnutricion leve (l),2005-09-01,81,105,104,125,185,230,415
COLQUENCHA,desnutricion global,desnutricion leve (l),2005-09-01,13,17,21,17,34,34,68
COLQUIRI,desnutricion global,desnutricion leve (l),2005-09-01,21,31,29,24,50,55,105
COMANCHE,desnutricion global,desnutricion leve (l),2005-09-01,16,11,13,23,29,34,63
COMARAPA,desnutricion global,desnutricion leve (l),2005-09-01,30,34,24,24,54,58,112
COMBAYA,desnutricion global,desnutricion leve (l),2005-09-01,5,5,10,8,15,13,28
CONCEPCION,desnutricion global,desnutricion leve (l),2005-09-01,8,10,4,4,12,14,26
COPACABANA,desnutricion global,desnutricion leve (l),2005-09-01,22,17,18,43,40,60,100
CORIPATA,desnutricion global,desnutricion leve (l),2005-09-01,7,22,8,10,15,32,47
CORO CORO,desnutricion global,desnutricion leve (l),2005-09-01,38,20,26,31,64,51,115
COROICO,desnutricion global,desnutricion leve (l),2005-09-01,13,16,35,27,48,43,91
CORQUE,desnutricion global,desnutricion leve (l),2005-09-01,6,10,14,10,20,20,40
COTAGAITA,desnutricion global,desnutricion leve (l),2005-09-01,65,40,75,86,140,126,266
COTOCA,desnutricion global,desnutricion leve (l),2005-09-01,30,25,18,25,48,50,98
CUATRO CAÑADAS,desnutricion global,desnutricion leve (l),2005-09-01,7,26,12,22,19,48,67
CUCHUMUELA (V. G. VILLARROEL),desnutricion global,desnutricion leve (l),2005-09-01,4,4,4,1,8,5,13
CUEVO,desnutricion global,desnutricion leve (l),2005-09-01,4,4,3,5,7,9,16
CULPINA,desnutricion global,desnutricion leve (l),2005-09-01,94,77,86,122,180,199,379
CURAHUARA DE CARANGAS,desnutricion global,desnutricion leve (l),2005-09-01,4,4,9,7,13,11,24
CURVA,desnutricion global,desnutricion leve (l),2005-09-01,1,1,7,2,8,3,11
DESAGUADERO,desnutricion global,desnutricion leve (l),2005-09-01,8,6,5,4,13,10,23
EL ALTO,desnutricion global,desnutricion leve (l),2005-09-01,1030,900,780,706,1810,1606,3416
EL CHORO,desnutricion global,desnutricion leve (l),2005-09-01,2,1,7,5,9,6,15
EL PUENTE(TJA),desnutricion global,desnutricion leve (l),2005-09-01,24,25,52,58,76,83,159
EL TORNO,desnutricion global,desnutricion leve (l),2005-09-01,31,37,40,28,71,65,136
EL VILLAR,desnutricion global,desnutricion leve (l),2005-09-01,6,18,30,42,36,60,96
ENTRE RIOS,desnutricion global,desnutricion leve (l),2005-09-01,40,45,39,50,79,95,174
ENTRE RIOS,desnutricion global,desnutricion leve (l),2005-09-01,23,23,48,43,71,66,137
ESCARA,desnutricion global,desnutricion leve (l),2005-09-01,1,0,1,1,2,1,3
EUCALIPTUS,desnutricion global,desnutricion leve (l),2005-09-01,12,8,11,9,23,17,40
EUREKA (SANTOS MERCADO),desnutricion global,desnutricion leve (l),2005-09-01,0,2,0,0,0,2,2
EXALTACION,desnutricion global,desnutricion leve (l),2005-09-01,5,4,6,15,11,19,30
FERNANDEZ ALONSO,desnutricion global,desnutricion leve (l),2005-09-01,14,24,10,23,24,47,71
FILADELFIA,desnutricion global,desnutricion leve (l),2005-09-01,3,3,5,6,8,9,17
GENERAL SAAVEDRA,desnutricion global,desnutricion leve (l),2005-09-01,23,36,42,33,65,69,134
GRAL. J.J. PEREZ (CHARAZANI),desnutricion global,desnutricion leve (l),2005-09-01,27,22,29,31,56,53,109
GUANAY,desnutricion global,desnutricion leve (l),2005-09-01,24,29,18,41,42,70,112
GUAQUI,desnutricion global,desnutricion leve (l),2005-09-01,7,5,7,2,14,7,21
GUAYARAMERIN,desnutricion global,desnutricion leve (l),2005-09-01,53,32,31,32,84,64,148
GUTIERREZ,desnutricion global,desnutricion leve (l),2005-09-01,41,33,60,58,101,91,192
HUACARETA,desnutricion global,desnutricion leve (l),2005-09-01,20,22,23,38,43,60,103
HUACAYA (VILLA DE HUACAYA),desnutricion global,desnutricion leve (l),2005-09-01,8,7,14,22,22,29,51
HUACHACALLA,desnutricion global,desnutricion leve (l),2005-09-01,0,1,0,1,0,2,2
HUANUNI,desnutricion global,desnutricion leve (l),2005-09-01,30,25,34,19,64,44,108
HUARACAJE,desnutricion global,desnutricion leve (l),2005-09-01,7,1,4,8,11,9,20
HUAYLLAMARCA,desnutricion global,desnutricion leve (l),2005-09-01,5,2,2,6,7,8,15
ICHOCA,desnutricion global,desnutricion leve (l),2005-09-01,10,18,18,18,28,36,64
ICLA,desnutricion global,desnutricion leve (l),2005-09-01,34,33,66,61,100,94,194
INCAHUASI,desnutricion global,desnutricion leve (l),2005-09-01,112,101,101,138,213,239,452
INGAVI (HUMAITA),desnutricion global,desnutricion leve (l),2005-09-01,1,1,0,0,1,1,2
INQUISIVI,desnutricion global,desnutricion leve (l),2005-09-01,31,33,34,28,65,61,126
IRUPANA (VILLA DE LANZA),desnutricion global,desnutricion leve (l),2005-09-01,16,21,26,36,42,57,99
IXIAMAS,desnutricion global,desnutricion leve (l),2005-09-01,13,17,13,7,26,24,50
JESUS DE MACHACA,desnutricion global,desnutricion leve (l),2005-09-01,14,17,4,12,18,29,47
LA ASUNTA,desnutricion global,desnutricion leve (l),2005-09-01,21,30,13,13,34,43,77
LA GUARDIA,desnutricion global,desnutricion leve (l),2005-09-01,27,18,20,32,47,50,97
LA PAZ,desnutricion global,desnutricion leve (l),2005-09-01,679,555,447,499,1126,1054,2180
LAGUNILLAS,desnutricion global,desnutricion leve (l),2005-09-01,15,20,29,28,44,48,92
LAJA,desnutricion global,desnutricion leve (l),2005-09-01,27,26,16,17,43,43,86
LAS CARRERAS,desnutricion global,desnutricion leve (l),2005-09-01,12,10,14,12,26,22,48
LICOMA PAMPA,desnutricion global,desnutricion leve (l),2005-09-01,1,1,0,2,1,3,4
LLALLAGUA,desnutricion global,desnutricion leve (l),2005-09-01,81,66,110,90,191,156,347
LLICA,desnutricion global,desnutricion leve (l),2005-09-01,0,4,5,4,5,8,13
LORETO,desnutricion global,desnutricion leve (l),2005-09-01,4,5,6,9,10,14,24
LURIBAY,desnutricion global,desnutricion leve (l),2005-09-01,18,26,23,44,41,70,111
MACHACAMARCA,desnutricion global,desnutricion leve (l),2005-09-01,4,6,6,1,10,7,17
MACHARETI,desnutricion global,desnutricion leve (l),2005-09-01,14,10,25,20,39,30,69
MAGDALENA,desnutricion global,desnutricion leve (l),2005-09-01,12,3,7,8,19,11,30
MAIRANA,desnutricion global,desnutricion leve (l),2005-09-01,8,9,3,5,11,14,25
MALLA,desnutricion global,desnutricion leve (l),2005-09-01,9,14,22,20,31,34,65
MAPIRI,desnutricion global,desnutricion leve (l),2005-09-01,12,10,10,17,22,27,49
MECAPACA,desnutricion global,desnutricion leve (l),2005-09-01,25,10,21,17,46,27,73
MINEROS,desnutricion global,desnutricion leve (l),2005-09-01,25,21,17,14,42,35,77
MIZQUE,desnutricion global,desnutricion leve (l),2005-09-01,28,28,27,22,55,50,105
MOCOMOCO,desnutricion global,desnutricion leve (l),2005-09-01,43,35,49,46,92,81,173
MOJINETE,desnutricion global,desnutricion leve (l),2005-09-01,2,2,2,1,4,3,7
MOJOCOYA,desnutricion global,desnutricion leve (l),2005-09-01,32,25,39,45,71,70,141
MONTEAGUDO,desnutricion global,desnutricion leve (l),2005-09-01,70,59,112,114,182,173,355
MONTERO,desnutricion global,desnutricion leve (l),2005-09-01,178,135,116,171,294,306,600
MORO MORO,desnutricion global,desnutricion leve (l),2005-09-01,4,0,10,7,14,7,21
MOROCHATA,desnutricion global,desnutricion leve (l),2005-09-01,73,65,76,49,149,114,263
NACEBE (SANTA ROSA DEL ABUNA),desnutricion global,desnutricion leve (l),2005-09-01,2,1,5,0,7,1,8
NAZACARA DE PACAJES,desnutricion global,desnutricion leve (l),2005-09-01,0,0,3,0,3,0,3
NUEVO MANOA (NUEVA ESPERANZA),desnutricion global,desnutricion leve (l),2005-09-01,2,0,3,5,5,5,10
OCURI,desnutricion global,desnutricion leve (l),2005-09-01,79,77,102,106,181,183,364
OKINAWA,desnutricion global,desnutricion leve (l),2005-09-01,8,8,6,1,14,9,23
OMEREQUE,desnutricion global,desnutricion leve (l),2005-09-01,11,15,11,21,22,36,58
ORURO,desnutricion global,desnutricion leve (l),2005-09-01,340,266,226,218,566,484,1050
PADCAYA,desnutricion global,desnutricion leve (l),2005-09-01,31,21,26,49,57,70,127
PADILLA,desnutricion global,desnutricion leve (l),2005-09-01,38,49,87,89,125,138,263
PALCA,desnutricion global,desnutricion leve (l),2005-09-01,20,16,10,13,30,29,59
PALOS BLANCOS,desnutricion global,desnutricion leve (l),2005-09-01,33,42,37,45,70,87,157
PAMPA AULLAGAS,desnutricion global,desnutricion leve (l),2005-09-01,4,4,7,5,11,9,20
PAMPA GRANDE,desnutricion global,desnutricion leve (l),2005-09-01,12,12,8,17,20,29,49
PAPEL PAMPA,desnutricion global,desnutricion leve (l),2005-09-01,5,7,0,1,5,8,13
PASORAPA,desnutricion global,desnutricion leve (l),2005-09-01,12,14,19,18,31,32,63
PATACAMAYA,desnutricion global,desnutricion leve (l),2005-09-01,47,58,43,48,90,106,196
PAZÑA,desnutricion global,desnutricion leve (l),2005-09-01,6,4,9,14,15,18,33
PELECHUCO,desnutricion global,desnutricion leve (l),2005-09-01,15,10,12,8,27,18,45
POCOATA,desnutricion global,desnutricion leve (l),2005-09-01,61,78,91,125,152,203,355
POCONA,desnutricion global,desnutricion leve (l),2005-09-01,21,16,25,25,46,41,87
POJO (CBBA),desnutricion global,desnutricion leve (l),2005-09-01,42,34,31,58,73,92,165
POOPO,desnutricion global,desnutricion leve (l),2005-09-01,2,8,13,14,15,22,37
PORCO,desnutricion global,desnutricion leve (l),2005-09-01,4,4,5,1,9,5,14
POROMA,desnutricion global,desnutricion leve (l),2005-09-01,82,62,106,102,188,164,352
PORONGO,desnutricion global,desnutricion leve (l),2005-09-01,7,5,2,1,9,6,15
PORTACHUELO,desnutricion global,desnutricion leve (l),2005-09-01,20,8,9,13,29,21,50
PORVENIR,desnutricion global,desnutricion leve (l),2005-09-01,0,5,3,4,3,9,12
POSTRER VALLE,desnutricion global,desnutricion leve (l),2005-09-01,1,6,1,4,2,10,12
POTOSI,desnutricion global,desnutricion leve (l),2005-09-01,264,220,207,212,471,432,903
PRESTO,desnutricion global,desnutricion leve (l),2005-09-01,57,48,70,95,127,143,270
PUCARA,desnutricion global,desnutricion leve (l),2005-09-01,1,1,3,3,4,4,8
PUCARANI,desnutricion global,desnutricion leve (l),2005-09-01,40,41,55,73,95,114,209
PUERTO ACOSTA,desnutricion global,desnutricion leve (l),2005-09-01,22,41,41,40,63,81,144
PUERTO CARABUCO,desnutricion global,desnutricion leve (l),2005-09-01,12,22,24,26,36,48,84
PUERTO GONZALO MORENO,desnutricion global,desnutricion leve (l),2005-09-01,11,13,10,17,21,30,51
PUERTO PEREZ,desnutricion global,desnutricion leve (l),2005-09-01,3,2,6,6,9,8,17
PUERTO RICO,desnutricion global,desnutricion leve (l),2005-09-01,13,19,16,13,29,32,61
PUERTO SILES,desnutricion global,desnutricion leve (l),2005-09-01,0,3,1,1,1,4,5
PUERTO VILLARROEL,desnutricion global,desnutricion leve (l),2005-09-01,61,45,72,69,133,114,247
PUNA,desnutricion global,desnutricion leve (l),2005-09-01,100,96,117,153,217,249,466
PUNATA,desnutricion global,desnutricion leve (l),2005-09-01,52,53,37,35,89,88,177
QUIABAYA,desnutricion global,desnutricion leve (l),2005-09-01,5,3,3,3,8,6,14
QUILLACOLLO,desnutricion global,desnutricion leve (l),2005-09-01,34,33,28,38,62,71,133
QUIME,desnutricion global,desnutricion leve (l),2005-09-01,25,11,30,21,55,32,87
QUIRUSILLAS,desnutricion global,desnutricion leve (l),2005-09-01,0,0,0,3,0,3,3
RAVELO,desnutricion global,desnutricion leve (l),2005-09-01,141,109,140,160,281,269,550
REYES,desnutricion global,desnutricion leve (l),2005-09-01,26,29,19,26,45,55,100
RIBERALTA,desnutricion global,desnutricion leve (l),2005-09-01,166,201,119,134,285,335,620
RURRENABAQUE,desnutricion global,desnutricion leve (l),2005-09-01,11,8,7,11,18,19,37
SABAYA,desnutricion global,desnutricion leve (l),2005-09-01,4,3,6,1,10,4,14
SACABA,desnutricion global,desnutricion leve (l),2005-09-01,90,81,86,89,176,170,346
SACABAMBA,desnutricion global,desnutricion leve (l),2005-09-01,17,9,30,23,47,32,79
SACACA,desnutricion global,desnutricion leve (l),2005-09-01,140,141,241,220,381,361,742
SAIPINA,desnutricion global,desnutricion leve (l),2005-09-01,10,9,8,4,18,13,31
SALINAS DE GARCI MENDOZA,desnutricion global,desnutricion leve (l),2005-09-01,20,8,17,15,37,23,60
SAMAIPATA,desnutricion global,desnutricion leve (l),2005-09-01,8,6,18,9,26,15,41
SAN AGUSTIN,desnutricion global,desnutricion leve (l),2005-09-01,1,4,4,4,5,8,13
SAN ANDRES,desnutricion global,desnutricion leve (l),2005-09-01,11,10,17,13,28,23,51
SAN ANDRES DE MACHACA,desnutricion global,desnutricion leve (l),2005-09-01,6,7,2,2,8,9,17
SAN ANTONIO DE ESMORUCO,desnutricion global,desnutricion leve (l),2005-09-01,1,4,2,1,3,5,8
SAN ANTONIO DE LOMERIO,desnutricion global,desnutricion leve (l),2005-09-01,27,16,42,41,69,57,126
SAN BENITO,desnutricion global,desnutricion leve (l),2005-09-01,13,9,9,5,22,14,36
SAN BORJA,desnutricion global,desnutricion leve (l),2005-09-01,64,72,47,49,111,121,232
SAN BUENA VENTURA,desnutricion global,desnutricion leve (l),2005-09-01,17,19,11,19,28,38,66
SAN CARLOS,desnutricion global,desnutricion leve (l),2005-09-01,17,13,13,9,30,22,52
SAN IGNACIO,desnutricion global,desnutricion leve (l),2005-09-01,51,52,49,34,100,86,186
SAN IGNACIO DE VELASCO,desnutricion global,desnutricion leve (l),2005-09-01,108,129,116,146,224,275,499
SAN JAVIER(BNI),desnutricion global,desnutricion leve (l),2005-09-01,9,12,13,7,22,19,41
SAN JAVIER(STC),desnutricion global,desnutricion leve (l),2005-09-01,4,6,3,3,7,9,16
SAN JOAQUIN,desnutricion global,desnutricion leve (l),2005-09-01,4,6,3,4,7,10,17
SAN JOSE DE CHIQUITOS,desnutricion global,desnutricion leve (l),2005-09-01,2,2,1,0,3,2,5
SAN JUAN DE YAPACANI,desnutricion global,desnutricion leve (l),2005-09-01,5,4,15,10,20,14,34
SAN JULIAN,desnutricion global,desnutricion leve (l),2005-09-01,12,18,24,32,36,50,86
SAN LORENZO(PND),desnutricion global,desnutricion leve (l),2005-09-01,3,5,6,3,9,8,17
SAN LORENZO(TJA),desnutricion global,desnutricion leve (l),2005-09-01,34,32,56,47,90,79,169
SAN LUCAS,desnutricion global,desnutricion leve (l),2005-09-01,191,198,242,299,433,497,930
SAN MIGUEL DE VELASCO,desnutricion global,desnutricion leve (l),2005-09-01,11,16,9,11,20,27,47
SAN PABLO DE LIPEZ,desnutricion global,desnutricion leve (l),2005-09-01,8,8,8,5,16,13,29
SAN PEDRO,desnutricion global,desnutricion leve (l),2005-09-01,12,14,15,10,27,24,51
SAN PEDRO DE BUENA VISTA,desnutricion global,desnutricion leve (l),2005-09-01,123,121,147,142,270,263,533
SAN PEDRO DE CURAHUARA,desnutricion global,desnutricion leve (l),2005-09-01,6,1,5,9,11,10,21
SAN PEDRO DE QUEMES,desnutricion global,desnutricion leve (l),2005-09-01,0,3,0,1,0,4,4
SAN PEDRO DE TIQUINA,desnutricion global,desnutricion leve (l),2005-09-01,13,5,10,8,23,13,36
SAN PEDRO(PND),desnutricion global,desnutricion leve (l),2005-09-01,1,1,2,1,3,2,5
SAN RAFAEL,desnutricion global,desnutricion leve (l),2005-09-01,17,15,9,16,26,31,57
SAN RAMON,desnutricion global,desnutricion leve (l),2005-09-01,8,3,6,4,14,7,21
SANTA ANA,desnutricion global,desnutricion leve (l),2005-09-01,18,11,12,11,30,22,52
SANTA CRUZ DE LA SIERRA,desnutricion global,desnutricion leve (l),2005-09-01,468,413,233,288,701,701,1402
SANTA ROSA,desnutricion global,desnutricion leve (l),2005-09-01,3,0,0,0,3,0,3
SANTA ROSA DEL SARA,desnutricion global,desnutricion leve (l),2005-09-01,12,12,15,21,27,33,60
SANTIAGO DE CALLAPA,desnutricion global,desnutricion leve (l),2005-09-01,21,13,14,21,35,34,69
SANTIAGO DE HUARI,desnutricion global,desnutricion leve (l),2005-09-01,7,6,11,18,18,24,42
SANTIAGO DE MACHACA,desnutricion global,desnutricion leve (l),2005-09-01,13,8,18,11,31,19,50
SANTIVAÑES,desnutricion global,desnutricion leve (l),2005-09-01,10,8,20,18,30,26,56
SANTUARIO DE QUILLACAS,desnutricion global,desnutricion leve (l),2005-09-01,7,3,11,4,18,7,25
SAPAHAQUI,desnutricion global,desnutricion leve (l),2005-09-01,17,17,11,19,28,36,64
SENA,desnutricion global,desnutricion leve (l),2005-09-01,12,9,8,12,20,21,41
SICA SICA (VILLA AROMA),desnutricion global,desnutricion leve (l),2005-09-01,68,57,57,62,125,119,244
SICAYA,desnutricion global,desnutricion leve (l),2005-09-01,15,9,21,31,36,40,76
SIPE SIPE,desnutricion global,desnutricion leve (l),2005-09-01,108,67,79,82,187,149,336
SOPACHUY,desnutricion global,desnutricion leve (l),2005-09-01,22,35,64,69,86,104,190
SORACACHI,desnutricion global,desnutricion leve (l),2005-09-01,8,18,23,22,31,40,71
SORATA,desnutricion global,desnutricion leve (l),2005-09-01,12,15,35,47,47,62,109
SUCRE,desnutricion global,desnutricion leve (l),2005-09-01,350,283,291,361,641,644,1285
TACACHI,desnutricion global,desnutricion leve (l),2005-09-01,4,6,4,6,8,12,20
TACACOMA,desnutricion global,desnutricion leve (l),2005-09-01,2,2,6,7,8,9,17
TACOBAMBA,desnutricion global,desnutricion leve (l),2005-09-01,35,34,26,14,61,48,109
TACOPAYA,desnutricion global,desnutricion leve (l),2005-09-01,41,46,40,42,81,88,169
TAHUA,desnutricion global,desnutricion leve (l),2005-09-01,2,1,1,2,3,3,6
TAPACARI,desnutricion global,desnutricion leve (l),2005-09-01,60,70,80,82,140,152,292
TARABUCO,desnutricion global,desnutricion leve (l),2005-09-01,137,106,230,239,367,345,712
TARACO,desnutricion global,desnutricion leve (l),2005-09-01,7,3,4,9,11,12,23
TARATA,desnutricion global,desnutricion leve (l),2005-09-01,18,14,12,18,30,32,62
TARIJA,desnutricion global,desnutricion leve (l),2005-09-01,154,126,155,146,309,272,581
TARVITA,desnutricion global,desnutricion leve (l),2005-09-01,90,83,161,183,251,266,517
TEOPONTE,desnutricion global,desnutricion leve (l),2005-09-01,17,14,16,22,33,36,69
TIAWANACU,desnutricion global,desnutricion leve (l),2005-09-01,13,9,9,10,22,19,41
TINGUIPAYA,desnutricion global,desnutricion leve (l),2005-09-01,60,73,83,85,143,158,301
TIPUANI,desnutricion global,desnutricion leve (l),2005-09-01,6,7,7,6,13,13,26
TIQUIPAYA,desnutricion global,desnutricion leve (l),2005-09-01,21,30,17,13,38,43,81
TIRAQUE (CBBA),desnutricion global,desnutricion leve (l),2005-09-01,73,77,78,81,151,158,309
TITO YUPANQUI (PARQUIPUJIO),desnutricion global,desnutricion leve (l),2005-09-01,0,3,4,2,4,5,9
TOCO,desnutricion global,desnutricion leve (l),2005-09-01,5,11,15,4,20,15,35
TOLATA,desnutricion global,desnutricion leve (l),2005-09-01,0,1,0,1,0,2,2
TOLEDO,desnutricion global,desnutricion leve (l),2005-09-01,6,5,11,8,17,13,30
TOMAVE,desnutricion global,desnutricion leve (l),2005-09-01,24,19,44,27,68,46,114
TOMINA,desnutricion global,desnutricion leve (l),2005-09-01,55,58,99,98,154,156,310
TORO TORO,desnutricion global,desnutricion leve (l),2005-09-01,60,41,75,56,135,97,232
TOTORA(CBBA),desnutricion global,desnutricion leve (l),2005-09-01,33,33,15,15,48,48,96
TOTORA(ORR),desnutricion global,desnutricion leve (l),2005-09-01,4,3,9,11,13,14,27
TRIGAL,desnutricion global,desnutricion leve (l),2005-09-01,1,0,0,0,1,0,1
TRINIDAD,desnutricion global,desnutricion leve (l),2005-09-01,107,91,59,69,166,160,326
TUPIZA,desnutricion global,desnutricion leve (l),2005-09-01,51,55,62,85,113,140,253
TURCO,desnutricion global,desnutricion leve (l),2005-09-01,7,5,6,15,13,20,33
UMALA,desnutricion global,desnutricion leve (l),2005-09-01,8,6,7,4,15,10,25
UNCIA,desnutricion global,desnutricion leve (l),2005-09-01,55,29,49,44,104,73,177
URIONDO (A. CONCEPCION),desnutricion global,desnutricion leve (l),2005-09-01,32,17,31,38,63,55,118
UYUNI,desnutricion global,desnutricion leve (l),2005-09-01,42,23,43,44,85,67,152
VACAS,desnutricion global,desnutricion leve (l),2005-09-01,26,14,15,10,41,24,65
VALLEGRANDE,desnutricion global,desnutricion leve (l),2005-09-01,23,14,19,21,42,35,77
VIACHA,desnutricion global,desnutricion leve (l),2005-09-01,38,49,34,45,72,94,166
VILA VILA,desnutricion global,desnutricion leve (l),2005-09-01,11,7,5,2,16,9,25
VILLA MONTES,desnutricion global,desnutricion leve (l),2005-09-01,24,24,21,21,45,45,90
VILLA NUEVA (LOMA ALTA),desnutricion global,desnutricion leve (l),2005-09-01,3,9,1,2,4,11,15
VILLA RIVERO,desnutricion global,desnutricion leve (l),2005-09-01,17,15,22,22,39,37,76
VILLA SERRANO,desnutricion global,desnutricion leve (l),2005-09-01,70,50,102,104,172,154,326
VILLA TUNARI,desnutricion global,desnutricion leve (l),2005-09-01,95,94,72,87,167,181,348
VILLA VACA GUZMAN (MUYUPAMPA),desnutricion global,desnutricion leve (l),2005-09-01,21,23,47,54,68,77,145
VILLAZON,desnutricion global,desnutricion leve (l),2005-09-01,69,60,48,72,117,132,249
VINTO,desnutricion global,desnutricion leve (l),2005-09-01,22,13,4,8,26,21,47
VITICHI,desnutricion global,desnutricion leve (l),2005-09-01,38,33,67,48,105,81,186
WALDO BALLIVIAN,desnutricion global,desnutricion leve (l),2005-09-01,5,5,2,2,7,7,14
WARNES,desnutricion global,desnutricion leve (l),2005-09-01,45,46,32,44,77,90,167
YACO,desnutricion global,desnutricion leve (l),2005-09-01,20,28,11,11,31,39,70
YACUIBA,desnutricion global,desnutricion leve (l),2005-09-01,30,39,31,30,61,69,130
YAMPARAEZ,desnutricion global,desnutricion leve (l),2005-09-01,44,43,115,94,159,137,296
YANACACHI,desnutricion global,desnutricion leve (l),2005-09-01,1,0,0,1,1,1,2
YAPACANI,desnutricion global,desnutricion leve (l),2005-09-01,60,62,49,40,109,102,211
YOCALLA,desnutricion global,desnutricion leve (l),2005-09-01,11,5,14,27,25,32,57
YOTALA,desnutricion global,desnutricion leve (l),2005-09-01,20,27,50,57,70,84,154
YUNCHARA,desnutricion global,desnutricion leve (l),2005-09-01,26,15,49,47,75,62,137
ZUDAÑEZ,desnutricion global,desnutricion leve (l),2005-09-01,28,34,57,67,85,101,186
ACACIO,desnutricion global,desnutricion leve (l),2005-10-01,31,22,33,43,64,65,129
ACHACACHI,desnutricion global,desnutricion leve (l),2005-10-01,47,46,48,68,95,114,209
ACHOCALLA,desnutricion global,desnutricion leve (l),2005-10-01,11,17,15,10,26,27,53
AIQUILE,desnutricion global,desnutricion leve (l),2005-10-01,32,23,21,36,53,59,112
ALALAY,desnutricion global,desnutricion leve (l),2005-10-01,11,14,6,9,17,23,40
ALCALA,desnutricion global,desnutricion leve (l),2005-10-01,15,13,34,30,49,43,92
ANCORAIMES,desnutricion global,desnutricion leve (l),2005-10-01,34,29,24,42,58,71,129
ANDAMARCA,desnutricion global,desnutricion leve (l),2005-10-01,9,3,16,13,25,16,41
ANTEQUERA,desnutricion global,desnutricion leve (l),2005-10-01,10,5,6,4,16,9,25
ANZALDO,desnutricion global,desnutricion leve (l),2005-10-01,7,10,14,13,21,23,44
APOLO,desnutricion global,desnutricion leve (l),2005-10-01,33,35,53,64,86,99,185
ARAMPAMPA,desnutricion global,desnutricion leve (l),2005-10-01,10,14,13,18,23,32,55
ARANI,desnutricion global,desnutricion leve (l),2005-10-01,17,26,20,22,37,48,85
ARBIETO,desnutricion global,desnutricion leve (l),2005-10-01,11,14,8,6,19,20,39
ARQUE,desnutricion global,desnutricion leve (l),2005-10-01,40,37,50,49,90,86,176
ASCENCION DE GUARAYOS,desnutricion global,desnutricion leve (l),2005-10-01,78,60,108,103,186,163,349
ATOCHA,desnutricion global,desnutricion leve (l),2005-10-01,29,30,27,16,56,46,102
AUCAPATA,desnutricion global,desnutricion leve (l),2005-10-01,17,11,6,8,23,19,42
AYATA,desnutricion global,desnutricion leve (l),2005-10-01,5,8,18,12,23,20,43
AYO AYO,desnutricion global,desnutricion leve (l),2005-10-01,13,9,20,19,33,28,61
AYOPAYA (V. DE INDEPENDENCIA),desnutricion global,desnutricion leve (l),2005-10-01,58,61,70,70,128,131,259
AZURDUY,desnutricion global,desnutricion leve (l),2005-10-01,33,48,58,65,91,113,204
BATALLAS,desnutricion global,desnutricion leve (l),2005-10-01,22,13,12,17,34,30,64
BAURES,desnutricion global,desnutricion leve (l),2005-10-01,9,8,4,12,13,20,33
BELEN DE ANDAMARCA,desnutricion global,desnutricion leve (l),2005-10-01,2,2,4,0,6,2,8
BELEN DE URMIRI,desnutricion global,desnutricion leve (l),2005-10-01,3,5,6,6,9,11,20
BELLA FLOR,desnutricion global,desnutricion leve (l),2005-10-01,2,5,4,5,6,10,16
BERMEJO,desnutricion global,desnutricion leve (l),2005-10-01,7,20,24,26,31,46,77
BETANZOS,desnutricion global,desnutricion leve (l),2005-10-01,95,109,117,135,212,244,456
BOLIVAR,desnutricion global,desnutricion leve (l),2005-10-01,36,25,21,23,57,48,105
BOLPEBRA,desnutricion global,desnutricion leve (l),2005-10-01,3,3,4,18,7,21,28
BOYUIBE,desnutricion global,desnutricion leve (l),2005-10-01,2,5,3,2,5,7,12
BUENA VISTA,desnutricion global,desnutricion leve (l),2005-10-01,9,13,18,22,27,35,62
CABEZAS,desnutricion global,desnutricion leve (l),2005-10-01,25,28,28,21,53,49,102
CAIROMA,desnutricion global,desnutricion leve (l),2005-10-01,46,64,67,77,113,141,254
"CAIZA ""D""",desnutricion global,desnutricion leve (l),2005-10-01,15,16,21,19,36,35,71
CAJUATA,desnutricion global,desnutricion leve (l),2005-10-01,19,9,11,20,30,29,59
CALACOTO,desnutricion global,desnutricion leve (l),2005-10-01,7,4,6,8,13,12,25
CALAMARCA,desnutricion global,desnutricion leve (l),2005-10-01,78,76,63,75,141,151,292
CAMARGO,desnutricion global,desnutricion leve (l),2005-10-01,47,53,55,72,102,125,227
CAMATAQUI (C. VILLA ABECIA),desnutricion global,desnutricion leve (l),2005-10-01,8,12,24,27,32,39,71
CAMIRI,desnutricion global,desnutricion leve (l),2005-10-01,48,42,37,43,85,85,170
CAPINOTA,desnutricion global,desnutricion leve (l),2005-10-01,17,15,12,16,29,31,60
CAQUIAVIRI,desnutricion global,desnutricion leve (l),2005-10-01,17,18,12,14,29,32,61
CARACOLLO,desnutricion global,desnutricion leve (l),2005-10-01,47,33,63,52,110,85,195
CARANAVI,desnutricion global,desnutricion leve (l),2005-10-01,74,81,58,84,132,165,297
CARANGAS,desnutricion global,desnutricion leve (l),2005-10-01,2,0,0,0,2,0,2
CARAPARI,desnutricion global,desnutricion leve (l),2005-10-01,6,16,12,8,18,24,42
CARIPUYO,desnutricion global,desnutricion leve (l),2005-10-01,42,44,58,58,100,102,202
CARMEN RIVERO TORREZ,desnutricion global,desnutricion leve (l),2005-10-01,6,1,3,2,9,3,12
CATACORA,desnutricion global,desnutricion leve (l),2005-10-01,0,0,1,1,1,1,2
CHACARILLA,desnutricion global,desnutricion leve (l),2005-10-01,3,3,3,4,6,7,13
CHALLAPATA,desnutricion global,desnutricion leve (l),2005-10-01,52,56,60,66,112,122,234
CHAQUI,desnutricion global,desnutricion leve (l),2005-10-01,23,21,28,28,51,49,100
CHARAGUA,desnutricion global,desnutricion leve (l),2005-10-01,38,40,30,32,68,72,140
CHARAÑA,desnutricion global,desnutricion leve (l),2005-10-01,1,3,2,4,3,7,10
CHAYANTA,desnutricion global,desnutricion leve (l),2005-10-01,41,47,65,68,106,115,221
CHIMORE,desnutricion global,desnutricion leve (l),2005-10-01,32,22,16,16,48,38,86
CHIPAYA,desnutricion global,desnutricion leve (l),2005-10-01,3,5,10,10,13,15,28
CHOQUE COTA,desnutricion global,desnutricion leve (l),2005-10-01,2,3,4,1,6,4,10
CHULUMANI (V. DE LA LIBERTAD),desnutricion global,desnutricion leve (l),2005-10-01,16,17,5,11,21,28,49
CHUMA,desnutricion global,desnutricion leve (l),2005-10-01,17,10,10,21,27,31,58
CLIZA,desnutricion global,desnutricion leve (l),2005-10-01,36,17,19,16,55,33,88
COBIJA,desnutricion global,desnutricion leve (l),2005-10-01,37,34,23,35,60,69,129
COCHABAMBA,desnutricion global,desnutricion leve (l),2005-10-01,307,285,251,300,558,585,1143
COIPASA,desnutricion global,desnutricion leve (l),2005-10-01,0,0,2,0,2,0,2
COLCAPIRHUA,desnutricion global,desnutricion leve (l),2005-10-01,50,47,38,48,88,95,183
"COLCHA ""K""",desnutricion global,desnutricion leve (l),2005-10-01,17,20,21,26,38,46,84
COLLANA,desnutricion global,desnutricion leve (l),2005-10-01,3,5,3,6,6,11,17
COLOMI,desnutricion global,desnutricion leve (l),2005-10-01,36,47,32,36,68,83,151
COLPA BELGICA,desnutricion global,desnutricion leve (l),2005-10-01,5,6,3,8,8,14,22
COLQUECHACA,desnutricion global,desnutricion leve (l),2005-10-01,112,131,171,143,283,274,557
COLQUENCHA,desnutricion global,desnutricion leve (l),2005-10-01,25,24,25,19,50,43,93
COLQUIRI,desnutricion global,desnutricion leve (l),2005-10-01,25,31,32,35,57,66,123
COMANCHE,desnutricion global,desnutricion leve (l),2005-10-01,2,2,6,6,8,8,16
COMARAPA,desnutricion global,desnutricion leve (l),2005-10-01,24,22,33,26,57,48,105
COMBAYA,desnutricion global,desnutricion leve (l),2005-10-01,10,6,6,10,16,16,32
CONCEPCION,desnutricion global,desnutricion leve (l),2005-10-01,13,18,8,6,21,24,45
COPACABANA,desnutricion global,desnutricion leve (l),2005-10-01,16,21,22,15,38,36,74
CORIPATA,desnutricion global,desnutricion leve (l),2005-10-01,39,5,15,15,54,20,74
CORO CORO,desnutricion global,desnutricion leve (l),2005-10-01,23,19,29,26,52,45,97
COROICO,desnutricion global,desnutricion leve (l),2005-10-01,21,31,32,24,53,55,108
CORQUE,desnutricion global,desnutricion leve (l),2005-10-01,12,13,7,13,19,26,45
COTAGAITA,desnutricion global,desnutricion leve (l),2005-10-01,72,52,69,73,141,125,266
COTOCA,desnutricion global,desnutricion leve (l),2005-10-01,34,40,20,26,54,66,120
CUATRO CAÑADAS,desnutricion global,desnutricion leve (l),2005-10-01,21,12,5,13,26,25,51
CUCHUMUELA (V. G. VILLARROEL),desnutricion global,desnutricion leve (l),2005-10-01,5,2,3,1,8,3,11
CUEVO,desnutricion global,desnutricion leve (l),2005-10-01,8,9,8,7,16,16,32
CULPINA,desnutricion global,desnutricion leve (l),2005-10-01,76,69,97,118,173,187,360
CURAHUARA DE CARANGAS,desnutricion global,desnutricion leve (l),2005-10-01,6,9,20,15,26,24,50
CURVA,desnutricion global,desnutricion leve (l),2005-10-01,2,1,2,1,4,2,6
DESAGUADERO,desnutricion global,desnutricion leve (l),2005-10-01,9,12,5,5,14,17,31
EL ALTO,desnutricion global,desnutricion leve (l),2005-10-01,924,898,688,643,1612,1541,3153
EL CHORO,desnutricion global,desnutricion leve (l),2005-10-01,1,3,2,1,3,4,7
EL PUENTE(STC),desnutricion global,desnutricion leve (l),2005-10-01,21,12,16,29,37,41,78
EL PUENTE(TJA),desnutricion global,desnutricion leve (l),2005-10-01,22,31,51,60,73,91,164
EL TORNO,desnutricion global,desnutricion leve (l),2005-10-01,27,26,15,30,42,56,98
EL VILLAR,desnutricion global,desnutricion leve (l),2005-10-01,11,10,31,41,42,51,93
ENTRE RIOS,desnutricion global,desnutricion leve (l),2005-10-01,46,32,40,47,86,79,165
ENTRE RIOS,desnutricion global,desnutricion leve (l),2005-10-01,23,31,36,44,59,75,134
ESCARA,desnutricion global,desnutricion leve (l),2005-10-01,2,2,0,1,2,3,5
EUCALIPTUS,desnutricion global,desnutricion leve (l),2005-10-01,10,3,11,12,21,15,36
EUREKA (SANTOS MERCADO),desnutricion global,desnutricion leve (l),2005-10-01,0,0,2,1,2,1,3
EXALTACION,desnutricion global,desnutricion leve (l),2005-10-01,7,7,6,8,13,15,28
FERNANDEZ ALONSO,desnutricion global,desnutricion leve (l),2005-10-01,15,22,10,22,25,44,69
FILADELFIA,desnutricion global,desnutricion leve (l),2005-10-01,2,2,1,2,3,4,7
GENERAL SAAVEDRA,desnutricion global,desnutricion leve (l),2005-10-01,14,13,20,14,34,27,61
GRAL. J.J. PEREZ (CHARAZANI),desnutricion global,desnutricion leve (l),2005-10-01,11,24,19,20,30,44,74
GUANAY,desnutricion global,desnutricion leve (l),2005-10-01,18,27,19,32,37,59,96
GUAQUI,desnutricion global,desnutricion leve (l),2005-10-01,11,5,8,5,19,10,29
GUAYARAMERIN,desnutricion global,desnutricion leve (l),2005-10-01,69,66,49,54,118,120,238
GUTIERREZ,desnutricion global,desnutricion leve (l),2005-10-01,60,47,91,90,151,137,288
HUACARETA,desnutricion global,desnutricion leve (l),2005-10-01,26,30,36,24,62,54,116
HUACAYA (VILLA DE HUACAYA),desnutricion global,desnutricion leve (l),2005-10-01,5,5,14,21,19,26,45
HUACHACALLA,desnutricion global,desnutricion leve (l),2005-10-01,1,5,6,3,7,8,15
HUANUNI,desnutricion global,desnutricion leve (l),2005-10-01,31,19,24,21,55,40,95
HUARACAJE,desnutricion global,desnutricion leve (l),2005-10-01,6,5,2,6,8,11,19
HUAYLLAMARCA,desnutricion global,desnutricion leve (l),2005-10-01,2,6,1,3,3,9,12
ICHOCA,desnutricion global,desnutricion leve (l),2005-10-01,15,22,16,19,31,41,72
ICLA,desnutricion global,desnutricion leve (l),2005-10-01,55,39,120,100,175,139,314
INCAHUASI,desnutricion global,desnutricion leve (l),2005-10-01,81,74,83,93,164,167,331
INGAVI (HUMAITA),desnutricion global,desnutricion leve (l),2005-10-01,1,0,0,0,1,0,1
INQUISIVI,desnutricion global,desnutricion leve (l),2005-10-01,22,22,14,16,36,38,74
IRUPANA (VILLA DE LANZA),desnutricion global,desnutricion leve (l),2005-10-01,26,29,36,35,62,64,126
IXIAMAS,desnutricion global,desnutricion leve (l),2005-10-01,18,21,18,14,36,35,71
JESUS DE MACHACA,desnutricion global,desnutricion leve (l),2005-10-01,16,24,17,26,33,50,83
LA ASUNTA,desnutricion global,desnutricion leve (l),2005-10-01,28,18,7,8,35,26,61
LA GUARDIA,desnutricion global,desnutricion leve (l),2005-10-01,25,29,28,29,53,58,111
LA PAZ,desnutricion global,desnutricion leve (l),2005-10-01,663,599,459,440,1122,1039,2161
LAGUNILLAS,desnutricion global,desnutricion leve (l),2005-10-01,19,25,34,30,53,55,108
LAJA,desnutricion global,desnutricion leve (l),2005-10-01,15,17,14,19,29,36,65
LAS CARRERAS,desnutricion global,desnutricion leve (l),2005-10-01,6,4,19,19,25,23,48
LICOMA PAMPA,desnutricion global,desnutricion leve (l),2005-10-01,0,2,0,0,0,2,2
LLALLAGUA,desnutricion global,desnutricion leve (l),2005-10-01,49,43,80,98,129,141,270
LLICA,desnutricion global,desnutricion leve (l),2005-10-01,1,3,10,5,11,8,19
LORETO,desnutricion global,desnutricion leve (l),2005-10-01,8,6,7,5,15,11,26
LURIBAY,desnutricion global,desnutricion leve (l),2005-10-01,27,22,16,36,43,58,101
MACHACAMARCA,desnutricion global,desnutricion leve (l),2005-10-01,3,10,8,9,11,19,30
MACHARETI,desnutricion global,desnutricion leve (l),2005-10-01,12,16,34,38,46,54,100
MAGDALENA,desnutricion global,desnutricion leve (l),2005-10-01,14,14,9,13,23,27,50
MAIRANA,desnutricion global,desnutricion leve (l),2005-10-01,6,10,12,17,18,27,45
MALLA,desnutricion global,desnutricion leve (l),2005-10-01,6,9,9,15,15,24,39
MAPIRI,desnutricion global,desnutricion leve (l),2005-10-01,22,24,12,23,34,47,81
MECAPACA,desnutricion global,desnutricion leve (l),2005-10-01,21,15,14,22,35,37,72
MINEROS,desnutricion global,desnutricion leve (l),2005-10-01,35,31,16,12,51,43,94
MIZQUE,desnutricion global,desnutricion leve (l),2005-10-01,38,42,45,39,83,81,164
MOCOMOCO,desnutricion global,desnutricion leve (l),2005-10-01,18,28,29,37,47,65,112
MOJINETE,desnutricion global,desnutricion leve (l),2005-10-01,1,2,3,7,4,9,13
MOJOCOYA,desnutricion global,desnutricion leve (l),2005-10-01,28,14,37,40,65,54,119
MONTEAGUDO,desnutricion global,desnutricion leve (l),2005-10-01,62,64,118,121,180,185,365
MONTERO,desnutricion global,desnutricion leve (l),2005-10-01,176,148,131,149,307,297,604
MORO MORO,desnutricion global,desnutricion leve (l),2005-10-01,2,3,12,16,14,19,33
MOROCHATA,desnutricion global,desnutricion leve (l),2005-10-01,44,43,64,71,108,114,222
NACEBE (SANTA ROSA DEL ABUNA),desnutricion global,desnutricion leve (l),2005-10-01,0,1,7,3,7,4,11
NUEVO MANOA (NUEVA ESPERANZA),desnutricion global,desnutricion leve (l),2005-10-01,1,2,2,0,3,2,5
OCURI,desnutricion global,desnutricion leve (l),2005-10-01,56,60,75,63,131,123,254
OKINAWA,desnutricion global,desnutricion leve (l),2005-10-01,5,10,6,3,11,13,24
OMEREQUE,desnutricion global,desnutricion leve (l),2005-10-01,10,14,15,26,25,40,65
ORURO,desnutricion global,desnutricion leve (l),2005-10-01,335,263,233,227,568,490,1058
PADCAYA,desnutricion global,desnutricion leve (l),2005-10-01,26,20,21,33,47,53,100
PADILLA,desnutricion global,desnutricion leve (l),2005-10-01,35,44,73,88,108,132,240
PALCA,desnutricion global,desnutricion leve (l),2005-10-01,15,8,10,3,25,11,36
PALOS BLANCOS,desnutricion global,desnutricion leve (l),2005-10-01,53,49,36,35,89,84,173
PAMPA AULLAGAS,desnutricion global,desnutricion leve (l),2005-10-01,10,9,11,18,21,27,48
PAMPA GRANDE,desnutricion global,desnutricion leve (l),2005-10-01,7,6,8,4,15,10,25
PAPEL PAMPA,desnutricion global,desnutricion leve (l),2005-10-01,6,7,7,10,13,17,30
PASORAPA,desnutricion global,desnutricion leve (l),2005-10-01,16,15,21,18,37,33,70
PATACAMAYA,desnutricion global,desnutricion leve (l),2005-10-01,61,44,37,35,98,79,177
PAZÑA,desnutricion global,desnutricion leve (l),2005-10-01,16,11,11,23,27,34,61
PELECHUCO,desnutricion global,desnutricion leve (l),2005-10-01,10,7,14,14,24,21,45
POCOATA,desnutricion global,desnutricion leve (l),2005-10-01,66,101,90,106,156,207,363
POCONA,desnutricion global,desnutricion leve (l),2005-10-01,23,26,32,35,55,61,116
POJO (CBBA),desnutricion global,desnutricion leve (l),2005-10-01,12,13,9,16,21,29,50
POOPO,desnutricion global,desnutricion leve (l),2005-10-01,5,3,2,4,7,7,14
PORCO,desnutricion global,desnutricion leve (l),2005-10-01,7,5,11,8,18,13,31
POROMA,desnutricion global,desnutricion leve (l),2005-10-01,64,40,80,73,144,113,257
PORONGO,desnutricion global,desnutricion leve (l),2005-10-01,7,3,4,3,11,6,17
PORTACHUELO,desnutricion global,desnutricion leve (l),2005-10-01,23,17,21,10,44,27,71
PORVENIR,desnutricion global,desnutricion leve (l),2005-10-01,2,6,0,3,2,9,11
POSTRER VALLE,desnutricion global,desnutricion leve (l),2005-10-01,3,2,4,6,7,8,15
POTOSI,desnutricion global,desnutricion leve (l),2005-10-01,327,286,231,252,558,538,1096
PRESTO,desnutricion global,desnutricion leve (l),2005-10-01,39,38,42,69,81,107,188
PUCARA,desnutricion global,desnutricion leve (l),2005-10-01,4,0,11,13,15,13,28
PUCARANI,desnutricion global,desnutricion leve (l),2005-10-01,45,48,57,46,102,94,196
PUERTO ACOSTA,desnutricion global,desnutricion leve (l),2005-10-01,49,48,51,70,100,118,218
PUERTO CARABUCO,desnutricion global,desnutricion leve (l),2005-10-01,35,19,27,39,62,58,120
PUERTO GONZALO MORENO,desnutricion global,desnutricion leve (l),2005-10-01,18,19,34,31,52,50,102
PUERTO PEREZ,desnutricion global,desnutricion leve (l),2005-10-01,3,2,15,11,18,13,31
PUERTO QUIJARRO,desnutricion global,desnutricion leve (l),2005-10-01,3,4,3,4,6,8,14
PUERTO RICO,desnutricion global,desnutricion leve (l),2005-10-01,8,14,15,24,23,38,61
PUERTO SILES,desnutricion global,desnutricion leve (l),2005-10-01,2,2,0,2,2,4,6
PUERTO SUAREZ,desnutricion global,desnutricion leve (l),2005-10-01,17,13,9,5,26,18,44
PUERTO VILLARROEL,desnutricion global,desnutricion leve (l),2005-10-01,90,96,103,102,193,198,391
PUNA,desnutricion global,desnutricion leve (l),2005-10-01,75,73,116,102,191,175,366
PUNATA,desnutricion global,desnutricion leve (l),2005-10-01,43,35,17,29,60,64,124
QUIABAYA,desnutricion global,desnutricion leve (l),2005-10-01,2,2,1,2,3,4,7
QUILLACOLLO,desnutricion global,desnutricion leve (l),2005-10-01,102,97,94,105,196,202,398
QUIME,desnutricion global,desnutricion leve (l),2005-10-01,17,33,24,24,41,57,98
QUIRUSILLAS,desnutricion global,desnutricion leve (l),2005-10-01,3,4,0,3,3,7,10
RAVELO,desnutricion global,desnutricion leve (l),2005-10-01,156,150,143,172,299,322,621
REYES,desnutricion global,desnutricion leve (l),2005-10-01,14,15,15,17,29,32,61
RIBERALTA,desnutricion global,desnutricion leve (l),2005-10-01,216,276,159,189,375,465,840
ROBORE,desnutricion global,desnutricion leve (l),2005-10-01,2,2,2,1,4,3,7
RURRENABAQUE,desnutricion global,desnutricion leve (l),2005-10-01,14,10,6,6,20,16,36
SABAYA,desnutricion global,desnutricion leve (l),2005-10-01,6,5,2,5,8,10,18
SACABA,desnutricion global,desnutricion leve (l),2005-10-01,77,80,44,57,121,137,258
SACABAMBA,desnutricion global,desnutricion leve (l),2005-10-01,6,8,11,10,17,18,35
SACACA,desnutricion global,desnutricion leve (l),2005-10-01,121,129,230,216,351,345,696
SAIPINA,desnutricion global,desnutricion leve (l),2005-10-01,5,13,9,8,14,21,35
SALINAS DE GARCI MENDOZA,desnutricion global,desnutricion leve (l),2005-10-01,15,22,28,23,43,45,88
SAMAIPATA,desnutricion global,desnutricion leve (l),2005-10-01,16,20,12,15,28,35,63
SAN AGUSTIN,desnutricion global,desnutricion leve (l),2005-10-01,0,4,3,1,3,5,8
SAN ANDRES,desnutricion global,desnutricion leve (l),2005-10-01,22,18,8,11,30,29,59
SAN ANDRES DE MACHACA,desnutricion global,desnutricion leve (l),2005-10-01,5,5,4,6,9,11,20
SAN ANTONIO DE ESMORUCO,desnutricion global,desnutricion leve (l),2005-10-01,0,1,4,4,4,5,9
SAN ANTONIO DE LOMERIO,desnutricion global,desnutricion leve (l),2005-10-01,8,11,8,8,16,19,35
SAN BENITO,desnutricion global,desnutricion leve (l),2005-10-01,9,13,29,33,38,46,84
SAN BORJA,desnutricion global,desnutricion leve (l),2005-10-01,62,57,65,63,127,120,247
SAN BUENA VENTURA,desnutricion global,desnutricion leve (l),2005-10-01,11,12,15,14,26,26,52
SAN CARLOS,desnutricion global,desnutricion leve (l),2005-10-01,20,14,6,9,26,23,49
SAN IGNACIO,desnutricion global,desnutricion leve (l),2005-10-01,43,52,61,54,104,106,210
SAN IGNACIO DE VELASCO,desnutricion global,desnutricion leve (l),2005-10-01,100,134,96,112,196,246,442
SAN JAVIER(BNI),desnutricion global,desnutricion leve (l),2005-10-01,4,9,2,6,6,15,21
SAN JAVIER(STC),desnutricion global,desnutricion leve (l),2005-10-01,4,6,3,2,7,8,15
SAN JOAQUIN,desnutricion global,desnutricion leve (l),2005-10-01,0,3,1,1,1,4,5
SAN JOSE DE CHIQUITOS,desnutricion global,desnutricion leve (l),2005-10-01,0,2,1,0,1,2,3
SAN JUAN DE YAPACANI,desnutricion global,desnutricion leve (l),2005-10-01,9,5,6,5,15,10,25
SAN JULIAN,desnutricion global,desnutricion leve (l),2005-10-01,27,27,43,46,70,73,143
SAN LORENZO(PND),desnutricion global,desnutricion leve (l),2005-10-01,16,15,23,26,39,41,80
SAN LORENZO(TJA),desnutricion global,desnutricion leve (l),2005-10-01,49,36,78,66,127,102,229
SAN LUCAS,desnutricion global,desnutricion leve (l),2005-10-01,162,199,254,283,416,482,898
SAN MIGUEL DE VELASCO,desnutricion global,desnutricion leve (l),2005-10-01,15,33,17,33,32,66,98
SAN PABLO DE LIPEZ,desnutricion global,desnutricion leve (l),2005-10-01,3,1,6,7,9,8,17
SAN PEDRO,desnutricion global,desnutricion leve (l),2005-10-01,20,18,8,17,28,35,63
SAN PEDRO DE BUENA VISTA,desnutricion global,desnutricion leve (l),2005-10-01,73,77,121,144,194,221,415
SAN PEDRO DE CURAHUARA,desnutricion global,desnutricion leve (l),2005-10-01,16,14,13,22,29,36,65
SAN PEDRO DE QUEMES,desnutricion global,desnutricion leve (l),2005-10-01,0,1,0,1,0,2,2
SAN PEDRO DE TIQUINA,desnutricion global,desnutricion leve (l),2005-10-01,7,2,3,7,10,9,19
SAN PEDRO(PND),desnutricion global,desnutricion leve (l),2005-10-01,3,14,7,15,10,29,39
SAN RAFAEL,desnutricion global,desnutricion leve (l),2005-10-01,12,11,9,8,21,19,40
SAN RAMON,desnutricion global,desnutricion leve (l),2005-10-01,7,5,5,2,12,7,19
SANTA ANA,desnutricion global,desnutricion leve (l),2005-10-01,13,17,10,6,23,23,46
SANTA CRUZ DE LA SIERRA,desnutricion global,desnutricion leve (l),2005-10-01,455,450,242,264,697,714,1411
SANTA ROSA,desnutricion global,desnutricion leve (l),2005-10-01,7,6,6,7,13,13,26
SANTA ROSA DEL SARA,desnutricion global,desnutricion leve (l),2005-10-01,11,11,12,15,23,26,49
SANTIAGO DE CALLAPA,desnutricion global,desnutricion leve (l),2005-10-01,7,9,16,11,23,20,43
SANTIAGO DE HUARI,desnutricion global,desnutricion leve (l),2005-10-01,12,9,35,24,47,33,80
SANTIAGO DE MACHACA,desnutricion global,desnutricion leve (l),2005-10-01,6,6,6,6,12,12,24
SANTIVAÑES,desnutricion global,desnutricion leve (l),2005-10-01,3,11,16,14,19,25,44
SANTUARIO DE QUILLACAS,desnutricion global,desnutricion leve (l),2005-10-01,7,3,8,7,15,10,25
SAPAHAQUI,desnutricion global,desnutricion leve (l),2005-10-01,27,28,42,47,69,75,144
SENA,desnutricion global,desnutricion leve (l),2005-10-01,7,10,2,15,9,25,34
SICA SICA (VILLA AROMA),desnutricion global,desnutricion leve (l),2005-10-01,39,44,38,37,77,81,158
SICAYA,desnutricion global,desnutricion leve (l),2005-10-01,11,3,5,6,16,9,25
SIPE SIPE,desnutricion global,desnutricion leve (l),2005-10-01,106,89,105,93,211,182,393
SOPACHUY,desnutricion global,desnutricion leve (l),2005-10-01,18,32,47,45,65,77,142
SORACACHI,desnutricion global,desnutricion leve (l),2005-10-01,21,22,34,34,55,56,111
SORATA,desnutricion global,desnutricion leve (l),2005-10-01,30,40,46,79,76,119,195
SUCRE,desnutricion global,desnutricion leve (l),2005-10-01,306,273,380,417,686,690,1376
TACACHI,desnutricion global,desnutricion leve (l),2005-10-01,7,4,5,3,12,7,19
TACACOMA,desnutricion global,desnutricion leve (l),2005-10-01,1,2,2,0,3,2,5
TACOPAYA,desnutricion global,desnutricion leve (l),2005-10-01,42,57,44,51,86,108,194
TAHUA,desnutricion global,desnutricion leve (l),2005-10-01,2,0,0,2,2,2,4
TAPACARI,desnutricion global,desnutricion leve (l),2005-10-01,66,49,55,66,121,115,236
TARABUCO,desnutricion global,desnutricion leve (l),2005-10-01,135,108,221,247,356,355,711
TARACO,desnutricion global,desnutricion leve (l),2005-10-01,2,0,0,3,2,3,5
TARATA,desnutricion global,desnutricion leve (l),2005-10-01,20,14,14,13,34,27,61
TARIJA,desnutricion global,desnutricion leve (l),2005-10-01,148,167,151,162,299,329,628
TARVITA,desnutricion global,desnutricion leve (l),2005-10-01,27,30,11,26,38,56,94
TEOPONTE,desnutricion global,desnutricion leve (l),2005-10-01,6,10,6,12,12,22,34
TIAWANACU,desnutricion global,desnutricion leve (l),2005-10-01,17,7,13,7,30,14,44
TINGUIPAYA,desnutricion global,desnutricion leve (l),2005-10-01,57,95,71,60,128,155,283
TIPUANI,desnutricion global,desnutricion leve (l),2005-10-01,4,6,2,6,6,12,18
TIQUIPAYA,desnutricion global,desnutricion leve (l),2005-10-01,42,37,55,45,97,82,179
TIRAQUE (CBBA),desnutricion global,desnutricion leve (l),2005-10-01,79,84,75,86,154,170,324
TITO YUPANQUI (PARQUIPUJIO),desnutricion global,desnutricion leve (l),2005-10-01,4,1,5,1,9,2,11
TOCO,desnutricion global,desnutricion leve (l),2005-10-01,1,5,11,5,12,10,22
TOLATA,desnutricion global,desnutricion leve (l),2005-10-01,0,2,2,1,2,3,5
TOLEDO,desnutricion global,desnutricion leve (l),2005-10-01,7,9,15,16,22,25,47
TOMAVE,desnutricion global,desnutricion leve (l),2005-10-01,23,18,29,28,52,46,98
TOMINA,desnutricion global,desnutricion leve (l),2005-10-01,46,44,70,104,116,148,264
TORO TORO,desnutricion global,desnutricion leve (l),2005-10-01,45,43,47,45,92,88,180
TOTORA(CBBA),desnutricion global,desnutricion leve (l),2005-10-01,47,27,41,33,88,60,148
TOTORA(ORR),desnutricion global,desnutricion leve (l),2005-10-01,0,0,2,4,2,4,6
TRIGAL,desnutricion global,desnutricion leve (l),2005-10-01,1,0,0,4,1,4,5
TRINIDAD,desnutricion global,desnutricion leve (l),2005-10-01,104,95,87,52,191,147,338
TUPIZA,desnutricion global,desnutricion leve (l),2005-10-01,44,51,70,81,114,132,246
TURCO,desnutricion global,desnutricion leve (l),2005-10-01,1,2,6,3,7,5,12
UMALA,desnutricion global,desnutricion leve (l),2005-10-01,15,8,15,19,30,27,57
UNCIA,desnutricion global,desnutricion leve (l),2005-10-01,52,58,52,63,104,121,225
URIONDO (A. CONCEPCION),desnutricion global,desnutricion leve (l),2005-10-01,38,30,27,37,65,67,132
URUBICHA,desnutricion global,desnutricion leve (l),2005-10-01,39,42,70,78,109,120,229
UYUNI,desnutricion global,desnutricion leve (l),2005-10-01,14,6,11,11,25,17,42
VACAS,desnutricion global,desnutricion leve (l),2005-10-01,34,25,19,25,53,50,103
VALLEGRANDE,desnutricion global,desnutricion leve (l),2005-10-01,23,25,21,34,44,59,103
VIACHA,desnutricion global,desnutricion leve (l),2005-10-01,44,43,34,44,78,87,165
VILA VILA,desnutricion global,desnutricion leve (l),2005-10-01,14,15,25,19,39,34,73
VILLA MONTES,desnutricion global,desnutricion leve (l),2005-10-01,40,24,26,40,66,64,130
VILLA RIVERO,desnutricion global,desnutricion leve (l),2005-10-01,16,17,18,17,34,34,68
VILLA SERRANO,desnutricion global,desnutricion leve (l),2005-10-01,68,42,104,99,172,141,313
VILLA TUNARI,desnutricion global,desnutricion leve (l),2005-10-01,132,102,101,141,233,243,476
VILLA VACA GUZMAN (MUYUPAMPA),desnutricion global,desnutricion leve (l),2005-10-01,34,23,62,44,96,67,163
VILLAZON,desnutricion global,desnutricion leve (l),2005-10-01,63,45,57,54,120,99,219
VINTO,desnutricion global,desnutricion leve (l),2005-10-01,25,14,17,11,42,25,67
VITICHI,desnutricion global,desnutricion leve (l),2005-10-01,26,34,85,47,111,81,192
WALDO BALLIVIAN,desnutricion global,desnutricion leve (l),2005-10-01,10,13,2,1,12,14,26
WARNES,desnutricion global,desnutricion leve (l),2005-10-01,66,48,37,47,103,95,198
YACO,desnutricion global,desnutricion leve (l),2005-10-01,26,29,19,26,45,55,100
YACUIBA,desnutricion global,desnutricion leve (l),2005-10-01,42,47,46,49,88,96,184
YAMPARAEZ,desnutricion global,desnutricion leve (l),2005-10-01,37,40,129,103,166,143,309
YANACACHI,desnutricion global,desnutricion leve (l),2005-10-01,1,1,1,3,2,4,6
YAPACANI,desnutricion global,desnutricion leve (l),2005-10-01,56,55,49,48,105,103,208
YOCALLA,desnutricion global,desnutricion leve (l),2005-10-01,6,4,18,10,24,14,38
YOTALA,desnutricion global,desnutricion leve (l),2005-10-01,26,30,57,59,83,89,172
YUNCHARA,desnutricion global,desnutricion leve (l),2005-10-01,25,26,66,57,91,83,174
ZUDAÑEZ,desnutricion global,desnutricion leve (l),2005-10-01,28,27,45,52,73,79,152
ACACIO,desnutricion global,desnutricion leve (l),2005-11-01,31,22,40,46,71,68,139
ACHACACHI,desnutricion global,desnutricion leve (l),2005-11-01,31,47,32,39,63,86,149
ACHOCALLA,desnutricion global,desnutricion leve (l),2005-11-01,3,12,11,6,14,18,32
AIQUILE,desnutricion global,desnutricion leve (l),2005-11-01,37,26,25,32,62,58,120
ALALAY,desnutricion global,desnutricion leve (l),2005-11-01,9,12,10,12,19,24,43
ALCALA,desnutricion global,desnutricion leve (l),2005-11-01,14,20,33,26,47,46,93
ANCORAIMES,desnutricion global,desnutricion leve (l),2005-11-01,23,14,37,48,60,62,122
ANDAMARCA,desnutricion global,desnutricion leve (l),2005-11-01,10,8,13,17,23,25,48
ANTEQUERA,desnutricion global,desnutricion leve (l),2005-11-01,6,4,4,5,10,9,19
ANZALDO,desnutricion global,desnutricion leve (l),2005-11-01,14,18,11,9,25,27,52
APOLO,desnutricion global,desnutricion leve (l),2005-11-01,38,43,45,51,83,94,177
ARAMPAMPA,desnutricion global,desnutricion leve (l),2005-11-01,26,29,41,29,67,58,125
ARANI,desnutricion global,desnutricion leve (l),2005-11-01,18,17,27,22,45,39,84
ARBIETO,desnutricion global,desnutricion leve (l),2005-11-01,9,5,8,14,17,19,36
ARQUE,desnutricion global,desnutricion leve (l),2005-11-01,38,54,39,38,77,92,169
ASCENCION DE GUARAYOS,desnutricion global,desnutricion leve (l),2005-11-01,0,0,1,0,1,0,1
ATOCHA,desnutricion global,desnutricion leve (l),2005-11-01,26,27,22,17,48,44,92
AUCAPATA,desnutricion global,desnutricion leve (l),2005-11-01,9,2,8,5,17,7,24
AYATA,desnutricion global,desnutricion leve (l),2005-11-01,36,31,42,49,78,80,158
AYO AYO,desnutricion global,desnutricion leve (l),2005-11-01,10,9,10,6,20,15,35
AYOPAYA (V. DE INDEPENDENCIA),desnutricion global,desnutricion leve (l),2005-11-01,58,38,53,43,111,81,192
AZURDUY,desnutricion global,desnutricion leve (l),2005-11-01,36,40,60,96,96,136,232
BATALLAS,desnutricion global,desnutricion leve (l),2005-11-01,17,15,7,7,24,22,46
BAURES,desnutricion global,desnutricion leve (l),2005-11-01,10,12,7,6,17,18,35
BELEN DE ANDAMARCA,desnutricion global,desnutricion leve (l),2005-11-01,2,1,6,3,8,4,12
BELEN DE URMIRI,desnutricion global,desnutricion leve (l),2005-11-01,8,5,14,14,22,19,41
BELLA FLOR,desnutricion global,desnutricion leve (l),2005-11-01,7,6,6,4,13,10,23
BERMEJO,desnutricion global,desnutricion leve (l),2005-11-01,24,25,22,30,46,55,101
BETANZOS,desnutricion global,desnutricion leve (l),2005-11-01,104,103,152,173,256,276,532
BOLIVAR,desnutricion global,desnutricion leve (l),2005-11-01,47,45,54,50,101,95,196
BOLPEBRA,desnutricion global,desnutricion leve (l),2005-11-01,3,1,1,3,4,4,8
BOYUIBE,desnutricion global,desnutricion leve (l),2005-11-01,3,3,10,6,13,9,22
BUENA VISTA,desnutricion global,desnutricion leve (l),2005-11-01,28,22,32,34,60,56,116
CABEZAS,desnutricion global,desnutricion leve (l),2005-11-01,20,25,24,27,44,52,96
CAIROMA,desnutricion global,desnutricion leve (l),2005-11-01,37,53,46,65,83,118,201
"CAIZA ""D""",desnutricion global,desnutricion leve (l),2005-11-01,24,43,58,62,82,105,187
CAJUATA,desnutricion global,desnutricion leve (l),2005-11-01,22,11,11,19,33,30,63
CALACOTO,desnutricion global,desnutricion leve (l),2005-11-01,16,11,20,9,36,20,56
CALAMARCA,desnutricion global,desnutricion leve (l),2005-11-01,65,55,56,62,121,117,238
CAMARGO,desnutricion global,desnutricion leve (l),2005-11-01,62,70,72,76,134,146,280
CAMATAQUI (C. VILLA ABECIA),desnutricion global,desnutricion leve (l),2005-11-01,14,6,26,18,40,24,64
CAMIRI,desnutricion global,desnutricion leve (l),2005-11-01,51,55,41,67,92,122,214
CAPINOTA,desnutricion global,desnutricion leve (l),2005-11-01,42,49,33,32,75,81,156
CAQUIAVIRI,desnutricion global,desnutricion leve (l),2005-11-01,14,18,17,22,31,40,71
CARACOLLO,desnutricion global,desnutricion leve (l),2005-11-01,37,21,38,27,75,48,123
CARANAVI,desnutricion global,desnutricion leve (l),2005-11-01,77,84,75,92,152,176,328
CARANGAS,desnutricion global,desnutricion leve (l),2005-11-01,0,0,0,2,0,2,2
CARAPARI,desnutricion global,desnutricion leve (l),2005-11-01,10,11,12,14,22,25,47
CARIPUYO,desnutricion global,desnutricion leve (l),2005-11-01,63,57,106,108,169,165,334
CATACORA,desnutricion global,desnutricion leve (l),2005-11-01,0,1,3,3,3,4,7
CHACARILLA,desnutricion global,desnutricion leve (l),2005-11-01,7,7,14,7,21,14,35
CHALLAPATA,desnutricion global,desnutricion leve (l),2005-11-01,56,52,55,69,111,121,232
CHAQUI,desnutricion global,desnutricion leve (l),2005-11-01,24,28,41,51,65,79,144
CHARAGUA,desnutricion global,desnutricion leve (l),2005-11-01,35,39,15,41,50,80,130
CHARAÑA,desnutricion global,desnutricion leve (l),2005-11-01,6,4,9,13,15,17,32
CHAYANTA,desnutricion global,desnutricion leve (l),2005-11-01,44,27,51,42,95,69,164
CHIMORE,desnutricion global,desnutricion leve (l),2005-11-01,32,36,32,33,64,69,133
CHIPAYA,desnutricion global,desnutricion leve (l),2005-11-01,5,4,10,10,15,14,29
CHOQUE COTA,desnutricion global,desnutricion leve (l),2005-11-01,1,3,2,2,3,5,8
CHULUMANI (V. DE LA LIBERTAD),desnutricion global,desnutricion leve (l),2005-11-01,15,16,17,10,32,26,58
CHUMA,desnutricion global,desnutricion leve (l),2005-11-01,29,26,25,28,54,54,108
CLIZA,desnutricion global,desnutricion leve (l),2005-11-01,36,41,26,23,62,64,126
COBIJA,desnutricion global,desnutricion leve (l),2005-11-01,55,68,53,79,108,147,255
COCHABAMBA,desnutricion global,desnutricion leve (l),2005-11-01,463,377,342,363,805,740,1545
COLCAPIRHUA,desnutricion global,desnutricion leve (l),2005-11-01,72,47,45,45,117,92,209
"COLCHA ""K""",desnutricion global,desnutricion leve (l),2005-11-01,21,15,27,31,48,46,94
COLLANA,desnutricion global,desnutricion leve (l),2005-11-01,0,2,2,0,2,2,4
COLOMI,desnutricion global,desnutricion leve (l),2005-11-01,56,46,22,30,78,76,154
COLPA BELGICA,desnutricion global,desnutricion leve (l),2005-11-01,7,7,2,5,9,12,21
COLQUECHACA,desnutricion global,desnutricion leve (l),2005-11-01,106,92,69,87,175,179,354
COLQUENCHA,desnutricion global,desnutricion leve (l),2005-11-01,6,21,9,15,15,36,51
COLQUIRI,desnutricion global,desnutricion leve (l),2005-11-01,41,45,38,43,79,88,167
COMANCHE,desnutricion global,desnutricion leve (l),2005-11-01,2,6,1,5,3,11,14
COMARAPA,desnutricion global,desnutricion leve (l),2005-11-01,38,52,40,38,78,90,168
COMBAYA,desnutricion global,desnutricion leve (l),2005-11-01,5,4,8,2,13,6,19
CONCEPCION,desnutricion global,desnutricion leve (l),2005-11-01,8,9,4,20,12,29,41
COPACABANA,desnutricion global,desnutricion leve (l),2005-11-01,20,7,15,20,35,27,62
CORIPATA,desnutricion global,desnutricion leve (l),2005-11-01,10,22,14,20,24,42,66
CORO CORO,desnutricion global,desnutricion leve (l),2005-11-01,18,24,22,15,40,39,79
COROICO,desnutricion global,desnutricion leve (l),2005-11-01,21,25,15,16,36,41,77
CORQUE,desnutricion global,desnutricion leve (l),2005-11-01,25,16,13,20,38,36,74
COTAGAITA,desnutricion global,desnutricion leve (l),2005-11-01,69,59,93,77,162,136,298
COTOCA,desnutricion global,desnutricion leve (l),2005-11-01,50,67,21,30,71,97,168
CUATRO CAÑADAS,desnutricion global,desnutricion leve (l),2005-11-01,22,16,22,15,44,31,75
CUCHUMUELA (V. G. VILLARROEL),desnutricion global,desnutricion leve (l),2005-11-01,8,7,10,5,18,12,30
CUEVO,desnutricion global,desnutricion leve (l),2005-11-01,4,9,5,6,9,15,24
CULPINA,desnutricion global,desnutricion leve (l),2005-11-01,93,103,111,145,204,248,452
CURAHUARA DE CARANGAS,desnutricion global,desnutricion leve (l),2005-11-01,5,4,5,6,10,10,20
CURVA,desnutricion global,desnutricion leve (l),2005-11-01,3,2,1,3,4,5,9
DESAGUADERO,desnutricion global,desnutricion leve (l),2005-11-01,7,6,6,3,13,9,22
EL ALTO,desnutricion global,desnutricion leve (l),2005-11-01,1191,989,794,741,1985,1730,3715
EL CHORO,desnutricion global,desnutricion leve (l),2005-11-01,2,2,6,5,8,7,15
EL PUENTE(STC),desnutricion global,desnutricion leve (l),2005-11-01,9,13,20,34,29,47,76
EL PUENTE(TJA),desnutricion global,desnutricion leve (l),2005-11-01,38,38,74,101,112,139,251
EL TORNO,desnutricion global,desnutricion leve (l),2005-11-01,39,41,37,40,76,81,157
EL VILLAR,desnutricion global,desnutricion leve (l),2005-11-01,8,15,29,34,37,49,86
ENTRE RIOS,desnutricion global,desnutricion leve (l),2005-11-01,37,29,40,60,77,89,166
ENTRE RIOS,desnutricion global,desnutricion leve (l),2005-11-01,61,51,48,52,109,103,212
ESCARA,desnutricion global,desnutricion leve (l),2005-11-01,0,0,1,0,1,0,1
EUCALIPTUS,desnutricion global,desnutricion leve (l),2005-11-01,9,7,14,12,23,19,42
EUREKA (SANTOS MERCADO),desnutricion global,desnutricion leve (l),2005-11-01,2,1,2,2,4,3,7
EXALTACION,desnutricion global,desnutricion leve (l),2005-11-01,10,5,4,10,14,15,29
FERNANDEZ ALONSO,desnutricion global,desnutricion leve (l),2005-11-01,21,20,11,18,32,38,70
FILADELFIA,desnutricion global,desnutricion leve (l),2005-11-01,3,4,3,7,6,11,17
GENERAL SAAVEDRA,desnutricion global,desnutricion leve (l),2005-11-01,18,18,29,39,47,57,104
GRAL. J.J. PEREZ (CHARAZANI),desnutricion global,desnutricion leve (l),2005-11-01,42,26,39,38,81,64,145
GUANAY,desnutricion global,desnutricion leve (l),2005-11-01,35,33,21,45,56,78,134
GUAQUI,desnutricion global,desnutricion leve (l),2005-11-01,2,7,3,7,5,14,19
GUAYARAMERIN,desnutricion global,desnutricion leve (l),2005-11-01,72,80,42,45,114,125,239
GUTIERREZ,desnutricion global,desnutricion leve (l),2005-11-01,31,42,64,76,95,118,213
HUACARETA,desnutricion global,desnutricion leve (l),2005-11-01,23,22,29,26,52,48,100
HUACAYA (VILLA DE HUACAYA),desnutricion global,desnutricion leve (l),2005-11-01,8,4,22,18,30,22,52
HUACHACALLA,desnutricion global,desnutricion leve (l),2005-11-01,1,2,2,2,3,4,7
HUANUNI,desnutricion global,desnutricion leve (l),2005-11-01,38,22,22,29,60,51,111
HUARACAJE,desnutricion global,desnutricion leve (l),2005-11-01,8,8,4,11,12,19,31
HUAYLLAMARCA,desnutricion global,desnutricion leve (l),2005-11-01,1,4,1,8,2,12,14
ICHOCA,desnutricion global,desnutricion leve (l),2005-11-01,13,27,16,26,29,53,82
ICLA,desnutricion global,desnutricion leve (l),2005-11-01,62,70,121,97,183,167,350
INCAHUASI,desnutricion global,desnutricion leve (l),2005-11-01,97,97,113,151,210,248,458
INQUISIVI,desnutricion global,desnutricion leve (l),2005-11-01,16,24,13,31,29,55,84
IRUPANA (VILLA DE LANZA),desnutricion global,desnutricion leve (l),2005-11-01,15,21,24,31,39,52,91
IXIAMAS,desnutricion global,desnutricion leve (l),2005-11-01,16,11,11,5,27,16,43
JESUS DE MACHACA,desnutricion global,desnutricion leve (l),2005-11-01,23,20,10,14,33,34,67
LA ASUNTA,desnutricion global,desnutricion leve (l),2005-11-01,24,19,13,6,37,25,62
LA GUARDIA,desnutricion global,desnutricion leve (l),2005-11-01,58,45,39,40,97,85,182
LA PAZ,desnutricion global,desnutricion leve (l),2005-11-01,798,698,539,627,1337,1325,2662
LAGUNILLAS,desnutricion global,desnutricion leve (l),2005-11-01,18,22,24,44,42,66,108
LAJA,desnutricion global,desnutricion leve (l),2005-11-01,13,14,13,11,26,25,51
LAS CARRERAS,desnutricion global,desnutricion leve (l),2005-11-01,7,10,22,31,29,41,70
LICOMA PAMPA,desnutricion global,desnutricion leve (l),2005-11-01,1,1,0,1,1,2,3
LLALLAGUA,desnutricion global,desnutricion leve (l),2005-11-01,63,111,171,166,234,277,511
LLICA,desnutricion global,desnutricion leve (l),2005-11-01,3,5,14,8,17,13,30
LORETO,desnutricion global,desnutricion leve (l),2005-11-01,4,8,5,7,9,15,24
LURIBAY,desnutricion global,desnutricion leve (l),2005-11-01,31,31,22,35,53,66,119
MACHACAMARCA,desnutricion global,desnutricion leve (l),2005-11-01,5,4,6,3,11,7,18
MACHARETI,desnutricion global,desnutricion leve (l),2005-11-01,10,6,28,30,38,36,74
MAGDALENA,desnutricion global,desnutricion leve (l),2005-11-01,20,17,14,12,34,29,63
MAIRANA,desnutricion global,desnutricion leve (l),2005-11-01,9,22,11,10,20,32,52
MALLA,desnutricion global,desnutricion leve (l),2005-11-01,12,18,26,21,38,39,77
MAPIRI,desnutricion global,desnutricion leve (l),2005-11-01,13,12,10,15,23,27,50
MECAPACA,desnutricion global,desnutricion leve (l),2005-11-01,19,6,19,14,38,20,58
MINEROS,desnutricion global,desnutricion leve (l),2005-11-01,43,26,30,27,73,53,126
MIZQUE,desnutricion global,desnutricion leve (l),2005-11-01,44,39,34,48,78,87,165
MOCOMOCO,desnutricion global,desnutricion leve (l),2005-11-01,43,33,40,28,83,61,144
MOJINETE,desnutricion global,desnutricion leve (l),2005-11-01,4,2,6,4,10,6,16
MOJOCOYA,desnutricion global,desnutricion leve (l),2005-11-01,31,19,36,38,67,57,124
MONTEAGUDO,desnutricion global,desnutricion leve (l),2005-11-01,71,64,120,134,191,198,389
MONTERO,desnutricion global,desnutricion leve (l),2005-11-01,213,215,163,196,376,411,787
MORO MORO,desnutricion global,desnutricion leve (l),2005-11-01,7,1,3,8,10,9,19
MOROCHATA,desnutricion global,desnutricion leve (l),2005-11-01,43,54,60,50,103,104,207
NACEBE (SANTA ROSA DEL ABUNA),desnutricion global,desnutricion leve (l),2005-11-01,2,1,0,0,2,1,3
NUEVO MANOA (NUEVA ESPERANZA),desnutricion global,desnutricion leve (l),2005-11-01,2,2,13,7,15,9,24
OCURI,desnutricion global,desnutricion leve (l),2005-11-01,71,59,82,102,153,161,314
OKINAWA,desnutricion global,desnutricion leve (l),2005-11-01,6,16,4,10,10,26,36
OMEREQUE,desnutricion global,desnutricion leve (l),2005-11-01,6,20,10,9,16,29,45
ORURO,desnutricion global,desnutricion leve (l),2005-11-01,365,270,240,232,605,502,1107
PADCAYA,desnutricion global,desnutricion leve (l),2005-11-01,26,25,37,35,63,60,123
PADILLA,desnutricion global,desnutricion leve (l),2005-11-01,28,37,57,68,85,105,190
PAILON,desnutricion global,desnutricion leve (l),2005-11-01,0,2,0,1,0,3,3
PALCA,desnutricion global,desnutricion leve (l),2005-11-01,15,12,13,14,28,26,54
PALOS BLANCOS,desnutricion global,desnutricion leve (l),2005-11-01,54,56,52,51,106,107,213
PAMPA AULLAGAS,desnutricion global,desnutricion leve (l),2005-11-01,5,10,10,10,15,20,35
PAMPA GRANDE,desnutricion global,desnutricion leve (l),2005-11-01,10,8,9,12,19,20,39
PAPEL PAMPA,desnutricion global,desnutricion leve (l),2005-11-01,2,4,1,0,3,4,7
PASORAPA,desnutricion global,desnutricion leve (l),2005-11-01,12,17,16,16,28,33,61
PATACAMAYA,desnutricion global,desnutricion leve (l),2005-11-01,44,50,40,52,84,102,186
PAZÑA,desnutricion global,desnutricion leve (l),2005-11-01,7,6,7,11,14,17,31
PELECHUCO,desnutricion global,desnutricion leve (l),2005-11-01,15,11,14,10,29,21,50
POCOATA,desnutricion global,desnutricion leve (l),2005-11-01,79,94,78,91,157,185,342
POCONA,desnutricion global,desnutricion leve (l),2005-11-01,20,18,31,41,51,59,110
POJO (CBBA),desnutricion global,desnutricion leve (l),2005-11-01,27,44,39,70,66,114,180
POOPO,desnutricion global,desnutricion leve (l),2005-11-01,6,6,10,10,16,16,32
PORCO,desnutricion global,desnutricion leve (l),2005-11-01,14,23,22,23,36,46,82
POROMA,desnutricion global,desnutricion leve (l),2005-11-01,68,72,90,105,158,177,335
PORONGO,desnutricion global,desnutricion leve (l),2005-11-01,8,2,3,1,11,3,14
PORTACHUELO,desnutricion global,desnutricion leve (l),2005-11-01,16,21,22,20,38,41,79
PORVENIR,desnutricion global,desnutricion leve (l),2005-11-01,2,5,3,4,5,9,14
POSTRER VALLE,desnutricion global,desnutricion leve (l),2005-11-01,0,0,2,2,2,2,4
POTOSI,desnutricion global,desnutricion leve (l),2005-11-01,376,287,235,190,611,477,1088
PRESTO,desnutricion global,desnutricion leve (l),2005-11-01,51,36,59,70,110,106,216
PUCARA,desnutricion global,desnutricion leve (l),2005-11-01,2,2,2,5,4,7,11
PUCARANI,desnutricion global,desnutricion leve (l),2005-11-01,48,42,63,45,111,87,198
PUERTO ACOSTA,desnutricion global,desnutricion leve (l),2005-11-01,50,48,55,70,105,118,223
PUERTO CARABUCO,desnutricion global,desnutricion leve (l),2005-11-01,20,26,25,28,45,54,99
PUERTO GONZALO MORENO,desnutricion global,desnutricion leve (l),2005-11-01,15,14,26,18,41,32,73
PUERTO PEREZ,desnutricion global,desnutricion leve (l),2005-11-01,13,5,15,9,28,14,42
PUERTO RICO,desnutricion global,desnutricion leve (l),2005-11-01,7,7,15,18,22,25,47
PUERTO SILES,desnutricion global,desnutricion leve (l),2005-11-01,12,3,3,5,15,8,23
PUERTO SUAREZ,desnutricion global,desnutricion leve (l),2005-11-01,16,29,22,6,38,35,73
PUERTO VILLARROEL,desnutricion global,desnutricion leve (l),2005-11-01,113,96,100,128,213,224,437
PUNA,desnutricion global,desnutricion leve (l),2005-11-01,99,101,117,130,216,231,447
PUNATA,desnutricion global,desnutricion leve (l),2005-11-01,40,45,29,34,69,79,148
QUIABAYA,desnutricion global,desnutricion leve (l),2005-11-01,3,3,3,3,6,6,12
QUILLACOLLO,desnutricion global,desnutricion leve (l),2005-11-01,121,78,105,79,226,157,383
QUIME,desnutricion global,desnutricion leve (l),2005-11-01,22,15,24,21,46,36,82
QUIRUSILLAS,desnutricion global,desnutricion leve (l),2005-11-01,0,2,1,3,1,5,6
RAVELO,desnutricion global,desnutricion leve (l),2005-11-01,162,136,173,185,335,321,656
REYES,desnutricion global,desnutricion leve (l),2005-11-01,14,16,12,13,26,29,55
RIBERALTA,desnutricion global,desnutricion leve (l),2005-11-01,232,273,154,149,386,422,808
ROBORE,desnutricion global,desnutricion leve (l),2005-11-01,2,1,1,0,3,1,4
RURRENABAQUE,desnutricion global,desnutricion leve (l),2005-11-01,12,15,8,15,20,30,50
SABAYA,desnutricion global,desnutricion leve (l),2005-11-01,6,3,4,2,10,5,15
SACABA,desnutricion global,desnutricion leve (l),2005-11-01,171,139,136,126,307,265,572
SACABAMBA,desnutricion global,desnutricion leve (l),2005-11-01,12,17,9,13,21,30,51
SACACA,desnutricion global,desnutricion leve (l),2005-11-01,199,164,328,331,527,495,1022
SAIPINA,desnutricion global,desnutricion leve (l),2005-11-01,8,10,8,10,16,20,36
SALINAS DE GARCI MENDOZA,desnutricion global,desnutricion leve (l),2005-11-01,16,18,25,22,41,40,81
SAMAIPATA,desnutricion global,desnutricion leve (l),2005-11-01,12,13,11,18,23,31,54
SAN AGUSTIN,desnutricion global,desnutricion leve (l),2005-11-01,2,5,5,5,7,10,17
SAN ANDRES,desnutricion global,desnutricion leve (l),2005-11-01,26,16,12,24,38,40,78
SAN ANDRES DE MACHACA,desnutricion global,desnutricion leve (l),2005-11-01,18,6,8,7,26,13,39
SAN ANTONIO DE ESMORUCO,desnutricion global,desnutricion leve (l),2005-11-01,0,2,2,3,2,5,7
SAN ANTONIO DE LOMERIO,desnutricion global,desnutricion leve (l),2005-11-01,30,27,36,48,66,75,141
SAN BENITO,desnutricion global,desnutricion leve (l),2005-11-01,17,20,15,15,32,35,67
SAN BORJA,desnutricion global,desnutricion leve (l),2005-11-01,80,59,52,73,132,132,264
SAN BUENA VENTURA,desnutricion global,desnutricion leve (l),2005-11-01,31,6,12,28,43,34,77
SAN CARLOS,desnutricion global,desnutricion leve (l),2005-11-01,27,22,13,17,40,39,79
SAN IGNACIO,desnutricion global,desnutricion leve (l),2005-11-01,55,41,66,64,121,105,226
SAN IGNACIO DE VELASCO,desnutricion global,desnutricion leve (l),2005-11-01,102,127,108,122,210,249,459
SAN JAVIER(BNI),desnutricion global,desnutricion leve (l),2005-11-01,8,6,7,7,15,13,28
SAN JAVIER(STC),desnutricion global,desnutricion leve (l),2005-11-01,4,7,5,3,9,10,19
SAN JOAQUIN,desnutricion global,desnutricion leve (l),2005-11-01,1,1,4,2,5,3,8
SAN JUAN DE YAPACANI,desnutricion global,desnutricion leve (l),2005-11-01,5,17,16,8,21,25,46
SAN JULIAN,desnutricion global,desnutricion leve (l),2005-11-01,30,34,57,74,87,108,195
SAN LORENZO(PND),desnutricion global,desnutricion leve (l),2005-11-01,10,3,2,8,12,11,23
SAN LORENZO(TJA),desnutricion global,desnutricion leve (l),2005-11-01,27,26,63,44,90,70,160
SAN LUCAS,desnutricion global,desnutricion leve (l),2005-11-01,189,212,283,314,472,526,998
SAN MIGUEL DE VELASCO,desnutricion global,desnutricion leve (l),2005-11-01,21,22,25,47,46,69,115
SAN PABLO DE LIPEZ,desnutricion global,desnutricion leve (l),2005-11-01,13,7,8,6,21,13,34
SAN PEDRO,desnutricion global,desnutricion leve (l),2005-11-01,26,23,15,17,41,40,81
SAN PEDRO DE BUENA VISTA,desnutricion global,desnutricion leve (l),2005-11-01,100,115,149,137,249,252,501
SAN PEDRO DE CURAHUARA,desnutricion global,desnutricion leve (l),2005-11-01,11,8,14,15,25,23,48
SAN PEDRO DE TIQUINA,desnutricion global,desnutricion leve (l),2005-11-01,6,5,5,8,11,13,24
SAN PEDRO(PND),desnutricion global,desnutricion leve (l),2005-11-01,0,1,2,3,2,4,6
SAN RAFAEL,desnutricion global,desnutricion leve (l),2005-11-01,18,16,28,20,46,36,82
SAN RAMON,desnutricion global,desnutricion leve (l),2005-11-01,10,8,6,9,16,17,33
SAN RAMON,desnutricion global,desnutricion leve (l),2005-11-01,7,8,5,8,12,16,28
SANTA ANA,desnutricion global,desnutricion leve (l),2005-11-01,11,19,7,10,18,29,47
SANTA CRUZ DE LA SIERRA,desnutricion global,desnutricion leve (l),2005-11-01,638,591,360,359,998,950,1948
SANTA ROSA,desnutricion global,desnutricion leve (l),2005-11-01,18,14,13,15,31,29,60
SANTA ROSA DEL SARA,desnutricion global,desnutricion leve (l),2005-11-01,22,15,17,15,39,30,69
SANTIAGO DE CALLAPA,desnutricion global,desnutricion leve (l),2005-11-01,10,8,10,3,20,11,31
SANTIAGO DE HUARI,desnutricion global,desnutricion leve (l),2005-11-01,11,7,9,13,20,20,40
SANTIAGO DE MACHACA,desnutricion global,desnutricion leve (l),2005-11-01,3,2,1,2,4,4,8
SANTIVAÑES,desnutricion global,desnutricion leve (l),2005-11-01,2,5,7,14,9,19,28
SANTUARIO DE QUILLACAS,desnutricion global,desnutricion leve (l),2005-11-01,7,3,7,7,14,10,24
SAPAHAQUI,desnutricion global,desnutricion leve (l),2005-11-01,25,18,31,39,56,57,113
SENA,desnutricion global,desnutricion leve (l),2005-11-01,9,16,8,11,17,27,44
SICA SICA (VILLA AROMA),desnutricion global,desnutricion leve (l),2005-11-01,47,54,44,61,91,115,206
SICAYA,desnutricion global,desnutricion leve (l),2005-11-01,12,11,11,8,23,19,42
SIPE SIPE,desnutricion global,desnutricion leve (l),2005-11-01,134,116,149,141,283,257,540
SOPACHUY,desnutricion global,desnutricion leve (l),2005-11-01,15,23,41,58,56,81,137
SORACACHI,desnutricion global,desnutricion leve (l),2005-11-01,24,25,34,31,58,56,114
SORATA,desnutricion global,desnutricion leve (l),2005-11-01,22,27,30,29,52,56,108
SUCRE,desnutricion global,desnutricion leve (l),2005-11-01,352,327,407,458,759,785,1544
TACACHI,desnutricion global,desnutricion leve (l),2005-11-01,7,5,4,3,11,8,19
TACACOMA,desnutricion global,desnutricion leve (l),2005-11-01,5,0,6,3,11,3,14
TACOBAMBA,desnutricion global,desnutricion leve (l),2005-11-01,61,76,81,42,142,118,260
TACOPAYA,desnutricion global,desnutricion leve (l),2005-11-01,50,50,51,53,101,103,204
TAHUA,desnutricion global,desnutricion leve (l),2005-11-01,2,0,0,2,2,2,4
TAPACARI,desnutricion global,desnutricion leve (l),2005-11-01,66,59,69,78,135,137,272
TARABUCO,desnutricion global,desnutricion leve (l),2005-11-01,124,126,241,235,365,361,726
TARACO,desnutricion global,desnutricion leve (l),2005-11-01,2,2,2,5,4,7,11
TARATA,desnutricion global,desnutricion leve (l),2005-11-01,11,10,9,11,20,21,41
TARIJA,desnutricion global,desnutricion leve (l),2005-11-01,185,169,145,171,330,340,670
TARVITA,desnutricion global,desnutricion leve (l),2005-11-01,58,60,111,133,169,193,362
TEOPONTE,desnutricion global,desnutricion leve (l),2005-11-01,16,12,7,6,23,18,41
TIAWANACU,desnutricion global,desnutricion leve (l),2005-11-01,15,9,16,15,31,24,55
TINGUIPAYA,desnutricion global,desnutricion leve (l),2005-11-01,41,64,55,40,96,104,200
TIPUANI,desnutricion global,desnutricion leve (l),2005-11-01,11,14,8,7,19,21,40
TIQUIPAYA,desnutricion global,desnutricion leve (l),2005-11-01,30,32,12,25,42,57,99
TIRAQUE (CBBA),desnutricion global,desnutricion leve (l),2005-11-01,110,87,73,104,183,191,374
TITO YUPANQUI (PARQUIPUJIO),desnutricion global,desnutricion leve (l),2005-11-01,1,3,4,4,5,7,12
TOCO,desnutricion global,desnutricion leve (l),2005-11-01,8,8,13,8,21,16,37
TOLATA,desnutricion global,desnutricion leve (l),2005-11-01,5,7,2,1,7,8,15
TOLEDO,desnutricion global,desnutricion leve (l),2005-11-01,9,11,7,12,16,23,39
TOMAVE,desnutricion global,desnutricion leve (l),2005-11-01,37,25,53,33,90,58,148
TOMINA,desnutricion global,desnutricion leve (l),2005-11-01,57,46,80,98,137,144,281
TORO TORO,desnutricion global,desnutricion leve (l),2005-11-01,53,35,48,64,101,99,200
TOTORA(CBBA),desnutricion global,desnutricion leve (l),2005-11-01,28,24,10,14,38,38,76
TOTORA(ORR),desnutricion global,desnutricion leve (l),2005-11-01,5,8,13,19,18,27,45
TRIGAL,desnutricion global,desnutricion leve (l),2005-11-01,1,0,0,2,1,2,3
TRINIDAD,desnutricion global,desnutricion leve (l),2005-11-01,167,95,86,86,253,181,434
TUPIZA,desnutricion global,desnutricion leve (l),2005-11-01,65,62,76,88,141,150,291
TURCO,desnutricion global,desnutricion leve (l),2005-11-01,7,7,6,2,13,9,22
UMALA,desnutricion global,desnutricion leve (l),2005-11-01,7,9,5,5,12,14,26
UNCIA,desnutricion global,desnutricion leve (l),2005-11-01,47,44,81,59,128,103,231
URIONDO (A. CONCEPCION),desnutricion global,desnutricion leve (l),2005-11-01,29,48,60,61,89,109,198
URUBICHA,desnutricion global,desnutricion leve (l),2005-11-01,0,1,2,2,2,3,5
UYUNI,desnutricion global,desnutricion leve (l),2005-11-01,50,37,61,58,111,95,206
VACAS,desnutricion global,desnutricion leve (l),2005-11-01,24,18,19,10,43,28,71
VALLEGRANDE,desnutricion global,desnutricion leve (l),2005-11-01,21,28,18,34,39,62,101
VIACHA,desnutricion global,desnutricion leve (l),2005-11-01,49,52,21,40,70,92,162
VILA VILA,desnutricion global,desnutricion leve (l),2005-11-01,7,10,14,10,21,20,41
VILLA MONTES,desnutricion global,desnutricion leve (l),2005-11-01,48,40,40,20,88,60,148
VILLA NUEVA (LOMA ALTA),desnutricion global,desnutricion leve (l),2005-11-01,2,5,7,10,9,15,24
VILLA RIVERO,desnutricion global,desnutricion leve (l),2005-11-01,17,15,10,16,27,31,58
VILLA SERRANO,desnutricion global,desnutricion leve (l),2005-11-01,59,52,100,100,159,152,311
VILLA TUNARI,desnutricion global,desnutricion leve (l),2005-11-01,153,164,113,145,266,309,575
VILLA VACA GUZMAN (MUYUPAMPA),desnutricion global,desnutricion leve (l),2005-11-01,29,29,62,79,91,108,199
VILLAZON,desnutricion global,desnutricion leve (l),2005-11-01,86,78,77,87,163,165,328
VINTO,desnutricion global,desnutricion leve (l),2005-11-01,41,22,19,3,60,25,85
VITICHI,desnutricion global,desnutricion leve (l),2005-11-01,37,30,63,61,100,91,191
WALDO BALLIVIAN,desnutricion global,desnutricion leve (l),2005-11-01,7,3,3,7,10,10,20
WARNES,desnutricion global,desnutricion leve (l),2005-11-01,69,63,47,58,116,121,237
YACO,desnutricion global,desnutricion leve (l),2005-11-01,25,29,25,25,50,54,104
YACUIBA,desnutricion global,desnutricion leve (l),2005-11-01,35,47,33,46,68,93,161
YAMPARAEZ,desnutricion global,desnutricion leve (l),2005-11-01,42,36,125,115,167,151,318
YANACACHI,desnutricion global,desnutricion leve (l),2005-11-01,1,4,2,2,3,6,9
YAPACANI,desnutricion global,desnutricion leve (l),2005-11-01,96,62,77,52,173,114,287
YOCALLA,desnutricion global,desnutricion leve (l),2005-11-01,5,7,7,16,12,23,35
YOTALA,desnutricion global,desnutricion leve (l),2005-11-01,22,28,59,56,81,84,165
YUNCHARA,desnutricion global,desnutricion leve (l),2005-11-01,17,17,61,58,78,75,153
ZUDAÑEZ,desnutricion global,desnutricion leve (l),2005-11-01,40,37,56,78,96,115,211
ACACIO,desnutricion global,desnutricion leve (l),2005-12-01,24,20,45,44,69,64,133
ACHACACHI,desnutricion global,desnutricion leve (l),2005-12-01,42,28,26,36,68,64,132
ACHOCALLA,desnutricion global,desnutricion leve (l),2005-12-01,3,13,13,14,16,27,43
AIQUILE,desnutricion global,desnutricion leve (l),2005-12-01,17,11,25,13,42,24,66
ALALAY,desnutricion global,desnutricion leve (l),2005-12-01,1,4,0,0,1,4,5
ALCALA,desnutricion global,desnutricion leve (l),2005-12-01,12,14,32,23,44,37,81
ANCORAIMES,desnutricion global,desnutricion leve (l),2005-12-01,8,11,10,19,18,30,48
ANDAMARCA,desnutricion global,desnutricion leve (l),2005-12-01,11,6,5,9,16,15,31
ANTEQUERA,desnutricion global,desnutricion leve (l),2005-12-01,2,3,6,1,8,4,12
ANZALDO,desnutricion global,desnutricion leve (l),2005-12-01,4,4,6,6,10,10,20
APOLO,desnutricion global,desnutricion leve (l),2005-12-01,26,23,30,34,56,57,113
ARAMPAMPA,desnutricion global,desnutricion leve (l),2005-12-01,21,21,31,37,52,58,110
ARANI,desnutricion global,desnutricion leve (l),2005-12-01,20,18,10,8,30,26,56
ARBIETO,desnutricion global,desnutricion leve (l),2005-12-01,11,10,13,11,24,21,45
ARQUE,desnutricion global,desnutricion leve (l),2005-12-01,42,40,43,43,85,83,168
ATOCHA,desnutricion global,desnutricion leve (l),2005-12-01,28,26,28,29,56,55,111
AUCAPATA,desnutricion global,desnutricion leve (l),2005-12-01,6,8,7,16,13,24,37
AYATA,desnutricion global,desnutricion leve (l),2005-12-01,27,23,34,31,61,54,115
AYO AYO,desnutricion global,desnutricion leve (l),2005-12-01,16,11,19,12,35,23,58
AYOPAYA (V. DE INDEPENDENCIA),desnutricion global,desnutricion leve (l),2005-12-01,41,35,52,47,93,82,175
AZURDUY,desnutricion global,desnutricion leve (l),2005-12-01,23,36,64,91,87,127,214
BATALLAS,desnutricion global,desnutricion leve (l),2005-12-01,12,11,6,4,18,15,33
BAURES,desnutricion global,desnutricion leve (l),2005-12-01,8,5,2,3,10,8,18
BELEN DE ANDAMARCA,desnutricion global,desnutricion leve (l),2005-12-01,2,1,4,4,6,5,11
BELEN DE URMIRI,desnutricion global,desnutricion leve (l),2005-12-01,10,3,7,9,17,12,29
BELLA FLOR,desnutricion global,desnutricion leve (l),2005-12-01,10,14,8,12,18,26,44
BERMEJO,desnutricion global,desnutricion leve (l),2005-12-01,5,3,15,3,20,6,26
BETANZOS,desnutricion global,desnutricion leve (l),2005-12-01,89,89,107,135,196,224,420
BOLIVAR,desnutricion global,desnutricion leve (l),2005-12-01,51,39,40,55,91,94,185
BOLPEBRA,desnutricion global,desnutricion leve (l),2005-12-01,1,0,1,0,2,0,2
BOYUIBE,desnutricion global,desnutricion leve (l),2005-12-01,3,1,2,6,5,7,12
BUENA VISTA,desnutricion global,desnutricion leve (l),2005-12-01,6,7,12,7,18,14,32
CABEZAS,desnutricion global,desnutricion leve (l),2005-12-01,9,8,5,5,14,13,27
CAIROMA,desnutricion global,desnutricion leve (l),2005-12-01,40,44,30,48,70,92,162
"CAIZA ""D""",desnutricion global,desnutricion leve (l),2005-12-01,16,18,20,20,36,38,74
CAJUATA,desnutricion global,desnutricion leve (l),2005-12-01,4,6,7,11,11,17,28
CALACOTO,desnutricion global,desnutricion leve (l),2005-12-01,9,4,7,9,16,13,29
CALAMARCA,desnutricion global,desnutricion leve (l),2005-12-01,68,58,57,59,125,117,242
CAMARGO,desnutricion global,desnutricion leve (l),2005-12-01,49,45,57,79,106,124,230
CAMATAQUI (C. VILLA ABECIA),desnutricion global,desnutricion leve (l),2005-12-01,9,13,17,14,26,27,53
CAMIRI,desnutricion global,desnutricion leve (l),2005-12-01,43,23,69,88,112,111,223
CAPINOTA,desnutricion global,desnutricion leve (l),2005-12-01,33,27,28,31,61,58,119
CAQUIAVIRI,desnutricion global,desnutricion leve (l),2005-12-01,7,11,5,8,12,19,31
CARACOLLO,desnutricion global,desnutricion leve (l),2005-12-01,14,12,34,20,48,32,80
CARANAVI,desnutricion global,desnutricion leve (l),2005-12-01,81,84,50,70,131,154,285
CARANGAS,desnutricion global,desnutricion leve (l),2005-12-01,1,0,0,0,1,0,1
CARAPARI,desnutricion global,desnutricion leve (l),2005-12-01,5,7,24,15,29,22,51
CARIPUYO,desnutricion global,desnutricion leve (l),2005-12-01,25,18,42,43,67,61,128
CHACARILLA,desnutricion global,desnutricion leve (l),2005-12-01,3,0,0,5,3,5,8
CHALLAPATA,desnutricion global,desnutricion leve (l),2005-12-01,53,44,56,48,109,92,201
CHAQUI,desnutricion global,desnutricion leve (l),2005-12-01,25,19,27,27,52,46,98
CHARAGUA,desnutricion global,desnutricion leve (l),2005-12-01,38,34,44,26,82,60,142
CHARAÑA,desnutricion global,desnutricion leve (l),2005-12-01,3,0,4,3,7,3,10
CHAYANTA,desnutricion global,desnutricion leve (l),2005-12-01,38,30,61,42,99,72,171
CHIMORE,desnutricion global,desnutricion leve (l),2005-12-01,27,41,28,17,55,58,113
CHIPAYA,desnutricion global,desnutricion leve (l),2005-12-01,3,4,4,2,7,6,13
CHOQUE COTA,desnutricion global,desnutricion leve (l),2005-12-01,2,1,1,0,3,1,4
CHULUMANI (V. DE LA LIBERTAD),desnutricion global,desnutricion leve (l),2005-12-01,6,10,0,3,6,13,19
CHUMA,desnutricion global,desnutricion leve (l),2005-12-01,19,17,13,35,32,52,84
CLIZA,desnutricion global,desnutricion leve (l),2005-12-01,23,19,11,18,34,37,71
COBIJA,desnutricion global,desnutricion leve (l),2005-12-01,42,33,47,45,89,78,167
COCHABAMBA,desnutricion global,desnutricion leve (l),2005-12-01,345,306,231,243,576,549,1125
COLCAPIRHUA,desnutricion global,desnutricion leve (l),2005-12-01,37,40,31,20,68,60,128
"COLCHA ""K""",desnutricion global,desnutricion leve (l),2005-12-01,23,24,21,35,44,59,103
COLLANA,desnutricion global,desnutricion leve (l),2005-12-01,1,4,2,2,3,6,9
COLOMI,desnutricion global,desnutricion leve (l),2005-12-01,38,28,13,24,51,52,103
COLPA BELGICA,desnutricion global,desnutricion leve (l),2005-12-01,18,4,9,5,27,9,36
COLQUECHACA,desnutricion global,desnutricion leve (l),2005-12-01,83,71,128,158,211,229,440
COLQUENCHA,desnutricion global,desnutricion leve (l),2005-12-01,13,17,19,17,32,34,66
COLQUIRI,desnutricion global,desnutricion leve (l),2005-12-01,27,35,44,35,71,70,141
COMANCHE,desnutricion global,desnutricion leve (l),2005-12-01,3,4,3,4,6,8,14
COMARAPA,desnutricion global,desnutricion leve (l),2005-12-01,26,29,16,16,42,45,87
COMBAYA,desnutricion global,desnutricion leve (l),2005-12-01,5,5,10,6,15,11,26
CONCEPCION,desnutricion global,desnutricion leve (l),2005-12-01,7,5,17,12,24,17,41
COPACABANA,desnutricion global,desnutricion leve (l),2005-12-01,9,15,14,10,23,25,48
CORIPATA,desnutricion global,desnutricion leve (l),2005-12-01,17,9,11,10,28,19,47
CORO CORO,desnutricion global,desnutricion leve (l),2005-12-01,27,14,24,13,51,27,78
COROICO,desnutricion global,desnutricion leve (l),2005-12-01,15,14,15,21,30,35,65
CORQUE,desnutricion global,desnutricion leve (l),2005-12-01,10,5,4,5,14,10,24
COTAGAITA,desnutricion global,desnutricion leve (l),2005-12-01,72,54,77,88,149,142,291
COTOCA,desnutricion global,desnutricion leve (l),2005-12-01,46,30,16,19,62,49,111
CUATRO CAÑADAS,desnutricion global,desnutricion leve (l),2005-12-01,16,8,9,13,25,21,46
CUCHUMUELA (V. G. VILLARROEL),desnutricion global,desnutricion leve (l),2005-12-01,2,2,2,0,4,2,6
CUEVO,desnutricion global,desnutricion leve (l),2005-12-01,0,5,7,3,7,8,15
CULPINA,desnutricion global,desnutricion leve (l),2005-12-01,89,101,118,117,207,218,425
CURAHUARA DE CARANGAS,desnutricion global,desnutricion leve (l),2005-12-01,6,3,11,11,17,14,31
CURVA,desnutricion global,desnutricion leve (l),2005-12-01,7,5,18,14,25,19,44
DESAGUADERO,desnutricion global,desnutricion leve (l),2005-12-01,4,6,1,1,5,7,12
EL ALTO,desnutricion global,desnutricion leve (l),2005-12-01,818,686,492,486,1310,1172,2482
EL CHORO,desnutricion global,desnutricion leve (l),2005-12-01,4,3,2,1,6,4,10
EL PUENTE(TJA),desnutricion global,desnutricion leve (l),2005-12-01,6,19,35,74,41,93,134
EL TORNO,desnutricion global,desnutricion leve (l),2005-12-01,32,32,38,22,70,54,124
EL VILLAR,desnutricion global,desnutricion leve (l),2005-12-01,7,10,27,38,34,48,82
ENTRE RIOS,desnutricion global,desnutricion leve (l),2005-12-01,24,24,41,46,65,70,135
ENTRE RIOS,desnutricion global,desnutricion leve (l),2005-12-01,49,44,48,30,97,74,171
ESCARA,desnutricion global,desnutricion leve (l),2005-12-01,0,1,0,0,0,1,1
EUCALIPTUS,desnutricion global,desnutricion leve (l),2005-12-01,3,4,5,1,8,5,13
EXALTACION,desnutricion global,desnutricion leve (l),2005-12-01,2,2,2,4,4,6,10
FERNANDEZ ALONSO,desnutricion global,desnutricion leve (l),2005-12-01,16,16,5,17,21,33,54
FILADELFIA,desnutricion global,desnutricion leve (l),2005-12-01,4,3,5,3,9,6,15
GENERAL SAAVEDRA,desnutricion global,desnutricion leve (l),2005-12-01,15,20,16,23,31,43,74
GRAL. J.J. PEREZ (CHARAZANI),desnutricion global,desnutricion leve (l),2005-12-01,15,18,26,32,41,50,91
GUANAY,desnutricion global,desnutricion leve (l),2005-12-01,13,13,17,14,30,27,57
GUAQUI,desnutricion global,desnutricion leve (l),2005-12-01,5,3,4,3,9,6,15
GUAYARAMERIN,desnutricion global,desnutricion leve (l),2005-12-01,53,53,35,47,88,100,188
GUTIERREZ,desnutricion global,desnutricion leve (l),2005-12-01,39,39,97,86,136,125,261
HUACARETA,desnutricion global,desnutricion leve (l),2005-12-01,24,22,24,23,48,45,93
HUACAYA (VILLA DE HUACAYA),desnutricion global,desnutricion leve (l),2005-12-01,6,6,18,15,24,21,45
HUACHACALLA,desnutricion global,desnutricion leve (l),2005-12-01,0,1,0,0,0,1,1
HUANUNI,desnutricion global,desnutricion leve (l),2005-12-01,29,19,18,23,47,42,89
HUARACAJE,desnutricion global,desnutricion leve (l),2005-12-01,2,6,0,2,2,8,10
HUAYLLAMARCA,desnutricion global,desnutricion leve (l),2005-12-01,0,3,2,3,2,6,8
ICHOCA,desnutricion global,desnutricion leve (l),2005-12-01,9,8,13,9,22,17,39
ICLA,desnutricion global,desnutricion leve (l),2005-12-01,70,59,131,107,201,166,367
INCAHUASI,desnutricion global,desnutricion leve (l),2005-12-01,98,86,116,142,214,228,442
INGAVI (HUMAITA),desnutricion global,desnutricion leve (l),2005-12-01,2,2,6,1,8,3,11
INQUISIVI,desnutricion global,desnutricion leve (l),2005-12-01,42,37,52,40,94,77,171
IRUPANA (VILLA DE LANZA),desnutricion global,desnutricion leve (l),2005-12-01,6,12,12,20,18,32,50
IXIAMAS,desnutricion global,desnutricion leve (l),2005-12-01,8,7,16,10,24,17,41
JESUS DE MACHACA,desnutricion global,desnutricion leve (l),2005-12-01,25,21,15,12,40,33,73
LA ASUNTA,desnutricion global,desnutricion leve (l),2005-12-01,17,11,8,10,25,21,46
LA GUARDIA,desnutricion global,desnutricion leve (l),2005-12-01,37,38,25,29,62,67,129
LA PAZ,desnutricion global,desnutricion leve (l),2005-12-01,509,502,306,329,815,831,1646
LAGUNILLAS,desnutricion global,desnutricion leve (l),2005-12-01,10,12,24,24,34,36,70
LAJA,desnutricion global,desnutricion leve (l),2005-12-01,12,9,12,8,24,17,41
LAS CARRERAS,desnutricion global,desnutricion leve (l),2005-12-01,9,14,26,37,35,51,86
LICOMA PAMPA,desnutricion global,desnutricion leve (l),2005-12-01,4,2,1,0,5,2,7
LLALLAGUA,desnutricion global,desnutricion leve (l),2005-12-01,59,38,54,58,113,96,209
LLICA,desnutricion global,desnutricion leve (l),2005-12-01,1,2,5,4,6,6,12
LORETO,desnutricion global,desnutricion leve (l),2005-12-01,4,5,7,8,11,13,24
LURIBAY,desnutricion global,desnutricion leve (l),2005-12-01,28,28,30,41,58,69,127
MACHACAMARCA,desnutricion global,desnutricion leve (l),2005-12-01,1,4,2,1,3,5,8
MACHARETI,desnutricion global,desnutricion leve (l),2005-12-01,12,22,27,32,39,54,93
MAGDALENA,desnutricion global,desnutricion leve (l),2005-12-01,2,5,6,3,8,8,16
MAIRANA,desnutricion global,desnutricion leve (l),2005-12-01,7,6,8,4,15,10,25
MALLA,desnutricion global,desnutricion leve (l),2005-12-01,5,6,14,15,19,21,40
MAPIRI,desnutricion global,desnutricion leve (l),2005-12-01,19,19,9,6,28,25,53
MECAPACA,desnutricion global,desnutricion leve (l),2005-12-01,14,10,16,12,30,22,52
MINEROS,desnutricion global,desnutricion leve (l),2005-12-01,23,22,11,21,34,43,77
MIZQUE,desnutricion global,desnutricion leve (l),2005-12-01,39,37,42,30,81,67,148
MOCOMOCO,desnutricion global,desnutricion leve (l),2005-12-01,17,13,20,16,37,29,66
MOJINETE,desnutricion global,desnutricion leve (l),2005-12-01,1,2,4,2,5,4,9
MOJOCOYA,desnutricion global,desnutricion leve (l),2005-12-01,20,21,31,35,51,56,107
MONTEAGUDO,desnutricion global,desnutricion leve (l),2005-12-01,65,43,93,94,158,137,295
MONTERO,desnutricion global,desnutricion leve (l),2005-12-01,200,165,139,141,339,306,645
MORO MORO,desnutricion global,desnutricion leve (l),2005-12-01,5,0,3,4,8,4,12
MOROCHATA,desnutricion global,desnutricion leve (l),2005-12-01,44,33,38,44,82,77,159
NACEBE (SANTA ROSA DEL ABUNA),desnutricion global,desnutricion leve (l),2005-12-01,1,1,2,1,3,2,5
NUEVO MANOA (NUEVA ESPERANZA),desnutricion global,desnutricion leve (l),2005-12-01,7,5,12,4,19,9,28
OCURI,desnutricion global,desnutricion leve (l),2005-12-01,51,55,97,91,148,146,294
OKINAWA,desnutricion global,desnutricion leve (l),2005-12-01,4,13,4,8,8,21,29
OMEREQUE,desnutricion global,desnutricion leve (l),2005-12-01,2,4,8,8,10,12,22
ORURO,desnutricion global,desnutricion leve (l),2005-12-01,305,259,188,179,493,438,931
PADCAYA,desnutricion global,desnutricion leve (l),2005-12-01,17,20,22,38,39,58,97
PADILLA,desnutricion global,desnutricion leve (l),2005-12-01,37,57,106,97,143,154,297
PALCA,desnutricion global,desnutricion leve (l),2005-12-01,13,10,3,1,16,11,27
PALOS BLANCOS,desnutricion global,desnutricion leve (l),2005-12-01,48,45,47,50,95,95,190
PAMPA AULLAGAS,desnutricion global,desnutricion leve (l),2005-12-01,5,5,7,7,12,12,24
PAMPA GRANDE,desnutricion global,desnutricion leve (l),2005-12-01,10,12,3,6,13,18,31
PAPEL PAMPA,desnutricion global,desnutricion leve (l),2005-12-01,7,11,5,7,12,18,30
PASORAPA,desnutricion global,desnutricion leve (l),2005-12-01,14,14,13,16,27,30,57
PATACAMAYA,desnutricion global,desnutricion leve (l),2005-12-01,16,20,19,16,35,36,71
PAZÑA,desnutricion global,desnutricion leve (l),2005-12-01,11,2,11,10,22,12,34
PELECHUCO,desnutricion global,desnutricion leve (l),2005-12-01,15,7,14,13,29,20,49
POCOATA,desnutricion global,desnutricion leve (l),2005-12-01,46,60,86,91,132,151,283
POCONA,desnutricion global,desnutricion leve (l),2005-12-01,29,16,53,45,82,61,143
POJO (CBBA),desnutricion global,desnutricion leve (l),2005-12-01,11,7,10,11,21,18,39
POOPO,desnutricion global,desnutricion leve (l),2005-12-01,6,8,5,8,11,16,27
PORCO,desnutricion global,desnutricion leve (l),2005-12-01,12,13,9,8,21,21,42
POROMA,desnutricion global,desnutricion leve (l),2005-12-01,52,58,71,74,123,132,255
PORONGO,desnutricion global,desnutricion leve (l),2005-12-01,0,3,0,4,0,7,7
PORTACHUELO,desnutricion global,desnutricion leve (l),2005-12-01,18,13,25,22,43,35,78
PORVENIR,desnutricion global,desnutricion leve (l),2005-12-01,2,3,2,5,4,8,12
POSTRER VALLE,desnutricion global,desnutricion leve (l),2005-12-01,4,2,1,3,5,5,10
POTOSI,desnutricion global,desnutricion leve (l),2005-12-01,298,231,152,127,450,358,808
PRESTO,desnutricion global,desnutricion leve (l),2005-12-01,34,33,56,39,90,72,162
PUCARA,desnutricion global,desnutricion leve (l),2005-12-01,0,1,5,5,5,6,11
PUCARANI,desnutricion global,desnutricion leve (l),2005-12-01,30,33,25,22,55,55,110
PUERTO ACOSTA,desnutricion global,desnutricion leve (l),2005-12-01,22,26,14,21,36,47,83
PUERTO CARABUCO,desnutricion global,desnutricion leve (l),2005-12-01,17,19,15,21,32,40,72
PUERTO GONZALO MORENO,desnutricion global,desnutricion leve (l),2005-12-01,21,20,21,20,42,40,82
PUERTO PEREZ,desnutricion global,desnutricion leve (l),2005-12-01,3,4,7,4,10,8,18
PUERTO RICO,desnutricion global,desnutricion leve (l),2005-12-01,3,2,8,6,11,8,19
PUERTO VILLARROEL,desnutricion global,desnutricion leve (l),2005-12-01,64,71,51,63,115,134,249
PUNA,desnutricion global,desnutricion leve (l),2005-12-01,39,54,87,77,126,131,257
PUNATA,desnutricion global,desnutricion leve (l),2005-12-01,39,57,38,28,77,85,162
QUIABAYA,desnutricion global,desnutricion leve (l),2005-12-01,1,1,1,0,2,1,3
QUILLACOLLO,desnutricion global,desnutricion leve (l),2005-12-01,107,82,75,81,182,163,345
QUIME,desnutricion global,desnutricion leve (l),2005-12-01,11,9,11,7,22,16,38
QUIRUSILLAS,desnutricion global,desnutricion leve (l),2005-12-01,0,2,0,3,0,5,5
RAVELO,desnutricion global,desnutricion leve (l),2005-12-01,113,108,122,127,235,235,470
REYES,desnutricion global,desnutricion leve (l),2005-12-01,20,25,24,16,44,41,85
RIBERALTA,desnutricion global,desnutricion leve (l),2005-12-01,174,223,114,127,288,350,638
RURRENABAQUE,desnutricion global,desnutricion leve (l),2005-12-01,11,13,6,6,17,19,36
SABAYA,desnutricion global,desnutricion leve (l),2005-12-01,4,3,1,5,5,8,13
SACABA,desnutricion global,desnutricion leve (l),2005-12-01,92,80,71,77,163,157,320
SACABAMBA,desnutricion global,desnutricion leve (l),2005-12-01,9,19,7,11,16,30,46
SACACA,desnutricion global,desnutricion leve (l),2005-12-01,182,178,318,291,500,469,969
SAIPINA,desnutricion global,desnutricion leve (l),2005-12-01,8,11,8,15,16,26,42
SALINAS DE GARCI MENDOZA,desnutricion global,desnutricion leve (l),2005-12-01,15,10,11,12,26,22,48
SAMAIPATA,desnutricion global,desnutricion leve (l),2005-12-01,14,11,18,7,32,18,50
SAN AGUSTIN,desnutricion global,desnutricion leve (l),2005-12-01,2,4,0,12,2,16,18
SAN ANDRES,desnutricion global,desnutricion leve (l),2005-12-01,11,13,12,8,23,21,44
SAN ANDRES DE MACHACA,desnutricion global,desnutricion leve (l),2005-12-01,5,5,1,7,6,12,18
SAN ANTONIO DE ESMORUCO,desnutricion global,desnutricion leve (l),2005-12-01,0,0,2,0,2,0,2
SAN ANTONIO DE LOMERIO,desnutricion global,desnutricion leve (l),2005-12-01,21,18,39,40,60,58,118
SAN BENITO,desnutricion global,desnutricion leve (l),2005-12-01,18,10,34,31,52,41,93
SAN BORJA,desnutricion global,desnutricion leve (l),2005-12-01,74,57,33,48,107,105,212
SAN BUENA VENTURA,desnutricion global,desnutricion leve (l),2005-12-01,11,13,20,20,31,33,64
SAN CARLOS,desnutricion global,desnutricion leve (l),2005-12-01,20,18,12,15,32,33,65
SAN IGNACIO,desnutricion global,desnutricion leve (l),2005-12-01,24,30,40,30,64,60,124
SAN IGNACIO DE VELASCO,desnutricion global,desnutricion leve (l),2005-12-01,94,111,77,92,171,203,374
SAN JAVIER(BNI),desnutricion global,desnutricion leve (l),2005-12-01,6,5,4,8,10,13,23
SAN JOAQUIN,desnutricion global,desnutricion leve (l),2005-12-01,1,0,3,3,4,3,7
SAN JUAN DE YAPACANI,desnutricion global,desnutricion leve (l),2005-12-01,7,7,12,10,19,17,36
SAN JULIAN,desnutricion global,desnutricion leve (l),2005-12-01,8,11,11,11,19,22,41
SAN LORENZO(PND),desnutricion global,desnutricion leve (l),2005-12-01,16,15,14,18,30,33,63
SAN LORENZO(TJA),desnutricion global,desnutricion leve (l),2005-12-01,22,23,35,40,57,63,120
SAN LUCAS,desnutricion global,desnutricion leve (l),2005-12-01,185,197,245,273,430,470,900
SAN MIGUEL DE VELASCO,desnutricion global,desnutricion leve (l),2005-12-01,13,7,9,18,22,25,47
SAN PABLO DE LIPEZ,desnutricion global,desnutricion leve (l),2005-12-01,3,9,14,16,17,25,42
SAN PEDRO,desnutricion global,desnutricion leve (l),2005-12-01,30,31,16,32,46,63,109
SAN PEDRO DE BUENA VISTA,desnutricion global,desnutricion leve (l),2005-12-01,93,83,135,111,228,194,422
SAN PEDRO DE CURAHUARA,desnutricion global,desnutricion leve (l),2005-12-01,2,5,2,2,4,7,11
SAN PEDRO DE QUEMES,desnutricion global,desnutricion leve (l),2005-12-01,0,2,0,1,0,3,3
SAN PEDRO DE TIQUINA,desnutricion global,desnutricion leve (l),2005-12-01,4,1,1,4,5,5,10
SAN PEDRO(PND),desnutricion global,desnutricion leve (l),2005-12-01,3,6,6,12,9,18,27
SAN RAFAEL,desnutricion global,desnutricion leve (l),2005-12-01,11,8,3,7,14,15,29
SAN RAMON,desnutricion global,desnutricion leve (l),2005-12-01,5,6,2,2,7,8,15
SAN RAMON,desnutricion global,desnutricion leve (l),2005-12-01,5,4,3,1,8,5,13
SANTA ANA,desnutricion global,desnutricion leve (l),2005-12-01,7,10,3,7,10,17,27
SANTA CRUZ DE LA SIERRA,desnutricion global,desnutricion leve (l),2005-12-01,488,424,238,321,726,745,1471
SANTA ROSA,desnutricion global,desnutricion leve (l),2005-12-01,22,17,17,11,39,28,67
SANTA ROSA DEL SARA,desnutricion global,desnutricion leve (l),2005-12-01,20,9,14,24,34,33,67
SANTIAGO DE CALLAPA,desnutricion global,desnutricion leve (l),2005-12-01,0,4,5,2,5,6,11
SANTIAGO DE HUARI,desnutricion global,desnutricion leve (l),2005-12-01,8,4,11,12,19,16,35
SANTIAGO DE MACHACA,desnutricion global,desnutricion leve (l),2005-12-01,7,4,13,9,20,13,33
SANTIVAÑES,desnutricion global,desnutricion leve (l),2005-12-01,15,11,19,15,34,26,60
SANTUARIO DE QUILLACAS,desnutricion global,desnutricion leve (l),2005-12-01,9,7,9,9,18,16,34
SAPAHAQUI,desnutricion global,desnutricion leve (l),2005-12-01,27,25,28,26,55,51,106
SENA,desnutricion global,desnutricion leve (l),2005-12-01,6,7,1,2,7,9,16
SICA SICA (VILLA AROMA),desnutricion global,desnutricion leve (l),2005-12-01,20,26,15,13,35,39,74
SICAYA,desnutricion global,desnutricion leve (l),2005-12-01,12,5,4,4,16,9,25
SIPE SIPE,desnutricion global,desnutricion leve (l),2005-12-01,71,73,34,29,105,102,207
SOPACHUY,desnutricion global,desnutricion leve (l),2005-12-01,12,10,21,18,33,28,61
SORACACHI,desnutricion global,desnutricion leve (l),2005-12-01,10,10,18,17,28,27,55
SORATA,desnutricion global,desnutricion leve (l),2005-12-01,12,21,21,23,33,44,77
SUCRE,desnutricion global,desnutricion leve (l),2005-12-01,245,188,217,235,462,423,885
TACACHI,desnutricion global,desnutricion leve (l),2005-12-01,3,4,2,5,5,9,14
TACACOMA,desnutricion global,desnutricion leve (l),2005-12-01,4,2,2,1,6,3,9
TACOBAMBA,desnutricion global,desnutricion leve (l),2005-12-01,12,18,18,8,30,26,56
TACOPAYA,desnutricion global,desnutricion leve (l),2005-12-01,36,47,44,58,80,105,185
TAHUA,desnutricion global,desnutricion leve (l),2005-12-01,2,0,0,1,2,1,3
TAPACARI,desnutricion global,desnutricion leve (l),2005-12-01,47,47,36,36,83,83,166
TARABUCO,desnutricion global,desnutricion leve (l),2005-12-01,143,122,248,237,391,359,750
TARACO,desnutricion global,desnutricion leve (l),2005-12-01,1,1,0,2,1,3,4
TARATA,desnutricion global,desnutricion leve (l),2005-12-01,4,12,3,4,7,16,23
TARIJA,desnutricion global,desnutricion leve (l),2005-12-01,145,126,116,145,261,271,532
TARVITA,desnutricion global,desnutricion leve (l),2005-12-01,23,20,49,51,72,71,143
TEOPONTE,desnutricion global,desnutricion leve (l),2005-12-01,4,6,0,1,4,7,11
TIAWANACU,desnutricion global,desnutricion leve (l),2005-12-01,4,2,1,2,5,4,9
TINGUIPAYA,desnutricion global,desnutricion leve (l),2005-12-01,39,43,53,55,92,98,190
TIPUANI,desnutricion global,desnutricion leve (l),2005-12-01,12,6,5,4,17,10,27
TIQUIPAYA,desnutricion global,desnutricion leve (l),2005-12-01,33,26,27,17,60,43,103
TIRAQUE (CBBA),desnutricion global,desnutricion leve (l),2005-12-01,73,79,56,38,129,117,246
TITO YUPANQUI (PARQUIPUJIO),desnutricion global,desnutricion leve (l),2005-12-01,1,2,2,0,3,2,5
TOCO,desnutricion global,desnutricion leve (l),2005-12-01,3,4,2,2,5,6,11
TOLATA,desnutricion global,desnutricion leve (l),2005-12-01,2,4,0,1,2,5,7
TOLEDO,desnutricion global,desnutricion leve (l),2005-12-01,6,4,3,4,9,8,17
TOMAVE,desnutricion global,desnutricion leve (l),2005-12-01,35,28,47,28,82,56,138
TOMINA,desnutricion global,desnutricion leve (l),2005-12-01,62,42,77,109,139,151,290
TORO TORO,desnutricion global,desnutricion leve (l),2005-12-01,58,48,78,96,136,144,280
TOTORA(CBBA),desnutricion global,desnutricion leve (l),2005-12-01,26,18,27,12,53,30,83
TOTORA(ORR),desnutricion global,desnutricion leve (l),2005-12-01,3,4,8,7,11,11,22
TRIGAL,desnutricion global,desnutricion leve (l),2005-12-01,1,0,0,1,1,1,2
TRINIDAD,desnutricion global,desnutricion leve (l),2005-12-01,111,81,51,53,162,134,296
TUPIZA,desnutricion global,desnutricion leve (l),2005-12-01,62,67,97,102,159,169,328
TURCO,desnutricion global,desnutricion leve (l),2005-12-01,0,0,1,1,1,1,2
UMALA,desnutricion global,desnutricion leve (l),2005-12-01,10,3,12,16,22,19,41
UNCIA,desnutricion global,desnutricion leve (l),2005-12-01,35,34,65,57,100,91,191
URIONDO (A. CONCEPCION),desnutricion global,desnutricion leve (l),2005-12-01,25,28,33,51,58,79,137
UYUNI,desnutricion global,desnutricion leve (l),2005-12-01,23,18,20,23,43,41,84
VACAS,desnutricion global,desnutricion leve (l),2005-12-01,22,13,12,21,34,34,68
VALLEGRANDE,desnutricion global,desnutricion leve (l),2005-12-01,11,16,16,12,27,28,55
VIACHA,desnutricion global,desnutricion leve (l),2005-12-01,32,26,25,27,57,53,110
VILA VILA,desnutricion global,desnutricion leve (l),2005-12-01,7,8,8,11,15,19,34
VILLA MONTES,desnutricion global,desnutricion leve (l),2005-12-01,30,21,21,20,51,41,92
VILLA NUEVA (LOMA ALTA),desnutricion global,desnutricion leve (l),2005-12-01,5,4,1,4,6,8,14
VILLA RIVERO,desnutricion global,desnutricion leve (l),2005-12-01,5,7,4,9,9,16,25
VILLA SERRANO,desnutricion global,desnutricion leve (l),2005-12-01,60,32,104,108,164,140,304
VILLA TUNARI,desnutricion global,desnutricion leve (l),2005-12-01,121,120,131,153,252,273,525
VILLA VACA GUZMAN (MUYUPAMPA),desnutricion global,desnutricion leve (l),2005-12-01,26,22,52,59,78,81,159
VILLAZON,desnutricion global,desnutricion leve (l),2005-12-01,72,72,49,59,121,131,252
VINTO,desnutricion global,desnutricion leve (l),2005-12-01,30,34,14,10,44,44,88
VITICHI,desnutricion global,desnutricion leve (l),2005-12-01,12,19,10,33,22,52,74
WALDO BALLIVIAN,desnutricion global,desnutricion leve (l),2005-12-01,5,3,0,3,5,6,11
WARNES,desnutricion global,desnutricion leve (l),2005-12-01,53,55,30,45,83,100,183
YACO,desnutricion global,desnutricion leve (l),2005-12-01,25,25,10,16,35,41,76
YACUIBA,desnutricion global,desnutricion leve (l),2005-12-01,55,50,44,47,99,97,196
YAMPARAEZ,desnutricion global,desnutricion leve (l),2005-12-01,54,38,114,114,168,152,320
YANACACHI,desnutricion global,desnutricion leve (l),2005-12-01,0,0,0,2,0,2,2
YAPACANI,desnutricion global,desnutricion leve (l),2005-12-01,76,59,44,59,120,118,238
YOCALLA,desnutricion global,desnutricion leve (l),2005-12-01,3,8,11,16,14,24,38
YOTALA,desnutricion global,desnutricion leve (l),2005-12-01,18,26,38,53,56,79,135
YUNCHARA,desnutricion global,desnutricion leve (l),2005-12-01,13,20,56,38,69,58,127
ZUDAÑEZ,desnutricion global,desnutricion leve (l),2005-12-01,28,25,51,58,79,83,162
