municipality,group,variable,month,< de 2 años-H,< de 2 años-M,2 a 4 años-H,2 a 4 años-M,TOTAL-H,TOTAL-M,TOTAL
ACACIO,desnutricion global,desnutricion moderada (m),2005-01-01,9,10,7,11,16,21,37
ACHACACHI,desnutricion global,desnutricion moderada (m),2005-01-01,5,5,7,12,12,17,29
ACHOCALLA,desnutricion global,desnutricion moderada (m),2005-01-01,6,10,4,3,10,13,23
AIQUILE,desnutricion global,desnutricion moderada (m),2005-01-01,11,2,7,5,18,7,25
ALCALA,desnutricion global,desnutricion moderada (m),2005-01-01,8,4,8,7,16,11,27
ANCORAIMES,desnutricion global,desnutricion moderada (m),2005-01-01,7,5,2,8,9,13,22
ANDAMARCA,desnutricion global,desnutricion moderada (m),2005-01-01,1,0,0,0,1,0,1
ANTEQUERA,desnutricion global,desnutricion moderada (m),2005-01-01,3,2,2,1,5,3,8
ANZALDO,desnutricion global,desnutricion moderada (m),2005-01-01,2,3,1,2,3,5,8
APOLO,desnutricion global,desnutricion moderada (m),2005-01-01,7,5,4,7,11,12,23
ARAMPAMPA,desnutricion global,desnutricion moderada (m),2005-01-01,3,1,0,2,3,3,6
ARANI,desnutricion global,desnutricion moderada (m),2005-01-01,2,6,2,0,4,6,10
ARBIETO,desnutricion global,desnutricion moderada (m),2005-01-01,1,0,0,1,1,1,2
ARQUE,desnutricion global,desnutricion moderada (m),2005-01-01,7,7,5,7,12,14,26
ATOCHA,desnutricion global,desnutricion moderada (m),2005-01-01,6,6,6,13,12,19,31
AUCAPATA,desnutricion global,desnutricion moderada (m),2005-01-01,0,1,4,3,4,4,8
AYATA,desnutricion global,desnutricion moderada (m),2005-01-01,8,3,4,0,12,3,15
AYOPAYA (V. DE INDEPENDENCIA),desnutricion global,desnutricion moderada (m),2005-01-01,9,18,5,13,14,31,45
AZURDUY,desnutricion global,desnutricion moderada (m),2005-01-01,10,20,13,18,23,38,61
BATALLAS,desnutricion global,desnutricion moderada (m),2005-01-01,2,3,1,0,3,3,6
BAURES,desnutricion global,desnutricion moderada (m),2005-01-01,4,0,1,0,5,0,5
BELEN DE URMIRI,desnutricion global,desnutricion moderada (m),2005-01-01,0,1,1,0,1,1,2
BERMEJO,desnutricion global,desnutricion moderada (m),2005-01-01,0,0,1,0,1,0,1
BETANZOS,desnutricion global,desnutricion moderada (m),2005-01-01,31,29,29,24,60,53,113
BOLIVAR,desnutricion global,desnutricion moderada (m),2005-01-01,10,9,24,19,34,28,62
BOYUIBE,desnutricion global,desnutricion moderada (m),2005-01-01,1,0,0,4,1,4,5
BUENA VISTA,desnutricion global,desnutricion moderada (m),2005-01-01,1,0,0,1,1,1,2
CABEZAS,desnutricion global,desnutricion moderada (m),2005-01-01,6,6,2,1,8,7,15
CAIROMA,desnutricion global,desnutricion moderada (m),2005-01-01,11,8,13,10,24,18,42
"CAIZA ""D""",desnutricion global,desnutricion moderada (m),2005-01-01,4,1,10,5,14,6,20
CAJUATA,desnutricion global,desnutricion moderada (m),2005-01-01,2,1,7,1,9,2,11
CALAMARCA,desnutricion global,desnutricion moderada (m),2005-01-01,22,14,20,21,42,35,77
CAMARGO,desnutricion global,desnutricion moderada (m),2005-01-01,7,10,9,7,16,17,33
CAMATAQUI (C. VILLA ABECIA),desnutricion global,desnutricion moderada (m),2005-01-01,3,1,0,1,3,2,5
CAMIRI,desnutricion global,desnutricion moderada (m),2005-01-01,11,25,14,26,25,51,76
CAPINOTA,desnutricion global,desnutricion moderada (m),2005-01-01,14,4,0,9,14,13,27
CAQUIAVIRI,desnutricion global,desnutricion moderada (m),2005-01-01,0,3,2,1,2,4,6
CARACOLLO,desnutricion global,desnutricion moderada (m),2005-01-01,10,6,0,4,10,10,20
CARANAVI,desnutricion global,desnutricion moderada (m),2005-01-01,10,18,10,14,20,32,52
CARAPARI,desnutricion global,desnutricion moderada (m),2005-01-01,2,4,4,0,6,4,10
CHALLAPATA,desnutricion global,desnutricion moderada (m),2005-01-01,7,8,6,8,13,16,29
CHAQUI,desnutricion global,desnutricion moderada (m),2005-01-01,1,1,4,0,5,1,6
CHARAGUA,desnutricion global,desnutricion moderada (m),2005-01-01,16,17,7,13,23,30,53
CHARAÑA,desnutricion global,desnutricion moderada (m),2005-01-01,1,2,1,1,2,3,5
CHAYANTA,desnutricion global,desnutricion moderada (m),2005-01-01,13,3,1,15,14,18,32
CHIMORE,desnutricion global,desnutricion moderada (m),2005-01-01,4,0,1,4,5,4,9
CHOQUE COTA,desnutricion global,desnutricion moderada (m),2005-01-01,2,0,1,0,3,0,3
CHULUMANI (V. DE LA LIBERTAD),desnutricion global,desnutricion moderada (m),2005-01-01,0,2,0,0,0,2,2
CHUMA,desnutricion global,desnutricion moderada (m),2005-01-01,6,6,3,1,9,7,16
CLIZA,desnutricion global,desnutricion moderada (m),2005-01-01,11,9,3,5,14,14,28
COBIJA,desnutricion global,desnutricion moderada (m),2005-01-01,4,5,5,4,9,9,18
COCHABAMBA,desnutricion global,desnutricion moderada (m),2005-01-01,67,57,25,25,92,82,174
COIPASA,desnutricion global,desnutricion moderada (m),2005-01-01,1,0,1,0,2,0,2
COLCAPIRHUA,desnutricion global,desnutricion moderada (m),2005-01-01,7,9,2,6,9,15,24
"COLCHA ""K""",desnutricion global,desnutricion moderada (m),2005-01-01,1,0,1,1,2,1,3
COLLANA,desnutricion global,desnutricion moderada (m),2005-01-01,0,1,0,0,0,1,1
COLOMI,desnutricion global,desnutricion moderada (m),2005-01-01,3,7,2,3,5,10,15
COLPA BELGICA,desnutricion global,desnutricion moderada (m),2005-01-01,1,3,0,2,1,5,6
COLQUECHACA,desnutricion global,desnutricion moderada (m),2005-01-01,13,10,4,5,17,15,32
COLQUENCHA,desnutricion global,desnutricion moderada (m),2005-01-01,2,2,1,2,3,4,7
COLQUIRI,desnutricion global,desnutricion moderada (m),2005-01-01,12,5,12,11,24,16,40
COMARAPA,desnutricion global,desnutricion moderada (m),2005-01-01,8,10,7,6,15,16,31
CONCEPCION,desnutricion global,desnutricion moderada (m),2005-01-01,6,0,0,0,6,0,6
COPACABANA,desnutricion global,desnutricion moderada (m),2005-01-01,2,0,2,2,4,2,6
CORO CORO,desnutricion global,desnutricion moderada (m),2005-01-01,2,5,4,8,6,13,19
COROICO,desnutricion global,desnutricion moderada (m),2005-01-01,3,2,2,2,5,4,9
CORQUE,desnutricion global,desnutricion moderada (m),2005-01-01,7,5,0,0,7,5,12
COTAGAITA,desnutricion global,desnutricion moderada (m),2005-01-01,30,13,21,28,51,41,92
COTOCA,desnutricion global,desnutricion moderada (m),2005-01-01,9,9,4,7,13,16,29
CUATRO CAÑADAS,desnutricion global,desnutricion moderada (m),2005-01-01,2,0,1,0,3,0,3
CUEVO,desnutricion global,desnutricion moderada (m),2005-01-01,4,3,2,4,6,7,13
CULPINA,desnutricion global,desnutricion moderada (m),2005-01-01,24,19,16,23,40,42,82
CURAHUARA DE CARANGAS,desnutricion global,desnutricion moderada (m),2005-01-01,1,0,0,0,1,0,1
CURVA,desnutricion global,desnutricion moderada (m),2005-01-01,2,0,0,0,2,0,2
DESAGUADERO,desnutricion global,desnutricion moderada (m),2005-01-01,2,0,0,0,2,0,2
EL ALTO,desnutricion global,desnutricion moderada (m),2005-01-01,192,178,83,85,275,263,538
EL CHORO,desnutricion global,desnutricion moderada (m),2005-01-01,0,0,1,1,1,1,2
EL PUENTE(TJA),desnutricion global,desnutricion moderada (m),2005-01-01,5,3,5,10,10,13,23
EL TORNO,desnutricion global,desnutricion moderada (m),2005-01-01,4,4,5,8,9,12,21
EL VILLAR,desnutricion global,desnutricion moderada (m),2005-01-01,2,2,4,13,6,15,21
ENTRE RIOS,desnutricion global,desnutricion moderada (m),2005-01-01,13,18,7,16,20,34,54
ENTRE RIOS,desnutricion global,desnutricion moderada (m),2005-01-01,11,3,1,1,12,4,16
EUCALIPTUS,desnutricion global,desnutricion moderada (m),2005-01-01,2,1,1,1,3,2,5
EXALTACION,desnutricion global,desnutricion moderada (m),2005-01-01,0,1,1,1,1,2,3
FERNANDEZ ALONSO,desnutricion global,desnutricion moderada (m),2005-01-01,2,6,2,3,4,9,13
FILADELFIA,desnutricion global,desnutricion moderada (m),2005-01-01,1,2,1,1,2,3,5
GENERAL SAAVEDRA,desnutricion global,desnutricion moderada (m),2005-01-01,11,0,9,0,20,0,20
GRAL. J.J. PEREZ (CHARAZANI),desnutricion global,desnutricion moderada (m),2005-01-01,1,3,3,2,4,5,9
GUANAY,desnutricion global,desnutricion moderada (m),2005-01-01,2,3,0,0,2,3,5
GUAQUI,desnutricion global,desnutricion moderada (m),2005-01-01,1,0,0,0,1,0,1
GUTIERREZ,desnutricion global,desnutricion moderada (m),2005-01-01,25,19,24,31,49,50,99
HUACARETA,desnutricion global,desnutricion moderada (m),2005-01-01,8,5,5,3,13,8,21
HUACAYA (VILLA DE HUACAYA),desnutricion global,desnutricion moderada (m),2005-01-01,0,2,4,2,4,4,8
HUANUNI,desnutricion global,desnutricion moderada (m),2005-01-01,15,6,3,5,18,11,29
HUARACAJE,desnutricion global,desnutricion moderada (m),2005-01-01,0,2,0,1,0,3,3
HUAYLLAMARCA,desnutricion global,desnutricion moderada (m),2005-01-01,0,1,0,0,0,1,1
ICHOCA,desnutricion global,desnutricion moderada (m),2005-01-01,0,0,2,2,2,2,4
ICLA,desnutricion global,desnutricion moderada (m),2005-01-01,29,21,28,30,57,51,108
INCAHUASI,desnutricion global,desnutricion moderada (m),2005-01-01,25,35,12,23,37,58,95
INQUISIVI,desnutricion global,desnutricion moderada (m),2005-01-01,10,6,2,7,12,13,25
IRUPANA (VILLA DE LANZA),desnutricion global,desnutricion moderada (m),2005-01-01,1,1,2,2,3,3,6
IXIAMAS,desnutricion global,desnutricion moderada (m),2005-01-01,2,3,2,5,4,8,12
JESUS DE MACHACA,desnutricion global,desnutricion moderada (m),2005-01-01,1,1,1,0,2,1,3
LA ASUNTA,desnutricion global,desnutricion moderada (m),2005-01-01,9,14,4,14,13,28,41
LA GUARDIA,desnutricion global,desnutricion moderada (m),2005-01-01,14,7,9,10,23,17,40
LA PAZ,desnutricion global,desnutricion moderada (m),2005-01-01,114,104,48,65,162,169,331
LAGUNILLAS,desnutricion global,desnutricion moderada (m),2005-01-01,3,1,2,6,5,7,12
LAJA,desnutricion global,desnutricion moderada (m),2005-01-01,2,3,0,1,2,4,6
LAS CARRERAS,desnutricion global,desnutricion moderada (m),2005-01-01,1,3,0,2,1,5,6
LLALLAGUA,desnutricion global,desnutricion moderada (m),2005-01-01,19,11,13,9,32,20,52
LURIBAY,desnutricion global,desnutricion moderada (m),2005-01-01,1,2,3,5,4,7,11
MACHARETI,desnutricion global,desnutricion moderada (m),2005-01-01,4,5,6,3,10,8,18
MAGDALENA,desnutricion global,desnutricion moderada (m),2005-01-01,12,3,0,1,12,4,16
MAIRANA,desnutricion global,desnutricion moderada (m),2005-01-01,3,0,0,0,3,0,3
MALLA,desnutricion global,desnutricion moderada (m),2005-01-01,2,0,0,0,2,0,2
MAPIRI,desnutricion global,desnutricion moderada (m),2005-01-01,6,3,2,3,8,6,14
MECAPACA,desnutricion global,desnutricion moderada (m),2005-01-01,6,11,6,10,12,21,33
MINEROS,desnutricion global,desnutricion moderada (m),2005-01-01,19,15,2,1,21,16,37
MIZQUE,desnutricion global,desnutricion moderada (m),2005-01-01,2,2,2,7,4,9,13
MOCOMOCO,desnutricion global,desnutricion moderada (m),2005-01-01,4,3,2,1,6,4,10
MOJINETE,desnutricion global,desnutricion moderada (m),2005-01-01,1,0,1,0,2,0,2
MOJOCOYA,desnutricion global,desnutricion moderada (m),2005-01-01,5,7,7,1,12,8,20
MONTEAGUDO,desnutricion global,desnutricion moderada (m),2005-01-01,7,5,13,25,20,30,50
MONTERO,desnutricion global,desnutricion moderada (m),2005-01-01,102,14,48,5,150,19,169
MORO MORO,desnutricion global,desnutricion moderada (m),2005-01-01,1,1,1,1,2,2,4
MOROCHATA,desnutricion global,desnutricion moderada (m),2005-01-01,8,6,2,2,10,8,18
OCURI,desnutricion global,desnutricion moderada (m),2005-01-01,25,19,10,13,35,32,67
OKINAWA,desnutricion global,desnutricion moderada (m),2005-01-01,3,4,1,1,4,5,9
ORURO,desnutricion global,desnutricion moderada (m),2005-01-01,84,79,42,46,126,125,251
PADCAYA,desnutricion global,desnutricion moderada (m),2005-01-01,4,4,3,2,7,6,13
PADILLA,desnutricion global,desnutricion moderada (m),2005-01-01,8,10,14,11,22,21,43
PAILON,desnutricion global,desnutricion moderada (m),2005-01-01,0,7,2,0,2,7,9
PALCA,desnutricion global,desnutricion moderada (m),2005-01-01,18,4,15,3,33,7,40
PALOS BLANCOS,desnutricion global,desnutricion moderada (m),2005-01-01,13,9,5,8,18,17,35
PAMPA AULLAGAS,desnutricion global,desnutricion moderada (m),2005-01-01,0,1,1,2,1,3,4
PAMPA GRANDE,desnutricion global,desnutricion moderada (m),2005-01-01,4,2,0,7,4,9,13
PAPEL PAMPA,desnutricion global,desnutricion moderada (m),2005-01-01,0,3,0,0,0,3,3
PASORAPA,desnutricion global,desnutricion moderada (m),2005-01-01,2,2,1,1,3,3,6
PATACAMAYA,desnutricion global,desnutricion moderada (m),2005-01-01,9,11,3,9,12,20,32
PAZÑA,desnutricion global,desnutricion moderada (m),2005-01-01,1,2,2,0,3,2,5
PELECHUCO,desnutricion global,desnutricion moderada (m),2005-01-01,6,0,1,5,7,5,12
POCOATA,desnutricion global,desnutricion moderada (m),2005-01-01,20,19,16,19,36,38,74
POCONA,desnutricion global,desnutricion moderada (m),2005-01-01,6,0,1,3,7,3,10
POJO (CBBA),desnutricion global,desnutricion moderada (m),2005-01-01,2,9,2,4,4,13,17
PORCO,desnutricion global,desnutricion moderada (m),2005-01-01,1,1,1,0,2,1,3
POROMA,desnutricion global,desnutricion moderada (m),2005-01-01,19,18,14,12,33,30,63
PORONGO,desnutricion global,desnutricion moderada (m),2005-01-01,1,0,0,0,1,0,1
PORTACHUELO,desnutricion global,desnutricion moderada (m),2005-01-01,1,6,3,2,4,8,12
PORVENIR,desnutricion global,desnutricion moderada (m),2005-01-01,0,0,0,1,0,1,1
POSTRER VALLE,desnutricion global,desnutricion moderada (m),2005-01-01,0,0,1,0,1,0,1
POTOSI,desnutricion global,desnutricion moderada (m),2005-01-01,37,44,17,24,54,68,122
PRESTO,desnutricion global,desnutricion moderada (m),2005-01-01,13,6,7,5,20,11,31
PUCARANI,desnutricion global,desnutricion moderada (m),2005-01-01,9,3,1,0,10,3,13
PUERTO ACOSTA,desnutricion global,desnutricion moderada (m),2005-01-01,3,2,1,2,4,4,8
PUERTO CARABUCO,desnutricion global,desnutricion moderada (m),2005-01-01,3,6,5,9,8,15,23
PUERTO GONZALO MORENO,desnutricion global,desnutricion moderada (m),2005-01-01,1,1,2,3,3,4,7
PUERTO PEREZ,desnutricion global,desnutricion moderada (m),2005-01-01,0,0,2,0,2,0,2
PUERTO RICO,desnutricion global,desnutricion moderada (m),2005-01-01,2,2,1,0,3,2,5
PUERTO VILLARROEL,desnutricion global,desnutricion moderada (m),2005-01-01,37,37,27,24,64,61,125
PUNA,desnutricion global,desnutricion moderada (m),2005-01-01,10,23,11,19,21,42,63
PUNATA,desnutricion global,desnutricion moderada (m),2005-01-01,6,5,1,3,7,8,15
QUIABAYA,desnutricion global,desnutricion moderada (m),2005-01-01,3,2,2,1,5,3,8
QUILLACOLLO,desnutricion global,desnutricion moderada (m),2005-01-01,10,8,9,4,19,12,31
QUIME,desnutricion global,desnutricion moderada (m),2005-01-01,11,4,11,4,22,8,30
RAVELO,desnutricion global,desnutricion moderada (m),2005-01-01,9,1,12,3,21,4,25
REYES,desnutricion global,desnutricion moderada (m),2005-01-01,5,3,7,6,12,9,21
RIBERALTA,desnutricion global,desnutricion moderada (m),2005-01-01,35,37,26,42,61,79,140
ROBORE,desnutricion global,desnutricion moderada (m),2005-01-01,0,11,7,0,7,11,18
RURRENABAQUE,desnutricion global,desnutricion moderada (m),2005-01-01,1,2,1,0,2,2,4
SACABA,desnutricion global,desnutricion moderada (m),2005-01-01,19,16,8,12,27,28,55
SACABAMBA,desnutricion global,desnutricion moderada (m),2005-01-01,2,2,2,0,4,2,6
SAIPINA,desnutricion global,desnutricion moderada (m),2005-01-01,5,2,0,2,5,4,9
SALINAS DE GARCI MENDOZA,desnutricion global,desnutricion moderada (m),2005-01-01,2,3,2,1,4,4,8
SAMAIPATA,desnutricion global,desnutricion moderada (m),2005-01-01,6,0,1,0,7,0,7
SAN ANDRES,desnutricion global,desnutricion moderada (m),2005-01-01,3,0,1,2,4,2,6
SAN ANDRES DE MACHACA,desnutricion global,desnutricion moderada (m),2005-01-01,0,1,0,0,0,1,1
SAN ANTONIO DE LOMERIO,desnutricion global,desnutricion moderada (m),2005-01-01,10,7,11,20,21,27,48
SAN BENITO,desnutricion global,desnutricion moderada (m),2005-01-01,1,1,0,2,1,3,4
SAN BORJA,desnutricion global,desnutricion moderada (m),2005-01-01,19,19,9,12,28,31,59
SAN BUENA VENTURA,desnutricion global,desnutricion moderada (m),2005-01-01,5,5,4,3,9,8,17
SAN CARLOS,desnutricion global,desnutricion moderada (m),2005-01-01,7,3,4,0,11,3,14
SAN IGNACIO,desnutricion global,desnutricion moderada (m),2005-01-01,18,9,12,6,30,15,45
SAN IGNACIO DE VELASCO,desnutricion global,desnutricion moderada (m),2005-01-01,45,35,26,35,71,70,141
SAN JAVIER(STC),desnutricion global,desnutricion moderada (m),2005-01-01,4,0,3,0,7,0,7
SAN JOAQUIN,desnutricion global,desnutricion moderada (m),2005-01-01,2,2,0,1,2,3,5
SAN JOSE DE CHIQUITOS,desnutricion global,desnutricion moderada (m),2005-01-01,1,1,1,2,2,3,5
SAN JUAN DE YAPACANI,desnutricion global,desnutricion moderada (m),2005-01-01,0,0,2,3,2,3,5
SAN JULIAN,desnutricion global,desnutricion moderada (m),2005-01-01,11,1,4,1,15,2,17
SAN LORENZO(PND),desnutricion global,desnutricion moderada (m),2005-01-01,0,2,1,0,1,2,3
SAN LORENZO(TJA),desnutricion global,desnutricion moderada (m),2005-01-01,7,9,7,10,14,19,33
SAN LUCAS,desnutricion global,desnutricion moderada (m),2005-01-01,87,62,48,87,135,149,284
SAN MIGUEL DE VELASCO,desnutricion global,desnutricion moderada (m),2005-01-01,6,8,3,8,9,16,25
SAN PABLO DE LIPEZ,desnutricion global,desnutricion moderada (m),2005-01-01,2,0,1,2,3,2,5
SAN PEDRO,desnutricion global,desnutricion moderada (m),2005-01-01,9,8,5,6,14,14,28
SAN PEDRO DE BUENA VISTA,desnutricion global,desnutricion moderada (m),2005-01-01,12,19,13,16,25,35,60
SAN PEDRO DE CURAHUARA,desnutricion global,desnutricion moderada (m),2005-01-01,1,1,1,1,2,2,4
SAN PEDRO(PND),desnutricion global,desnutricion moderada (m),2005-01-01,0,1,0,0,0,1,1
SAN RAFAEL,desnutricion global,desnutricion moderada (m),2005-01-01,4,3,3,3,7,6,13
SAN RAMON,desnutricion global,desnutricion moderada (m),2005-01-01,2,0,0,0,2,0,2
SAN RAMON,desnutricion global,desnutricion moderada (m),2005-01-01,7,0,5,0,12,0,12
SANTA ANA,desnutricion global,desnutricion moderada (m),2005-01-01,7,3,1,2,8,5,13
SANTA CRUZ DE LA SIERRA,desnutricion global,desnutricion moderada (m),2005-01-01,352,203,116,100,468,303,771
SANTA ROSA,desnutricion global,desnutricion moderada (m),2005-01-01,1,4,0,2,1,6,7
SANTA ROSA DEL SARA,desnutricion global,desnutricion moderada (m),2005-01-01,4,3,1,3,5,6,11
SANTIAGO DE CALLAPA,desnutricion global,desnutricion moderada (m),2005-01-01,0,0,1,1,1,1,2
SANTIAGO DE HUARI,desnutricion global,desnutricion moderada (m),2005-01-01,1,0,0,0,1,0,1
SANTIAGO DE MACHACA,desnutricion global,desnutricion moderada (m),2005-01-01,0,0,0,1,0,1,1
SANTIVAÑES,desnutricion global,desnutricion moderada (m),2005-01-01,3,1,2,0,5,1,6
SANTUARIO DE QUILLACAS,desnutricion global,desnutricion moderada (m),2005-01-01,0,0,0,1,0,1,1
SAPAHAQUI,desnutricion global,desnutricion moderada (m),2005-01-01,6,3,0,4,6,7,13
SENA,desnutricion global,desnutricion moderada (m),2005-01-01,1,1,0,0,1,1,2
SICA SICA (VILLA AROMA),desnutricion global,desnutricion moderada (m),2005-01-01,14,13,18,7,32,20,52
SICAYA,desnutricion global,desnutricion moderada (m),2005-01-01,2,1,4,0,6,1,7
SIPE SIPE,desnutricion global,desnutricion moderada (m),2005-01-01,6,12,7,8,13,20,33
SOPACHUY,desnutricion global,desnutricion moderada (m),2005-01-01,6,13,8,14,14,27,41
SORACACHI,desnutricion global,desnutricion moderada (m),2005-01-01,2,1,1,1,3,2,5
SORATA,desnutricion global,desnutricion moderada (m),2005-01-01,4,8,6,12,10,20,30
SUCRE,desnutricion global,desnutricion moderada (m),2005-01-01,32,22,28,23,60,45,105
TACACHI,desnutricion global,desnutricion moderada (m),2005-01-01,1,1,0,0,1,1,2
TACACOMA,desnutricion global,desnutricion moderada (m),2005-01-01,0,0,1,1,1,1,2
TACOBAMBA,desnutricion global,desnutricion moderada (m),2005-01-01,0,0,1,2,1,2,3
TACOPAYA,desnutricion global,desnutricion moderada (m),2005-01-01,5,6,1,1,6,7,13
TAPACARI,desnutricion global,desnutricion moderada (m),2005-01-01,16,12,15,11,31,23,54
TARABUCO,desnutricion global,desnutricion moderada (m),2005-01-01,47,32,49,75,96,107,203
TARACO,desnutricion global,desnutricion moderada (m),2005-01-01,1,0,1,0,2,0,2
TARATA,desnutricion global,desnutricion moderada (m),2005-01-01,6,5,2,1,8,6,14
TARIJA,desnutricion global,desnutricion moderada (m),2005-01-01,28,25,19,23,47,48,95
TARVITA,desnutricion global,desnutricion moderada (m),2005-01-01,23,15,25,26,48,41,89
TEOPONTE,desnutricion global,desnutricion moderada (m),2005-01-01,0,1,1,0,1,1,2
TIAWANACU,desnutricion global,desnutricion moderada (m),2005-01-01,2,0,1,0,3,0,3
TINGUIPAYA,desnutricion global,desnutricion moderada (m),2005-01-01,13,9,6,7,19,16,35
TIPUANI,desnutricion global,desnutricion moderada (m),2005-01-01,1,1,1,0,2,1,3
TIQUIPAYA,desnutricion global,desnutricion moderada (m),2005-01-01,10,6,4,2,14,8,22
TIRAQUE (CBBA),desnutricion global,desnutricion moderada (m),2005-01-01,28,27,11,16,39,43,82
TITO YUPANQUI (PARQUIPUJIO),desnutricion global,desnutricion moderada (m),2005-01-01,1,1,0,0,1,1,2
TOCO,desnutricion global,desnutricion moderada (m),2005-01-01,6,0,2,3,8,3,11
TOLEDO,desnutricion global,desnutricion moderada (m),2005-01-01,3,1,0,0,3,1,4
TOMAVE,desnutricion global,desnutricion moderada (m),2005-01-01,4,0,0,0,4,0,4
TOMINA,desnutricion global,desnutricion moderada (m),2005-01-01,19,15,20,34,39,49,88
TORO TORO,desnutricion global,desnutricion moderada (m),2005-01-01,5,5,3,3,8,8,16
TOTORA(CBBA),desnutricion global,desnutricion moderada (m),2005-01-01,7,5,4,2,11,7,18
TOTORA(ORR),desnutricion global,desnutricion moderada (m),2005-01-01,0,1,1,0,1,1,2
TRINIDAD,desnutricion global,desnutricion moderada (m),2005-01-01,38,36,9,16,47,52,99
TUPIZA,desnutricion global,desnutricion moderada (m),2005-01-01,17,8,6,14,23,22,45
TURCO,desnutricion global,desnutricion moderada (m),2005-01-01,0,1,0,0,0,1,1
UNCIA,desnutricion global,desnutricion moderada (m),2005-01-01,24,14,8,15,32,29,61
URIONDO (A. CONCEPCION),desnutricion global,desnutricion moderada (m),2005-01-01,2,4,8,10,10,14,24
UYUNI,desnutricion global,desnutricion moderada (m),2005-01-01,4,1,7,1,11,2,13
VACAS,desnutricion global,desnutricion moderada (m),2005-01-01,14,10,5,2,19,12,31
VALLEGRANDE,desnutricion global,desnutricion moderada (m),2005-01-01,5,1,10,1,15,2,17
VIACHA,desnutricion global,desnutricion moderada (m),2005-01-01,26,13,6,13,32,26,58
VILA VILA,desnutricion global,desnutricion moderada (m),2005-01-01,2,1,5,1,7,2,9
VILLA MONTES,desnutricion global,desnutricion moderada (m),2005-01-01,17,13,15,8,32,21,53
VILLA RIVERO,desnutricion global,desnutricion moderada (m),2005-01-01,4,4,2,3,6,7,13
VILLA SERRANO,desnutricion global,desnutricion moderada (m),2005-01-01,9,8,10,13,19,21,40
VILLA TUNARI,desnutricion global,desnutricion moderada (m),2005-01-01,14,32,21,24,35,56,91
VILLA VACA GUZMAN (MUYUPAMPA),desnutricion global,desnutricion moderada (m),2005-01-01,3,5,5,6,8,11,19
VILLAZON,desnutricion global,desnutricion moderada (m),2005-01-01,12,7,6,14,18,21,39
VINTO,desnutricion global,desnutricion moderada (m),2005-01-01,9,0,7,0,16,0,16
VITICHI,desnutricion global,desnutricion moderada (m),2005-01-01,13,5,8,11,21,16,37
WALDO BALLIVIAN,desnutricion global,desnutricion moderada (m),2005-01-01,0,1,0,0,0,1,1
WARNES,desnutricion global,desnutricion moderada (m),2005-01-01,6,11,5,3,11,14,25
YACO,desnutricion global,desnutricion moderada (m),2005-01-01,3,4,1,3,4,7,11
YACUIBA,desnutricion global,desnutricion moderada (m),2005-01-01,16,20,6,5,22,25,47
YAMPARAEZ,desnutricion global,desnutricion moderada (m),2005-01-01,21,16,19,16,40,32,72
YANACACHI,desnutricion global,desnutricion moderada (m),2005-01-01,0,1,0,1,0,2,2
YAPACANI,desnutricion global,desnutricion moderada (m),2005-01-01,33,16,22,11,55,27,82
YOCALLA,desnutricion global,desnutricion moderada (m),2005-01-01,3,1,2,1,5,2,7
YOTALA,desnutricion global,desnutricion moderada (m),2005-01-01,7,8,5,14,12,22,34
YUNCHARA,desnutricion global,desnutricion moderada (m),2005-01-01,4,5,5,10,9,15,24
ZUDAÑEZ,desnutricion global,desnutricion moderada (m),2005-01-01,13,5,10,13,23,18,41
ACACIO,desnutricion global,desnutricion moderada (m),2005-02-01,11,5,10,11,21,16,37
ACHACACHI,desnutricion global,desnutricion moderada (m),2005-02-01,6,5,6,13,12,18,30
ACHOCALLA,desnutricion global,desnutricion moderada (m),2005-02-01,4,9,8,15,12,24,36
AIQUILE,desnutricion global,desnutricion moderada (m),2005-02-01,9,6,10,16,19,22,41
ALALAY,desnutricion global,desnutricion moderada (m),2005-02-01,1,0,2,0,3,0,3
ALCALA,desnutricion global,desnutricion moderada (m),2005-02-01,4,4,6,3,10,7,17
ANCORAIMES,desnutricion global,desnutricion moderada (m),2005-02-01,2,4,3,5,5,9,14
ANDAMARCA,desnutricion global,desnutricion moderada (m),2005-02-01,2,0,1,0,3,0,3
ANTEQUERA,desnutricion global,desnutricion moderada (m),2005-02-01,2,1,1,0,3,1,4
ANZALDO,desnutricion global,desnutricion moderada (m),2005-02-01,1,0,2,4,3,4,7
APOLO,desnutricion global,desnutricion moderada (m),2005-02-01,2,7,0,6,2,13,15
ARAMPAMPA,desnutricion global,desnutricion moderada (m),2005-02-01,6,6,3,9,9,15,24
ARANI,desnutricion global,desnutricion moderada (m),2005-02-01,3,2,0,2,3,4,7
ARBIETO,desnutricion global,desnutricion moderada (m),2005-02-01,2,0,1,7,3,7,10
ARQUE,desnutricion global,desnutricion moderada (m),2005-02-01,7,5,0,0,7,5,12
ATOCHA,desnutricion global,desnutricion moderada (m),2005-02-01,10,11,5,6,15,17,32
AUCAPATA,desnutricion global,desnutricion moderada (m),2005-02-01,2,1,1,2,3,3,6
AYATA,desnutricion global,desnutricion moderada (m),2005-02-01,8,6,0,8,8,14,22
AYO AYO,desnutricion global,desnutricion moderada (m),2005-02-01,4,5,0,0,4,5,9
AYOPAYA (V. DE INDEPENDENCIA),desnutricion global,desnutricion moderada (m),2005-02-01,16,15,12,15,28,30,58
AZURDUY,desnutricion global,desnutricion moderada (m),2005-02-01,6,12,5,10,11,22,33
BATALLAS,desnutricion global,desnutricion moderada (m),2005-02-01,1,0,1,1,2,1,3
BAURES,desnutricion global,desnutricion moderada (m),2005-02-01,5,0,1,0,6,0,6
BELEN DE URMIRI,desnutricion global,desnutricion moderada (m),2005-02-01,0,1,0,1,0,2,2
BELLA FLOR,desnutricion global,desnutricion moderada (m),2005-02-01,0,0,1,0,1,0,1
BERMEJO,desnutricion global,desnutricion moderada (m),2005-02-01,0,1,0,0,0,1,1
BETANZOS,desnutricion global,desnutricion moderada (m),2005-02-01,23,19,20,32,43,51,94
BOLIVAR,desnutricion global,desnutricion moderada (m),2005-02-01,7,4,1,2,8,6,14
BOYUIBE,desnutricion global,desnutricion moderada (m),2005-02-01,2,2,1,3,3,5,8
BUENA VISTA,desnutricion global,desnutricion moderada (m),2005-02-01,3,0,0,0,3,0,3
CABEZAS,desnutricion global,desnutricion moderada (m),2005-02-01,3,4,0,4,3,8,11
CAIROMA,desnutricion global,desnutricion moderada (m),2005-02-01,15,18,8,13,23,31,54
"CAIZA ""D""",desnutricion global,desnutricion moderada (m),2005-02-01,4,1,8,7,12,8,20
CAJUATA,desnutricion global,desnutricion moderada (m),2005-02-01,1,1,1,2,2,3,5
CALACOTO,desnutricion global,desnutricion moderada (m),2005-02-01,1,0,1,0,2,0,2
CALAMARCA,desnutricion global,desnutricion moderada (m),2005-02-01,21,18,12,22,33,40,73
CAMARGO,desnutricion global,desnutricion moderada (m),2005-02-01,3,10,2,5,5,15,20
CAMATAQUI (C. VILLA ABECIA),desnutricion global,desnutricion moderada (m),2005-02-01,2,4,2,1,4,5,9
CAMIRI,desnutricion global,desnutricion moderada (m),2005-02-01,12,2,1,7,13,9,22
CAPINOTA,desnutricion global,desnutricion moderada (m),2005-02-01,10,5,6,2,16,7,23
CAQUIAVIRI,desnutricion global,desnutricion moderada (m),2005-02-01,0,0,2,1,2,1,3
CARACOLLO,desnutricion global,desnutricion moderada (m),2005-02-01,2,3,1,0,3,3,6
CARANAVI,desnutricion global,desnutricion moderada (m),2005-02-01,15,12,15,37,30,49,79
CARAPARI,desnutricion global,desnutricion moderada (m),2005-02-01,3,2,2,2,5,4,9
CARIPUYO,desnutricion global,desnutricion moderada (m),2005-02-01,5,7,4,6,9,13,22
CATACORA,desnutricion global,desnutricion moderada (m),2005-02-01,0,1,0,0,0,1,1
CHALLAPATA,desnutricion global,desnutricion moderada (m),2005-02-01,11,10,10,5,21,15,36
CHAQUI,desnutricion global,desnutricion moderada (m),2005-02-01,0,1,2,3,2,4,6
CHARAGUA,desnutricion global,desnutricion moderada (m),2005-02-01,15,11,8,11,23,22,45
CHARAÑA,desnutricion global,desnutricion moderada (m),2005-02-01,1,1,0,0,1,1,2
CHAYANTA,desnutricion global,desnutricion moderada (m),2005-02-01,18,5,10,21,28,26,54
CHIMORE,desnutricion global,desnutricion moderada (m),2005-02-01,2,1,0,0,2,1,3
CHIPAYA,desnutricion global,desnutricion moderada (m),2005-02-01,0,1,1,0,1,1,2
CHULUMANI (V. DE LA LIBERTAD),desnutricion global,desnutricion moderada (m),2005-02-01,1,1,0,1,1,2,3
CHUMA,desnutricion global,desnutricion moderada (m),2005-02-01,4,3,1,0,5,3,8
CLIZA,desnutricion global,desnutricion moderada (m),2005-02-01,9,8,3,3,12,11,23
COBIJA,desnutricion global,desnutricion moderada (m),2005-02-01,5,6,2,4,7,10,17
COCHABAMBA,desnutricion global,desnutricion moderada (m),2005-02-01,57,40,34,30,91,70,161
COLCAPIRHUA,desnutricion global,desnutricion moderada (m),2005-02-01,2,6,2,3,4,9,13
"COLCHA ""K""",desnutricion global,desnutricion moderada (m),2005-02-01,4,2,1,1,5,3,8
COLLANA,desnutricion global,desnutricion moderada (m),2005-02-01,0,0,0,1,0,1,1
COLOMI,desnutricion global,desnutricion moderada (m),2005-02-01,10,8,5,8,15,16,31
COLPA BELGICA,desnutricion global,desnutricion moderada (m),2005-02-01,1,1,2,2,3,3,6
COLQUECHACA,desnutricion global,desnutricion moderada (m),2005-02-01,23,22,10,11,33,33,66
COLQUENCHA,desnutricion global,desnutricion moderada (m),2005-02-01,1,2,1,0,2,2,4
COLQUIRI,desnutricion global,desnutricion moderada (m),2005-02-01,9,9,6,10,15,19,34
COMANCHE,desnutricion global,desnutricion moderada (m),2005-02-01,2,0,0,1,2,1,3
COMARAPA,desnutricion global,desnutricion moderada (m),2005-02-01,7,3,4,3,11,6,17
COMBAYA,desnutricion global,desnutricion moderada (m),2005-02-01,2,0,1,1,3,1,4
CONCEPCION,desnutricion global,desnutricion moderada (m),2005-02-01,0,0,1,0,1,0,1
COPACABANA,desnutricion global,desnutricion moderada (m),2005-02-01,0,2,3,2,3,4,7
CORIPATA,desnutricion global,desnutricion moderada (m),2005-02-01,3,0,0,0,3,0,3
CORO CORO,desnutricion global,desnutricion moderada (m),2005-02-01,3,3,2,2,5,5,10
COROICO,desnutricion global,desnutricion moderada (m),2005-02-01,3,1,3,2,6,3,9
CORQUE,desnutricion global,desnutricion moderada (m),2005-02-01,0,5,1,5,1,10,11
COTAGAITA,desnutricion global,desnutricion moderada (m),2005-02-01,2,3,7,1,9,4,13
COTOCA,desnutricion global,desnutricion moderada (m),2005-02-01,6,8,1,4,7,12,19
CUATRO CAÑADAS,desnutricion global,desnutricion moderada (m),2005-02-01,2,0,1,1,3,1,4
CUEVO,desnutricion global,desnutricion moderada (m),2005-02-01,1,1,1,1,2,2,4
CULPINA,desnutricion global,desnutricion moderada (m),2005-02-01,29,26,25,47,54,73,127
CURAHUARA DE CARANGAS,desnutricion global,desnutricion moderada (m),2005-02-01,0,1,3,3,3,4,7
DESAGUADERO,desnutricion global,desnutricion moderada (m),2005-02-01,0,1,0,0,0,1,1
EL ALTO,desnutricion global,desnutricion moderada (m),2005-02-01,212,136,93,98,305,234,539
EL PUENTE(TJA),desnutricion global,desnutricion moderada (m),2005-02-01,7,0,2,7,9,7,16
EL TORNO,desnutricion global,desnutricion moderada (m),2005-02-01,8,5,4,3,12,8,20
EL VILLAR,desnutricion global,desnutricion moderada (m),2005-02-01,2,3,3,15,5,18,23
ENTRE RIOS,desnutricion global,desnutricion moderada (m),2005-02-01,17,21,4,7,21,28,49
ENTRE RIOS,desnutricion global,desnutricion moderada (m),2005-02-01,4,1,1,3,5,4,9
EUCALIPTUS,desnutricion global,desnutricion moderada (m),2005-02-01,2,1,2,1,4,2,6
EXALTACION,desnutricion global,desnutricion moderada (m),2005-02-01,2,0,1,1,3,1,4
FERNANDEZ ALONSO,desnutricion global,desnutricion moderada (m),2005-02-01,2,4,2,3,4,7,11
FILADELFIA,desnutricion global,desnutricion moderada (m),2005-02-01,0,1,0,0,0,1,1
GENERAL SAAVEDRA,desnutricion global,desnutricion moderada (m),2005-02-01,14,0,7,0,21,0,21
GRAL. J.J. PEREZ (CHARAZANI),desnutricion global,desnutricion moderada (m),2005-02-01,2,6,1,1,3,7,10
GUANAY,desnutricion global,desnutricion moderada (m),2005-02-01,2,2,0,0,2,2,4
GUAQUI,desnutricion global,desnutricion moderada (m),2005-02-01,2,0,0,0,2,0,2
GUTIERREZ,desnutricion global,desnutricion moderada (m),2005-02-01,24,17,16,27,40,44,84
HUACARETA,desnutricion global,desnutricion moderada (m),2005-02-01,9,4,4,3,13,7,20
HUACAYA (VILLA DE HUACAYA),desnutricion global,desnutricion moderada (m),2005-02-01,2,0,5,1,7,1,8
HUACHACALLA,desnutricion global,desnutricion moderada (m),2005-02-01,1,0,0,0,1,0,1
HUANUNI,desnutricion global,desnutricion moderada (m),2005-02-01,8,2,2,1,10,3,13
HUARACAJE,desnutricion global,desnutricion moderada (m),2005-02-01,5,0,0,0,5,0,5
ICHOCA,desnutricion global,desnutricion moderada (m),2005-02-01,0,0,0,1,0,1,1
ICLA,desnutricion global,desnutricion moderada (m),2005-02-01,34,13,26,36,60,49,109
INCAHUASI,desnutricion global,desnutricion moderada (m),2005-02-01,27,57,17,29,44,86,130
INQUISIVI,desnutricion global,desnutricion moderada (m),2005-02-01,10,2,1,4,11,6,17
IRUPANA (VILLA DE LANZA),desnutricion global,desnutricion moderada (m),2005-02-01,2,6,5,3,7,9,16
IXIAMAS,desnutricion global,desnutricion moderada (m),2005-02-01,4,2,4,4,8,6,14
JESUS DE MACHACA,desnutricion global,desnutricion moderada (m),2005-02-01,4,4,1,1,5,5,10
LA ASUNTA,desnutricion global,desnutricion moderada (m),2005-02-01,7,9,3,5,10,14,24
LA GUARDIA,desnutricion global,desnutricion moderada (m),2005-02-01,9,6,5,3,14,9,23
LA PAZ,desnutricion global,desnutricion moderada (m),2005-02-01,120,92,54,74,174,166,340
LAGUNILLAS,desnutricion global,desnutricion moderada (m),2005-02-01,3,8,3,4,6,12,18
LAJA,desnutricion global,desnutricion moderada (m),2005-02-01,3,1,1,3,4,4,8
LAS CARRERAS,desnutricion global,desnutricion moderada (m),2005-02-01,0,0,1,1,1,1,2
LLALLAGUA,desnutricion global,desnutricion moderada (m),2005-02-01,16,14,16,24,32,38,70
LLICA,desnutricion global,desnutricion moderada (m),2005-02-01,0,0,1,0,1,0,1
LURIBAY,desnutricion global,desnutricion moderada (m),2005-02-01,1,8,3,4,4,12,16
MACHACAMARCA,desnutricion global,desnutricion moderada (m),2005-02-01,0,3,0,0,0,3,3
MACHARETI,desnutricion global,desnutricion moderada (m),2005-02-01,6,4,9,6,15,10,25
MAGDALENA,desnutricion global,desnutricion moderada (m),2005-02-01,5,1,2,0,7,1,8
MAIRANA,desnutricion global,desnutricion moderada (m),2005-02-01,3,0,2,0,5,0,5
MAPIRI,desnutricion global,desnutricion moderada (m),2005-02-01,4,7,0,2,4,9,13
MECAPACA,desnutricion global,desnutricion moderada (m),2005-02-01,11,10,7,7,18,17,35
MINEROS,desnutricion global,desnutricion moderada (m),2005-02-01,23,0,11,0,34,0,34
MIZQUE,desnutricion global,desnutricion moderada (m),2005-02-01,8,8,6,3,14,11,25
MOCOMOCO,desnutricion global,desnutricion moderada (m),2005-02-01,5,4,3,2,8,6,14
MOJINETE,desnutricion global,desnutricion moderada (m),2005-02-01,0,0,0,1,0,1,1
MOJOCOYA,desnutricion global,desnutricion moderada (m),2005-02-01,4,4,3,1,7,5,12
MONTEAGUDO,desnutricion global,desnutricion moderada (m),2005-02-01,9,8,3,22,12,30,42
MONTERO,desnutricion global,desnutricion moderada (m),2005-02-01,65,17,30,11,95,28,123
MORO MORO,desnutricion global,desnutricion moderada (m),2005-02-01,0,0,0,1,0,1,1
MOROCHATA,desnutricion global,desnutricion moderada (m),2005-02-01,3,7,2,3,5,10,15
NUEVO MANOA (NUEVA ESPERANZA),desnutricion global,desnutricion moderada (m),2005-02-01,1,1,1,0,2,1,3
OCURI,desnutricion global,desnutricion moderada (m),2005-02-01,14,7,8,9,22,16,38
OKINAWA,desnutricion global,desnutricion moderada (m),2005-02-01,1,1,0,1,1,2,3
OMEREQUE,desnutricion global,desnutricion moderada (m),2005-02-01,1,3,0,0,1,3,4
ORURO,desnutricion global,desnutricion moderada (m),2005-02-01,63,63,34,27,97,90,187
PADCAYA,desnutricion global,desnutricion moderada (m),2005-02-01,0,3,1,2,1,5,6
PADILLA,desnutricion global,desnutricion moderada (m),2005-02-01,7,5,13,15,20,20,40
PAILON,desnutricion global,desnutricion moderada (m),2005-02-01,0,11,3,0,3,11,14
PALCA,desnutricion global,desnutricion moderada (m),2005-02-01,9,8,20,7,29,15,44
PALOS BLANCOS,desnutricion global,desnutricion moderada (m),2005-02-01,13,8,11,15,24,23,47
PAMPA AULLAGAS,desnutricion global,desnutricion moderada (m),2005-02-01,0,1,3,1,3,2,5
PAMPA GRANDE,desnutricion global,desnutricion moderada (m),2005-02-01,0,1,1,0,1,1,2
PAPEL PAMPA,desnutricion global,desnutricion moderada (m),2005-02-01,2,1,0,0,2,1,3
PASORAPA,desnutricion global,desnutricion moderada (m),2005-02-01,3,14,2,4,5,18,23
PATACAMAYA,desnutricion global,desnutricion moderada (m),2005-02-01,18,15,8,11,26,26,52
PAZÑA,desnutricion global,desnutricion moderada (m),2005-02-01,1,0,0,1,1,1,2
PELECHUCO,desnutricion global,desnutricion moderada (m),2005-02-01,7,1,1,3,8,4,12
POCOATA,desnutricion global,desnutricion moderada (m),2005-02-01,10,18,15,16,25,34,59
POCONA,desnutricion global,desnutricion moderada (m),2005-02-01,5,8,3,7,8,15,23
POJO (CBBA),desnutricion global,desnutricion moderada (m),2005-02-01,6,2,3,2,9,4,13
POOPO,desnutricion global,desnutricion moderada (m),2005-02-01,3,0,0,0,3,0,3
PORCO,desnutricion global,desnutricion moderada (m),2005-02-01,0,3,1,1,1,4,5
POROMA,desnutricion global,desnutricion moderada (m),2005-02-01,14,15,7,16,21,31,52
PORTACHUELO,desnutricion global,desnutricion moderada (m),2005-02-01,6,7,1,0,7,7,14
PORVENIR,desnutricion global,desnutricion moderada (m),2005-02-01,1,2,0,0,1,2,3
POSTRER VALLE,desnutricion global,desnutricion moderada (m),2005-02-01,0,0,0,3,0,3,3
POTOSI,desnutricion global,desnutricion moderada (m),2005-02-01,43,32,16,10,59,42,101
PRESTO,desnutricion global,desnutricion moderada (m),2005-02-01,12,7,13,9,25,16,41
PUCARA,desnutricion global,desnutricion moderada (m),2005-02-01,1,0,0,2,1,2,3
PUCARANI,desnutricion global,desnutricion moderada (m),2005-02-01,3,3,1,0,4,3,7
PUERTO ACOSTA,desnutricion global,desnutricion moderada (m),2005-02-01,1,3,1,7,2,10,12
PUERTO CARABUCO,desnutricion global,desnutricion moderada (m),2005-02-01,4,1,4,3,8,4,12
PUERTO GONZALO MORENO,desnutricion global,desnutricion moderada (m),2005-02-01,5,1,2,3,7,4,11
PUERTO PEREZ,desnutricion global,desnutricion moderada (m),2005-02-01,0,0,1,0,1,0,1
PUERTO RICO,desnutricion global,desnutricion moderada (m),2005-02-01,2,2,0,1,2,3,5
PUERTO SILES,desnutricion global,desnutricion moderada (m),2005-02-01,1,1,2,1,3,2,5
PUERTO VILLARROEL,desnutricion global,desnutricion moderada (m),2005-02-01,41,31,26,26,67,57,124
PUNA,desnutricion global,desnutricion moderada (m),2005-02-01,13,27,9,33,22,60,82
PUNATA,desnutricion global,desnutricion moderada (m),2005-02-01,4,7,2,5,6,12,18
QUILLACOLLO,desnutricion global,desnutricion moderada (m),2005-02-01,8,30,2,7,10,37,47
QUIME,desnutricion global,desnutricion moderada (m),2005-02-01,5,1,4,1,9,2,11
QUIRUSILLAS,desnutricion global,desnutricion moderada (m),2005-02-01,0,0,0,1,0,1,1
RAVELO,desnutricion global,desnutricion moderada (m),2005-02-01,32,23,24,21,56,44,100
REYES,desnutricion global,desnutricion moderada (m),2005-02-01,4,2,2,4,6,6,12
RIBERALTA,desnutricion global,desnutricion moderada (m),2005-02-01,29,33,24,38,53,71,124
ROBORE,desnutricion global,desnutricion moderada (m),2005-02-01,0,8,7,0,7,8,15
RURRENABAQUE,desnutricion global,desnutricion moderada (m),2005-02-01,0,4,0,0,0,4,4
SABAYA,desnutricion global,desnutricion moderada (m),2005-02-01,1,0,0,1,1,1,2
SACABA,desnutricion global,desnutricion moderada (m),2005-02-01,1,9,1,3,2,12,14
SACABAMBA,desnutricion global,desnutricion moderada (m),2005-02-01,1,2,0,2,1,4,5
SACACA,desnutricion global,desnutricion moderada (m),2005-02-01,24,25,26,35,50,60,110
SAIPINA,desnutricion global,desnutricion moderada (m),2005-02-01,3,0,1,1,4,1,5
SALINAS DE GARCI MENDOZA,desnutricion global,desnutricion moderada (m),2005-02-01,4,2,0,1,4,3,7
SAMAIPATA,desnutricion global,desnutricion moderada (m),2005-02-01,5,0,0,0,5,0,5
SAN AGUSTIN,desnutricion global,desnutricion moderada (m),2005-02-01,0,1,0,0,0,1,1
SAN ANDRES,desnutricion global,desnutricion moderada (m),2005-02-01,1,3,3,3,4,6,10
SAN ANDRES DE MACHACA,desnutricion global,desnutricion moderada (m),2005-02-01,0,1,0,0,0,1,1
SAN ANTONIO DE LOMERIO,desnutricion global,desnutricion moderada (m),2005-02-01,7,8,7,9,14,17,31
SAN BENITO,desnutricion global,desnutricion moderada (m),2005-02-01,1,1,0,0,1,1,2
SAN BORJA,desnutricion global,desnutricion moderada (m),2005-02-01,17,14,9,11,26,25,51
SAN BUENA VENTURA,desnutricion global,desnutricion moderada (m),2005-02-01,4,5,4,5,8,10,18
SAN CARLOS,desnutricion global,desnutricion moderada (m),2005-02-01,4,7,2,5,6,12,18
SAN IGNACIO,desnutricion global,desnutricion moderada (m),2005-02-01,12,13,11,10,23,23,46
SAN IGNACIO DE VELASCO,desnutricion global,desnutricion moderada (m),2005-02-01,20,31,18,26,38,57,95
SAN JAVIER(BNI),desnutricion global,desnutricion moderada (m),2005-02-01,0,0,1,0,1,0,1
SAN JAVIER(STC),desnutricion global,desnutricion moderada (m),2005-02-01,14,0,6,0,20,0,20
SAN JOAQUIN,desnutricion global,desnutricion moderada (m),2005-02-01,1,3,1,3,2,6,8
SAN JOSE DE CHIQUITOS,desnutricion global,desnutricion moderada (m),2005-02-01,1,3,0,2,1,5,6
SAN JUAN DE YAPACANI,desnutricion global,desnutricion moderada (m),2005-02-01,2,2,0,2,2,4,6
SAN JULIAN,desnutricion global,desnutricion moderada (m),2005-02-01,4,8,4,5,8,13,21
SAN LORENZO(PND),desnutricion global,desnutricion moderada (m),2005-02-01,1,0,1,2,2,2,4
SAN LORENZO(TJA),desnutricion global,desnutricion moderada (m),2005-02-01,9,7,3,6,12,13,25
SAN LUCAS,desnutricion global,desnutricion moderada (m),2005-02-01,65,55,51,64,116,119,235
SAN MIGUEL DE VELASCO,desnutricion global,desnutricion moderada (m),2005-02-01,5,9,2,4,7,13,20
SAN PABLO DE LIPEZ,desnutricion global,desnutricion moderada (m),2005-02-01,1,3,0,0,1,3,4
SAN PEDRO,desnutricion global,desnutricion moderada (m),2005-02-01,3,4,3,4,6,8,14
SAN PEDRO DE BUENA VISTA,desnutricion global,desnutricion moderada (m),2005-02-01,20,15,11,27,31,42,73
SAN PEDRO DE CURAHUARA,desnutricion global,desnutricion moderada (m),2005-02-01,1,0,0,3,1,3,4
SAN PEDRO DE TIQUINA,desnutricion global,desnutricion moderada (m),2005-02-01,1,0,0,0,1,0,1
SAN PEDRO(PND),desnutricion global,desnutricion moderada (m),2005-02-01,1,0,2,0,3,0,3
SAN RAFAEL,desnutricion global,desnutricion moderada (m),2005-02-01,9,5,7,4,16,9,25
SANTA ANA,desnutricion global,desnutricion moderada (m),2005-02-01,1,2,1,3,2,5,7
SANTA CRUZ DE LA SIERRA,desnutricion global,desnutricion moderada (m),2005-02-01,297,202,113,91,410,293,703
SANTA ROSA,desnutricion global,desnutricion moderada (m),2005-02-01,1,3,0,0,1,3,4
SANTA ROSA DEL SARA,desnutricion global,desnutricion moderada (m),2005-02-01,2,3,2,5,4,8,12
SANTIAGO DE CALLAPA,desnutricion global,desnutricion moderada (m),2005-02-01,1,2,1,0,2,2,4
SANTIAGO DE HUARI,desnutricion global,desnutricion moderada (m),2005-02-01,2,0,1,1,3,1,4
SANTIAGO DE MACHACA,desnutricion global,desnutricion moderada (m),2005-02-01,2,0,2,1,4,1,5
SANTIVAÑES,desnutricion global,desnutricion moderada (m),2005-02-01,3,4,2,4,5,8,13
SANTUARIO DE QUILLACAS,desnutricion global,desnutricion moderada (m),2005-02-01,0,1,0,0,0,1,1
SAPAHAQUI,desnutricion global,desnutricion moderada (m),2005-02-01,7,7,5,9,12,16,28
SENA,desnutricion global,desnutricion moderada (m),2005-02-01,3,2,0,0,3,2,5
SICA SICA (VILLA AROMA),desnutricion global,desnutricion moderada (m),2005-02-01,20,19,16,24,36,43,79
SICAYA,desnutricion global,desnutricion moderada (m),2005-02-01,0,0,1,0,1,0,1
SIPE SIPE,desnutricion global,desnutricion moderada (m),2005-02-01,11,7,8,7,19,14,33
SOPACHUY,desnutricion global,desnutricion moderada (m),2005-02-01,1,2,2,9,3,11,14
SORACACHI,desnutricion global,desnutricion moderada (m),2005-02-01,0,0,1,2,1,2,3
SORATA,desnutricion global,desnutricion moderada (m),2005-02-01,4,2,3,3,7,5,12
SUCRE,desnutricion global,desnutricion moderada (m),2005-02-01,38,38,19,27,57,65,122
TACACHI,desnutricion global,desnutricion moderada (m),2005-02-01,0,2,0,0,0,2,2
TACACOMA,desnutricion global,desnutricion moderada (m),2005-02-01,3,1,1,2,4,3,7
TACOBAMBA,desnutricion global,desnutricion moderada (m),2005-02-01,8,0,4,2,12,2,14
TACOPAYA,desnutricion global,desnutricion moderada (m),2005-02-01,5,4,2,10,7,14,21
TAPACARI,desnutricion global,desnutricion moderada (m),2005-02-01,11,9,6,10,17,19,36
TARABUCO,desnutricion global,desnutricion moderada (m),2005-02-01,51,40,46,59,97,99,196
TARACO,desnutricion global,desnutricion moderada (m),2005-02-01,0,0,0,1,0,1,1
TARATA,desnutricion global,desnutricion moderada (m),2005-02-01,3,2,1,1,4,3,7
TARIJA,desnutricion global,desnutricion moderada (m),2005-02-01,16,24,16,8,32,32,64
TARVITA,desnutricion global,desnutricion moderada (m),2005-02-01,5,3,12,13,17,16,33
TEOPONTE,desnutricion global,desnutricion moderada (m),2005-02-01,1,3,1,5,2,8,10
TIAWANACU,desnutricion global,desnutricion moderada (m),2005-02-01,1,1,1,0,2,1,3
TINGUIPAYA,desnutricion global,desnutricion moderada (m),2005-02-01,7,17,7,8,14,25,39
TIQUIPAYA,desnutricion global,desnutricion moderada (m),2005-02-01,3,6,3,1,6,7,13
TIRAQUE (CBBA),desnutricion global,desnutricion moderada (m),2005-02-01,9,17,8,17,17,34,51
TITO YUPANQUI (PARQUIPUJIO),desnutricion global,desnutricion moderada (m),2005-02-01,1,1,0,1,1,2,3
TOCO,desnutricion global,desnutricion moderada (m),2005-02-01,0,0,0,1,0,1,1
TOLEDO,desnutricion global,desnutricion moderada (m),2005-02-01,1,3,0,0,1,3,4
TOMAVE,desnutricion global,desnutricion moderada (m),2005-02-01,5,4,5,1,10,5,15
TOMINA,desnutricion global,desnutricion moderada (m),2005-02-01,18,8,25,28,43,36,79
TORO TORO,desnutricion global,desnutricion moderada (m),2005-02-01,11,17,9,15,20,32,52
TOTORA(CBBA),desnutricion global,desnutricion moderada (m),2005-02-01,11,6,3,4,14,10,24
TOTORA(ORR),desnutricion global,desnutricion moderada (m),2005-02-01,1,0,1,1,2,1,3
TRINIDAD,desnutricion global,desnutricion moderada (m),2005-02-01,16,19,12,8,28,27,55
TUPIZA,desnutricion global,desnutricion moderada (m),2005-02-01,7,16,9,12,16,28,44
TURCO,desnutricion global,desnutricion moderada (m),2005-02-01,2,0,1,1,3,1,4
UMALA,desnutricion global,desnutricion moderada (m),2005-02-01,4,10,1,6,5,16,21
UNCIA,desnutricion global,desnutricion moderada (m),2005-02-01,5,6,5,0,10,6,16
URIONDO (A. CONCEPCION),desnutricion global,desnutricion moderada (m),2005-02-01,3,5,6,4,9,9,18
UYUNI,desnutricion global,desnutricion moderada (m),2005-02-01,7,1,0,1,7,2,9
VACAS,desnutricion global,desnutricion moderada (m),2005-02-01,6,7,6,2,12,9,21
VALLEGRANDE,desnutricion global,desnutricion moderada (m),2005-02-01,3,1,6,2,9,3,12
VIACHA,desnutricion global,desnutricion moderada (m),2005-02-01,16,31,13,18,29,49,78
VILA VILA,desnutricion global,desnutricion moderada (m),2005-02-01,1,1,0,0,1,1,2
VILLA MONTES,desnutricion global,desnutricion moderada (m),2005-02-01,5,10,3,6,8,16,24
VILLA RIVERO,desnutricion global,desnutricion moderada (m),2005-02-01,0,2,1,2,1,4,5
VILLA SERRANO,desnutricion global,desnutricion moderada (m),2005-02-01,7,12,15,21,22,33,55
VILLA TUNARI,desnutricion global,desnutricion moderada (m),2005-02-01,23,38,20,29,43,67,110
VILLA VACA GUZMAN (MUYUPAMPA),desnutricion global,desnutricion moderada (m),2005-02-01,0,2,1,6,1,8,9
VILLAZON,desnutricion global,desnutricion moderada (m),2005-02-01,10,4,10,7,20,11,31
VINTO,desnutricion global,desnutricion moderada (m),2005-02-01,0,0,2,0,2,0,2
VITICHI,desnutricion global,desnutricion moderada (m),2005-02-01,12,8,12,6,24,14,38
WALDO BALLIVIAN,desnutricion global,desnutricion moderada (m),2005-02-01,1,0,0,0,1,0,1
WARNES,desnutricion global,desnutricion moderada (m),2005-02-01,3,11,8,9,11,20,31
YACO,desnutricion global,desnutricion moderada (m),2005-02-01,5,4,1,1,6,5,11
YACUIBA,desnutricion global,desnutricion moderada (m),2005-02-01,10,13,5,9,15,22,37
YAMPARAEZ,desnutricion global,desnutricion moderada (m),2005-02-01,20,24,11,17,31,41,72
YANACACHI,desnutricion global,desnutricion moderada (m),2005-02-01,2,0,0,1,2,1,3
YAPACANI,desnutricion global,desnutricion moderada (m),2005-02-01,15,15,17,7,32,22,54
YOCALLA,desnutricion global,desnutricion moderada (m),2005-02-01,2,1,4,3,6,4,10
YOTALA,desnutricion global,desnutricion moderada (m),2005-02-01,5,9,6,7,11,16,27
YUNCHARA,desnutricion global,desnutricion moderada (m),2005-02-01,4,1,4,5,8,6,14
ZUDAÑEZ,desnutricion global,desnutricion moderada (m),2005-02-01,6,9,8,11,14,20,34
ACACIO,desnutricion global,desnutricion moderada (m),2005-03-01,7,8,10,9,17,17,34
ACHACACHI,desnutricion global,desnutricion moderada (m),2005-03-01,6,2,0,0,6,2,8
ACHOCALLA,desnutricion global,desnutricion moderada (m),2005-03-01,7,5,5,4,12,9,21
AIQUILE,desnutricion global,desnutricion moderada (m),2005-03-01,5,4,13,17,18,21,39
ALALAY,desnutricion global,desnutricion moderada (m),2005-03-01,0,1,0,0,0,1,1
ALCALA,desnutricion global,desnutricion moderada (m),2005-03-01,3,2,6,4,9,6,15
ANCORAIMES,desnutricion global,desnutricion moderada (m),2005-03-01,3,5,1,1,4,6,10
ANDAMARCA,desnutricion global,desnutricion moderada (m),2005-03-01,4,2,0,0,4,2,6
ANTEQUERA,desnutricion global,desnutricion moderada (m),2005-03-01,1,1,0,1,1,2,3
ANZALDO,desnutricion global,desnutricion moderada (m),2005-03-01,2,4,2,2,4,6,10
APOLO,desnutricion global,desnutricion moderada (m),2005-03-01,8,2,0,1,8,3,11
ARAMPAMPA,desnutricion global,desnutricion moderada (m),2005-03-01,7,4,2,7,9,11,20
ARANI,desnutricion global,desnutricion moderada (m),2005-03-01,7,14,13,7,20,21,41
ARBIETO,desnutricion global,desnutricion moderada (m),2005-03-01,4,2,1,0,5,2,7
ARQUE,desnutricion global,desnutricion moderada (m),2005-03-01,5,8,8,7,13,15,28
ATOCHA,desnutricion global,desnutricion moderada (m),2005-03-01,14,9,8,9,22,18,40
AUCAPATA,desnutricion global,desnutricion moderada (m),2005-03-01,4,4,4,3,8,7,15
AYATA,desnutricion global,desnutricion moderada (m),2005-03-01,8,6,4,3,12,9,21
AYO AYO,desnutricion global,desnutricion moderada (m),2005-03-01,5,0,4,2,9,2,11
AYOPAYA (V. DE INDEPENDENCIA),desnutricion global,desnutricion moderada (m),2005-03-01,18,11,14,15,32,26,58
AZURDUY,desnutricion global,desnutricion moderada (m),2005-03-01,19,20,27,25,46,45,91
BATALLAS,desnutricion global,desnutricion moderada (m),2005-03-01,3,2,1,2,4,4,8
BAURES,desnutricion global,desnutricion moderada (m),2005-03-01,4,0,1,0,5,0,5
BELEN DE ANDAMARCA,desnutricion global,desnutricion moderada (m),2005-03-01,0,0,1,0,1,0,1
BELEN DE URMIRI,desnutricion global,desnutricion moderada (m),2005-03-01,3,2,0,3,3,5,8
BERMEJO,desnutricion global,desnutricion moderada (m),2005-03-01,1,3,0,3,1,6,7
BETANZOS,desnutricion global,desnutricion moderada (m),2005-03-01,34,39,19,31,53,70,123
BOLIVAR,desnutricion global,desnutricion moderada (m),2005-03-01,6,4,5,6,11,10,21
BOYUIBE,desnutricion global,desnutricion moderada (m),2005-03-01,1,2,2,4,3,6,9
BUENA VISTA,desnutricion global,desnutricion moderada (m),2005-03-01,1,2,0,1,1,3,4
CABEZAS,desnutricion global,desnutricion moderada (m),2005-03-01,6,2,3,2,9,4,13
CAIROMA,desnutricion global,desnutricion moderada (m),2005-03-01,16,18,8,19,24,37,61
"CAIZA ""D""",desnutricion global,desnutricion moderada (m),2005-03-01,6,4,5,10,11,14,25
CAJUATA,desnutricion global,desnutricion moderada (m),2005-03-01,4,1,0,2,4,3,7
CALACOTO,desnutricion global,desnutricion moderada (m),2005-03-01,4,1,1,1,5,2,7
CALAMARCA,desnutricion global,desnutricion moderada (m),2005-03-01,20,16,16,21,36,37,73
CAMARGO,desnutricion global,desnutricion moderada (m),2005-03-01,20,5,4,14,24,19,43
CAMATAQUI (C. VILLA ABECIA),desnutricion global,desnutricion moderada (m),2005-03-01,2,5,3,1,5,6,11
CAMIRI,desnutricion global,desnutricion moderada (m),2005-03-01,23,9,12,3,35,12,47
CAPINOTA,desnutricion global,desnutricion moderada (m),2005-03-01,15,6,5,11,20,17,37
CAQUIAVIRI,desnutricion global,desnutricion moderada (m),2005-03-01,3,1,5,6,8,7,15
CARACOLLO,desnutricion global,desnutricion moderada (m),2005-03-01,2,4,3,2,5,6,11
CARANAVI,desnutricion global,desnutricion moderada (m),2005-03-01,11,24,13,13,24,37,61
CARAPARI,desnutricion global,desnutricion moderada (m),2005-03-01,1,0,1,2,2,2,4
CARIPUYO,desnutricion global,desnutricion moderada (m),2005-03-01,19,15,18,26,37,41,78
CHACARILLA,desnutricion global,desnutricion moderada (m),2005-03-01,0,0,2,0,2,0,2
CHALLAPATA,desnutricion global,desnutricion moderada (m),2005-03-01,18,15,8,16,26,31,57
CHAQUI,desnutricion global,desnutricion moderada (m),2005-03-01,9,9,6,6,15,15,30
CHARAGUA,desnutricion global,desnutricion moderada (m),2005-03-01,27,18,6,16,33,34,67
CHARAÑA,desnutricion global,desnutricion moderada (m),2005-03-01,2,2,0,1,2,3,5
CHAYANTA,desnutricion global,desnutricion moderada (m),2005-03-01,29,11,8,23,37,34,71
CHIMORE,desnutricion global,desnutricion moderada (m),2005-03-01,0,4,1,2,1,6,7
CHIPAYA,desnutricion global,desnutricion moderada (m),2005-03-01,2,0,0,1,2,1,3
CHOQUE COTA,desnutricion global,desnutricion moderada (m),2005-03-01,0,1,1,0,1,1,2
CHULUMANI (V. DE LA LIBERTAD),desnutricion global,desnutricion moderada (m),2005-03-01,6,2,3,3,9,5,14
CHUMA,desnutricion global,desnutricion moderada (m),2005-03-01,5,4,3,4,8,8,16
CLIZA,desnutricion global,desnutricion moderada (m),2005-03-01,16,8,7,4,23,12,35
COBIJA,desnutricion global,desnutricion moderada (m),2005-03-01,6,2,2,3,8,5,13
COCHABAMBA,desnutricion global,desnutricion moderada (m),2005-03-01,83,80,31,52,114,132,246
COLCAPIRHUA,desnutricion global,desnutricion moderada (m),2005-03-01,4,11,2,3,6,14,20
"COLCHA ""K""",desnutricion global,desnutricion moderada (m),2005-03-01,1,2,1,5,2,7,9
COLOMI,desnutricion global,desnutricion moderada (m),2005-03-01,8,11,8,8,16,19,35
COLPA BELGICA,desnutricion global,desnutricion moderada (m),2005-03-01,3,0,2,2,5,2,7
COLQUECHACA,desnutricion global,desnutricion moderada (m),2005-03-01,38,32,18,28,56,60,116
COLQUENCHA,desnutricion global,desnutricion moderada (m),2005-03-01,0,2,0,1,0,3,3
COLQUIRI,desnutricion global,desnutricion moderada (m),2005-03-01,3,9,5,4,8,13,21
COMANCHE,desnutricion global,desnutricion moderada (m),2005-03-01,0,0,1,4,1,4,5
COMARAPA,desnutricion global,desnutricion moderada (m),2005-03-01,20,14,9,10,29,24,53
COMBAYA,desnutricion global,desnutricion moderada (m),2005-03-01,1,0,1,0,2,0,2
CONCEPCION,desnutricion global,desnutricion moderada (m),2005-03-01,0,0,3,0,3,0,3
COPACABANA,desnutricion global,desnutricion moderada (m),2005-03-01,2,1,1,1,3,2,5
CORIPATA,desnutricion global,desnutricion moderada (m),2005-03-01,1,1,0,1,1,2,3
CORO CORO,desnutricion global,desnutricion moderada (m),2005-03-01,6,6,7,6,13,12,25
COROICO,desnutricion global,desnutricion moderada (m),2005-03-01,6,5,2,4,8,9,17
CORQUE,desnutricion global,desnutricion moderada (m),2005-03-01,8,4,4,2,12,6,18
COTAGAITA,desnutricion global,desnutricion moderada (m),2005-03-01,21,11,22,24,43,35,78
COTOCA,desnutricion global,desnutricion moderada (m),2005-03-01,18,9,3,9,21,18,39
CUATRO CAÑADAS,desnutricion global,desnutricion moderada (m),2005-03-01,6,1,2,2,8,3,11
CUEVO,desnutricion global,desnutricion moderada (m),2005-03-01,1,2,2,2,3,4,7
CULPINA,desnutricion global,desnutricion moderada (m),2005-03-01,27,22,29,31,56,53,109
CURAHUARA DE CARANGAS,desnutricion global,desnutricion moderada (m),2005-03-01,0,0,0,1,0,1,1
CURVA,desnutricion global,desnutricion moderada (m),2005-03-01,2,1,1,3,3,4,7
DESAGUADERO,desnutricion global,desnutricion moderada (m),2005-03-01,2,1,0,0,2,1,3
EL ALTO,desnutricion global,desnutricion moderada (m),2005-03-01,279,190,109,111,388,301,689
EL PUENTE(TJA),desnutricion global,desnutricion moderada (m),2005-03-01,1,2,0,4,1,6,7
EL TORNO,desnutricion global,desnutricion moderada (m),2005-03-01,9,5,3,8,12,13,25
EL VILLAR,desnutricion global,desnutricion moderada (m),2005-03-01,0,3,1,13,1,16,17
ENTRE RIOS,desnutricion global,desnutricion moderada (m),2005-03-01,16,17,4,7,20,24,44
ENTRE RIOS,desnutricion global,desnutricion moderada (m),2005-03-01,7,2,1,4,8,6,14
EUCALIPTUS,desnutricion global,desnutricion moderada (m),2005-03-01,0,0,0,1,0,1,1
EXALTACION,desnutricion global,desnutricion moderada (m),2005-03-01,2,1,2,3,4,4,8
FERNANDEZ ALONSO,desnutricion global,desnutricion moderada (m),2005-03-01,3,6,7,7,10,13,23
FILADELFIA,desnutricion global,desnutricion moderada (m),2005-03-01,1,0,0,3,1,3,4
GENERAL SAAVEDRA,desnutricion global,desnutricion moderada (m),2005-03-01,22,0,17,0,39,0,39
GRAL. J.J. PEREZ (CHARAZANI),desnutricion global,desnutricion moderada (m),2005-03-01,5,2,9,12,14,14,28
GUANAY,desnutricion global,desnutricion moderada (m),2005-03-01,1,0,2,1,3,1,4
GUAQUI,desnutricion global,desnutricion moderada (m),2005-03-01,1,4,0,3,1,7,8
GUTIERREZ,desnutricion global,desnutricion moderada (m),2005-03-01,24,19,19,25,43,44,87
HUACARETA,desnutricion global,desnutricion moderada (m),2005-03-01,4,5,7,11,11,16,27
HUACAYA (VILLA DE HUACAYA),desnutricion global,desnutricion moderada (m),2005-03-01,3,2,3,1,6,3,9
HUACHACALLA,desnutricion global,desnutricion moderada (m),2005-03-01,0,1,0,0,0,1,1
HUANUNI,desnutricion global,desnutricion moderada (m),2005-03-01,11,6,2,4,13,10,23
HUARACAJE,desnutricion global,desnutricion moderada (m),2005-03-01,5,0,4,0,9,0,9
HUAYLLAMARCA,desnutricion global,desnutricion moderada (m),2005-03-01,0,1,1,0,1,1,2
ICHOCA,desnutricion global,desnutricion moderada (m),2005-03-01,0,0,5,4,5,4,9
ICLA,desnutricion global,desnutricion moderada (m),2005-03-01,33,25,36,38,69,63,132
INCAHUASI,desnutricion global,desnutricion moderada (m),2005-03-01,44,48,26,37,70,85,155
INQUISIVI,desnutricion global,desnutricion moderada (m),2005-03-01,6,5,4,2,10,7,17
IRUPANA (VILLA DE LANZA),desnutricion global,desnutricion moderada (m),2005-03-01,2,2,2,1,4,3,7
IXIAMAS,desnutricion global,desnutricion moderada (m),2005-03-01,2,0,1,2,3,2,5
JESUS DE MACHACA,desnutricion global,desnutricion moderada (m),2005-03-01,6,10,1,1,7,11,18
LA ASUNTA,desnutricion global,desnutricion moderada (m),2005-03-01,9,8,4,4,13,12,25
LA GUARDIA,desnutricion global,desnutricion moderada (m),2005-03-01,13,7,3,5,16,12,28
LA PAZ,desnutricion global,desnutricion moderada (m),2005-03-01,167,150,54,63,221,213,434
LAGUNILLAS,desnutricion global,desnutricion moderada (m),2005-03-01,6,7,2,4,8,11,19
LAJA,desnutricion global,desnutricion moderada (m),2005-03-01,4,2,0,4,4,6,10
LAS CARRERAS,desnutricion global,desnutricion moderada (m),2005-03-01,1,5,1,3,2,8,10
LLALLAGUA,desnutricion global,desnutricion moderada (m),2005-03-01,15,19,21,20,36,39,75
LLICA,desnutricion global,desnutricion moderada (m),2005-03-01,5,1,2,1,7,2,9
LURIBAY,desnutricion global,desnutricion moderada (m),2005-03-01,10,9,6,17,16,26,42
MACHACAMARCA,desnutricion global,desnutricion moderada (m),2005-03-01,1,1,0,1,1,2,3
MACHARETI,desnutricion global,desnutricion moderada (m),2005-03-01,6,6,3,10,9,16,25
MAGDALENA,desnutricion global,desnutricion moderada (m),2005-03-01,4,2,2,1,6,3,9
MAIRANA,desnutricion global,desnutricion moderada (m),2005-03-01,3,0,1,0,4,0,4
MALLA,desnutricion global,desnutricion moderada (m),2005-03-01,0,3,2,2,2,5,7
MAPIRI,desnutricion global,desnutricion moderada (m),2005-03-01,7,4,2,0,9,4,13
MECAPACA,desnutricion global,desnutricion moderada (m),2005-03-01,8,3,8,6,16,9,25
MINEROS,desnutricion global,desnutricion moderada (m),2005-03-01,33,0,37,0,70,0,70
MIZQUE,desnutricion global,desnutricion moderada (m),2005-03-01,18,22,4,15,22,37,59
MOCOMOCO,desnutricion global,desnutricion moderada (m),2005-03-01,5,6,4,2,9,8,17
MOJINETE,desnutricion global,desnutricion moderada (m),2005-03-01,1,1,1,2,2,3,5
MOJOCOYA,desnutricion global,desnutricion moderada (m),2005-03-01,6,9,7,7,13,16,29
MONTEAGUDO,desnutricion global,desnutricion moderada (m),2005-03-01,17,9,18,22,35,31,66
MONTERO,desnutricion global,desnutricion moderada (m),2005-03-01,69,23,49,23,118,46,164
MORO MORO,desnutricion global,desnutricion moderada (m),2005-03-01,0,0,1,0,1,0,1
MOROCHATA,desnutricion global,desnutricion moderada (m),2005-03-01,32,21,4,6,36,27,63
OCURI,desnutricion global,desnutricion moderada (m),2005-03-01,39,23,21,29,60,52,112
OKINAWA,desnutricion global,desnutricion moderada (m),2005-03-01,1,0,0,0,1,0,1
OMEREQUE,desnutricion global,desnutricion moderada (m),2005-03-01,1,1,2,9,3,10,13
ORURO,desnutricion global,desnutricion moderada (m),2005-03-01,101,56,42,39,143,95,238
PADCAYA,desnutricion global,desnutricion moderada (m),2005-03-01,3,1,1,2,4,3,7
PADILLA,desnutricion global,desnutricion moderada (m),2005-03-01,12,12,12,19,24,31,55
PAILON,desnutricion global,desnutricion moderada (m),2005-03-01,0,11,7,0,7,11,18
PALCA,desnutricion global,desnutricion moderada (m),2005-03-01,7,9,12,4,19,13,32
PALOS BLANCOS,desnutricion global,desnutricion moderada (m),2005-03-01,18,23,13,21,31,44,75
PAMPA AULLAGAS,desnutricion global,desnutricion moderada (m),2005-03-01,0,1,0,0,0,1,1
PAMPA GRANDE,desnutricion global,desnutricion moderada (m),2005-03-01,4,3,2,4,6,7,13
PAPEL PAMPA,desnutricion global,desnutricion moderada (m),2005-03-01,0,2,0,1,0,3,3
PASORAPA,desnutricion global,desnutricion moderada (m),2005-03-01,2,4,6,1,8,5,13
PATACAMAYA,desnutricion global,desnutricion moderada (m),2005-03-01,7,7,1,17,8,24,32
PAZÑA,desnutricion global,desnutricion moderada (m),2005-03-01,1,0,1,1,2,1,3
PELECHUCO,desnutricion global,desnutricion moderada (m),2005-03-01,6,4,9,5,15,9,24
POCOATA,desnutricion global,desnutricion moderada (m),2005-03-01,22,34,17,31,39,65,104
POCONA,desnutricion global,desnutricion moderada (m),2005-03-01,3,7,5,4,8,11,19
POJO (CBBA),desnutricion global,desnutricion moderada (m),2005-03-01,5,3,7,4,12,7,19
POOPO,desnutricion global,desnutricion moderada (m),2005-03-01,1,1,0,0,1,1,2
PORCO,desnutricion global,desnutricion moderada (m),2005-03-01,4,4,6,5,10,9,19
POROMA,desnutricion global,desnutricion moderada (m),2005-03-01,25,20,17,24,42,44,86
PORONGO,desnutricion global,desnutricion moderada (m),2005-03-01,1,0,0,0,1,0,1
PORTACHUELO,desnutricion global,desnutricion moderada (m),2005-03-01,3,0,2,3,5,3,8
POSTRER VALLE,desnutricion global,desnutricion moderada (m),2005-03-01,0,0,0,3,0,3,3
POTOSI,desnutricion global,desnutricion moderada (m),2005-03-01,77,46,20,29,97,75,172
PRESTO,desnutricion global,desnutricion moderada (m),2005-03-01,20,9,14,10,34,19,53
PUCARA,desnutricion global,desnutricion moderada (m),2005-03-01,1,0,0,0,1,0,1
PUCARANI,desnutricion global,desnutricion moderada (m),2005-03-01,8,4,1,3,9,7,16
PUERTO ACOSTA,desnutricion global,desnutricion moderada (m),2005-03-01,4,2,1,2,5,4,9
PUERTO CARABUCO,desnutricion global,desnutricion moderada (m),2005-03-01,11,9,10,9,21,18,39
PUERTO GONZALO MORENO,desnutricion global,desnutricion moderada (m),2005-03-01,4,4,0,1,4,5,9
PUERTO PEREZ,desnutricion global,desnutricion moderada (m),2005-03-01,1,2,1,0,2,2,4
PUERTO RICO,desnutricion global,desnutricion moderada (m),2005-03-01,0,3,0,1,0,4,4
PUERTO VILLARROEL,desnutricion global,desnutricion moderada (m),2005-03-01,52,59,27,40,79,99,178
PUNA,desnutricion global,desnutricion moderada (m),2005-03-01,30,42,25,31,55,73,128
PUNATA,desnutricion global,desnutricion moderada (m),2005-03-01,9,3,4,7,13,10,23
QUIABAYA,desnutricion global,desnutricion moderada (m),2005-03-01,3,3,3,4,6,7,13
QUILLACOLLO,desnutricion global,desnutricion moderada (m),2005-03-01,15,20,8,15,23,35,58
QUIME,desnutricion global,desnutricion moderada (m),2005-03-01,1,1,3,2,4,3,7
QUIRUSILLAS,desnutricion global,desnutricion moderada (m),2005-03-01,1,0,2,0,3,0,3
RAVELO,desnutricion global,desnutricion moderada (m),2005-03-01,62,25,43,25,105,50,155
REYES,desnutricion global,desnutricion moderada (m),2005-03-01,1,2,0,8,1,10,11
RIBERALTA,desnutricion global,desnutricion moderada (m),2005-03-01,57,101,31,63,88,164,252
ROBORE,desnutricion global,desnutricion moderada (m),2005-03-01,3,4,6,0,9,4,13
RURRENABAQUE,desnutricion global,desnutricion moderada (m),2005-03-01,2,3,0,0,2,3,5
SABAYA,desnutricion global,desnutricion moderada (m),2005-03-01,0,1,1,1,1,2,3
SACABA,desnutricion global,desnutricion moderada (m),2005-03-01,20,12,12,20,32,32,64
SACABAMBA,desnutricion global,desnutricion moderada (m),2005-03-01,2,4,5,5,7,9,16
SACACA,desnutricion global,desnutricion moderada (m),2005-03-01,42,47,53,63,95,110,205
SAIPINA,desnutricion global,desnutricion moderada (m),2005-03-01,2,4,3,7,5,11,16
SALINAS DE GARCI MENDOZA,desnutricion global,desnutricion moderada (m),2005-03-01,6,3,3,1,9,4,13
SAMAIPATA,desnutricion global,desnutricion moderada (m),2005-03-01,5,0,4,0,9,0,9
SAN AGUSTIN,desnutricion global,desnutricion moderada (m),2005-03-01,0,2,2,1,2,3,5
SAN ANDRES,desnutricion global,desnutricion moderada (m),2005-03-01,4,2,4,1,8,3,11
SAN ANDRES DE MACHACA,desnutricion global,desnutricion moderada (m),2005-03-01,1,1,0,0,1,1,2
SAN ANTONIO DE ESMORUCO,desnutricion global,desnutricion moderada (m),2005-03-01,0,1,0,0,0,1,1
SAN ANTONIO DE LOMERIO,desnutricion global,desnutricion moderada (m),2005-03-01,8,5,16,9,24,14,38
SAN BENITO,desnutricion global,desnutricion moderada (m),2005-03-01,1,0,9,16,10,16,26
SAN BORJA,desnutricion global,desnutricion moderada (m),2005-03-01,20,20,11,12,31,32,63
SAN BUENA VENTURA,desnutricion global,desnutricion moderada (m),2005-03-01,3,2,3,4,6,6,12
SAN CARLOS,desnutricion global,desnutricion moderada (m),2005-03-01,2,2,1,4,3,6,9
SAN IGNACIO,desnutricion global,desnutricion moderada (m),2005-03-01,10,12,3,10,13,22,35
SAN IGNACIO DE VELASCO,desnutricion global,desnutricion moderada (m),2005-03-01,38,41,35,37,73,78,151
SAN JAVIER(BNI),desnutricion global,desnutricion moderada (m),2005-03-01,0,1,0,0,0,1,1
SAN JAVIER(STC),desnutricion global,desnutricion moderada (m),2005-03-01,8,0,11,0,19,0,19
SAN JOAQUIN,desnutricion global,desnutricion moderada (m),2005-03-01,0,0,1,0,1,0,1
SAN JOSE DE CHIQUITOS,desnutricion global,desnutricion moderada (m),2005-03-01,2,2,2,3,4,5,9
SAN JUAN DE YAPACANI,desnutricion global,desnutricion moderada (m),2005-03-01,2,1,1,2,3,3,6
SAN JULIAN,desnutricion global,desnutricion moderada (m),2005-03-01,7,8,9,7,16,15,31
SAN LORENZO(PND),desnutricion global,desnutricion moderada (m),2005-03-01,2,1,1,2,3,3,6
SAN LORENZO(TJA),desnutricion global,desnutricion moderada (m),2005-03-01,10,12,8,15,18,27,45
SAN LUCAS,desnutricion global,desnutricion moderada (m),2005-03-01,59,70,64,76,123,146,269
SAN MIGUEL DE VELASCO,desnutricion global,desnutricion moderada (m),2005-03-01,7,12,6,11,13,23,36
SAN PABLO DE LIPEZ,desnutricion global,desnutricion moderada (m),2005-03-01,1,0,1,0,2,0,2
SAN PEDRO,desnutricion global,desnutricion moderada (m),2005-03-01,8,5,7,1,15,6,21
SAN PEDRO DE BUENA VISTA,desnutricion global,desnutricion moderada (m),2005-03-01,33,33,35,34,68,67,135
SAN PEDRO DE CURAHUARA,desnutricion global,desnutricion moderada (m),2005-03-01,0,0,1,0,1,0,1
SAN PEDRO DE TIQUINA,desnutricion global,desnutricion moderada (m),2005-03-01,2,0,0,0,2,0,2
SAN RAFAEL,desnutricion global,desnutricion moderada (m),2005-03-01,5,7,3,2,8,9,17
SAN RAMON,desnutricion global,desnutricion moderada (m),2005-03-01,0,2,1,1,1,3,4
SAN RAMON,desnutricion global,desnutricion moderada (m),2005-03-01,0,0,1,0,1,0,1
SANTA ANA,desnutricion global,desnutricion moderada (m),2005-03-01,5,4,1,0,6,4,10
SANTA CRUZ DE LA SIERRA,desnutricion global,desnutricion moderada (m),2005-03-01,275,226,83,141,358,367,725
SANTA ROSA,desnutricion global,desnutricion moderada (m),2005-03-01,2,3,3,2,5,5,10
SANTA ROSA DEL SARA,desnutricion global,desnutricion moderada (m),2005-03-01,6,8,3,4,9,12,21
SANTIAGO DE CALLAPA,desnutricion global,desnutricion moderada (m),2005-03-01,2,1,3,4,5,5,10
SANTIAGO DE HUARI,desnutricion global,desnutricion moderada (m),2005-03-01,3,3,0,2,3,5,8
SANTIAGO DE MACHACA,desnutricion global,desnutricion moderada (m),2005-03-01,4,2,1,3,5,5,10
SANTIVAÑES,desnutricion global,desnutricion moderada (m),2005-03-01,6,5,6,7,12,12,24
SANTUARIO DE QUILLACAS,desnutricion global,desnutricion moderada (m),2005-03-01,2,1,3,1,5,2,7
SAPAHAQUI,desnutricion global,desnutricion moderada (m),2005-03-01,4,5,4,2,8,7,15
SENA,desnutricion global,desnutricion moderada (m),2005-03-01,1,4,2,3,3,7,10
SICA SICA (VILLA AROMA),desnutricion global,desnutricion moderada (m),2005-03-01,23,17,17,29,40,46,86
SICAYA,desnutricion global,desnutricion moderada (m),2005-03-01,4,7,4,8,8,15,23
SIPE SIPE,desnutricion global,desnutricion moderada (m),2005-03-01,19,8,7,8,26,16,42
SOPACHUY,desnutricion global,desnutricion moderada (m),2005-03-01,5,21,13,19,18,40,58
SORACACHI,desnutricion global,desnutricion moderada (m),2005-03-01,2,2,3,1,5,3,8
SORATA,desnutricion global,desnutricion moderada (m),2005-03-01,1,4,3,3,4,7,11
SUCRE,desnutricion global,desnutricion moderada (m),2005-03-01,82,73,60,70,142,143,285
TACACHI,desnutricion global,desnutricion moderada (m),2005-03-01,2,2,0,1,2,3,5
TACACOMA,desnutricion global,desnutricion moderada (m),2005-03-01,2,2,1,2,3,4,7
TACOBAMBA,desnutricion global,desnutricion moderada (m),2005-03-01,18,11,16,12,34,23,57
TACOPAYA,desnutricion global,desnutricion moderada (m),2005-03-01,10,8,5,7,15,15,30
TAHUA,desnutricion global,desnutricion moderada (m),2005-03-01,0,1,0,0,0,1,1
TAPACARI,desnutricion global,desnutricion moderada (m),2005-03-01,17,16,19,26,36,42,78
TARABUCO,desnutricion global,desnutricion moderada (m),2005-03-01,52,58,57,73,109,131,240
TARACO,desnutricion global,desnutricion moderada (m),2005-03-01,0,0,1,1,1,1,2
TARATA,desnutricion global,desnutricion moderada (m),2005-03-01,2,3,2,2,4,5,9
TARIJA,desnutricion global,desnutricion moderada (m),2005-03-01,40,18,21,31,61,49,110
TARVITA,desnutricion global,desnutricion moderada (m),2005-03-01,14,20,28,51,42,71,113
TEOPONTE,desnutricion global,desnutricion moderada (m),2005-03-01,3,7,2,2,5,9,14
TIAWANACU,desnutricion global,desnutricion moderada (m),2005-03-01,4,1,0,1,4,2,6
TINGUIPAYA,desnutricion global,desnutricion moderada (m),2005-03-01,32,27,16,19,48,46,94
TIPUANI,desnutricion global,desnutricion moderada (m),2005-03-01,1,1,3,1,4,2,6
TIQUIPAYA,desnutricion global,desnutricion moderada (m),2005-03-01,7,5,3,7,10,12,22
TIRAQUE (CBBA),desnutricion global,desnutricion moderada (m),2005-03-01,23,29,12,23,35,52,87
TITO YUPANQUI (PARQUIPUJIO),desnutricion global,desnutricion moderada (m),2005-03-01,0,1,0,0,0,1,1
TOCO,desnutricion global,desnutricion moderada (m),2005-03-01,1,0,4,3,5,3,8
TOLATA,desnutricion global,desnutricion moderada (m),2005-03-01,1,0,0,1,1,1,2
TOLEDO,desnutricion global,desnutricion moderada (m),2005-03-01,1,3,0,3,1,6,7
TOMAVE,desnutricion global,desnutricion moderada (m),2005-03-01,8,2,8,8,16,10,26
TOMINA,desnutricion global,desnutricion moderada (m),2005-03-01,9,13,16,26,25,39,64
TORO TORO,desnutricion global,desnutricion moderada (m),2005-03-01,10,4,5,7,15,11,26
TOTORA(CBBA),desnutricion global,desnutricion moderada (m),2005-03-01,5,4,0,8,5,12,17
TOTORA(ORR),desnutricion global,desnutricion moderada (m),2005-03-01,1,6,1,2,2,8,10
TRINIDAD,desnutricion global,desnutricion moderada (m),2005-03-01,30,22,7,14,37,36,73
TUPIZA,desnutricion global,desnutricion moderada (m),2005-03-01,16,16,8,18,24,34,58
TURCO,desnutricion global,desnutricion moderada (m),2005-03-01,2,3,0,0,2,3,5
UMALA,desnutricion global,desnutricion moderada (m),2005-03-01,2,2,4,1,6,3,9
UNCIA,desnutricion global,desnutricion moderada (m),2005-03-01,6,8,10,6,16,14,30
URIONDO (A. CONCEPCION),desnutricion global,desnutricion moderada (m),2005-03-01,2,2,6,6,8,8,16
UYUNI,desnutricion global,desnutricion moderada (m),2005-03-01,9,12,8,8,17,20,37
VACAS,desnutricion global,desnutricion moderada (m),2005-03-01,6,4,7,1,13,5,18
VALLEGRANDE,desnutricion global,desnutricion moderada (m),2005-03-01,4,2,9,4,13,6,19
VIACHA,desnutricion global,desnutricion moderada (m),2005-03-01,20,28,16,22,36,50,86
VILA VILA,desnutricion global,desnutricion moderada (m),2005-03-01,3,6,1,1,4,7,11
VILLA MONTES,desnutricion global,desnutricion moderada (m),2005-03-01,10,13,10,5,20,18,38
VILLA RIVERO,desnutricion global,desnutricion moderada (m),2005-03-01,3,4,2,3,5,7,12
VILLA SERRANO,desnutricion global,desnutricion moderada (m),2005-03-01,11,13,15,19,26,32,58
VILLA TUNARI,desnutricion global,desnutricion moderada (m),2005-03-01,48,44,39,27,87,71,158
VILLA VACA GUZMAN (MUYUPAMPA),desnutricion global,desnutricion moderada (m),2005-03-01,2,3,5,12,7,15,22
VILLAZON,desnutricion global,desnutricion moderada (m),2005-03-01,14,21,5,9,19,30,49
VINTO,desnutricion global,desnutricion moderada (m),2005-03-01,2,0,5,0,7,0,7
VITICHI,desnutricion global,desnutricion moderada (m),2005-03-01,9,8,12,8,21,16,37
WALDO BALLIVIAN,desnutricion global,desnutricion moderada (m),2005-03-01,2,2,0,0,2,2,4
WARNES,desnutricion global,desnutricion moderada (m),2005-03-01,9,10,9,7,18,17,35
YACO,desnutricion global,desnutricion moderada (m),2005-03-01,7,8,5,6,12,14,26
YACUIBA,desnutricion global,desnutricion moderada (m),2005-03-01,14,12,8,9,22,21,43
YAMPARAEZ,desnutricion global,desnutricion moderada (m),2005-03-01,19,16,15,18,34,34,68
YANACACHI,desnutricion global,desnutricion moderada (m),2005-03-01,0,2,0,2,0,4,4
YAPACANI,desnutricion global,desnutricion moderada (m),2005-03-01,16,21,15,16,31,37,68
YOCALLA,desnutricion global,desnutricion moderada (m),2005-03-01,0,4,0,1,0,5,5
YOTALA,desnutricion global,desnutricion moderada (m),2005-03-01,4,5,6,18,10,23,33
YUNCHARA,desnutricion global,desnutricion moderada (m),2005-03-01,5,1,4,6,9,7,16
ZUDAÑEZ,desnutricion global,desnutricion moderada (m),2005-03-01,15,11,12,26,27,37,64
ACACIO,desnutricion global,desnutricion moderada (m),2005-04-01,10,8,8,11,18,19,37
ACHACACHI,desnutricion global,desnutricion moderada (m),2005-04-01,5,6,6,2,11,8,19
ACHOCALLA,desnutricion global,desnutricion moderada (m),2005-04-01,8,5,3,5,11,10,21
AIQUILE,desnutricion global,desnutricion moderada (m),2005-04-01,14,9,4,3,18,12,30
ALALAY,desnutricion global,desnutricion moderada (m),2005-04-01,1,6,2,2,3,8,11
ALCALA,desnutricion global,desnutricion moderada (m),2005-04-01,3,3,2,3,5,6,11
ANCORAIMES,desnutricion global,desnutricion moderada (m),2005-04-01,7,0,1,2,8,2,10
ANDAMARCA,desnutricion global,desnutricion moderada (m),2005-04-01,1,0,1,0,2,0,2
ANTEQUERA,desnutricion global,desnutricion moderada (m),2005-04-01,0,2,0,0,0,2,2
ANZALDO,desnutricion global,desnutricion moderada (m),2005-04-01,3,3,2,2,5,5,10
APOLO,desnutricion global,desnutricion moderada (m),2005-04-01,8,6,13,19,21,25,46
ARAMPAMPA,desnutricion global,desnutricion moderada (m),2005-04-01,2,12,3,6,5,18,23
ARANI,desnutricion global,desnutricion moderada (m),2005-04-01,5,15,4,5,9,20,29
ARBIETO,desnutricion global,desnutricion moderada (m),2005-04-01,3,1,5,2,8,3,11
ARQUE,desnutricion global,desnutricion moderada (m),2005-04-01,19,19,7,15,26,34,60
ATOCHA,desnutricion global,desnutricion moderada (m),2005-04-01,9,5,4,12,13,17,30
AUCAPATA,desnutricion global,desnutricion moderada (m),2005-04-01,1,2,2,0,3,2,5
AYATA,desnutricion global,desnutricion moderada (m),2005-04-01,6,1,3,2,9,3,12
AYO AYO,desnutricion global,desnutricion moderada (m),2005-04-01,5,1,2,3,7,4,11
AYOPAYA (V. DE INDEPENDENCIA),desnutricion global,desnutricion moderada (m),2005-04-01,31,24,13,19,44,43,87
AZURDUY,desnutricion global,desnutricion moderada (m),2005-04-01,8,13,14,13,22,26,48
BATALLAS,desnutricion global,desnutricion moderada (m),2005-04-01,0,2,0,2,0,4,4
BAURES,desnutricion global,desnutricion moderada (m),2005-04-01,2,0,2,0,4,0,4
BELEN DE ANDAMARCA,desnutricion global,desnutricion moderada (m),2005-04-01,1,0,0,1,1,1,2
BELEN DE URMIRI,desnutricion global,desnutricion moderada (m),2005-04-01,0,0,1,2,1,2,3
BELLA FLOR,desnutricion global,desnutricion moderada (m),2005-04-01,0,1,0,0,0,1,1
BETANZOS,desnutricion global,desnutricion moderada (m),2005-04-01,35,27,28,29,63,56,119
BOLIVAR,desnutricion global,desnutricion moderada (m),2005-04-01,12,11,9,5,21,16,37
BOYUIBE,desnutricion global,desnutricion moderada (m),2005-04-01,0,0,2,2,2,2,4
BUENA VISTA,desnutricion global,desnutricion moderada (m),2005-04-01,2,0,2,3,4,3,7
CABEZAS,desnutricion global,desnutricion moderada (m),2005-04-01,5,2,2,2,7,4,11
CAIROMA,desnutricion global,desnutricion moderada (m),2005-04-01,20,18,12,18,32,36,68
"CAIZA ""D""",desnutricion global,desnutricion moderada (m),2005-04-01,5,3,6,3,11,6,17
CAJUATA,desnutricion global,desnutricion moderada (m),2005-04-01,5,5,7,2,12,7,19
CALACOTO,desnutricion global,desnutricion moderada (m),2005-04-01,1,1,1,2,2,3,5
CALAMARCA,desnutricion global,desnutricion moderada (m),2005-04-01,18,14,12,18,30,32,62
CAMARGO,desnutricion global,desnutricion moderada (m),2005-04-01,11,11,11,16,22,27,49
CAMATAQUI (C. VILLA ABECIA),desnutricion global,desnutricion moderada (m),2005-04-01,3,0,0,3,3,3,6
CAMIRI,desnutricion global,desnutricion moderada (m),2005-04-01,15,13,6,6,21,19,40
CAPINOTA,desnutricion global,desnutricion moderada (m),2005-04-01,9,10,2,3,11,13,24
CAQUIAVIRI,desnutricion global,desnutricion moderada (m),2005-04-01,5,0,0,0,5,0,5
CARACOLLO,desnutricion global,desnutricion moderada (m),2005-04-01,2,8,2,4,4,12,16
CARANAVI,desnutricion global,desnutricion moderada (m),2005-04-01,20,14,8,13,28,27,55
CARAPARI,desnutricion global,desnutricion moderada (m),2005-04-01,0,3,1,1,1,4,5
CARIPUYO,desnutricion global,desnutricion moderada (m),2005-04-01,15,16,17,34,32,50,82
CHACARILLA,desnutricion global,desnutricion moderada (m),2005-04-01,0,0,0,1,0,1,1
CHALLAPATA,desnutricion global,desnutricion moderada (m),2005-04-01,16,18,6,13,22,31,53
CHAQUI,desnutricion global,desnutricion moderada (m),2005-04-01,5,6,6,5,11,11,22
CHARAGUA,desnutricion global,desnutricion moderada (m),2005-04-01,8,11,6,6,14,17,31
CHAYANTA,desnutricion global,desnutricion moderada (m),2005-04-01,26,7,5,24,31,31,62
CHIMORE,desnutricion global,desnutricion moderada (m),2005-04-01,4,1,3,4,7,5,12
CHIPAYA,desnutricion global,desnutricion moderada (m),2005-04-01,1,0,0,0,1,0,1
CHULUMANI (V. DE LA LIBERTAD),desnutricion global,desnutricion moderada (m),2005-04-01,1,3,2,1,3,4,7
CHUMA,desnutricion global,desnutricion moderada (m),2005-04-01,4,7,5,5,9,12,21
CLIZA,desnutricion global,desnutricion moderada (m),2005-04-01,18,8,3,4,21,12,33
COBIJA,desnutricion global,desnutricion moderada (m),2005-04-01,7,3,12,6,19,9,28
COCHABAMBA,desnutricion global,desnutricion moderada (m),2005-04-01,86,69,41,36,127,105,232
COLCAPIRHUA,desnutricion global,desnutricion moderada (m),2005-04-01,9,5,7,4,16,9,25
"COLCHA ""K""",desnutricion global,desnutricion moderada (m),2005-04-01,4,2,1,5,5,7,12
COLOMI,desnutricion global,desnutricion moderada (m),2005-04-01,12,13,16,10,28,23,51
COLPA BELGICA,desnutricion global,desnutricion moderada (m),2005-04-01,1,0,0,2,1,2,3
COLQUECHACA,desnutricion global,desnutricion moderada (m),2005-04-01,28,26,19,23,47,49,96
COLQUENCHA,desnutricion global,desnutricion moderada (m),2005-04-01,0,0,1,0,1,0,1
COLQUIRI,desnutricion global,desnutricion moderada (m),2005-04-01,17,9,6,11,23,20,43
COMANCHE,desnutricion global,desnutricion moderada (m),2005-04-01,0,0,1,1,1,1,2
COMARAPA,desnutricion global,desnutricion moderada (m),2005-04-01,9,6,2,5,11,11,22
COMBAYA,desnutricion global,desnutricion moderada (m),2005-04-01,1,0,2,2,3,2,5
CONCEPCION,desnutricion global,desnutricion moderada (m),2005-04-01,1,0,1,0,2,0,2
COPACABANA,desnutricion global,desnutricion moderada (m),2005-04-01,1,1,1,0,2,1,3
CORIPATA,desnutricion global,desnutricion moderada (m),2005-04-01,3,2,2,0,5,2,7
CORO CORO,desnutricion global,desnutricion moderada (m),2005-04-01,2,3,3,8,5,11,16
COROICO,desnutricion global,desnutricion moderada (m),2005-04-01,5,3,3,2,8,5,13
CORQUE,desnutricion global,desnutricion moderada (m),2005-04-01,7,5,4,1,11,6,17
COTAGAITA,desnutricion global,desnutricion moderada (m),2005-04-01,12,8,8,10,20,18,38
COTOCA,desnutricion global,desnutricion moderada (m),2005-04-01,5,4,3,8,8,12,20
CUATRO CAÑADAS,desnutricion global,desnutricion moderada (m),2005-04-01,1,1,1,0,2,1,3
CUEVO,desnutricion global,desnutricion moderada (m),2005-04-01,2,0,1,2,3,2,5
CULPINA,desnutricion global,desnutricion moderada (m),2005-04-01,22,18,19,22,41,40,81
CURAHUARA DE CARANGAS,desnutricion global,desnutricion moderada (m),2005-04-01,0,0,7,0,7,0,7
CURVA,desnutricion global,desnutricion moderada (m),2005-04-01,3,0,4,2,7,2,9
DESAGUADERO,desnutricion global,desnutricion moderada (m),2005-04-01,4,5,1,0,5,5,10
EL ALTO,desnutricion global,desnutricion moderada (m),2005-04-01,232,181,106,121,338,302,640
EL CHORO,desnutricion global,desnutricion moderada (m),2005-04-01,0,1,0,2,0,3,3
EL PUENTE(TJA),desnutricion global,desnutricion moderada (m),2005-04-01,7,4,2,3,9,7,16
EL TORNO,desnutricion global,desnutricion moderada (m),2005-04-01,5,1,4,7,9,8,17
EL VILLAR,desnutricion global,desnutricion moderada (m),2005-04-01,2,7,0,13,2,20,22
ENTRE RIOS,desnutricion global,desnutricion moderada (m),2005-04-01,20,11,4,3,24,14,38
ENTRE RIOS,desnutricion global,desnutricion moderada (m),2005-04-01,3,0,1,3,4,3,7
EUCALIPTUS,desnutricion global,desnutricion moderada (m),2005-04-01,0,2,1,1,1,3,4
EXALTACION,desnutricion global,desnutricion moderada (m),2005-04-01,0,1,1,4,1,5,6
FERNANDEZ ALONSO,desnutricion global,desnutricion moderada (m),2005-04-01,4,5,2,6,6,11,17
FILADELFIA,desnutricion global,desnutricion moderada (m),2005-04-01,1,0,0,0,1,0,1
GENERAL SAAVEDRA,desnutricion global,desnutricion moderada (m),2005-04-01,10,0,7,0,17,0,17
GRAL. J.J. PEREZ (CHARAZANI),desnutricion global,desnutricion moderada (m),2005-04-01,3,6,2,7,5,13,18
GUANAY,desnutricion global,desnutricion moderada (m),2005-04-01,4,5,3,0,7,5,12
GUAQUI,desnutricion global,desnutricion moderada (m),2005-04-01,3,0,1,1,4,1,5
GUAYARAMERIN,desnutricion global,desnutricion moderada (m),2005-04-01,3,1,0,0,3,1,4
GUTIERREZ,desnutricion global,desnutricion moderada (m),2005-04-01,17,21,10,18,27,39,66
HUACARETA,desnutricion global,desnutricion moderada (m),2005-04-01,1,5,2,6,3,11,14
HUACAYA (VILLA DE HUACAYA),desnutricion global,desnutricion moderada (m),2005-04-01,2,0,1,0,3,0,3
HUACHACALLA,desnutricion global,desnutricion moderada (m),2005-04-01,1,0,0,0,1,0,1
HUANUNI,desnutricion global,desnutricion moderada (m),2005-04-01,10,8,1,3,11,11,22
HUARACAJE,desnutricion global,desnutricion moderada (m),2005-04-01,1,0,0,0,1,0,1
HUAYLLAMARCA,desnutricion global,desnutricion moderada (m),2005-04-01,0,1,0,0,0,1,1
ICHOCA,desnutricion global,desnutricion moderada (m),2005-04-01,3,1,0,0,3,1,4
ICLA,desnutricion global,desnutricion moderada (m),2005-04-01,33,24,35,45,68,69,137
INCAHUASI,desnutricion global,desnutricion moderada (m),2005-04-01,24,35,7,19,31,54,85
INGAVI (HUMAITA),desnutricion global,desnutricion moderada (m),2005-04-01,8,0,8,0,16,0,16
INQUISIVI,desnutricion global,desnutricion moderada (m),2005-04-01,20,13,9,8,29,21,50
IRUPANA (VILLA DE LANZA),desnutricion global,desnutricion moderada (m),2005-04-01,7,2,3,2,10,4,14
IXIAMAS,desnutricion global,desnutricion moderada (m),2005-04-01,2,3,2,5,4,8,12
JESUS DE MACHACA,desnutricion global,desnutricion moderada (m),2005-04-01,1,4,2,4,3,8,11
LA ASUNTA,desnutricion global,desnutricion moderada (m),2005-04-01,7,5,2,1,9,6,15
LA GUARDIA,desnutricion global,desnutricion moderada (m),2005-04-01,8,6,2,2,10,8,18
LA PAZ,desnutricion global,desnutricion moderada (m),2005-04-01,188,142,61,82,249,224,473
LAGUNILLAS,desnutricion global,desnutricion moderada (m),2005-04-01,5,4,7,6,12,10,22
LAJA,desnutricion global,desnutricion moderada (m),2005-04-01,4,2,2,5,6,7,13
LAS CARRERAS,desnutricion global,desnutricion moderada (m),2005-04-01,2,0,1,3,3,3,6
LLALLAGUA,desnutricion global,desnutricion moderada (m),2005-04-01,37,24,16,27,53,51,104
LLICA,desnutricion global,desnutricion moderada (m),2005-04-01,1,0,1,1,2,1,3
LURIBAY,desnutricion global,desnutricion moderada (m),2005-04-01,4,4,1,6,5,10,15
MACHACAMARCA,desnutricion global,desnutricion moderada (m),2005-04-01,2,3,0,1,2,4,6
MACHARETI,desnutricion global,desnutricion moderada (m),2005-04-01,5,0,7,2,12,2,14
MAGDALENA,desnutricion global,desnutricion moderada (m),2005-04-01,6,1,0,3,6,4,10
MAIRANA,desnutricion global,desnutricion moderada (m),2005-04-01,2,0,1,0,3,0,3
MALLA,desnutricion global,desnutricion moderada (m),2005-04-01,2,1,0,2,2,3,5
MAPIRI,desnutricion global,desnutricion moderada (m),2005-04-01,9,10,4,6,13,16,29
MECAPACA,desnutricion global,desnutricion moderada (m),2005-04-01,2,0,0,0,2,0,2
MINEROS,desnutricion global,desnutricion moderada (m),2005-04-01,18,6,4,4,22,10,32
MIZQUE,desnutricion global,desnutricion moderada (m),2005-04-01,27,26,16,22,43,48,91
MOCOMOCO,desnutricion global,desnutricion moderada (m),2005-04-01,5,2,1,2,6,4,10
MOJINETE,desnutricion global,desnutricion moderada (m),2005-04-01,1,0,0,1,1,1,2
MOJOCOYA,desnutricion global,desnutricion moderada (m),2005-04-01,8,10,10,7,18,17,35
MONTEAGUDO,desnutricion global,desnutricion moderada (m),2005-04-01,10,7,12,22,22,29,51
MONTERO,desnutricion global,desnutricion moderada (m),2005-04-01,42,16,22,16,64,32,96
MORO MORO,desnutricion global,desnutricion moderada (m),2005-04-01,0,2,2,3,2,5,7
MOROCHATA,desnutricion global,desnutricion moderada (m),2005-04-01,18,24,24,10,42,34,76
NACEBE (SANTA ROSA DEL ABUNA),desnutricion global,desnutricion moderada (m),2005-04-01,0,0,0,1,0,1,1
OCURI,desnutricion global,desnutricion moderada (m),2005-04-01,31,20,18,17,49,37,86
OMEREQUE,desnutricion global,desnutricion moderada (m),2005-04-01,2,3,0,5,2,8,10
ORURO,desnutricion global,desnutricion moderada (m),2005-04-01,66,53,34,35,100,88,188
PADCAYA,desnutricion global,desnutricion moderada (m),2005-04-01,1,2,0,1,1,3,4
PADILLA,desnutricion global,desnutricion moderada (m),2005-04-01,7,9,10,14,17,23,40
PAILON,desnutricion global,desnutricion moderada (m),2005-04-01,0,4,8,0,8,4,12
PALCA,desnutricion global,desnutricion moderada (m),2005-04-01,6,2,0,4,6,6,12
PALOS BLANCOS,desnutricion global,desnutricion moderada (m),2005-04-01,12,16,12,13,24,29,53
PAMPA AULLAGAS,desnutricion global,desnutricion moderada (m),2005-04-01,0,2,3,1,3,3,6
PAMPA GRANDE,desnutricion global,desnutricion moderada (m),2005-04-01,1,2,1,0,2,2,4
PAPEL PAMPA,desnutricion global,desnutricion moderada (m),2005-04-01,0,2,0,3,0,5,5
PASORAPA,desnutricion global,desnutricion moderada (m),2005-04-01,16,15,12,1,28,16,44
PATACAMAYA,desnutricion global,desnutricion moderada (m),2005-04-01,9,14,19,29,28,43,71
PAZÑA,desnutricion global,desnutricion moderada (m),2005-04-01,0,4,2,3,2,7,9
PELECHUCO,desnutricion global,desnutricion moderada (m),2005-04-01,5,3,2,0,7,3,10
POCOATA,desnutricion global,desnutricion moderada (m),2005-04-01,20,26,10,20,30,46,76
POCONA,desnutricion global,desnutricion moderada (m),2005-04-01,5,9,14,11,19,20,39
POJO (CBBA),desnutricion global,desnutricion moderada (m),2005-04-01,5,13,6,8,11,21,32
PORCO,desnutricion global,desnutricion moderada (m),2005-04-01,5,5,1,0,6,5,11
POROMA,desnutricion global,desnutricion moderada (m),2005-04-01,18,14,11,12,29,26,55
PORONGO,desnutricion global,desnutricion moderada (m),2005-04-01,0,0,1,0,1,0,1
PORTACHUELO,desnutricion global,desnutricion moderada (m),2005-04-01,2,2,2,3,4,5,9
PORVENIR,desnutricion global,desnutricion moderada (m),2005-04-01,1,0,0,0,1,0,1
POSTRER VALLE,desnutricion global,desnutricion moderada (m),2005-04-01,1,0,0,3,1,3,4
POTOSI,desnutricion global,desnutricion moderada (m),2005-04-01,51,48,22,23,73,71,144
PRESTO,desnutricion global,desnutricion moderada (m),2005-04-01,15,19,9,8,24,27,51
PUCARA,desnutricion global,desnutricion moderada (m),2005-04-01,0,0,0,2,0,2,2
PUCARANI,desnutricion global,desnutricion moderada (m),2005-04-01,13,1,0,1,13,2,15
PUERTO ACOSTA,desnutricion global,desnutricion moderada (m),2005-04-01,1,2,7,6,8,8,16
PUERTO CARABUCO,desnutricion global,desnutricion moderada (m),2005-04-01,1,0,4,8,5,8,13
PUERTO GONZALO MORENO,desnutricion global,desnutricion moderada (m),2005-04-01,7,8,7,5,14,13,27
PUERTO PEREZ,desnutricion global,desnutricion moderada (m),2005-04-01,5,0,3,1,8,1,9
PUERTO RICO,desnutricion global,desnutricion moderada (m),2005-04-01,2,2,1,5,3,7,10
PUERTO VILLARROEL,desnutricion global,desnutricion moderada (m),2005-04-01,31,32,20,40,51,72,123
PUNA,desnutricion global,desnutricion moderada (m),2005-04-01,21,28,10,20,31,48,79
PUNATA,desnutricion global,desnutricion moderada (m),2005-04-01,14,8,2,5,16,13,29
QUIABAYA,desnutricion global,desnutricion moderada (m),2005-04-01,2,1,0,0,2,1,3
QUILLACOLLO,desnutricion global,desnutricion moderada (m),2005-04-01,28,19,11,18,39,37,76
QUIME,desnutricion global,desnutricion moderada (m),2005-04-01,8,5,3,9,11,14,25
QUIRUSILLAS,desnutricion global,desnutricion moderada (m),2005-04-01,1,5,0,0,1,5,6
RAVELO,desnutricion global,desnutricion moderada (m),2005-04-01,81,54,45,46,126,100,226
REYES,desnutricion global,desnutricion moderada (m),2005-04-01,4,5,10,11,14,16,30
RIBERALTA,desnutricion global,desnutricion moderada (m),2005-04-01,57,74,33,35,90,109,199
ROBORE,desnutricion global,desnutricion moderada (m),2005-04-01,5,3,0,3,5,6,11
RURRENABAQUE,desnutricion global,desnutricion moderada (m),2005-04-01,2,0,0,0,2,0,2
SABAYA,desnutricion global,desnutricion moderada (m),2005-04-01,2,1,0,1,2,2,4
SACABA,desnutricion global,desnutricion moderada (m),2005-04-01,17,15,19,29,36,44,80
SACABAMBA,desnutricion global,desnutricion moderada (m),2005-04-01,4,1,3,6,7,7,14
SACACA,desnutricion global,desnutricion moderada (m),2005-04-01,37,40,57,47,94,87,181
SAIPINA,desnutricion global,desnutricion moderada (m),2005-04-01,4,0,1,2,5,2,7
SALINAS DE GARCI MENDOZA,desnutricion global,desnutricion moderada (m),2005-04-01,2,4,1,2,3,6,9
SAMAIPATA,desnutricion global,desnutricion moderada (m),2005-04-01,8,0,3,0,11,0,11
SAN AGUSTIN,desnutricion global,desnutricion moderada (m),2005-04-01,0,1,1,4,1,5,6
SAN ANDRES,desnutricion global,desnutricion moderada (m),2005-04-01,0,2,2,1,2,3,5
SAN ANTONIO DE ESMORUCO,desnutricion global,desnutricion moderada (m),2005-04-01,0,0,1,0,1,0,1
SAN ANTONIO DE LOMERIO,desnutricion global,desnutricion moderada (m),2005-04-01,19,11,15,19,34,30,64
SAN BENITO,desnutricion global,desnutricion moderada (m),2005-04-01,3,1,0,0,3,1,4
SAN BORJA,desnutricion global,desnutricion moderada (m),2005-04-01,16,15,8,10,24,25,49
SAN BUENA VENTURA,desnutricion global,desnutricion moderada (m),2005-04-01,6,2,4,3,10,5,15
SAN CARLOS,desnutricion global,desnutricion moderada (m),2005-04-01,2,4,0,0,2,4,6
SAN IGNACIO,desnutricion global,desnutricion moderada (m),2005-04-01,9,17,22,27,31,44,75
SAN IGNACIO DE VELASCO,desnutricion global,desnutricion moderada (m),2005-04-01,26,35,16,42,42,77,119
SAN JAVIER(BNI),desnutricion global,desnutricion moderada (m),2005-04-01,0,0,0,1,0,1,1
SAN JAVIER(STC),desnutricion global,desnutricion moderada (m),2005-04-01,1,0,1,0,2,0,2
SAN JOAQUIN,desnutricion global,desnutricion moderada (m),2005-04-01,0,0,1,1,1,1,2
SAN JOSE DE CHIQUITOS,desnutricion global,desnutricion moderada (m),2005-04-01,6,5,7,5,13,10,23
SAN JUAN DE YAPACANI,desnutricion global,desnutricion moderada (m),2005-04-01,0,1,0,0,0,1,1
SAN JULIAN,desnutricion global,desnutricion moderada (m),2005-04-01,17,6,11,7,28,13,41
SAN LORENZO(PND),desnutricion global,desnutricion moderada (m),2005-04-01,1,0,3,3,4,3,7
SAN LORENZO(TJA),desnutricion global,desnutricion moderada (m),2005-04-01,11,10,7,13,18,23,41
SAN LUCAS,desnutricion global,desnutricion moderada (m),2005-04-01,60,74,54,72,114,146,260
SAN MIGUEL DE VELASCO,desnutricion global,desnutricion moderada (m),2005-04-01,4,7,6,5,10,12,22
SAN PABLO DE LIPEZ,desnutricion global,desnutricion moderada (m),2005-04-01,5,2,0,1,5,3,8
SAN PEDRO,desnutricion global,desnutricion moderada (m),2005-04-01,4,5,4,0,8,5,13
SAN PEDRO DE BUENA VISTA,desnutricion global,desnutricion moderada (m),2005-04-01,33,35,29,52,62,87,149
SAN PEDRO DE CURAHUARA,desnutricion global,desnutricion moderada (m),2005-04-01,3,6,1,3,4,9,13
SAN PEDRO DE QUEMES,desnutricion global,desnutricion moderada (m),2005-04-01,0,0,1,0,1,0,1
SAN PEDRO DE TIQUINA,desnutricion global,desnutricion moderada (m),2005-04-01,2,2,0,0,2,2,4
SAN PEDRO(PND),desnutricion global,desnutricion moderada (m),2005-04-01,1,0,1,1,2,1,3
SAN RAFAEL,desnutricion global,desnutricion moderada (m),2005-04-01,7,2,1,4,8,6,14
SAN RAMON,desnutricion global,desnutricion moderada (m),2005-04-01,4,2,2,1,6,3,9
SANTA ANA,desnutricion global,desnutricion moderada (m),2005-04-01,3,6,4,3,7,9,16
SANTA CRUZ DE LA SIERRA,desnutricion global,desnutricion moderada (m),2005-04-01,306,239,90,134,396,373,769
SANTA ROSA,desnutricion global,desnutricion moderada (m),2005-04-01,2,3,2,3,4,6,10
SANTA ROSA DEL SARA,desnutricion global,desnutricion moderada (m),2005-04-01,5,3,2,4,7,7,14
SANTIAGO DE CALLAPA,desnutricion global,desnutricion moderada (m),2005-04-01,3,2,2,3,5,5,10
SANTIAGO DE HUARI,desnutricion global,desnutricion moderada (m),2005-04-01,6,1,1,4,7,5,12
SANTIAGO DE MACHACA,desnutricion global,desnutricion moderada (m),2005-04-01,1,0,1,1,2,1,3
SANTIVAÑES,desnutricion global,desnutricion moderada (m),2005-04-01,1,1,3,1,4,2,6
SANTUARIO DE QUILLACAS,desnutricion global,desnutricion moderada (m),2005-04-01,3,1,0,0,3,1,4
SAPAHAQUI,desnutricion global,desnutricion moderada (m),2005-04-01,3,7,10,11,13,18,31
SENA,desnutricion global,desnutricion moderada (m),2005-04-01,1,2,0,2,1,4,5
SICA SICA (VILLA AROMA),desnutricion global,desnutricion moderada (m),2005-04-01,11,15,7,9,18,24,42
SICAYA,desnutricion global,desnutricion moderada (m),2005-04-01,2,1,1,0,3,1,4
SIPE SIPE,desnutricion global,desnutricion moderada (m),2005-04-01,16,25,9,13,25,38,63
SOPACHUY,desnutricion global,desnutricion moderada (m),2005-04-01,2,15,3,25,5,40,45
SORACACHI,desnutricion global,desnutricion moderada (m),2005-04-01,4,1,3,1,7,2,9
SORATA,desnutricion global,desnutricion moderada (m),2005-04-01,3,3,2,0,5,3,8
SUCRE,desnutricion global,desnutricion moderada (m),2005-04-01,92,83,72,83,164,166,330
TACACHI,desnutricion global,desnutricion moderada (m),2005-04-01,1,2,0,0,1,2,3
TACACOMA,desnutricion global,desnutricion moderada (m),2005-04-01,2,3,2,1,4,4,8
TACOBAMBA,desnutricion global,desnutricion moderada (m),2005-04-01,13,12,9,8,22,20,42
TACOPAYA,desnutricion global,desnutricion moderada (m),2005-04-01,14,14,8,14,22,28,50
TAHUA,desnutricion global,desnutricion moderada (m),2005-04-01,0,0,0,1,0,1,1
TAPACARI,desnutricion global,desnutricion moderada (m),2005-04-01,30,22,16,17,46,39,85
TARABUCO,desnutricion global,desnutricion moderada (m),2005-04-01,66,51,49,67,115,118,233
TARATA,desnutricion global,desnutricion moderada (m),2005-04-01,5,12,6,5,11,17,28
TARIJA,desnutricion global,desnutricion moderada (m),2005-04-01,28,22,14,22,42,44,86
TARVITA,desnutricion global,desnutricion moderada (m),2005-04-01,2,2,0,0,2,2,4
TEOPONTE,desnutricion global,desnutricion moderada (m),2005-04-01,3,2,3,1,6,3,9
TIAWANACU,desnutricion global,desnutricion moderada (m),2005-04-01,0,2,2,1,2,3,5
TINGUIPAYA,desnutricion global,desnutricion moderada (m),2005-04-01,16,17,17,16,33,33,66
TIPUANI,desnutricion global,desnutricion moderada (m),2005-04-01,2,1,0,1,2,2,4
TIQUIPAYA,desnutricion global,desnutricion moderada (m),2005-04-01,10,9,3,6,13,15,28
TIRAQUE (CBBA),desnutricion global,desnutricion moderada (m),2005-04-01,21,20,9,13,30,33,63
TITO YUPANQUI (PARQUIPUJIO),desnutricion global,desnutricion moderada (m),2005-04-01,1,0,0,0,1,0,1
TOCO,desnutricion global,desnutricion moderada (m),2005-04-01,1,1,4,4,5,5,10
TOLATA,desnutricion global,desnutricion moderada (m),2005-04-01,2,0,0,0,2,0,2
TOLEDO,desnutricion global,desnutricion moderada (m),2005-04-01,6,3,2,0,8,3,11
TOMAVE,desnutricion global,desnutricion moderada (m),2005-04-01,6,7,9,5,15,12,27
TOMINA,desnutricion global,desnutricion moderada (m),2005-04-01,9,14,20,28,29,42,71
TORO TORO,desnutricion global,desnutricion moderada (m),2005-04-01,13,7,6,12,19,19,38
TOTORA(CBBA),desnutricion global,desnutricion moderada (m),2005-04-01,12,12,6,3,18,15,33
TOTORA(ORR),desnutricion global,desnutricion moderada (m),2005-04-01,0,0,0,1,0,1,1
TRINIDAD,desnutricion global,desnutricion moderada (m),2005-04-01,24,23,3,6,27,29,56
TUPIZA,desnutricion global,desnutricion moderada (m),2005-04-01,16,11,13,17,29,28,57
TURCO,desnutricion global,desnutricion moderada (m),2005-04-01,0,0,2,1,2,1,3
UMALA,desnutricion global,desnutricion moderada (m),2005-04-01,2,1,1,2,3,3,6
UNCIA,desnutricion global,desnutricion moderada (m),2005-04-01,13,10,6,8,19,18,37
URIONDO (A. CONCEPCION),desnutricion global,desnutricion moderada (m),2005-04-01,8,2,4,5,12,7,19
UYUNI,desnutricion global,desnutricion moderada (m),2005-04-01,12,7,8,9,20,16,36
VACAS,desnutricion global,desnutricion moderada (m),2005-04-01,8,5,3,2,11,7,18
VALLEGRANDE,desnutricion global,desnutricion moderada (m),2005-04-01,6,2,4,0,10,2,12
VIACHA,desnutricion global,desnutricion moderada (m),2005-04-01,7,7,2,4,9,11,20
VILA VILA,desnutricion global,desnutricion moderada (m),2005-04-01,6,6,3,3,9,9,18
VILLA MONTES,desnutricion global,desnutricion moderada (m),2005-04-01,9,7,2,1,11,8,19
VILLA RIVERO,desnutricion global,desnutricion moderada (m),2005-04-01,4,2,1,3,5,5,10
VILLA SERRANO,desnutricion global,desnutricion moderada (m),2005-04-01,18,9,17,28,35,37,72
VILLA TUNARI,desnutricion global,desnutricion moderada (m),2005-04-01,47,43,27,36,74,79,153
VILLA VACA GUZMAN (MUYUPAMPA),desnutricion global,desnutricion moderada (m),2005-04-01,4,2,4,6,8,8,16
VILLAZON,desnutricion global,desnutricion moderada (m),2005-04-01,15,14,6,16,21,30,51
VINTO,desnutricion global,desnutricion moderada (m),2005-04-01,2,1,1,0,3,1,4
VITICHI,desnutricion global,desnutricion moderada (m),2005-04-01,12,5,15,3,27,8,35
WARNES,desnutricion global,desnutricion moderada (m),2005-04-01,8,12,7,14,15,26,41
YACO,desnutricion global,desnutricion moderada (m),2005-04-01,1,1,4,5,5,6,11
YACUIBA,desnutricion global,desnutricion moderada (m),2005-04-01,3,5,6,3,9,8,17
YAMPARAEZ,desnutricion global,desnutricion moderada (m),2005-04-01,22,16,18,18,40,34,74
YANACACHI,desnutricion global,desnutricion moderada (m),2005-04-01,0,0,1,0,1,0,1
YAPACANI,desnutricion global,desnutricion moderada (m),2005-04-01,10,26,8,8,18,34,52
YOCALLA,desnutricion global,desnutricion moderada (m),2005-04-01,0,1,0,1,0,2,2
YOTALA,desnutricion global,desnutricion moderada (m),2005-04-01,6,11,5,17,11,28,39
YUNCHARA,desnutricion global,desnutricion moderada (m),2005-04-01,5,6,12,9,17,15,32
ZUDAÑEZ,desnutricion global,desnutricion moderada (m),2005-04-01,11,10,15,13,26,23,49
ACACIO,desnutricion global,desnutricion moderada (m),2005-05-01,14,10,6,6,20,16,36
ACHACACHI,desnutricion global,desnutricion moderada (m),2005-05-01,7,7,2,4,9,11,20
ACHOCALLA,desnutricion global,desnutricion moderada (m),2005-05-01,1,1,1,2,2,3,5
AIQUILE,desnutricion global,desnutricion moderada (m),2005-05-01,6,7,8,12,14,19,33
ALALAY,desnutricion global,desnutricion moderada (m),2005-05-01,2,2,1,0,3,2,5
ALCALA,desnutricion global,desnutricion moderada (m),2005-05-01,5,4,11,4,16,8,24
ANCORAIMES,desnutricion global,desnutricion moderada (m),2005-05-01,6,3,2,6,8,9,17
ANDAMARCA,desnutricion global,desnutricion moderada (m),2005-05-01,1,0,0,0,1,0,1
ANTEQUERA,desnutricion global,desnutricion moderada (m),2005-05-01,3,4,5,1,8,5,13
ANZALDO,desnutricion global,desnutricion moderada (m),2005-05-01,4,4,1,7,5,11,16
APOLO,desnutricion global,desnutricion moderada (m),2005-05-01,8,11,10,8,18,19,37
ARAMPAMPA,desnutricion global,desnutricion moderada (m),2005-05-01,0,2,0,0,0,2,2
ARANI,desnutricion global,desnutricion moderada (m),2005-05-01,15,7,8,6,23,13,36
ARBIETO,desnutricion global,desnutricion moderada (m),2005-05-01,1,5,0,1,1,6,7
ARQUE,desnutricion global,desnutricion moderada (m),2005-05-01,16,10,5,11,21,21,42
ATOCHA,desnutricion global,desnutricion moderada (m),2005-05-01,10,10,6,6,16,16,32
AUCAPATA,desnutricion global,desnutricion moderada (m),2005-05-01,8,7,3,2,11,9,20
AYATA,desnutricion global,desnutricion moderada (m),2005-05-01,5,5,4,2,9,7,16
AYO AYO,desnutricion global,desnutricion moderada (m),2005-05-01,1,0,2,4,3,4,7
AYOPAYA (V. DE INDEPENDENCIA),desnutricion global,desnutricion moderada (m),2005-05-01,19,18,11,8,30,26,56
AZURDUY,desnutricion global,desnutricion moderada (m),2005-05-01,11,20,15,37,26,57,83
BATALLAS,desnutricion global,desnutricion moderada (m),2005-05-01,3,2,1,0,4,2,6
BAURES,desnutricion global,desnutricion moderada (m),2005-05-01,2,4,1,0,3,4,7
BELEN DE ANDAMARCA,desnutricion global,desnutricion moderada (m),2005-05-01,0,0,1,0,1,0,1
BELLA FLOR,desnutricion global,desnutricion moderada (m),2005-05-01,0,0,2,2,2,2,4
BERMEJO,desnutricion global,desnutricion moderada (m),2005-05-01,1,4,1,3,2,7,9
BETANZOS,desnutricion global,desnutricion moderada (m),2005-05-01,32,33,15,27,47,60,107
BOLIVAR,desnutricion global,desnutricion moderada (m),2005-05-01,10,5,8,9,18,14,32
BOYUIBE,desnutricion global,desnutricion moderada (m),2005-05-01,1,1,2,1,3,2,5
BUENA VISTA,desnutricion global,desnutricion moderada (m),2005-05-01,0,1,0,2,0,3,3
CABEZAS,desnutricion global,desnutricion moderada (m),2005-05-01,4,4,5,2,9,6,15
CAIROMA,desnutricion global,desnutricion moderada (m),2005-05-01,19,17,19,18,38,35,73
"CAIZA ""D""",desnutricion global,desnutricion moderada (m),2005-05-01,4,5,2,3,6,8,14
CAJUATA,desnutricion global,desnutricion moderada (m),2005-05-01,1,1,6,4,7,5,12
CALACOTO,desnutricion global,desnutricion moderada (m),2005-05-01,1,0,0,0,1,0,1
CALAMARCA,desnutricion global,desnutricion moderada (m),2005-05-01,19,15,7,18,26,33,59
CAMARGO,desnutricion global,desnutricion moderada (m),2005-05-01,11,11,10,18,21,29,50
CAMATAQUI (C. VILLA ABECIA),desnutricion global,desnutricion moderada (m),2005-05-01,2,0,1,1,3,1,4
CAMIRI,desnutricion global,desnutricion moderada (m),2005-05-01,7,7,5,5,12,12,24
CAPINOTA,desnutricion global,desnutricion moderada (m),2005-05-01,11,8,7,4,18,12,30
CAQUIAVIRI,desnutricion global,desnutricion moderada (m),2005-05-01,0,2,2,2,2,4,6
CARACOLLO,desnutricion global,desnutricion moderada (m),2005-05-01,3,3,1,1,4,4,8
CARANAVI,desnutricion global,desnutricion moderada (m),2005-05-01,16,24,15,5,31,29,60
CARAPARI,desnutricion global,desnutricion moderada (m),2005-05-01,3,0,5,1,8,1,9
CARIPUYO,desnutricion global,desnutricion moderada (m),2005-05-01,7,7,3,4,10,11,21
CHALLAPATA,desnutricion global,desnutricion moderada (m),2005-05-01,14,11,9,12,23,23,46
CHAQUI,desnutricion global,desnutricion moderada (m),2005-05-01,3,5,4,4,7,9,16
CHARAGUA,desnutricion global,desnutricion moderada (m),2005-05-01,6,5,4,3,10,8,18
CHARAÑA,desnutricion global,desnutricion moderada (m),2005-05-01,2,1,1,1,3,2,5
CHAYANTA,desnutricion global,desnutricion moderada (m),2005-05-01,10,6,8,11,18,17,35
CHIMORE,desnutricion global,desnutricion moderada (m),2005-05-01,1,5,9,2,10,7,17
CHOQUE COTA,desnutricion global,desnutricion moderada (m),2005-05-01,1,0,0,0,1,0,1
CHULUMANI (V. DE LA LIBERTAD),desnutricion global,desnutricion moderada (m),2005-05-01,2,2,0,0,2,2,4
CHUMA,desnutricion global,desnutricion moderada (m),2005-05-01,5,8,8,4,13,12,25
CLIZA,desnutricion global,desnutricion moderada (m),2005-05-01,10,6,4,7,14,13,27
COBIJA,desnutricion global,desnutricion moderada (m),2005-05-01,5,3,3,3,8,6,14
COCHABAMBA,desnutricion global,desnutricion moderada (m),2005-05-01,71,53,26,37,97,90,187
COLCAPIRHUA,desnutricion global,desnutricion moderada (m),2005-05-01,5,3,2,5,7,8,15
"COLCHA ""K""",desnutricion global,desnutricion moderada (m),2005-05-01,0,4,2,4,2,8,10
COLLANA,desnutricion global,desnutricion moderada (m),2005-05-01,2,1,4,2,6,3,9
COLOMI,desnutricion global,desnutricion moderada (m),2005-05-01,17,9,8,5,25,14,39
COLPA BELGICA,desnutricion global,desnutricion moderada (m),2005-05-01,0,0,0,1,0,1,1
COLQUECHACA,desnutricion global,desnutricion moderada (m),2005-05-01,23,16,15,21,38,37,75
COLQUENCHA,desnutricion global,desnutricion moderada (m),2005-05-01,7,2,1,0,8,2,10
COLQUIRI,desnutricion global,desnutricion moderada (m),2005-05-01,6,7,4,5,10,12,22
COMANCHE,desnutricion global,desnutricion moderada (m),2005-05-01,4,0,2,0,6,0,6
COMARAPA,desnutricion global,desnutricion moderada (m),2005-05-01,7,4,5,5,12,9,21
COMBAYA,desnutricion global,desnutricion moderada (m),2005-05-01,0,1,0,2,0,3,3
COPACABANA,desnutricion global,desnutricion moderada (m),2005-05-01,1,0,1,0,2,0,2
CORIPATA,desnutricion global,desnutricion moderada (m),2005-05-01,1,8,0,0,1,8,9
CORO CORO,desnutricion global,desnutricion moderada (m),2005-05-01,3,6,3,6,6,12,18
COROICO,desnutricion global,desnutricion moderada (m),2005-05-01,1,2,8,10,9,12,21
CORQUE,desnutricion global,desnutricion moderada (m),2005-05-01,5,5,0,3,5,8,13
COTAGAITA,desnutricion global,desnutricion moderada (m),2005-05-01,17,13,17,19,34,32,66
COTOCA,desnutricion global,desnutricion moderada (m),2005-05-01,2,3,1,0,3,3,6
CUCHUMUELA (V. G. VILLARROEL),desnutricion global,desnutricion moderada (m),2005-05-01,1,0,0,0,1,0,1
CUEVO,desnutricion global,desnutricion moderada (m),2005-05-01,0,0,0,1,0,1,1
CULPINA,desnutricion global,desnutricion moderada (m),2005-05-01,35,23,19,32,54,55,109
CURAHUARA DE CARANGAS,desnutricion global,desnutricion moderada (m),2005-05-01,2,0,0,1,2,1,3
CURVA,desnutricion global,desnutricion moderada (m),2005-05-01,1,0,1,0,2,0,2
DESAGUADERO,desnutricion global,desnutricion moderada (m),2005-05-01,3,1,0,0,3,1,4
EL ALTO,desnutricion global,desnutricion moderada (m),2005-05-01,257,221,149,147,406,368,774
EL CHORO,desnutricion global,desnutricion moderada (m),2005-05-01,0,0,1,0,1,0,1
EL PUENTE(STC),desnutricion global,desnutricion moderada (m),2005-05-01,6,1,4,5,10,6,16
EL PUENTE(TJA),desnutricion global,desnutricion moderada (m),2005-05-01,4,5,1,6,5,11,16
EL TORNO,desnutricion global,desnutricion moderada (m),2005-05-01,2,6,1,3,3,9,12
EL VILLAR,desnutricion global,desnutricion moderada (m),2005-05-01,2,3,2,13,4,16,20
ENTRE RIOS,desnutricion global,desnutricion moderada (m),2005-05-01,5,6,7,8,12,14,26
ENTRE RIOS,desnutricion global,desnutricion moderada (m),2005-05-01,7,1,1,2,8,3,11
EUCALIPTUS,desnutricion global,desnutricion moderada (m),2005-05-01,1,1,2,1,3,2,5
EXALTACION,desnutricion global,desnutricion moderada (m),2005-05-01,5,7,3,2,8,9,17
FERNANDEZ ALONSO,desnutricion global,desnutricion moderada (m),2005-05-01,6,1,2,2,8,3,11
FILADELFIA,desnutricion global,desnutricion moderada (m),2005-05-01,1,0,1,0,2,0,2
GENERAL SAAVEDRA,desnutricion global,desnutricion moderada (m),2005-05-01,6,2,6,2,12,4,16
GRAL. J.J. PEREZ (CHARAZANI),desnutricion global,desnutricion moderada (m),2005-05-01,2,2,3,5,5,7,12
GUANAY,desnutricion global,desnutricion moderada (m),2005-05-01,6,5,5,2,11,7,18
GUAQUI,desnutricion global,desnutricion moderada (m),2005-05-01,0,0,0,2,0,2,2
GUAYARAMERIN,desnutricion global,desnutricion moderada (m),2005-05-01,8,5,7,3,15,8,23
GUTIERREZ,desnutricion global,desnutricion moderada (m),2005-05-01,7,8,12,18,19,26,45
HUACARETA,desnutricion global,desnutricion moderada (m),2005-05-01,1,3,2,6,3,9,12
HUACAYA (VILLA DE HUACAYA),desnutricion global,desnutricion moderada (m),2005-05-01,1,2,4,1,5,3,8
HUACHACALLA,desnutricion global,desnutricion moderada (m),2005-05-01,0,1,0,0,0,1,1
HUANUNI,desnutricion global,desnutricion moderada (m),2005-05-01,11,5,2,7,13,12,25
HUARACAJE,desnutricion global,desnutricion moderada (m),2005-05-01,3,0,3,0,6,0,6
HUAYLLAMARCA,desnutricion global,desnutricion moderada (m),2005-05-01,0,1,0,0,0,1,1
ICHOCA,desnutricion global,desnutricion moderada (m),2005-05-01,0,0,1,1,1,1,2
ICLA,desnutricion global,desnutricion moderada (m),2005-05-01,23,22,30,29,53,51,104
INCAHUASI,desnutricion global,desnutricion moderada (m),2005-05-01,27,57,19,38,46,95,141
INQUISIVI,desnutricion global,desnutricion moderada (m),2005-05-01,9,9,3,3,12,12,24
IRUPANA (VILLA DE LANZA),desnutricion global,desnutricion moderada (m),2005-05-01,3,4,8,8,11,12,23
IXIAMAS,desnutricion global,desnutricion moderada (m),2005-05-01,4,7,4,4,8,11,19
JESUS DE MACHACA,desnutricion global,desnutricion moderada (m),2005-05-01,1,3,1,2,2,5,7
LA ASUNTA,desnutricion global,desnutricion moderada (m),2005-05-01,6,6,3,3,9,9,18
LA GUARDIA,desnutricion global,desnutricion moderada (m),2005-05-01,4,6,0,0,4,6,10
LA PAZ,desnutricion global,desnutricion moderada (m),2005-05-01,165,116,52,90,217,206,423
LAGUNILLAS,desnutricion global,desnutricion moderada (m),2005-05-01,2,2,2,0,4,2,6
LAJA,desnutricion global,desnutricion moderada (m),2005-05-01,5,2,4,1,9,3,12
LAS CARRERAS,desnutricion global,desnutricion moderada (m),2005-05-01,0,3,0,4,0,7,7
LLALLAGUA,desnutricion global,desnutricion moderada (m),2005-05-01,28,16,21,27,49,43,92
LLICA,desnutricion global,desnutricion moderada (m),2005-05-01,1,1,0,2,1,3,4
LORETO,desnutricion global,desnutricion moderada (m),2005-05-01,2,1,0,0,2,1,3
LURIBAY,desnutricion global,desnutricion moderada (m),2005-05-01,2,8,2,4,4,12,16
MACHACAMARCA,desnutricion global,desnutricion moderada (m),2005-05-01,3,2,0,2,3,4,7
MACHARETI,desnutricion global,desnutricion moderada (m),2005-05-01,7,3,1,5,8,8,16
MAGDALENA,desnutricion global,desnutricion moderada (m),2005-05-01,4,1,1,2,5,3,8
MALLA,desnutricion global,desnutricion moderada (m),2005-05-01,1,2,1,3,2,5,7
MAPIRI,desnutricion global,desnutricion moderada (m),2005-05-01,3,4,8,3,11,7,18
MECAPACA,desnutricion global,desnutricion moderada (m),2005-05-01,4,2,1,1,5,3,8
MINEROS,desnutricion global,desnutricion moderada (m),2005-05-01,8,6,3,2,11,8,19
MIZQUE,desnutricion global,desnutricion moderada (m),2005-05-01,10,13,1,3,11,16,27
MOCOMOCO,desnutricion global,desnutricion moderada (m),2005-05-01,11,3,5,4,16,7,23
MOJOCOYA,desnutricion global,desnutricion moderada (m),2005-05-01,8,7,2,6,10,13,23
MONTEAGUDO,desnutricion global,desnutricion moderada (m),2005-05-01,4,6,13,15,17,21,38
MONTERO,desnutricion global,desnutricion moderada (m),2005-05-01,31,25,18,18,49,43,92
MORO MORO,desnutricion global,desnutricion moderada (m),2005-05-01,1,0,1,0,2,0,2
MOROCHATA,desnutricion global,desnutricion moderada (m),2005-05-01,12,14,14,10,26,24,50
NACEBE (SANTA ROSA DEL ABUNA),desnutricion global,desnutricion moderada (m),2005-05-01,2,1,0,0,2,1,3
OCURI,desnutricion global,desnutricion moderada (m),2005-05-01,11,13,8,25,19,38,57
OKINAWA,desnutricion global,desnutricion moderada (m),2005-05-01,1,0,0,0,1,0,1
OMEREQUE,desnutricion global,desnutricion moderada (m),2005-05-01,0,2,0,0,0,2,2
ORURO,desnutricion global,desnutricion moderada (m),2005-05-01,94,63,31,45,125,108,233
PADCAYA,desnutricion global,desnutricion moderada (m),2005-05-01,3,2,3,1,6,3,9
PADILLA,desnutricion global,desnutricion moderada (m),2005-05-01,13,11,7,11,20,22,42
PAILON,desnutricion global,desnutricion moderada (m),2005-05-01,0,8,3,0,3,8,11
PALCA,desnutricion global,desnutricion moderada (m),2005-05-01,4,3,2,1,6,4,10
PALOS BLANCOS,desnutricion global,desnutricion moderada (m),2005-05-01,10,16,7,14,17,30,47
PAMPA AULLAGAS,desnutricion global,desnutricion moderada (m),2005-05-01,3,1,0,0,3,1,4
PAMPA GRANDE,desnutricion global,desnutricion moderada (m),2005-05-01,2,2,0,1,2,3,5
PAPEL PAMPA,desnutricion global,desnutricion moderada (m),2005-05-01,1,2,0,0,1,2,3
PASORAPA,desnutricion global,desnutricion moderada (m),2005-05-01,1,1,1,1,2,2,4
PATACAMAYA,desnutricion global,desnutricion moderada (m),2005-05-01,15,11,4,9,19,20,39
PAZÑA,desnutricion global,desnutricion moderada (m),2005-05-01,2,3,2,2,4,5,9
PELECHUCO,desnutricion global,desnutricion moderada (m),2005-05-01,7,5,3,4,10,9,19
POCOATA,desnutricion global,desnutricion moderada (m),2005-05-01,15,19,15,29,30,48,78
POCONA,desnutricion global,desnutricion moderada (m),2005-05-01,4,2,6,4,10,6,16
POJO (CBBA),desnutricion global,desnutricion moderada (m),2005-05-01,8,4,3,8,11,12,23
POOPO,desnutricion global,desnutricion moderada (m),2005-05-01,1,0,1,0,2,0,2
PORCO,desnutricion global,desnutricion moderada (m),2005-05-01,2,2,1,0,3,2,5
POROMA,desnutricion global,desnutricion moderada (m),2005-05-01,29,24,16,22,45,46,91
PORTACHUELO,desnutricion global,desnutricion moderada (m),2005-05-01,1,1,3,2,4,3,7
PORVENIR,desnutricion global,desnutricion moderada (m),2005-05-01,0,0,1,1,1,1,2
POSTRER VALLE,desnutricion global,desnutricion moderada (m),2005-05-01,1,4,0,0,1,4,5
POTOSI,desnutricion global,desnutricion moderada (m),2005-05-01,55,43,29,35,84,78,162
PRESTO,desnutricion global,desnutricion moderada (m),2005-05-01,15,19,10,12,25,31,56
PUCARA,desnutricion global,desnutricion moderada (m),2005-05-01,0,1,0,0,0,1,1
PUCARANI,desnutricion global,desnutricion moderada (m),2005-05-01,3,1,0,1,3,2,5
PUERTO ACOSTA,desnutricion global,desnutricion moderada (m),2005-05-01,3,1,1,3,4,4,8
PUERTO CARABUCO,desnutricion global,desnutricion moderada (m),2005-05-01,8,3,3,6,11,9,20
PUERTO GONZALO MORENO,desnutricion global,desnutricion moderada (m),2005-05-01,2,1,4,1,6,2,8
PUERTO PEREZ,desnutricion global,desnutricion moderada (m),2005-05-01,6,0,1,0,7,0,7
PUERTO RICO,desnutricion global,desnutricion moderada (m),2005-05-01,2,0,1,2,3,2,5
PUERTO SILES,desnutricion global,desnutricion moderada (m),2005-05-01,1,1,1,1,2,2,4
PUERTO VILLARROEL,desnutricion global,desnutricion moderada (m),2005-05-01,55,40,24,32,79,72,151
PUNA,desnutricion global,desnutricion moderada (m),2005-05-01,37,22,21,25,58,47,105
PUNATA,desnutricion global,desnutricion moderada (m),2005-05-01,8,8,7,5,15,13,28
QUILLACOLLO,desnutricion global,desnutricion moderada (m),2005-05-01,19,15,4,10,23,25,48
QUIME,desnutricion global,desnutricion moderada (m),2005-05-01,7,0,2,4,9,4,13
QUIRUSILLAS,desnutricion global,desnutricion moderada (m),2005-05-01,0,0,0,1,0,1,1
RAVELO,desnutricion global,desnutricion moderada (m),2005-05-01,52,57,52,56,104,113,217
REYES,desnutricion global,desnutricion moderada (m),2005-05-01,9,2,0,1,9,3,12
RIBERALTA,desnutricion global,desnutricion moderada (m),2005-05-01,35,65,26,28,61,93,154
ROBORE,desnutricion global,desnutricion moderada (m),2005-05-01,4,1,2,2,6,3,9
RURRENABAQUE,desnutricion global,desnutricion moderada (m),2005-05-01,0,2,0,0,0,2,2
SACABA,desnutricion global,desnutricion moderada (m),2005-05-01,19,27,20,12,39,39,78
SACABAMBA,desnutricion global,desnutricion moderada (m),2005-05-01,6,7,3,7,9,14,23
SAIPINA,desnutricion global,desnutricion moderada (m),2005-05-01,4,1,1,1,5,2,7
SALINAS DE GARCI MENDOZA,desnutricion global,desnutricion moderada (m),2005-05-01,3,1,5,4,8,5,13
SAMAIPATA,desnutricion global,desnutricion moderada (m),2005-05-01,4,1,0,0,4,1,5
SAN AGUSTIN,desnutricion global,desnutricion moderada (m),2005-05-01,0,2,0,0,0,2,2
SAN ANDRES,desnutricion global,desnutricion moderada (m),2005-05-01,1,3,0,3,1,6,7
SAN ANDRES DE MACHACA,desnutricion global,desnutricion moderada (m),2005-05-01,2,0,0,0,2,0,2
SAN ANTONIO DE LOMERIO,desnutricion global,desnutricion moderada (m),2005-05-01,14,5,6,12,20,17,37
SAN BENITO,desnutricion global,desnutricion moderada (m),2005-05-01,7,6,5,9,12,15,27
SAN BORJA,desnutricion global,desnutricion moderada (m),2005-05-01,11,12,4,5,15,17,32
SAN BUENA VENTURA,desnutricion global,desnutricion moderada (m),2005-05-01,2,0,1,2,3,2,5
SAN CARLOS,desnutricion global,desnutricion moderada (m),2005-05-01,5,2,0,0,5,2,7
SAN IGNACIO,desnutricion global,desnutricion moderada (m),2005-05-01,4,11,3,5,7,16,23
SAN IGNACIO DE VELASCO,desnutricion global,desnutricion moderada (m),2005-05-01,20,37,21,23,41,60,101
SAN JAVIER(BNI),desnutricion global,desnutricion moderada (m),2005-05-01,1,0,0,0,1,0,1
SAN JAVIER(STC),desnutricion global,desnutricion moderada (m),2005-05-01,1,0,0,0,1,0,1
SAN JOAQUIN,desnutricion global,desnutricion moderada (m),2005-05-01,5,0,1,0,6,0,6
SAN JOSE DE CHIQUITOS,desnutricion global,desnutricion moderada (m),2005-05-01,2,1,2,0,4,1,5
SAN JUAN DE YAPACANI,desnutricion global,desnutricion moderada (m),2005-05-01,0,2,2,0,2,2,4
SAN JULIAN,desnutricion global,desnutricion moderada (m),2005-05-01,10,1,11,1,21,2,23
SAN LORENZO(PND),desnutricion global,desnutricion moderada (m),2005-05-01,3,0,2,1,5,1,6
SAN LORENZO(TJA),desnutricion global,desnutricion moderada (m),2005-05-01,11,7,10,10,21,17,38
SAN LUCAS,desnutricion global,desnutricion moderada (m),2005-05-01,52,61,39,65,91,126,217
SAN MIGUEL DE VELASCO,desnutricion global,desnutricion moderada (m),2005-05-01,2,9,0,4,2,13,15
SAN PABLO DE LIPEZ,desnutricion global,desnutricion moderada (m),2005-05-01,1,0,0,0,1,0,1
SAN PEDRO,desnutricion global,desnutricion moderada (m),2005-05-01,2,1,2,1,4,2,6
SAN PEDRO DE BUENA VISTA,desnutricion global,desnutricion moderada (m),2005-05-01,18,19,25,39,43,58,101
SAN PEDRO DE CURAHUARA,desnutricion global,desnutricion moderada (m),2005-05-01,2,0,2,1,4,1,5
SAN PEDRO DE TIQUINA,desnutricion global,desnutricion moderada (m),2005-05-01,3,0,1,0,4,0,4
SAN RAFAEL,desnutricion global,desnutricion moderada (m),2005-05-01,0,2,3,3,3,5,8
SANTA ANA,desnutricion global,desnutricion moderada (m),2005-05-01,1,2,0,0,1,2,3
SANTA CRUZ DE LA SIERRA,desnutricion global,desnutricion moderada (m),2005-05-01,250,181,84,65,334,246,580
SANTA ROSA,desnutricion global,desnutricion moderada (m),2005-05-01,5,5,2,0,7,5,12
SANTA ROSA DEL SARA,desnutricion global,desnutricion moderada (m),2005-05-01,4,3,2,5,6,8,14
SANTIAGO DE CALLAPA,desnutricion global,desnutricion moderada (m),2005-05-01,2,4,1,2,3,6,9
SANTIAGO DE HUARI,desnutricion global,desnutricion moderada (m),2005-05-01,1,0,0,0,1,0,1
SANTIAGO DE MACHACA,desnutricion global,desnutricion moderada (m),2005-05-01,2,1,0,0,2,1,3
SANTIVAÑES,desnutricion global,desnutricion moderada (m),2005-05-01,8,5,5,7,13,12,25
SANTUARIO DE QUILLACAS,desnutricion global,desnutricion moderada (m),2005-05-01,2,1,1,0,3,1,4
SAPAHAQUI,desnutricion global,desnutricion moderada (m),2005-05-01,5,3,4,1,9,4,13
SENA,desnutricion global,desnutricion moderada (m),2005-05-01,6,5,3,6,9,11,20
SICA SICA (VILLA AROMA),desnutricion global,desnutricion moderada (m),2005-05-01,20,35,25,22,45,57,102
SICAYA,desnutricion global,desnutricion moderada (m),2005-05-01,4,2,5,7,9,9,18
SIPE SIPE,desnutricion global,desnutricion moderada (m),2005-05-01,30,27,13,9,43,36,79
SOPACHUY,desnutricion global,desnutricion moderada (m),2005-05-01,6,11,6,21,12,32,44
SORACACHI,desnutricion global,desnutricion moderada (m),2005-05-01,2,3,1,5,3,8,11
SORATA,desnutricion global,desnutricion moderada (m),2005-05-01,1,1,0,0,1,1,2
SUCRE,desnutricion global,desnutricion moderada (m),2005-05-01,68,62,50,59,118,121,239
TACACHI,desnutricion global,desnutricion moderada (m),2005-05-01,2,2,0,2,2,4,6
TACACOMA,desnutricion global,desnutricion moderada (m),2005-05-01,0,3,1,0,1,3,4
TACOBAMBA,desnutricion global,desnutricion moderada (m),2005-05-01,0,1,0,1,0,2,2
TACOPAYA,desnutricion global,desnutricion moderada (m),2005-05-01,4,5,2,5,6,10,16
TAPACARI,desnutricion global,desnutricion moderada (m),2005-05-01,23,21,11,7,34,28,62
TARABUCO,desnutricion global,desnutricion moderada (m),2005-05-01,56,52,47,85,103,137,240
TARACO,desnutricion global,desnutricion moderada (m),2005-05-01,0,0,0,2,0,2,2
TARATA,desnutricion global,desnutricion moderada (m),2005-05-01,5,8,1,4,6,12,18
TARIJA,desnutricion global,desnutricion moderada (m),2005-05-01,20,10,9,15,29,25,54
TARVITA,desnutricion global,desnutricion moderada (m),2005-05-01,33,17,24,53,57,70,127
TEOPONTE,desnutricion global,desnutricion moderada (m),2005-05-01,2,3,0,1,2,4,6
TIAWANACU,desnutricion global,desnutricion moderada (m),2005-05-01,3,3,1,1,4,4,8
TINGUIPAYA,desnutricion global,desnutricion moderada (m),2005-05-01,17,28,22,18,39,46,85
TIPUANI,desnutricion global,desnutricion moderada (m),2005-05-01,0,2,0,0,0,2,2
TIQUIPAYA,desnutricion global,desnutricion moderada (m),2005-05-01,1,1,0,0,1,1,2
TIRAQUE (CBBA),desnutricion global,desnutricion moderada (m),2005-05-01,25,25,14,16,39,41,80
TITO YUPANQUI (PARQUIPUJIO),desnutricion global,desnutricion moderada (m),2005-05-01,1,0,0,2,1,2,3
TOCO,desnutricion global,desnutricion moderada (m),2005-05-01,4,2,2,2,6,4,10
TOLATA,desnutricion global,desnutricion moderada (m),2005-05-01,0,0,0,1,0,1,1
TOLEDO,desnutricion global,desnutricion moderada (m),2005-05-01,2,2,0,0,2,2,4
TOMAVE,desnutricion global,desnutricion moderada (m),2005-05-01,10,4,7,4,17,8,25
TOMINA,desnutricion global,desnutricion moderada (m),2005-05-01,26,15,17,22,43,37,80
TORO TORO,desnutricion global,desnutricion moderada (m),2005-05-01,16,17,10,12,26,29,55
TOTORA(CBBA),desnutricion global,desnutricion moderada (m),2005-05-01,14,9,6,3,20,12,32
TRINIDAD,desnutricion global,desnutricion moderada (m),2005-05-01,18,19,7,12,25,31,56
TUPIZA,desnutricion global,desnutricion moderada (m),2005-05-01,10,14,9,10,19,24,43
TURCO,desnutricion global,desnutricion moderada (m),2005-05-01,2,2,1,1,3,3,6
UMALA,desnutricion global,desnutricion moderada (m),2005-05-01,0,1,0,0,0,1,1
UNCIA,desnutricion global,desnutricion moderada (m),2005-05-01,17,10,10,12,27,22,49
URIONDO (A. CONCEPCION),desnutricion global,desnutricion moderada (m),2005-05-01,2,3,1,6,3,9,12
UYUNI,desnutricion global,desnutricion moderada (m),2005-05-01,3,1,2,2,5,3,8
VACAS,desnutricion global,desnutricion moderada (m),2005-05-01,8,5,3,2,11,7,18
VALLEGRANDE,desnutricion global,desnutricion moderada (m),2005-05-01,0,1,3,3,3,4,7
VIACHA,desnutricion global,desnutricion moderada (m),2005-05-01,2,10,3,2,5,12,17
VILA VILA,desnutricion global,desnutricion moderada (m),2005-05-01,5,4,2,0,7,4,11
VILLA MONTES,desnutricion global,desnutricion moderada (m),2005-05-01,8,10,6,7,14,17,31
VILLA NUEVA (LOMA ALTA),desnutricion global,desnutricion moderada (m),2005-05-01,0,1,0,0,0,1,1
VILLA RIVERO,desnutricion global,desnutricion moderada (m),2005-05-01,2,4,2,1,4,5,9
VILLA SERRANO,desnutricion global,desnutricion moderada (m),2005-05-01,11,11,14,19,25,30,55
VILLA TUNARI,desnutricion global,desnutricion moderada (m),2005-05-01,36,28,27,39,63,67,130
VILLA VACA GUZMAN (MUYUPAMPA),desnutricion global,desnutricion moderada (m),2005-05-01,2,1,2,4,4,5,9
VILLAZON,desnutricion global,desnutricion moderada (m),2005-05-01,14,13,7,8,21,21,42
VINTO,desnutricion global,desnutricion moderada (m),2005-05-01,0,1,1,2,1,3,4
VITICHI,desnutricion global,desnutricion moderada (m),2005-05-01,7,4,10,7,17,11,28
WALDO BALLIVIAN,desnutricion global,desnutricion moderada (m),2005-05-01,0,0,0,1,0,1,1
WARNES,desnutricion global,desnutricion moderada (m),2005-05-01,9,7,6,6,15,13,28
YACO,desnutricion global,desnutricion moderada (m),2005-05-01,2,6,4,4,6,10,16
YACUIBA,desnutricion global,desnutricion moderada (m),2005-05-01,5,4,3,3,8,7,15
YAMPARAEZ,desnutricion global,desnutricion moderada (m),2005-05-01,24,14,14,17,38,31,69
YANACACHI,desnutricion global,desnutricion moderada (m),2005-05-01,0,1,0,1,0,2,2
YAPACANI,desnutricion global,desnutricion moderada (m),2005-05-01,14,11,7,6,21,17,38
YOCALLA,desnutricion global,desnutricion moderada (m),2005-05-01,2,3,2,0,4,3,7
YOTALA,desnutricion global,desnutricion moderada (m),2005-05-01,8,11,4,12,12,23,35
YUNCHARA,desnutricion global,desnutricion moderada (m),2005-05-01,4,3,2,7,6,10,16
ZUDAÑEZ,desnutricion global,desnutricion moderada (m),2005-05-01,13,12,15,18,28,30,58
ACACIO,desnutricion global,desnutricion moderada (m),2005-06-01,8,10,9,8,17,18,35
ACHACACHI,desnutricion global,desnutricion moderada (m),2005-06-01,4,5,5,3,9,8,17
ACHOCALLA,desnutricion global,desnutricion moderada (m),2005-06-01,1,3,1,2,2,5,7
AIQUILE,desnutricion global,desnutricion moderada (m),2005-06-01,2,2,1,6,3,8,11
ALCALA,desnutricion global,desnutricion moderada (m),2005-06-01,2,2,4,2,6,4,10
ANCORAIMES,desnutricion global,desnutricion moderada (m),2005-06-01,6,0,4,2,10,2,12
ANDAMARCA,desnutricion global,desnutricion moderada (m),2005-06-01,0,1,0,1,0,2,2
ANTEQUERA,desnutricion global,desnutricion moderada (m),2005-06-01,3,3,4,4,7,7,14
ANZALDO,desnutricion global,desnutricion moderada (m),2005-06-01,2,1,0,1,2,2,4
APOLO,desnutricion global,desnutricion moderada (m),2005-06-01,6,5,3,5,9,10,19
ARAMPAMPA,desnutricion global,desnutricion moderada (m),2005-06-01,12,8,7,12,19,20,39
ARANI,desnutricion global,desnutricion moderada (m),2005-06-01,0,2,1,0,1,2,3
ARBIETO,desnutricion global,desnutricion moderada (m),2005-06-01,4,2,3,2,7,4,11
ARQUE,desnutricion global,desnutricion moderada (m),2005-06-01,7,11,7,12,14,23,37
ATOCHA,desnutricion global,desnutricion moderada (m),2005-06-01,11,8,3,7,14,15,29
AUCAPATA,desnutricion global,desnutricion moderada (m),2005-06-01,2,3,1,1,3,4,7
AYATA,desnutricion global,desnutricion moderada (m),2005-06-01,4,3,6,4,10,7,17
AYO AYO,desnutricion global,desnutricion moderada (m),2005-06-01,3,1,0,2,3,3,6
AYOPAYA (V. DE INDEPENDENCIA),desnutricion global,desnutricion moderada (m),2005-06-01,12,11,6,8,18,19,37
AZURDUY,desnutricion global,desnutricion moderada (m),2005-06-01,10,15,6,12,16,27,43
BATALLAS,desnutricion global,desnutricion moderada (m),2005-06-01,2,2,0,3,2,5,7
BAURES,desnutricion global,desnutricion moderada (m),2005-06-01,2,3,1,1,3,4,7
BELEN DE ANDAMARCA,desnutricion global,desnutricion moderada (m),2005-06-01,0,0,0,1,0,1,1
BELEN DE URMIRI,desnutricion global,desnutricion moderada (m),2005-06-01,0,1,2,1,2,2,4
BERMEJO,desnutricion global,desnutricion moderada (m),2005-06-01,1,1,2,0,3,1,4
BETANZOS,desnutricion global,desnutricion moderada (m),2005-06-01,31,27,18,28,49,55,104
BOLIVAR,desnutricion global,desnutricion moderada (m),2005-06-01,4,4,6,8,10,12,22
BOYUIBE,desnutricion global,desnutricion moderada (m),2005-06-01,0,1,1,2,1,3,4
BUENA VISTA,desnutricion global,desnutricion moderada (m),2005-06-01,0,2,0,2,0,4,4
CABEZAS,desnutricion global,desnutricion moderada (m),2005-06-01,6,4,6,6,12,10,22
CAIROMA,desnutricion global,desnutricion moderada (m),2005-06-01,16,12,4,14,20,26,46
"CAIZA ""D""",desnutricion global,desnutricion moderada (m),2005-06-01,6,1,5,10,11,11,22
CAJUATA,desnutricion global,desnutricion moderada (m),2005-06-01,4,1,1,4,5,5,10
CALACOTO,desnutricion global,desnutricion moderada (m),2005-06-01,1,1,0,0,1,1,2
CALAMARCA,desnutricion global,desnutricion moderada (m),2005-06-01,20,15,13,22,33,37,70
CAMARGO,desnutricion global,desnutricion moderada (m),2005-06-01,17,19,16,30,33,49,82
CAMATAQUI (C. VILLA ABECIA),desnutricion global,desnutricion moderada (m),2005-06-01,2,1,0,0,2,1,3
CAMIRI,desnutricion global,desnutricion moderada (m),2005-06-01,13,6,7,12,20,18,38
CAPINOTA,desnutricion global,desnutricion moderada (m),2005-06-01,23,21,19,27,42,48,90
CAQUIAVIRI,desnutricion global,desnutricion moderada (m),2005-06-01,3,0,1,5,4,5,9
CARACOLLO,desnutricion global,desnutricion moderada (m),2005-06-01,3,3,0,3,3,6,9
CARANAVI,desnutricion global,desnutricion moderada (m),2005-06-01,23,19,3,17,26,36,62
CARAPARI,desnutricion global,desnutricion moderada (m),2005-06-01,1,0,4,2,5,2,7
CARIPUYO,desnutricion global,desnutricion moderada (m),2005-06-01,16,25,15,33,31,58,89
CHALLAPATA,desnutricion global,desnutricion moderada (m),2005-06-01,29,12,16,24,45,36,81
CHAQUI,desnutricion global,desnutricion moderada (m),2005-06-01,3,7,4,4,7,11,18
CHARAGUA,desnutricion global,desnutricion moderada (m),2005-06-01,7,9,5,5,12,14,26
CHAYANTA,desnutricion global,desnutricion moderada (m),2005-06-01,22,11,14,16,36,27,63
CHIMORE,desnutricion global,desnutricion moderada (m),2005-06-01,4,3,1,1,5,4,9
CHIPAYA,desnutricion global,desnutricion moderada (m),2005-06-01,0,0,1,1,1,1,2
CHULUMANI (V. DE LA LIBERTAD),desnutricion global,desnutricion moderada (m),2005-06-01,8,3,0,0,8,3,11
CHUMA,desnutricion global,desnutricion moderada (m),2005-06-01,5,4,9,5,14,9,23
CLIZA,desnutricion global,desnutricion moderada (m),2005-06-01,18,1,15,0,33,1,34
COBIJA,desnutricion global,desnutricion moderada (m),2005-06-01,14,3,3,6,17,9,26
COCHABAMBA,desnutricion global,desnutricion moderada (m),2005-06-01,72,54,23,36,95,90,185
COLCAPIRHUA,desnutricion global,desnutricion moderada (m),2005-06-01,13,12,9,14,22,26,48
"COLCHA ""K""",desnutricion global,desnutricion moderada (m),2005-06-01,1,2,3,4,4,6,10
COLLANA,desnutricion global,desnutricion moderada (m),2005-06-01,0,0,1,0,1,0,1
COLOMI,desnutricion global,desnutricion moderada (m),2005-06-01,14,13,3,12,17,25,42
COLPA BELGICA,desnutricion global,desnutricion moderada (m),2005-06-01,1,1,0,2,1,3,4
COLQUECHACA,desnutricion global,desnutricion moderada (m),2005-06-01,29,35,19,22,48,57,105
COLQUENCHA,desnutricion global,desnutricion moderada (m),2005-06-01,5,1,3,9,8,10,18
COLQUIRI,desnutricion global,desnutricion moderada (m),2005-06-01,6,5,0,6,6,11,17
COMANCHE,desnutricion global,desnutricion moderada (m),2005-06-01,0,0,2,5,2,5,7
COMARAPA,desnutricion global,desnutricion moderada (m),2005-06-01,5,11,5,6,10,17,27
COMBAYA,desnutricion global,desnutricion moderada (m),2005-06-01,0,0,1,0,1,0,1
CONCEPCION,desnutricion global,desnutricion moderada (m),2005-06-01,1,0,0,0,1,0,1
COPACABANA,desnutricion global,desnutricion moderada (m),2005-06-01,0,3,2,0,2,3,5
CORIPATA,desnutricion global,desnutricion moderada (m),2005-06-01,6,3,2,3,8,6,14
CORO CORO,desnutricion global,desnutricion moderada (m),2005-06-01,5,3,5,7,10,10,20
COROICO,desnutricion global,desnutricion moderada (m),2005-06-01,2,6,3,1,5,7,12
CORQUE,desnutricion global,desnutricion moderada (m),2005-06-01,4,5,4,4,8,9,17
COTAGAITA,desnutricion global,desnutricion moderada (m),2005-06-01,22,8,14,13,36,21,57
COTOCA,desnutricion global,desnutricion moderada (m),2005-06-01,8,10,2,2,10,12,22
CUATRO CAÑADAS,desnutricion global,desnutricion moderada (m),2005-06-01,5,0,2,2,7,2,9
CUCHUMUELA (V. G. VILLARROEL),desnutricion global,desnutricion moderada (m),2005-06-01,2,0,1,0,3,0,3
CUEVO,desnutricion global,desnutricion moderada (m),2005-06-01,1,0,1,1,2,1,3
CULPINA,desnutricion global,desnutricion moderada (m),2005-06-01,28,22,24,25,52,47,99
CURAHUARA DE CARANGAS,desnutricion global,desnutricion moderada (m),2005-06-01,0,3,1,0,1,3,4
CURVA,desnutricion global,desnutricion moderada (m),2005-06-01,3,0,1,0,4,0,4
DESAGUADERO,desnutricion global,desnutricion moderada (m),2005-06-01,1,1,0,0,1,1,2
EL ALTO,desnutricion global,desnutricion moderada (m),2005-06-01,247,195,127,108,374,303,677
EL CHORO,desnutricion global,desnutricion moderada (m),2005-06-01,1,0,0,0,1,0,1
EL PUENTE(TJA),desnutricion global,desnutricion moderada (m),2005-06-01,2,1,2,2,4,3,7
EL TORNO,desnutricion global,desnutricion moderada (m),2005-06-01,3,6,3,1,6,7,13
EL VILLAR,desnutricion global,desnutricion moderada (m),2005-06-01,3,5,3,16,6,21,27
ENTRE RIOS,desnutricion global,desnutricion moderada (m),2005-06-01,11,18,5,12,16,30,46
ENTRE RIOS,desnutricion global,desnutricion moderada (m),2005-06-01,4,2,1,5,5,7,12
EUCALIPTUS,desnutricion global,desnutricion moderada (m),2005-06-01,3,1,2,0,5,1,6
EXALTACION,desnutricion global,desnutricion moderada (m),2005-06-01,2,4,1,0,3,4,7
FERNANDEZ ALONSO,desnutricion global,desnutricion moderada (m),2005-06-01,11,4,3,5,14,9,23
FILADELFIA,desnutricion global,desnutricion moderada (m),2005-06-01,0,0,1,1,1,1,2
GENERAL SAAVEDRA,desnutricion global,desnutricion moderada (m),2005-06-01,1,7,4,0,5,7,12
GRAL. J.J. PEREZ (CHARAZANI),desnutricion global,desnutricion moderada (m),2005-06-01,2,6,2,6,4,12,16
GUANAY,desnutricion global,desnutricion moderada (m),2005-06-01,2,4,1,2,3,6,9
GUAQUI,desnutricion global,desnutricion moderada (m),2005-06-01,1,2,1,1,2,3,5
GUAYARAMERIN,desnutricion global,desnutricion moderada (m),2005-06-01,15,16,6,15,21,31,52
GUTIERREZ,desnutricion global,desnutricion moderada (m),2005-06-01,13,11,13,19,26,30,56
HUACARETA,desnutricion global,desnutricion moderada (m),2005-06-01,4,9,3,0,7,9,16
HUACAYA (VILLA DE HUACAYA),desnutricion global,desnutricion moderada (m),2005-06-01,2,0,2,2,4,2,6
HUANUNI,desnutricion global,desnutricion moderada (m),2005-06-01,5,5,0,3,5,8,13
HUARACAJE,desnutricion global,desnutricion moderada (m),2005-06-01,1,1,0,0,1,1,2
HUAYLLAMARCA,desnutricion global,desnutricion moderada (m),2005-06-01,1,0,0,0,1,0,1
ICLA,desnutricion global,desnutricion moderada (m),2005-06-01,34,18,24,31,58,49,107
INCAHUASI,desnutricion global,desnutricion moderada (m),2005-06-01,41,51,18,44,59,95,154
INQUISIVI,desnutricion global,desnutricion moderada (m),2005-06-01,14,9,6,5,20,14,34
IRUPANA (VILLA DE LANZA),desnutricion global,desnutricion moderada (m),2005-06-01,1,2,3,3,4,5,9
IXIAMAS,desnutricion global,desnutricion moderada (m),2005-06-01,4,2,4,3,8,5,13
JESUS DE MACHACA,desnutricion global,desnutricion moderada (m),2005-06-01,1,3,1,0,2,3,5
LA ASUNTA,desnutricion global,desnutricion moderada (m),2005-06-01,4,5,4,4,8,9,17
LA GUARDIA,desnutricion global,desnutricion moderada (m),2005-06-01,8,7,7,8,15,15,30
LA PAZ,desnutricion global,desnutricion moderada (m),2005-06-01,155,116,70,81,225,197,422
LAGUNILLAS,desnutricion global,desnutricion moderada (m),2005-06-01,3,4,3,3,6,7,13
LAJA,desnutricion global,desnutricion moderada (m),2005-06-01,6,1,3,2,9,3,12
LAS CARRERAS,desnutricion global,desnutricion moderada (m),2005-06-01,1,1,2,6,3,7,10
LLALLAGUA,desnutricion global,desnutricion moderada (m),2005-06-01,19,22,19,25,38,47,85
LLICA,desnutricion global,desnutricion moderada (m),2005-06-01,0,2,0,0,0,2,2
LORETO,desnutricion global,desnutricion moderada (m),2005-06-01,2,0,0,0,2,0,2
LURIBAY,desnutricion global,desnutricion moderada (m),2005-06-01,7,3,1,8,8,11,19
MACHACAMARCA,desnutricion global,desnutricion moderada (m),2005-06-01,0,3,0,0,0,3,3
MACHARETI,desnutricion global,desnutricion moderada (m),2005-06-01,6,6,7,5,13,11,24
MAGDALENA,desnutricion global,desnutricion moderada (m),2005-06-01,4,5,1,2,5,7,12
MAIRANA,desnutricion global,desnutricion moderada (m),2005-06-01,1,1,1,1,2,2,4
MALLA,desnutricion global,desnutricion moderada (m),2005-06-01,2,3,2,4,4,7,11
MAPIRI,desnutricion global,desnutricion moderada (m),2005-06-01,4,3,1,1,5,4,9
MECAPACA,desnutricion global,desnutricion moderada (m),2005-06-01,2,7,0,2,2,9,11
MINEROS,desnutricion global,desnutricion moderada (m),2005-06-01,16,12,4,1,20,13,33
MIZQUE,desnutricion global,desnutricion moderada (m),2005-06-01,7,8,9,6,16,14,30
MOCOMOCO,desnutricion global,desnutricion moderada (m),2005-06-01,7,3,2,1,9,4,13
MOJINETE,desnutricion global,desnutricion moderada (m),2005-06-01,0,0,0,2,0,2,2
MOJOCOYA,desnutricion global,desnutricion moderada (m),2005-06-01,9,4,4,3,13,7,20
MONTEAGUDO,desnutricion global,desnutricion moderada (m),2005-06-01,9,2,8,19,17,21,38
MONTERO,desnutricion global,desnutricion moderada (m),2005-06-01,37,39,15,28,52,67,119
MORO MORO,desnutricion global,desnutricion moderada (m),2005-06-01,1,0,1,2,2,2,4
MOROCHATA,desnutricion global,desnutricion moderada (m),2005-06-01,11,12,10,4,21,16,37
NUEVO MANOA (NUEVA ESPERANZA),desnutricion global,desnutricion moderada (m),2005-06-01,0,0,1,0,1,0,1
OCURI,desnutricion global,desnutricion moderada (m),2005-06-01,24,19,13,25,37,44,81
OKINAWA,desnutricion global,desnutricion moderada (m),2005-06-01,2,0,0,0,2,0,2
OMEREQUE,desnutricion global,desnutricion moderada (m),2005-06-01,1,1,0,1,1,2,3
ORURO,desnutricion global,desnutricion moderada (m),2005-06-01,88,57,38,32,126,89,215
PADCAYA,desnutricion global,desnutricion moderada (m),2005-06-01,4,0,6,8,10,8,18
PADILLA,desnutricion global,desnutricion moderada (m),2005-06-01,8,6,9,13,17,19,36
PALCA,desnutricion global,desnutricion moderada (m),2005-06-01,1,2,0,0,1,2,3
PALOS BLANCOS,desnutricion global,desnutricion moderada (m),2005-06-01,9,13,8,4,17,17,34
PAMPA AULLAGAS,desnutricion global,desnutricion moderada (m),2005-06-01,0,0,0,1,0,1,1
PAMPA GRANDE,desnutricion global,desnutricion moderada (m),2005-06-01,0,1,0,0,0,1,1
PAPEL PAMPA,desnutricion global,desnutricion moderada (m),2005-06-01,1,3,0,1,1,4,5
PASORAPA,desnutricion global,desnutricion moderada (m),2005-06-01,2,0,3,2,5,2,7
PATACAMAYA,desnutricion global,desnutricion moderada (m),2005-06-01,17,21,1,2,18,23,41
PAZÑA,desnutricion global,desnutricion moderada (m),2005-06-01,2,3,2,4,4,7,11
PELECHUCO,desnutricion global,desnutricion moderada (m),2005-06-01,5,3,7,5,12,8,20
POCOATA,desnutricion global,desnutricion moderada (m),2005-06-01,15,19,19,31,34,50,84
POCONA,desnutricion global,desnutricion moderada (m),2005-06-01,5,2,5,5,10,7,17
POJO (CBBA),desnutricion global,desnutricion moderada (m),2005-06-01,7,7,4,6,11,13,24
POOPO,desnutricion global,desnutricion moderada (m),2005-06-01,2,1,1,1,3,2,5
PORCO,desnutricion global,desnutricion moderada (m),2005-06-01,1,1,2,2,3,3,6
POROMA,desnutricion global,desnutricion moderada (m),2005-06-01,32,19,23,24,55,43,98
PORTACHUELO,desnutricion global,desnutricion moderada (m),2005-06-01,0,2,0,4,0,6,6
POSTRER VALLE,desnutricion global,desnutricion moderada (m),2005-06-01,0,0,0,1,0,1,1
POTOSI,desnutricion global,desnutricion moderada (m),2005-06-01,82,74,26,38,108,112,220
PRESTO,desnutricion global,desnutricion moderada (m),2005-06-01,19,19,8,8,27,27,54
PUCARA,desnutricion global,desnutricion moderada (m),2005-06-01,0,1,1,1,1,2,3
PUCARANI,desnutricion global,desnutricion moderada (m),2005-06-01,8,1,3,3,11,4,15
PUERTO ACOSTA,desnutricion global,desnutricion moderada (m),2005-06-01,5,2,2,5,7,7,14
PUERTO CARABUCO,desnutricion global,desnutricion moderada (m),2005-06-01,0,0,5,2,5,2,7
PUERTO GONZALO MORENO,desnutricion global,desnutricion moderada (m),2005-06-01,3,4,4,4,7,8,15
PUERTO PEREZ,desnutricion global,desnutricion moderada (m),2005-06-01,0,1,1,0,1,1,2
PUERTO QUIJARRO,desnutricion global,desnutricion moderada (m),2005-06-01,0,0,0,1,0,1,1
PUERTO RICO,desnutricion global,desnutricion moderada (m),2005-06-01,1,0,0,0,1,0,1
PUERTO VILLARROEL,desnutricion global,desnutricion moderada (m),2005-06-01,31,33,25,19,56,52,108
PUNA,desnutricion global,desnutricion moderada (m),2005-06-01,26,36,20,16,46,52,98
PUNATA,desnutricion global,desnutricion moderada (m),2005-06-01,15,8,4,10,19,18,37
QUIABAYA,desnutricion global,desnutricion moderada (m),2005-06-01,2,1,1,0,3,1,4
QUILLACOLLO,desnutricion global,desnutricion moderada (m),2005-06-01,6,11,2,9,8,20,28
QUIME,desnutricion global,desnutricion moderada (m),2005-06-01,7,4,2,3,9,7,16
QUIRUSILLAS,desnutricion global,desnutricion moderada (m),2005-06-01,0,0,1,0,1,0,1
RAVELO,desnutricion global,desnutricion moderada (m),2005-06-01,40,36,31,36,71,72,143
REYES,desnutricion global,desnutricion moderada (m),2005-06-01,13,8,6,9,19,17,36
RIBERALTA,desnutricion global,desnutricion moderada (m),2005-06-01,44,58,34,42,78,100,178
RURRENABAQUE,desnutricion global,desnutricion moderada (m),2005-06-01,0,1,0,2,0,3,3
SABAYA,desnutricion global,desnutricion moderada (m),2005-06-01,0,0,0,1,0,1,1
SACABA,desnutricion global,desnutricion moderada (m),2005-06-01,26,13,9,17,35,30,65
SACABAMBA,desnutricion global,desnutricion moderada (m),2005-06-01,5,3,2,1,7,4,11
SACACA,desnutricion global,desnutricion moderada (m),2005-06-01,48,49,65,51,113,100,213
SAIPINA,desnutricion global,desnutricion moderada (m),2005-06-01,5,0,2,0,7,0,7
SALINAS DE GARCI MENDOZA,desnutricion global,desnutricion moderada (m),2005-06-01,1,1,1,1,2,2,4
SAMAIPATA,desnutricion global,desnutricion moderada (m),2005-06-01,8,3,1,1,9,4,13
SAN AGUSTIN,desnutricion global,desnutricion moderada (m),2005-06-01,0,1,0,1,0,2,2
SAN ANDRES,desnutricion global,desnutricion moderada (m),2005-06-01,2,2,0,2,2,4,6
SAN ANDRES DE MACHACA,desnutricion global,desnutricion moderada (m),2005-06-01,0,1,0,0,0,1,1
SAN ANTONIO DE LOMERIO,desnutricion global,desnutricion moderada (m),2005-06-01,1,0,2,1,3,1,4
SAN BENITO,desnutricion global,desnutricion moderada (m),2005-06-01,2,0,1,4,3,4,7
SAN BORJA,desnutricion global,desnutricion moderada (m),2005-06-01,21,8,10,13,31,21,52
SAN BUENA VENTURA,desnutricion global,desnutricion moderada (m),2005-06-01,3,3,2,5,5,8,13
SAN CARLOS,desnutricion global,desnutricion moderada (m),2005-06-01,3,1,0,0,3,1,4
SAN IGNACIO,desnutricion global,desnutricion moderada (m),2005-06-01,7,10,4,6,11,16,27
SAN IGNACIO DE VELASCO,desnutricion global,desnutricion moderada (m),2005-06-01,23,48,28,36,51,84,135
SAN JAVIER(BNI),desnutricion global,desnutricion moderada (m),2005-06-01,0,2,0,0,0,2,2
SAN JUAN DE YAPACANI,desnutricion global,desnutricion moderada (m),2005-06-01,2,0,4,2,6,2,8
SAN JULIAN,desnutricion global,desnutricion moderada (m),2005-06-01,8,7,2,3,10,10,20
SAN LORENZO(PND),desnutricion global,desnutricion moderada (m),2005-06-01,1,2,2,0,3,2,5
SAN LORENZO(TJA),desnutricion global,desnutricion moderada (m),2005-06-01,7,6,14,21,21,27,48
SAN LUCAS,desnutricion global,desnutricion moderada (m),2005-06-01,61,65,53,77,114,142,256
SAN MATIAS,desnutricion global,desnutricion moderada (m),2005-06-01,1,2,1,0,2,2,4
SAN MIGUEL DE VELASCO,desnutricion global,desnutricion moderada (m),2005-06-01,3,4,3,4,6,8,14
SAN PABLO DE LIPEZ,desnutricion global,desnutricion moderada (m),2005-06-01,3,1,0,0,3,1,4
SAN PEDRO,desnutricion global,desnutricion moderada (m),2005-06-01,6,5,1,3,7,8,15
SAN PEDRO DE BUENA VISTA,desnutricion global,desnutricion moderada (m),2005-06-01,35,25,23,37,58,62,120
SAN PEDRO DE CURAHUARA,desnutricion global,desnutricion moderada (m),2005-06-01,0,2,5,3,5,5,10
SAN PEDRO DE TIQUINA,desnutricion global,desnutricion moderada (m),2005-06-01,4,1,0,0,4,1,5
SAN PEDRO(PND),desnutricion global,desnutricion moderada (m),2005-06-01,0,1,3,0,3,1,4
SAN RAFAEL,desnutricion global,desnutricion moderada (m),2005-06-01,6,0,3,5,9,5,14
SANTA ANA,desnutricion global,desnutricion moderada (m),2005-06-01,2,1,1,1,3,2,5
SANTA CRUZ DE LA SIERRA,desnutricion global,desnutricion moderada (m),2005-06-01,251,259,92,115,343,374,717
SANTA ROSA,desnutricion global,desnutricion moderada (m),2005-06-01,5,5,3,3,8,8,16
SANTA ROSA DEL SARA,desnutricion global,desnutricion moderada (m),2005-06-01,2,7,2,3,4,10,14
SANTIAGO DE CALLAPA,desnutricion global,desnutricion moderada (m),2005-06-01,5,0,1,2,6,2,8
SANTIAGO DE HUARI,desnutricion global,desnutricion moderada (m),2005-06-01,1,0,0,0,1,0,1
SANTIAGO DE MACHACA,desnutricion global,desnutricion moderada (m),2005-06-01,6,2,2,4,8,6,14
SANTIVAÑES,desnutricion global,desnutricion moderada (m),2005-06-01,4,1,3,2,7,3,10
SANTUARIO DE QUILLACAS,desnutricion global,desnutricion moderada (m),2005-06-01,1,1,0,0,1,1,2
SAPAHAQUI,desnutricion global,desnutricion moderada (m),2005-06-01,2,2,1,1,3,3,6
SENA,desnutricion global,desnutricion moderada (m),2005-06-01,3,1,0,0,3,1,4
SICA SICA (VILLA AROMA),desnutricion global,desnutricion moderada (m),2005-06-01,11,13,15,14,26,27,53
SICAYA,desnutricion global,desnutricion moderada (m),2005-06-01,7,6,1,4,8,10,18
SIPE SIPE,desnutricion global,desnutricion moderada (m),2005-06-01,24,9,14,16,38,25,63
SOPACHUY,desnutricion global,desnutricion moderada (m),2005-06-01,11,17,10,21,21,38,59
SORACACHI,desnutricion global,desnutricion moderada (m),2005-06-01,3,3,0,2,3,5,8
SORATA,desnutricion global,desnutricion moderada (m),2005-06-01,1,2,2,1,3,3,6
SUCRE,desnutricion global,desnutricion moderada (m),2005-06-01,76,65,71,92,147,157,304
TACACHI,desnutricion global,desnutricion moderada (m),2005-06-01,0,0,1,0,1,0,1
TACACOMA,desnutricion global,desnutricion moderada (m),2005-06-01,1,0,0,1,1,1,2
TACOBAMBA,desnutricion global,desnutricion moderada (m),2005-06-01,11,20,11,11,22,31,53
TACOPAYA,desnutricion global,desnutricion moderada (m),2005-06-01,8,11,5,6,13,17,30
TAPACARI,desnutricion global,desnutricion moderada (m),2005-06-01,26,18,23,32,49,50,99
TARABUCO,desnutricion global,desnutricion moderada (m),2005-06-01,70,49,53,91,123,140,263
TARACO,desnutricion global,desnutricion moderada (m),2005-06-01,0,0,0,1,0,1,1
TARATA,desnutricion global,desnutricion moderada (m),2005-06-01,5,9,2,3,7,12,19
TARIJA,desnutricion global,desnutricion moderada (m),2005-06-01,29,32,20,17,49,49,98
TARVITA,desnutricion global,desnutricion moderada (m),2005-06-01,3,3,4,2,7,5,12
TEOPONTE,desnutricion global,desnutricion moderada (m),2005-06-01,3,1,0,4,3,5,8
TIAWANACU,desnutricion global,desnutricion moderada (m),2005-06-01,1,0,0,0,1,0,1
TINGUIPAYA,desnutricion global,desnutricion moderada (m),2005-06-01,17,20,23,20,40,40,80
TIPUANI,desnutricion global,desnutricion moderada (m),2005-06-01,2,0,0,1,2,1,3
TIQUIPAYA,desnutricion global,desnutricion moderada (m),2005-06-01,1,3,3,3,4,6,10
TIRAQUE (CBBA),desnutricion global,desnutricion moderada (m),2005-06-01,11,17,11,10,22,27,49
TITO YUPANQUI (PARQUIPUJIO),desnutricion global,desnutricion moderada (m),2005-06-01,1,0,1,1,2,1,3
TOCO,desnutricion global,desnutricion moderada (m),2005-06-01,1,3,0,1,1,4,5
TOLEDO,desnutricion global,desnutricion moderada (m),2005-06-01,1,2,0,0,1,2,3
TOMAVE,desnutricion global,desnutricion moderada (m),2005-06-01,6,3,8,3,14,6,20
TOMINA,desnutricion global,desnutricion moderada (m),2005-06-01,17,11,15,21,32,32,64
TORO TORO,desnutricion global,desnutricion moderada (m),2005-06-01,34,37,17,25,51,62,113
TOTORA(CBBA),desnutricion global,desnutricion moderada (m),2005-06-01,6,5,3,6,9,11,20
TOTORA(ORR),desnutricion global,desnutricion moderada (m),2005-06-01,0,1,1,0,1,1,2
TRINIDAD,desnutricion global,desnutricion moderada (m),2005-06-01,31,24,8,14,39,38,77
TUPIZA,desnutricion global,desnutricion moderada (m),2005-06-01,9,9,11,14,20,23,43
TURCO,desnutricion global,desnutricion moderada (m),2005-06-01,1,1,1,0,2,1,3
UMALA,desnutricion global,desnutricion moderada (m),2005-06-01,1,2,2,2,3,4,7
UNCIA,desnutricion global,desnutricion moderada (m),2005-06-01,8,4,1,5,9,9,18
URIONDO (A. CONCEPCION),desnutricion global,desnutricion moderada (m),2005-06-01,3,3,5,4,8,7,15
UYUNI,desnutricion global,desnutricion moderada (m),2005-06-01,8,6,7,3,15,9,24
VACAS,desnutricion global,desnutricion moderada (m),2005-06-01,5,3,1,1,6,4,10
VALLEGRANDE,desnutricion global,desnutricion moderada (m),2005-06-01,0,1,4,4,4,5,9
VIACHA,desnutricion global,desnutricion moderada (m),2005-06-01,8,7,3,4,11,11,22
VILA VILA,desnutricion global,desnutricion moderada (m),2005-06-01,4,4,5,3,9,7,16
VILLA MONTES,desnutricion global,desnutricion moderada (m),2005-06-01,13,11,4,6,17,17,34
VILLA RIVERO,desnutricion global,desnutricion moderada (m),2005-06-01,9,1,1,0,10,1,11
VILLA SERRANO,desnutricion global,desnutricion moderada (m),2005-06-01,13,11,13,19,26,30,56
VILLA TUNARI,desnutricion global,desnutricion moderada (m),2005-06-01,13,25,18,17,31,42,73
VILLA VACA GUZMAN (MUYUPAMPA),desnutricion global,desnutricion moderada (m),2005-06-01,3,1,3,5,6,6,12
VILLAZON,desnutricion global,desnutricion moderada (m),2005-06-01,12,27,8,9,20,36,56
VITICHI,desnutricion global,desnutricion moderada (m),2005-06-01,6,8,8,5,14,13,27
WALDO BALLIVIAN,desnutricion global,desnutricion moderada (m),2005-06-01,0,1,1,1,1,2,3
WARNES,desnutricion global,desnutricion moderada (m),2005-06-01,21,17,7,2,28,19,47
YACO,desnutricion global,desnutricion moderada (m),2005-06-01,11,11,6,4,17,15,32
YACUIBA,desnutricion global,desnutricion moderada (m),2005-06-01,13,6,4,8,17,14,31
YAMPARAEZ,desnutricion global,desnutricion moderada (m),2005-06-01,22,13,16,22,38,35,73
YAPACANI,desnutricion global,desnutricion moderada (m),2005-06-01,16,14,8,12,24,26,50
YOCALLA,desnutricion global,desnutricion moderada (m),2005-06-01,1,1,1,1,2,2,4
YOTALA,desnutricion global,desnutricion moderada (m),2005-06-01,8,5,11,9,19,14,33
YUNCHARA,desnutricion global,desnutricion moderada (m),2005-06-01,2,4,5,11,7,15,22
ZUDAÑEZ,desnutricion global,desnutricion moderada (m),2005-06-01,10,13,14,8,24,21,45
ACACIO,desnutricion global,desnutricion moderada (m),2005-07-01,21,6,13,14,34,20,54
ACHACACHI,desnutricion global,desnutricion moderada (m),2005-07-01,5,8,5,8,10,16,26
ACHOCALLA,desnutricion global,desnutricion moderada (m),2005-07-01,2,1,0,0,2,1,3
AIQUILE,desnutricion global,desnutricion moderada (m),2005-07-01,6,5,2,3,8,8,16
ALALAY,desnutricion global,desnutricion moderada (m),2005-07-01,5,4,3,1,8,5,13
ALCALA,desnutricion global,desnutricion moderada (m),2005-07-01,6,5,5,6,11,11,22
ANCORAIMES,desnutricion global,desnutricion moderada (m),2005-07-01,6,0,0,3,6,3,9
ANDAMARCA,desnutricion global,desnutricion moderada (m),2005-07-01,2,1,0,0,2,1,3
ANTEQUERA,desnutricion global,desnutricion moderada (m),2005-07-01,0,3,0,1,0,4,4
ANZALDO,desnutricion global,desnutricion moderada (m),2005-07-01,1,1,3,2,4,3,7
APOLO,desnutricion global,desnutricion moderada (m),2005-07-01,3,8,8,11,11,19,30
ARAMPAMPA,desnutricion global,desnutricion moderada (m),2005-07-01,7,4,3,9,10,13,23
ARANI,desnutricion global,desnutricion moderada (m),2005-07-01,6,1,1,1,7,2,9
ARBIETO,desnutricion global,desnutricion moderada (m),2005-07-01,0,0,0,1,0,1,1
ARQUE,desnutricion global,desnutricion moderada (m),2005-07-01,18,21,11,21,29,42,71
ATOCHA,desnutricion global,desnutricion moderada (m),2005-07-01,8,8,5,5,13,13,26
AUCAPATA,desnutricion global,desnutricion moderada (m),2005-07-01,4,2,2,1,6,3,9
AYATA,desnutricion global,desnutricion moderada (m),2005-07-01,5,4,2,4,7,8,15
AYO AYO,desnutricion global,desnutricion moderada (m),2005-07-01,3,1,2,4,5,5,10
AYOPAYA (V. DE INDEPENDENCIA),desnutricion global,desnutricion moderada (m),2005-07-01,15,17,3,16,18,33,51
AZURDUY,desnutricion global,desnutricion moderada (m),2005-07-01,10,20,19,24,29,44,73
BATALLAS,desnutricion global,desnutricion moderada (m),2005-07-01,1,1,0,1,1,2,3
BELEN DE URMIRI,desnutricion global,desnutricion moderada (m),2005-07-01,0,1,0,1,0,2,2
BELLA FLOR,desnutricion global,desnutricion moderada (m),2005-07-01,0,1,0,0,0,1,1
BERMEJO,desnutricion global,desnutricion moderada (m),2005-07-01,0,1,0,2,0,3,3
BETANZOS,desnutricion global,desnutricion moderada (m),2005-07-01,26,26,19,33,45,59,104
BOLIVAR,desnutricion global,desnutricion moderada (m),2005-07-01,18,21,13,18,31,39,70
BOYUIBE,desnutricion global,desnutricion moderada (m),2005-07-01,1,2,0,0,1,2,3
BUENA VISTA,desnutricion global,desnutricion moderada (m),2005-07-01,0,0,2,2,2,2,4
CABEZAS,desnutricion global,desnutricion moderada (m),2005-07-01,1,2,1,2,2,4,6
CAIROMA,desnutricion global,desnutricion moderada (m),2005-07-01,26,11,11,15,37,26,63
"CAIZA ""D""",desnutricion global,desnutricion moderada (m),2005-07-01,6,2,4,7,10,9,19
CAJUATA,desnutricion global,desnutricion moderada (m),2005-07-01,3,2,2,5,5,7,12
CALACOTO,desnutricion global,desnutricion moderada (m),2005-07-01,1,0,0,0,1,0,1
CALAMARCA,desnutricion global,desnutricion moderada (m),2005-07-01,27,16,5,16,32,32,64
CAMARGO,desnutricion global,desnutricion moderada (m),2005-07-01,3,9,3,13,6,22,28
CAMATAQUI (C. VILLA ABECIA),desnutricion global,desnutricion moderada (m),2005-07-01,0,1,3,0,3,1,4
CAMIRI,desnutricion global,desnutricion moderada (m),2005-07-01,2,6,3,2,5,8,13
CAPINOTA,desnutricion global,desnutricion moderada (m),2005-07-01,11,12,7,7,18,19,37
CAQUIAVIRI,desnutricion global,desnutricion moderada (m),2005-07-01,2,1,4,2,6,3,9
CARACOLLO,desnutricion global,desnutricion moderada (m),2005-07-01,3,2,2,3,5,5,10
CARANAVI,desnutricion global,desnutricion moderada (m),2005-07-01,11,21,8,10,19,31,50
CARAPARI,desnutricion global,desnutricion moderada (m),2005-07-01,1,1,2,1,3,2,5
CARIPUYO,desnutricion global,desnutricion moderada (m),2005-07-01,5,13,11,14,16,27,43
CHALLAPATA,desnutricion global,desnutricion moderada (m),2005-07-01,13,9,8,10,21,19,40
CHAQUI,desnutricion global,desnutricion moderada (m),2005-07-01,4,4,3,2,7,6,13
CHARAGUA,desnutricion global,desnutricion moderada (m),2005-07-01,1,4,6,3,7,7,14
CHARAÑA,desnutricion global,desnutricion moderada (m),2005-07-01,0,0,1,1,1,1,2
CHAYANTA,desnutricion global,desnutricion moderada (m),2005-07-01,7,7,11,11,18,18,36
CHIMORE,desnutricion global,desnutricion moderada (m),2005-07-01,2,7,1,2,3,9,12
CHIPAYA,desnutricion global,desnutricion moderada (m),2005-07-01,0,0,0,1,0,1,1
CHOQUE COTA,desnutricion global,desnutricion moderada (m),2005-07-01,1,2,0,1,1,3,4
CHULUMANI (V. DE LA LIBERTAD),desnutricion global,desnutricion moderada (m),2005-07-01,4,2,0,3,4,5,9
CHUMA,desnutricion global,desnutricion moderada (m),2005-07-01,9,4,7,5,16,9,25
CLIZA,desnutricion global,desnutricion moderada (m),2005-07-01,6,5,1,3,7,8,15
COBIJA,desnutricion global,desnutricion moderada (m),2005-07-01,4,2,5,1,9,3,12
COCHABAMBA,desnutricion global,desnutricion moderada (m),2005-07-01,39,23,12,27,51,50,101
COLCAPIRHUA,desnutricion global,desnutricion moderada (m),2005-07-01,18,15,13,10,31,25,56
"COLCHA ""K""",desnutricion global,desnutricion moderada (m),2005-07-01,1,2,1,0,2,2,4
COLLANA,desnutricion global,desnutricion moderada (m),2005-07-01,0,1,0,0,0,1,1
COLOMI,desnutricion global,desnutricion moderada (m),2005-07-01,11,6,4,5,15,11,26
COLPA BELGICA,desnutricion global,desnutricion moderada (m),2005-07-01,0,1,1,1,1,2,3
COLQUECHACA,desnutricion global,desnutricion moderada (m),2005-07-01,37,43,30,11,67,54,121
COLQUENCHA,desnutricion global,desnutricion moderada (m),2005-07-01,0,3,0,1,0,4,4
COLQUIRI,desnutricion global,desnutricion moderada (m),2005-07-01,10,10,12,5,22,15,37
COMANCHE,desnutricion global,desnutricion moderada (m),2005-07-01,1,0,1,2,2,2,4
COMARAPA,desnutricion global,desnutricion moderada (m),2005-07-01,7,4,8,8,15,12,27
COMBAYA,desnutricion global,desnutricion moderada (m),2005-07-01,0,0,1,0,1,0,1
CONCEPCION,desnutricion global,desnutricion moderada (m),2005-07-01,2,1,0,0,2,1,3
COPACABANA,desnutricion global,desnutricion moderada (m),2005-07-01,6,2,1,0,7,2,9
CORIPATA,desnutricion global,desnutricion moderada (m),2005-07-01,1,3,1,1,2,4,6
CORO CORO,desnutricion global,desnutricion moderada (m),2005-07-01,3,1,2,2,5,3,8
COROICO,desnutricion global,desnutricion moderada (m),2005-07-01,2,2,5,5,7,7,14
CORQUE,desnutricion global,desnutricion moderada (m),2005-07-01,3,3,2,0,5,3,8
COTAGAITA,desnutricion global,desnutricion moderada (m),2005-07-01,22,13,20,19,42,32,74
COTOCA,desnutricion global,desnutricion moderada (m),2005-07-01,9,4,3,2,12,6,18
CUATRO CAÑADAS,desnutricion global,desnutricion moderada (m),2005-07-01,2,1,0,1,2,2,4
CUCHUMUELA (V. G. VILLARROEL),desnutricion global,desnutricion moderada (m),2005-07-01,1,1,1,1,2,2,4
CUEVO,desnutricion global,desnutricion moderada (m),2005-07-01,0,0,1,1,1,1,2
CULPINA,desnutricion global,desnutricion moderada (m),2005-07-01,27,19,13,23,40,42,82
CURAHUARA DE CARANGAS,desnutricion global,desnutricion moderada (m),2005-07-01,0,0,1,1,1,1,2
CURVA,desnutricion global,desnutricion moderada (m),2005-07-01,0,0,2,1,2,1,3
DESAGUADERO,desnutricion global,desnutricion moderada (m),2005-07-01,1,1,0,0,1,1,2
EL ALTO,desnutricion global,desnutricion moderada (m),2005-07-01,220,191,111,99,331,290,621
EL PUENTE(TJA),desnutricion global,desnutricion moderada (m),2005-07-01,2,1,3,5,5,6,11
EL TORNO,desnutricion global,desnutricion moderada (m),2005-07-01,3,6,1,4,4,10,14
EL VILLAR,desnutricion global,desnutricion moderada (m),2005-07-01,2,3,3,12,5,15,20
ENTRE RIOS,desnutricion global,desnutricion moderada (m),2005-07-01,16,4,6,12,22,16,38
ENTRE RIOS,desnutricion global,desnutricion moderada (m),2005-07-01,5,2,1,2,6,4,10
EUCALIPTUS,desnutricion global,desnutricion moderada (m),2005-07-01,3,2,5,1,8,3,11
EXALTACION,desnutricion global,desnutricion moderada (m),2005-07-01,1,1,2,2,3,3,6
FERNANDEZ ALONSO,desnutricion global,desnutricion moderada (m),2005-07-01,3,6,1,3,4,9,13
FILADELFIA,desnutricion global,desnutricion moderada (m),2005-07-01,0,1,2,0,2,1,3
GENERAL SAAVEDRA,desnutricion global,desnutricion moderada (m),2005-07-01,11,5,7,7,18,12,30
GRAL. J.J. PEREZ (CHARAZANI),desnutricion global,desnutricion moderada (m),2005-07-01,6,7,4,6,10,13,23
GUANAY,desnutricion global,desnutricion moderada (m),2005-07-01,1,3,1,5,2,8,10
GUAQUI,desnutricion global,desnutricion moderada (m),2005-07-01,2,1,0,2,2,3,5
GUAYARAMERIN,desnutricion global,desnutricion moderada (m),2005-07-01,9,15,5,5,14,20,34
GUTIERREZ,desnutricion global,desnutricion moderada (m),2005-07-01,16,17,14,21,30,38,68
HUACARETA,desnutricion global,desnutricion moderada (m),2005-07-01,2,6,2,8,4,14,18
HUACAYA (VILLA DE HUACAYA),desnutricion global,desnutricion moderada (m),2005-07-01,2,1,0,1,2,2,4
HUANUNI,desnutricion global,desnutricion moderada (m),2005-07-01,9,6,2,3,11,9,20
HUARACAJE,desnutricion global,desnutricion moderada (m),2005-07-01,1,2,0,0,1,2,3
ICHOCA,desnutricion global,desnutricion moderada (m),2005-07-01,0,1,0,1,0,2,2
ICLA,desnutricion global,desnutricion moderada (m),2005-07-01,29,25,24,33,53,58,111
INCAHUASI,desnutricion global,desnutricion moderada (m),2005-07-01,36,47,16,42,52,89,141
INQUISIVI,desnutricion global,desnutricion moderada (m),2005-07-01,10,10,5,6,15,16,31
IRUPANA (VILLA DE LANZA),desnutricion global,desnutricion moderada (m),2005-07-01,5,4,2,4,7,8,15
IXIAMAS,desnutricion global,desnutricion moderada (m),2005-07-01,0,2,0,6,0,8,8
JESUS DE MACHACA,desnutricion global,desnutricion moderada (m),2005-07-01,2,5,0,6,2,11,13
LA ASUNTA,desnutricion global,desnutricion moderada (m),2005-07-01,8,12,6,5,14,17,31
LA GUARDIA,desnutricion global,desnutricion moderada (m),2005-07-01,7,5,2,4,9,9,18
LA PAZ,desnutricion global,desnutricion moderada (m),2005-07-01,143,92,49,54,192,146,338
LAGUNILLAS,desnutricion global,desnutricion moderada (m),2005-07-01,1,1,4,1,5,2,7
LAJA,desnutricion global,desnutricion moderada (m),2005-07-01,1,3,1,2,2,5,7
LAS CARRERAS,desnutricion global,desnutricion moderada (m),2005-07-01,1,0,2,5,3,5,8
LLALLAGUA,desnutricion global,desnutricion moderada (m),2005-07-01,26,24,24,40,50,64,114
LLICA,desnutricion global,desnutricion moderada (m),2005-07-01,1,0,0,0,1,0,1
LORETO,desnutricion global,desnutricion moderada (m),2005-07-01,1,0,1,1,2,1,3
LURIBAY,desnutricion global,desnutricion moderada (m),2005-07-01,6,2,0,5,6,7,13
MACHACAMARCA,desnutricion global,desnutricion moderada (m),2005-07-01,0,2,1,2,1,4,5
MACHARETI,desnutricion global,desnutricion moderada (m),2005-07-01,3,1,4,2,7,3,10
MAGDALENA,desnutricion global,desnutricion moderada (m),2005-07-01,1,0,1,0,2,0,2
MAIRANA,desnutricion global,desnutricion moderada (m),2005-07-01,0,0,1,1,1,1,2
MALLA,desnutricion global,desnutricion moderada (m),2005-07-01,2,4,3,1,5,5,10
MAPIRI,desnutricion global,desnutricion moderada (m),2005-07-01,2,4,2,4,4,8,12
MECAPACA,desnutricion global,desnutricion moderada (m),2005-07-01,4,4,1,0,5,4,9
MINEROS,desnutricion global,desnutricion moderada (m),2005-07-01,6,7,4,2,10,9,19
MIZQUE,desnutricion global,desnutricion moderada (m),2005-07-01,11,8,6,12,17,20,37
MOCOMOCO,desnutricion global,desnutricion moderada (m),2005-07-01,9,6,6,9,15,15,30
MOJOCOYA,desnutricion global,desnutricion moderada (m),2005-07-01,11,6,1,7,12,13,25
MONTEAGUDO,desnutricion global,desnutricion moderada (m),2005-07-01,6,3,3,13,9,16,25
MONTERO,desnutricion global,desnutricion moderada (m),2005-07-01,22,34,23,17,45,51,96
MORO MORO,desnutricion global,desnutricion moderada (m),2005-07-01,0,0,2,1,2,1,3
MOROCHATA,desnutricion global,desnutricion moderada (m),2005-07-01,14,12,5,11,19,23,42
NUEVO MANOA (NUEVA ESPERANZA),desnutricion global,desnutricion moderada (m),2005-07-01,0,0,2,0,2,0,2
OCURI,desnutricion global,desnutricion moderada (m),2005-07-01,26,21,26,32,52,53,105
OKINAWA,desnutricion global,desnutricion moderada (m),2005-07-01,2,0,0,2,2,2,4
OMEREQUE,desnutricion global,desnutricion moderada (m),2005-07-01,0,2,0,0,0,2,2
ORURO,desnutricion global,desnutricion moderada (m),2005-07-01,58,50,14,20,72,70,142
PADCAYA,desnutricion global,desnutricion moderada (m),2005-07-01,1,1,2,4,3,5,8
PADILLA,desnutricion global,desnutricion moderada (m),2005-07-01,3,4,4,9,7,13,20
PALCA,desnutricion global,desnutricion moderada (m),2005-07-01,5,2,3,3,8,5,13
PALOS BLANCOS,desnutricion global,desnutricion moderada (m),2005-07-01,6,10,4,3,10,13,23
PAMPA AULLAGAS,desnutricion global,desnutricion moderada (m),2005-07-01,1,1,0,0,1,1,2
PAMPA GRANDE,desnutricion global,desnutricion moderada (m),2005-07-01,1,1,1,0,2,1,3
PAPEL PAMPA,desnutricion global,desnutricion moderada (m),2005-07-01,2,1,0,0,2,1,3
PASORAPA,desnutricion global,desnutricion moderada (m),2005-07-01,0,1,1,1,1,2,3
PATACAMAYA,desnutricion global,desnutricion moderada (m),2005-07-01,22,22,8,7,30,29,59
PAZÑA,desnutricion global,desnutricion moderada (m),2005-07-01,3,2,1,2,4,4,8
PELECHUCO,desnutricion global,desnutricion moderada (m),2005-07-01,2,1,3,4,5,5,10
POCOATA,desnutricion global,desnutricion moderada (m),2005-07-01,11,24,15,19,26,43,69
POCONA,desnutricion global,desnutricion moderada (m),2005-07-01,4,3,4,1,8,4,12
POJO (CBBA),desnutricion global,desnutricion moderada (m),2005-07-01,9,11,7,7,16,18,34
PORCO,desnutricion global,desnutricion moderada (m),2005-07-01,2,0,0,0,2,0,2
POROMA,desnutricion global,desnutricion moderada (m),2005-07-01,25,29,14,17,39,46,85
PORTACHUELO,desnutricion global,desnutricion moderada (m),2005-07-01,6,1,4,2,10,3,13
PORVENIR,desnutricion global,desnutricion moderada (m),2005-07-01,1,0,0,0,1,0,1
POSTRER VALLE,desnutricion global,desnutricion moderada (m),2005-07-01,2,0,2,1,4,1,5
POTOSI,desnutricion global,desnutricion moderada (m),2005-07-01,81,59,30,37,111,96,207
PRESTO,desnutricion global,desnutricion moderada (m),2005-07-01,20,15,7,12,27,27,54
PUCARANI,desnutricion global,desnutricion moderada (m),2005-07-01,12,11,6,9,18,20,38
PUERTO ACOSTA,desnutricion global,desnutricion moderada (m),2005-07-01,6,5,1,4,7,9,16
PUERTO CARABUCO,desnutricion global,desnutricion moderada (m),2005-07-01,6,3,13,7,19,10,29
PUERTO GONZALO MORENO,desnutricion global,desnutricion moderada (m),2005-07-01,0,0,2,4,2,4,6
PUERTO PEREZ,desnutricion global,desnutricion moderada (m),2005-07-01,4,3,1,0,5,3,8
PUERTO RICO,desnutricion global,desnutricion moderada (m),2005-07-01,1,0,1,2,2,2,4
PUERTO SILES,desnutricion global,desnutricion moderada (m),2005-07-01,1,1,0,0,1,1,2
PUERTO VILLARROEL,desnutricion global,desnutricion moderada (m),2005-07-01,31,21,28,24,59,45,104
PUNA,desnutricion global,desnutricion moderada (m),2005-07-01,23,25,24,38,47,63,110
PUNATA,desnutricion global,desnutricion moderada (m),2005-07-01,14,12,2,3,16,15,31
QUIABAYA,desnutricion global,desnutricion moderada (m),2005-07-01,1,0,1,0,2,0,2
QUILLACOLLO,desnutricion global,desnutricion moderada (m),2005-07-01,19,5,5,9,24,14,38
QUIME,desnutricion global,desnutricion moderada (m),2005-07-01,5,4,3,1,8,5,13
RAVELO,desnutricion global,desnutricion moderada (m),2005-07-01,60,46,37,46,97,92,189
REYES,desnutricion global,desnutricion moderada (m),2005-07-01,2,3,5,6,7,9,16
RIBERALTA,desnutricion global,desnutricion moderada (m),2005-07-01,26,26,13,26,39,52,91
RURRENABAQUE,desnutricion global,desnutricion moderada (m),2005-07-01,2,1,1,1,3,2,5
SACABA,desnutricion global,desnutricion moderada (m),2005-07-01,14,18,14,21,28,39,67
SACABAMBA,desnutricion global,desnutricion moderada (m),2005-07-01,1,0,1,4,2,4,6
SACACA,desnutricion global,desnutricion moderada (m),2005-07-01,22,24,23,34,45,58,103
SAIPINA,desnutricion global,desnutricion moderada (m),2005-07-01,1,3,0,1,1,4,5
SALINAS DE GARCI MENDOZA,desnutricion global,desnutricion moderada (m),2005-07-01,2,2,1,0,3,2,5
SAMAIPATA,desnutricion global,desnutricion moderada (m),2005-07-01,2,1,2,1,4,2,6
SAN ANDRES,desnutricion global,desnutricion moderada (m),2005-07-01,0,2,2,3,2,5,7
SAN ANDRES DE MACHACA,desnutricion global,desnutricion moderada (m),2005-07-01,2,2,1,0,3,2,5
SAN ANTONIO DE ESMORUCO,desnutricion global,desnutricion moderada (m),2005-07-01,1,0,1,2,2,2,4
SAN ANTONIO DE LOMERIO,desnutricion global,desnutricion moderada (m),2005-07-01,9,9,7,7,16,16,32
SAN BENITO,desnutricion global,desnutricion moderada (m),2005-07-01,3,0,0,1,3,1,4
SAN BORJA,desnutricion global,desnutricion moderada (m),2005-07-01,14,19,13,13,27,32,59
SAN BUENA VENTURA,desnutricion global,desnutricion moderada (m),2005-07-01,2,3,5,1,7,4,11
SAN CARLOS,desnutricion global,desnutricion moderada (m),2005-07-01,3,3,0,1,3,4,7
SAN IGNACIO,desnutricion global,desnutricion moderada (m),2005-07-01,13,20,7,9,20,29,49
SAN IGNACIO DE VELASCO,desnutricion global,desnutricion moderada (m),2005-07-01,32,31,19,47,51,78,129
SAN JAVIER(BNI),desnutricion global,desnutricion moderada (m),2005-07-01,2,1,1,0,3,1,4
SAN JAVIER(STC),desnutricion global,desnutricion moderada (m),2005-07-01,1,0,0,1,1,1,2
SAN JOAQUIN,desnutricion global,desnutricion moderada (m),2005-07-01,0,1,0,1,0,2,2
SAN JUAN DE YAPACANI,desnutricion global,desnutricion moderada (m),2005-07-01,1,0,2,0,3,0,3
SAN JULIAN,desnutricion global,desnutricion moderada (m),2005-07-01,8,10,7,8,15,18,33
SAN LORENZO(PND),desnutricion global,desnutricion moderada (m),2005-07-01,2,0,0,0,2,0,2
SAN LORENZO(TJA),desnutricion global,desnutricion moderada (m),2005-07-01,9,3,13,16,22,19,41
SAN LUCAS,desnutricion global,desnutricion moderada (m),2005-07-01,56,65,46,69,102,134,236
SAN MIGUEL DE VELASCO,desnutricion global,desnutricion moderada (m),2005-07-01,3,5,2,4,5,9,14
SAN PABLO DE LIPEZ,desnutricion global,desnutricion moderada (m),2005-07-01,1,1,0,0,1,1,2
SAN PEDRO,desnutricion global,desnutricion moderada (m),2005-07-01,1,2,1,8,2,10,12
SAN PEDRO DE BUENA VISTA,desnutricion global,desnutricion moderada (m),2005-07-01,37,24,20,37,57,61,118
SAN PEDRO DE TIQUINA,desnutricion global,desnutricion moderada (m),2005-07-01,4,2,2,1,6,3,9
SAN PEDRO(PND),desnutricion global,desnutricion moderada (m),2005-07-01,1,0,0,0,1,0,1
SAN RAFAEL,desnutricion global,desnutricion moderada (m),2005-07-01,0,4,1,1,1,5,6
SAN RAMON,desnutricion global,desnutricion moderada (m),2005-07-01,2,0,1,1,3,1,4
SANTA ANA,desnutricion global,desnutricion moderada (m),2005-07-01,4,0,1,0,5,0,5
SANTA CRUZ DE LA SIERRA,desnutricion global,desnutricion moderada (m),2005-07-01,180,175,66,64,246,239,485
SANTA ROSA,desnutricion global,desnutricion moderada (m),2005-07-01,6,7,2,0,8,7,15
SANTA ROSA DEL SARA,desnutricion global,desnutricion moderada (m),2005-07-01,2,4,2,0,4,4,8
SANTIAGO DE CALLAPA,desnutricion global,desnutricion moderada (m),2005-07-01,6,0,4,4,10,4,14
SANTIAGO DE HUARI,desnutricion global,desnutricion moderada (m),2005-07-01,2,1,1,2,3,3,6
SANTIAGO DE MACHACA,desnutricion global,desnutricion moderada (m),2005-07-01,5,0,2,2,7,2,9
SANTIVAÑES,desnutricion global,desnutricion moderada (m),2005-07-01,3,5,4,4,7,9,16
SANTUARIO DE QUILLACAS,desnutricion global,desnutricion moderada (m),2005-07-01,1,1,0,0,1,1,2
SAPAHAQUI,desnutricion global,desnutricion moderada (m),2005-07-01,2,5,2,4,4,9,13
SENA,desnutricion global,desnutricion moderada (m),2005-07-01,3,5,1,0,4,5,9
SICA SICA (VILLA AROMA),desnutricion global,desnutricion moderada (m),2005-07-01,25,18,21,26,46,44,90
SICAYA,desnutricion global,desnutricion moderada (m),2005-07-01,8,2,4,4,12,6,18
SIPE SIPE,desnutricion global,desnutricion moderada (m),2005-07-01,23,20,18,14,41,34,75
SOPACHUY,desnutricion global,desnutricion moderada (m),2005-07-01,3,13,8,19,11,32,43
SORACACHI,desnutricion global,desnutricion moderada (m),2005-07-01,3,2,1,2,4,4,8
SORATA,desnutricion global,desnutricion moderada (m),2005-07-01,2,2,0,2,2,4,6
SUCRE,desnutricion global,desnutricion moderada (m),2005-07-01,59,56,38,56,97,112,209
TACACHI,desnutricion global,desnutricion moderada (m),2005-07-01,3,2,0,0,3,2,5
TACACOMA,desnutricion global,desnutricion moderada (m),2005-07-01,0,0,2,0,2,0,2
TACOBAMBA,desnutricion global,desnutricion moderada (m),2005-07-01,4,4,5,2,9,6,15
TACOPAYA,desnutricion global,desnutricion moderada (m),2005-07-01,13,10,10,27,23,37,60
TAPACARI,desnutricion global,desnutricion moderada (m),2005-07-01,19,11,17,13,36,24,60
TARABUCO,desnutricion global,desnutricion moderada (m),2005-07-01,56,47,69,81,125,128,253
TARACO,desnutricion global,desnutricion moderada (m),2005-07-01,1,0,1,0,2,0,2
TARATA,desnutricion global,desnutricion moderada (m),2005-07-01,5,2,0,3,5,5,10
TARIJA,desnutricion global,desnutricion moderada (m),2005-07-01,22,17,15,15,37,32,69
TARVITA,desnutricion global,desnutricion moderada (m),2005-07-01,23,25,26,50,49,75,124
TEOPONTE,desnutricion global,desnutricion moderada (m),2005-07-01,0,3,3,8,3,11,14
TIAWANACU,desnutricion global,desnutricion moderada (m),2005-07-01,3,1,0,0,3,1,4
TINGUIPAYA,desnutricion global,desnutricion moderada (m),2005-07-01,15,20,12,16,27,36,63
TIPUANI,desnutricion global,desnutricion moderada (m),2005-07-01,2,2,0,1,2,3,5
TIQUIPAYA,desnutricion global,desnutricion moderada (m),2005-07-01,4,4,2,5,6,9,15
TIRAQUE (CBBA),desnutricion global,desnutricion moderada (m),2005-07-01,14,14,3,7,17,21,38
TITO YUPANQUI (PARQUIPUJIO),desnutricion global,desnutricion moderada (m),2005-07-01,1,0,0,1,1,1,2
TOCO,desnutricion global,desnutricion moderada (m),2005-07-01,7,1,3,4,10,5,15
TOLATA,desnutricion global,desnutricion moderada (m),2005-07-01,0,1,0,0,0,1,1
TOLEDO,desnutricion global,desnutricion moderada (m),2005-07-01,2,0,0,0,2,0,2
TOMAVE,desnutricion global,desnutricion moderada (m),2005-07-01,6,3,1,1,7,4,11
TOMINA,desnutricion global,desnutricion moderada (m),2005-07-01,22,15,15,22,37,37,74
TORO TORO,desnutricion global,desnutricion moderada (m),2005-07-01,24,17,10,14,34,31,65
TOTORA(CBBA),desnutricion global,desnutricion moderada (m),2005-07-01,9,4,4,5,13,9,22
TOTORA(ORR),desnutricion global,desnutricion moderada (m),2005-07-01,0,0,0,2,0,2,2
TRINIDAD,desnutricion global,desnutricion moderada (m),2005-07-01,22,15,8,14,30,29,59
TUPIZA,desnutricion global,desnutricion moderada (m),2005-07-01,9,5,9,9,18,14,32
TURCO,desnutricion global,desnutricion moderada (m),2005-07-01,0,1,9,6,9,7,16
UMALA,desnutricion global,desnutricion moderada (m),2005-07-01,0,1,0,2,0,3,3
UNCIA,desnutricion global,desnutricion moderada (m),2005-07-01,13,12,11,8,24,20,44
URIONDO (A. CONCEPCION),desnutricion global,desnutricion moderada (m),2005-07-01,4,3,4,7,8,10,18
UYUNI,desnutricion global,desnutricion moderada (m),2005-07-01,2,6,3,1,5,7,12
VACAS,desnutricion global,desnutricion moderada (m),2005-07-01,7,5,3,0,10,5,15
VALLEGRANDE,desnutricion global,desnutricion moderada (m),2005-07-01,2,2,2,6,4,8,12
VIACHA,desnutricion global,desnutricion moderada (m),2005-07-01,5,8,6,5,11,13,24
VILA VILA,desnutricion global,desnutricion moderada (m),2005-07-01,5,2,7,6,12,8,20
VILLA MONTES,desnutricion global,desnutricion moderada (m),2005-07-01,4,1,1,2,5,3,8
VILLA NUEVA (LOMA ALTA),desnutricion global,desnutricion moderada (m),2005-07-01,0,0,2,0,2,0,2
VILLA RIVERO,desnutricion global,desnutricion moderada (m),2005-07-01,2,1,1,0,3,1,4
VILLA SERRANO,desnutricion global,desnutricion moderada (m),2005-07-01,13,9,15,22,28,31,59
VILLA TUNARI,desnutricion global,desnutricion moderada (m),2005-07-01,28,27,12,29,40,56,96
VILLA VACA GUZMAN (MUYUPAMPA),desnutricion global,desnutricion moderada (m),2005-07-01,2,1,5,3,7,4,11
VILLAZON,desnutricion global,desnutricion moderada (m),2005-07-01,10,10,4,8,14,18,32
VINTO,desnutricion global,desnutricion moderada (m),2005-07-01,1,1,1,0,2,1,3
VITICHI,desnutricion global,desnutricion moderada (m),2005-07-01,9,6,10,6,19,12,31
WALDO BALLIVIAN,desnutricion global,desnutricion moderada (m),2005-07-01,0,1,1,1,1,2,3
WARNES,desnutricion global,desnutricion moderada (m),2005-07-01,7,7,6,4,13,11,24
YACO,desnutricion global,desnutricion moderada (m),2005-07-01,10,15,1,5,11,20,31
YACUIBA,desnutricion global,desnutricion moderada (m),2005-07-01,5,8,3,2,8,10,18
YAMPARAEZ,desnutricion global,desnutricion moderada (m),2005-07-01,18,14,15,19,33,33,66
YAPACANI,desnutricion global,desnutricion moderada (m),2005-07-01,4,8,4,13,8,21,29
YOCALLA,desnutricion global,desnutricion moderada (m),2005-07-01,3,1,3,5,6,6,12
YOTALA,desnutricion global,desnutricion moderada (m),2005-07-01,4,5,7,13,11,18,29
YUNCHARA,desnutricion global,desnutricion moderada (m),2005-07-01,4,1,7,5,11,6,17
ZUDAÑEZ,desnutricion global,desnutricion moderada (m),2005-07-01,12,11,19,17,31,28,59
ACACIO,desnutricion global,desnutricion moderada (m),2005-08-01,16,16,15,15,31,31,62
ACHACACHI,desnutricion global,desnutricion moderada (m),2005-08-01,8,9,6,8,14,17,31
ACHOCALLA,desnutricion global,desnutricion moderada (m),2005-08-01,2,1,0,1,2,2,4
AIQUILE,desnutricion global,desnutricion moderada (m),2005-08-01,6,9,9,7,15,16,31
ALALAY,desnutricion global,desnutricion moderada (m),2005-08-01,0,3,0,0,0,3,3
ALCALA,desnutricion global,desnutricion moderada (m),2005-08-01,5,3,4,4,9,7,16
ANCORAIMES,desnutricion global,desnutricion moderada (m),2005-08-01,1,0,1,4,2,4,6
ANDAMARCA,desnutricion global,desnutricion moderada (m),2005-08-01,4,1,0,1,4,2,6
ANTEQUERA,desnutricion global,desnutricion moderada (m),2005-08-01,1,4,0,3,1,7,8
ANZALDO,desnutricion global,desnutricion moderada (m),2005-08-01,6,3,3,3,9,6,15
APOLO,desnutricion global,desnutricion moderada (m),2005-08-01,17,10,6,8,23,18,41
ARAMPAMPA,desnutricion global,desnutricion moderada (m),2005-08-01,17,12,7,7,24,19,43
ARANI,desnutricion global,desnutricion moderada (m),2005-08-01,3,3,0,3,3,6,9
ARBIETO,desnutricion global,desnutricion moderada (m),2005-08-01,4,3,3,5,7,8,15
ARQUE,desnutricion global,desnutricion moderada (m),2005-08-01,13,11,7,10,20,21,41
ATOCHA,desnutricion global,desnutricion moderada (m),2005-08-01,6,2,1,5,7,7,14
AUCAPATA,desnutricion global,desnutricion moderada (m),2005-08-01,5,1,2,2,7,3,10
AYATA,desnutricion global,desnutricion moderada (m),2005-08-01,12,4,3,2,15,6,21
AYO AYO,desnutricion global,desnutricion moderada (m),2005-08-01,5,6,3,2,8,8,16
AYOPAYA (V. DE INDEPENDENCIA),desnutricion global,desnutricion moderada (m),2005-08-01,16,12,11,14,27,26,53
AZURDUY,desnutricion global,desnutricion moderada (m),2005-08-01,14,16,11,20,25,36,61
BATALLAS,desnutricion global,desnutricion moderada (m),2005-08-01,1,2,1,2,2,4,6
BAURES,desnutricion global,desnutricion moderada (m),2005-08-01,1,2,0,0,1,2,3
BELEN DE ANDAMARCA,desnutricion global,desnutricion moderada (m),2005-08-01,2,0,0,0,2,0,2
BELEN DE URMIRI,desnutricion global,desnutricion moderada (m),2005-08-01,2,0,0,3,2,3,5
BELLA FLOR,desnutricion global,desnutricion moderada (m),2005-08-01,0,1,0,0,0,1,1
BERMEJO,desnutricion global,desnutricion moderada (m),2005-08-01,1,0,4,0,5,0,5
BETANZOS,desnutricion global,desnutricion moderada (m),2005-08-01,43,35,21,37,64,72,136
BOLIVAR,desnutricion global,desnutricion moderada (m),2005-08-01,22,16,7,19,29,35,64
BUENA VISTA,desnutricion global,desnutricion moderada (m),2005-08-01,2,0,3,2,5,2,7
CABEZAS,desnutricion global,desnutricion moderada (m),2005-08-01,5,3,5,4,10,7,17
CAIROMA,desnutricion global,desnutricion moderada (m),2005-08-01,26,15,19,18,45,33,78
"CAIZA ""D""",desnutricion global,desnutricion moderada (m),2005-08-01,3,4,9,5,12,9,21
CAJUATA,desnutricion global,desnutricion moderada (m),2005-08-01,1,4,0,0,1,4,5
CALACOTO,desnutricion global,desnutricion moderada (m),2005-08-01,1,0,1,0,2,0,2
CALAMARCA,desnutricion global,desnutricion moderada (m),2005-08-01,24,14,9,12,33,26,59
CAMARGO,desnutricion global,desnutricion moderada (m),2005-08-01,13,16,7,20,20,36,56
CAMATAQUI (C. VILLA ABECIA),desnutricion global,desnutricion moderada (m),2005-08-01,0,1,0,0,0,1,1
CAMIRI,desnutricion global,desnutricion moderada (m),2005-08-01,12,5,4,4,16,9,25
CAPINOTA,desnutricion global,desnutricion moderada (m),2005-08-01,13,10,5,6,18,16,34
CAQUIAVIRI,desnutricion global,desnutricion moderada (m),2005-08-01,2,3,3,4,5,7,12
CARACOLLO,desnutricion global,desnutricion moderada (m),2005-08-01,1,2,1,1,2,3,5
CARANAVI,desnutricion global,desnutricion moderada (m),2005-08-01,10,20,10,23,20,43,63
CARAPARI,desnutricion global,desnutricion moderada (m),2005-08-01,0,0,1,3,1,3,4
CARIPUYO,desnutricion global,desnutricion moderada (m),2005-08-01,10,19,11,33,21,52,73
CHACARILLA,desnutricion global,desnutricion moderada (m),2005-08-01,1,0,0,0,1,0,1
CHALLAPATA,desnutricion global,desnutricion moderada (m),2005-08-01,16,15,7,10,23,25,48
CHAQUI,desnutricion global,desnutricion moderada (m),2005-08-01,4,2,4,5,8,7,15
CHARAGUA,desnutricion global,desnutricion moderada (m),2005-08-01,1,8,7,5,8,13,21
CHARAÑA,desnutricion global,desnutricion moderada (m),2005-08-01,0,1,0,0,0,1,1
CHAYANTA,desnutricion global,desnutricion moderada (m),2005-08-01,14,22,15,18,29,40,69
CHIMORE,desnutricion global,desnutricion moderada (m),2005-08-01,9,9,4,2,13,11,24
CHIPAYA,desnutricion global,desnutricion moderada (m),2005-08-01,1,0,3,1,4,1,5
CHULUMANI (V. DE LA LIBERTAD),desnutricion global,desnutricion moderada (m),2005-08-01,3,2,2,3,5,5,10
CHUMA,desnutricion global,desnutricion moderada (m),2005-08-01,7,5,6,2,13,7,20
CLIZA,desnutricion global,desnutricion moderada (m),2005-08-01,8,3,3,2,11,5,16
COBIJA,desnutricion global,desnutricion moderada (m),2005-08-01,6,2,6,6,12,8,20
COCHABAMBA,desnutricion global,desnutricion moderada (m),2005-08-01,40,43,24,35,64,78,142
COLCAPIRHUA,desnutricion global,desnutricion moderada (m),2005-08-01,14,7,3,4,17,11,28
"COLCHA ""K""",desnutricion global,desnutricion moderada (m),2005-08-01,4,1,2,3,6,4,10
COLLANA,desnutricion global,desnutricion moderada (m),2005-08-01,1,0,0,0,1,0,1
COLOMI,desnutricion global,desnutricion moderada (m),2005-08-01,7,7,2,6,9,13,22
COLPA BELGICA,desnutricion global,desnutricion moderada (m),2005-08-01,0,3,2,0,2,3,5
COLQUECHACA,desnutricion global,desnutricion moderada (m),2005-08-01,29,18,9,8,38,26,64
COLQUENCHA,desnutricion global,desnutricion moderada (m),2005-08-01,8,4,0,3,8,7,15
COLQUIRI,desnutricion global,desnutricion moderada (m),2005-08-01,5,8,4,3,9,11,20
COMARAPA,desnutricion global,desnutricion moderada (m),2005-08-01,4,3,10,9,14,12,26
COMBAYA,desnutricion global,desnutricion moderada (m),2005-08-01,2,0,0,4,2,4,6
CONCEPCION,desnutricion global,desnutricion moderada (m),2005-08-01,5,0,0,0,5,0,5
COPACABANA,desnutricion global,desnutricion moderada (m),2005-08-01,1,1,0,0,1,1,2
CORIPATA,desnutricion global,desnutricion moderada (m),2005-08-01,1,1,0,2,1,3,4
CORO CORO,desnutricion global,desnutricion moderada (m),2005-08-01,4,2,6,1,10,3,13
COROICO,desnutricion global,desnutricion moderada (m),2005-08-01,0,2,3,6,3,8,11
CORQUE,desnutricion global,desnutricion moderada (m),2005-08-01,7,3,1,1,8,4,12
COTAGAITA,desnutricion global,desnutricion moderada (m),2005-08-01,12,10,7,20,19,30,49
COTOCA,desnutricion global,desnutricion moderada (m),2005-08-01,4,8,2,9,6,17,23
CUATRO CAÑADAS,desnutricion global,desnutricion moderada (m),2005-08-01,0,1,0,2,0,3,3
CUCHUMUELA (V. G. VILLARROEL),desnutricion global,desnutricion moderada (m),2005-08-01,0,1,0,1,0,2,2
CUEVO,desnutricion global,desnutricion moderada (m),2005-08-01,1,0,0,0,1,0,1
CULPINA,desnutricion global,desnutricion moderada (m),2005-08-01,40,18,24,24,64,42,106
CURAHUARA DE CARANGAS,desnutricion global,desnutricion moderada (m),2005-08-01,5,3,4,2,9,5,14
CURVA,desnutricion global,desnutricion moderada (m),2005-08-01,1,0,2,2,3,2,5
DESAGUADERO,desnutricion global,desnutricion moderada (m),2005-08-01,2,1,2,2,4,3,7
EL ALTO,desnutricion global,desnutricion moderada (m),2005-08-01,287,209,155,124,442,333,775
EL CHORO,desnutricion global,desnutricion moderada (m),2005-08-01,0,2,0,3,0,5,5
EL PUENTE(TJA),desnutricion global,desnutricion moderada (m),2005-08-01,1,3,3,2,4,5,9
EL TORNO,desnutricion global,desnutricion moderada (m),2005-08-01,3,5,1,4,4,9,13
EL VILLAR,desnutricion global,desnutricion moderada (m),2005-08-01,1,1,2,12,3,13,16
ENTRE RIOS,desnutricion global,desnutricion moderada (m),2005-08-01,11,8,8,7,19,15,34
ENTRE RIOS,desnutricion global,desnutricion moderada (m),2005-08-01,5,4,1,2,6,6,12
EUCALIPTUS,desnutricion global,desnutricion moderada (m),2005-08-01,3,1,2,1,5,2,7
EXALTACION,desnutricion global,desnutricion moderada (m),2005-08-01,1,0,6,2,7,2,9
FERNANDEZ ALONSO,desnutricion global,desnutricion moderada (m),2005-08-01,2,6,0,3,2,9,11
FILADELFIA,desnutricion global,desnutricion moderada (m),2005-08-01,0,1,1,0,1,1,2
GENERAL SAAVEDRA,desnutricion global,desnutricion moderada (m),2005-08-01,11,10,6,4,17,14,31
GRAL. J.J. PEREZ (CHARAZANI),desnutricion global,desnutricion moderada (m),2005-08-01,2,5,5,6,7,11,18
GUANAY,desnutricion global,desnutricion moderada (m),2005-08-01,2,3,1,0,3,3,6
GUAQUI,desnutricion global,desnutricion moderada (m),2005-08-01,3,0,1,1,4,1,5
GUAYARAMERIN,desnutricion global,desnutricion moderada (m),2005-08-01,12,10,6,9,18,19,37
GUTIERREZ,desnutricion global,desnutricion moderada (m),2005-08-01,13,13,10,15,23,28,51
HUACARETA,desnutricion global,desnutricion moderada (m),2005-08-01,3,9,4,3,7,12,19
HUACAYA (VILLA DE HUACAYA),desnutricion global,desnutricion moderada (m),2005-08-01,6,3,4,4,10,7,17
HUANUNI,desnutricion global,desnutricion moderada (m),2005-08-01,12,3,3,4,15,7,22
HUARACAJE,desnutricion global,desnutricion moderada (m),2005-08-01,1,2,2,0,3,2,5
ICLA,desnutricion global,desnutricion moderada (m),2005-08-01,23,13,23,13,46,26,72
INCAHUASI,desnutricion global,desnutricion moderada (m),2005-08-01,38,50,35,50,73,100,173
INGAVI (HUMAITA),desnutricion global,desnutricion moderada (m),2005-08-01,0,0,1,0,1,0,1
INQUISIVI,desnutricion global,desnutricion moderada (m),2005-08-01,8,11,5,4,13,15,28
IRUPANA (VILLA DE LANZA),desnutricion global,desnutricion moderada (m),2005-08-01,1,2,3,3,4,5,9
IXIAMAS,desnutricion global,desnutricion moderada (m),2005-08-01,7,5,2,1,9,6,15
JESUS DE MACHACA,desnutricion global,desnutricion moderada (m),2005-08-01,4,4,3,4,7,8,15
LA ASUNTA,desnutricion global,desnutricion moderada (m),2005-08-01,5,2,0,4,5,6,11
LA GUARDIA,desnutricion global,desnutricion moderada (m),2005-08-01,7,6,4,8,11,14,25
LA PAZ,desnutricion global,desnutricion moderada (m),2005-08-01,152,167,56,86,208,253,461
LAGUNILLAS,desnutricion global,desnutricion moderada (m),2005-08-01,1,4,1,4,2,8,10
LAJA,desnutricion global,desnutricion moderada (m),2005-08-01,4,3,0,3,4,6,10
LAS CARRERAS,desnutricion global,desnutricion moderada (m),2005-08-01,3,0,1,3,4,3,7
LLALLAGUA,desnutricion global,desnutricion moderada (m),2005-08-01,35,19,51,55,86,74,160
LLICA,desnutricion global,desnutricion moderada (m),2005-08-01,0,1,2,1,2,2,4
LORETO,desnutricion global,desnutricion moderada (m),2005-08-01,0,3,1,0,1,3,4
LURIBAY,desnutricion global,desnutricion moderada (m),2005-08-01,5,7,1,6,6,13,19
MACHACAMARCA,desnutricion global,desnutricion moderada (m),2005-08-01,1,0,0,0,1,0,1
MACHARETI,desnutricion global,desnutricion moderada (m),2005-08-01,4,3,6,3,10,6,16
MAGDALENA,desnutricion global,desnutricion moderada (m),2005-08-01,5,1,1,1,6,2,8
MAIRANA,desnutricion global,desnutricion moderada (m),2005-08-01,2,1,0,0,2,1,3
MALLA,desnutricion global,desnutricion moderada (m),2005-08-01,5,3,1,5,6,8,14
MAPIRI,desnutricion global,desnutricion moderada (m),2005-08-01,1,2,0,1,1,3,4
MECAPACA,desnutricion global,desnutricion moderada (m),2005-08-01,4,2,1,0,5,2,7
MINEROS,desnutricion global,desnutricion moderada (m),2005-08-01,8,4,1,4,9,8,17
MIZQUE,desnutricion global,desnutricion moderada (m),2005-08-01,5,15,5,5,10,20,30
MOCOMOCO,desnutricion global,desnutricion moderada (m),2005-08-01,6,0,6,4,12,4,16
MOJINETE,desnutricion global,desnutricion moderada (m),2005-08-01,1,0,0,0,1,0,1
MOJOCOYA,desnutricion global,desnutricion moderada (m),2005-08-01,7,8,1,7,8,15,23
MONTEAGUDO,desnutricion global,desnutricion moderada (m),2005-08-01,17,8,7,24,24,32,56
MONTERO,desnutricion global,desnutricion moderada (m),2005-08-01,36,34,24,41,60,75,135
MORO MORO,desnutricion global,desnutricion moderada (m),2005-08-01,1,1,2,2,3,3,6
MOROCHATA,desnutricion global,desnutricion moderada (m),2005-08-01,29,14,15,12,44,26,70
OCURI,desnutricion global,desnutricion moderada (m),2005-08-01,28,31,15,24,43,55,98
OKINAWA,desnutricion global,desnutricion moderada (m),2005-08-01,1,3,1,0,2,3,5
OMEREQUE,desnutricion global,desnutricion moderada (m),2005-08-01,1,1,3,3,4,4,8
ORURO,desnutricion global,desnutricion moderada (m),2005-08-01,68,49,18,38,86,87,173
PADCAYA,desnutricion global,desnutricion moderada (m),2005-08-01,3,2,3,6,6,8,14
PADILLA,desnutricion global,desnutricion moderada (m),2005-08-01,5,8,18,15,23,23,46
PALCA,desnutricion global,desnutricion moderada (m),2005-08-01,4,8,8,5,12,13,25
PALOS BLANCOS,desnutricion global,desnutricion moderada (m),2005-08-01,10,14,4,7,14,21,35
PAMPA AULLAGAS,desnutricion global,desnutricion moderada (m),2005-08-01,0,0,1,3,1,3,4
PAMPA GRANDE,desnutricion global,desnutricion moderada (m),2005-08-01,1,1,0,1,1,2,3
PAPEL PAMPA,desnutricion global,desnutricion moderada (m),2005-08-01,0,0,1,1,1,1,2
PASORAPA,desnutricion global,desnutricion moderada (m),2005-08-01,3,2,3,3,6,5,11
PATACAMAYA,desnutricion global,desnutricion moderada (m),2005-08-01,9,11,4,11,13,22,35
PAZÑA,desnutricion global,desnutricion moderada (m),2005-08-01,0,2,0,0,0,2,2
PELECHUCO,desnutricion global,desnutricion moderada (m),2005-08-01,6,3,2,2,8,5,13
POCOATA,desnutricion global,desnutricion moderada (m),2005-08-01,11,16,8,15,19,31,50
POCONA,desnutricion global,desnutricion moderada (m),2005-08-01,5,4,7,14,12,18,30
POJO (CBBA),desnutricion global,desnutricion moderada (m),2005-08-01,5,1,8,4,13,5,18
PORCO,desnutricion global,desnutricion moderada (m),2005-08-01,2,4,5,1,7,5,12
POROMA,desnutricion global,desnutricion moderada (m),2005-08-01,22,27,18,30,40,57,97
PORONGO,desnutricion global,desnutricion moderada (m),2005-08-01,0,0,0,1,0,1,1
PORTACHUELO,desnutricion global,desnutricion moderada (m),2005-08-01,5,5,2,5,7,10,17
POSTRER VALLE,desnutricion global,desnutricion moderada (m),2005-08-01,2,0,0,1,2,1,3
POTOSI,desnutricion global,desnutricion moderada (m),2005-08-01,82,61,41,53,123,114,237
PRESTO,desnutricion global,desnutricion moderada (m),2005-08-01,19,11,8,15,27,26,53
PUCARANI,desnutricion global,desnutricion moderada (m),2005-08-01,7,6,6,2,13,8,21
PUERTO ACOSTA,desnutricion global,desnutricion moderada (m),2005-08-01,1,3,0,2,1,5,6
PUERTO CARABUCO,desnutricion global,desnutricion moderada (m),2005-08-01,3,1,1,3,4,4,8
PUERTO GONZALO MORENO,desnutricion global,desnutricion moderada (m),2005-08-01,1,0,2,4,3,4,7
PUERTO PEREZ,desnutricion global,desnutricion moderada (m),2005-08-01,1,3,2,0,3,3,6
PUERTO RICO,desnutricion global,desnutricion moderada (m),2005-08-01,3,0,3,1,6,1,7
PUERTO SILES,desnutricion global,desnutricion moderada (m),2005-08-01,1,0,0,1,1,1,2
PUERTO VILLARROEL,desnutricion global,desnutricion moderada (m),2005-08-01,30,22,15,19,45,41,86
PUNA,desnutricion global,desnutricion moderada (m),2005-08-01,40,29,22,24,62,53,115
PUNATA,desnutricion global,desnutricion moderada (m),2005-08-01,5,8,6,8,11,16,27
QUIABAYA,desnutricion global,desnutricion moderada (m),2005-08-01,0,1,1,0,1,1,2
QUILLACOLLO,desnutricion global,desnutricion moderada (m),2005-08-01,14,9,8,2,22,11,33
QUIME,desnutricion global,desnutricion moderada (m),2005-08-01,5,2,4,4,9,6,15
RAVELO,desnutricion global,desnutricion moderada (m),2005-08-01,55,42,50,53,105,95,200
REYES,desnutricion global,desnutricion moderada (m),2005-08-01,7,11,8,9,15,20,35
RIBERALTA,desnutricion global,desnutricion moderada (m),2005-08-01,46,63,29,38,75,101,176
RURRENABAQUE,desnutricion global,desnutricion moderada (m),2005-08-01,2,2,0,0,2,2,4
SABAYA,desnutricion global,desnutricion moderada (m),2005-08-01,1,0,2,1,3,1,4
SACABA,desnutricion global,desnutricion moderada (m),2005-08-01,16,5,9,14,25,19,44
SACABAMBA,desnutricion global,desnutricion moderada (m),2005-08-01,7,7,1,7,8,14,22
SACACA,desnutricion global,desnutricion moderada (m),2005-08-01,50,37,51,54,101,91,192
SAIPINA,desnutricion global,desnutricion moderada (m),2005-08-01,2,0,0,1,2,1,3
SALINAS DE GARCI MENDOZA,desnutricion global,desnutricion moderada (m),2005-08-01,3,7,1,2,4,9,13
SAMAIPATA,desnutricion global,desnutricion moderada (m),2005-08-01,2,2,4,1,6,3,9
SAN ANDRES,desnutricion global,desnutricion moderada (m),2005-08-01,8,1,2,5,10,6,16
SAN ANDRES DE MACHACA,desnutricion global,desnutricion moderada (m),2005-08-01,2,4,1,1,3,5,8
SAN ANTONIO DE ESMORUCO,desnutricion global,desnutricion moderada (m),2005-08-01,0,0,0,1,0,1,1
SAN ANTONIO DE LOMERIO,desnutricion global,desnutricion moderada (m),2005-08-01,9,5,3,6,12,11,23
SAN BENITO,desnutricion global,desnutricion moderada (m),2005-08-01,2,2,3,3,5,5,10
SAN BORJA,desnutricion global,desnutricion moderada (m),2005-08-01,18,13,8,14,26,27,53
SAN BUENA VENTURA,desnutricion global,desnutricion moderada (m),2005-08-01,1,2,3,0,4,2,6
SAN CARLOS,desnutricion global,desnutricion moderada (m),2005-08-01,3,4,0,1,3,5,8
SAN IGNACIO,desnutricion global,desnutricion moderada (m),2005-08-01,12,9,11,7,23,16,39
SAN IGNACIO DE VELASCO,desnutricion global,desnutricion moderada (m),2005-08-01,37,36,16,44,53,80,133
SAN JAVIER(BNI),desnutricion global,desnutricion moderada (m),2005-08-01,11,1,5,3,16,4,20
SAN JOAQUIN,desnutricion global,desnutricion moderada (m),2005-08-01,0,1,0,1,0,2,2
SAN JUAN DE YAPACANI,desnutricion global,desnutricion moderada (m),2005-08-01,1,0,1,1,2,1,3
SAN JULIAN,desnutricion global,desnutricion moderada (m),2005-08-01,7,5,3,2,10,7,17
SAN LORENZO(PND),desnutricion global,desnutricion moderada (m),2005-08-01,2,2,1,0,3,2,5
SAN LORENZO(TJA),desnutricion global,desnutricion moderada (m),2005-08-01,9,7,13,6,22,13,35
SAN LUCAS,desnutricion global,desnutricion moderada (m),2005-08-01,89,70,58,77,147,147,294
SAN MIGUEL DE VELASCO,desnutricion global,desnutricion moderada (m),2005-08-01,4,0,2,4,6,4,10
SAN PABLO DE LIPEZ,desnutricion global,desnutricion moderada (m),2005-08-01,5,1,2,0,7,1,8
SAN PEDRO,desnutricion global,desnutricion moderada (m),2005-08-01,2,5,3,1,5,6,11
SAN PEDRO DE BUENA VISTA,desnutricion global,desnutricion moderada (m),2005-08-01,38,34,33,34,71,68,139
SAN PEDRO DE CURAHUARA,desnutricion global,desnutricion moderada (m),2005-08-01,1,0,3,0,4,0,4
SAN PEDRO DE TIQUINA,desnutricion global,desnutricion moderada (m),2005-08-01,2,1,0,0,2,1,3
SAN PEDRO(PND),desnutricion global,desnutricion moderada (m),2005-08-01,0,4,5,2,5,6,11
SAN RAFAEL,desnutricion global,desnutricion moderada (m),2005-08-01,2,3,1,0,3,3,6
SANTA ANA,desnutricion global,desnutricion moderada (m),2005-08-01,2,1,2,0,4,1,5
SANTA CRUZ DE LA SIERRA,desnutricion global,desnutricion moderada (m),2005-08-01,222,187,56,81,278,268,546
SANTA ROSA,desnutricion global,desnutricion moderada (m),2005-08-01,5,4,2,1,7,5,12
SANTA ROSA DEL SARA,desnutricion global,desnutricion moderada (m),2005-08-01,4,0,1,8,5,8,13
SANTIAGO DE CALLAPA,desnutricion global,desnutricion moderada (m),2005-08-01,4,0,2,1,6,1,7
SANTIAGO DE HUARI,desnutricion global,desnutricion moderada (m),2005-08-01,0,6,2,0,2,6,8
SANTIAGO DE MACHACA,desnutricion global,desnutricion moderada (m),2005-08-01,1,0,0,0,1,0,1
SANTIVAÑES,desnutricion global,desnutricion moderada (m),2005-08-01,5,1,4,5,9,6,15
SANTUARIO DE QUILLACAS,desnutricion global,desnutricion moderada (m),2005-08-01,1,0,0,0,1,0,1
SAPAHAQUI,desnutricion global,desnutricion moderada (m),2005-08-01,5,3,5,2,10,5,15
SENA,desnutricion global,desnutricion moderada (m),2005-08-01,2,1,2,0,4,1,5
SICA SICA (VILLA AROMA),desnutricion global,desnutricion moderada (m),2005-08-01,27,13,19,21,46,34,80
SICAYA,desnutricion global,desnutricion moderada (m),2005-08-01,6,1,3,3,9,4,13
SIPE SIPE,desnutricion global,desnutricion moderada (m),2005-08-01,32,22,14,18,46,40,86
SOPACHUY,desnutricion global,desnutricion moderada (m),2005-08-01,7,11,11,19,18,30,48
SORACACHI,desnutricion global,desnutricion moderada (m),2005-08-01,2,1,0,2,2,3,5
SORATA,desnutricion global,desnutricion moderada (m),2005-08-01,5,0,1,1,6,1,7
SUCRE,desnutricion global,desnutricion moderada (m),2005-08-01,82,78,71,100,153,178,331
TACACHI,desnutricion global,desnutricion moderada (m),2005-08-01,3,1,1,1,4,2,6
TACACOMA,desnutricion global,desnutricion moderada (m),2005-08-01,2,3,3,1,5,4,9
TACOBAMBA,desnutricion global,desnutricion moderada (m),2005-08-01,8,15,15,9,23,24,47
TACOPAYA,desnutricion global,desnutricion moderada (m),2005-08-01,9,17,5,7,14,24,38
TAPACARI,desnutricion global,desnutricion moderada (m),2005-08-01,15,18,5,5,20,23,43
TARABUCO,desnutricion global,desnutricion moderada (m),2005-08-01,89,58,57,76,146,134,280
TARACO,desnutricion global,desnutricion moderada (m),2005-08-01,3,0,0,2,3,2,5
TARATA,desnutricion global,desnutricion moderada (m),2005-08-01,0,5,1,5,1,10,11
TARIJA,desnutricion global,desnutricion moderada (m),2005-08-01,29,28,17,18,46,46,92
TARVITA,desnutricion global,desnutricion moderada (m),2005-08-01,3,6,5,2,8,8,16
TEOPONTE,desnutricion global,desnutricion moderada (m),2005-08-01,2,3,1,3,3,6,9
TIAWANACU,desnutricion global,desnutricion moderada (m),2005-08-01,0,0,2,0,2,0,2
TINGUIPAYA,desnutricion global,desnutricion moderada (m),2005-08-01,41,34,25,30,66,64,130
TIPUANI,desnutricion global,desnutricion moderada (m),2005-08-01,1,0,1,0,2,0,2
TIQUIPAYA,desnutricion global,desnutricion moderada (m),2005-08-01,13,8,2,4,15,12,27
TIRAQUE (CBBA),desnutricion global,desnutricion moderada (m),2005-08-01,15,15,14,10,29,25,54
TITO YUPANQUI (PARQUIPUJIO),desnutricion global,desnutricion moderada (m),2005-08-01,1,0,0,1,1,1,2
TOCO,desnutricion global,desnutricion moderada (m),2005-08-01,1,1,1,3,2,4,6
TOLEDO,desnutricion global,desnutricion moderada (m),2005-08-01,0,0,1,0,1,0,1
TOMAVE,desnutricion global,desnutricion moderada (m),2005-08-01,9,4,7,6,16,10,26
TOMINA,desnutricion global,desnutricion moderada (m),2005-08-01,19,18,18,29,37,47,84
TORO TORO,desnutricion global,desnutricion moderada (m),2005-08-01,25,25,13,17,38,42,80
TOTORA(CBBA),desnutricion global,desnutricion moderada (m),2005-08-01,15,8,5,13,20,21,41
TOTORA(ORR),desnutricion global,desnutricion moderada (m),2005-08-01,1,0,0,0,1,0,1
TRINIDAD,desnutricion global,desnutricion moderada (m),2005-08-01,27,20,6,13,33,33,66
TUPIZA,desnutricion global,desnutricion moderada (m),2005-08-01,13,6,7,9,20,15,35
UMALA,desnutricion global,desnutricion moderada (m),2005-08-01,2,2,0,2,2,4,6
UNCIA,desnutricion global,desnutricion moderada (m),2005-08-01,6,6,3,3,9,9,18
URIONDO (A. CONCEPCION),desnutricion global,desnutricion moderada (m),2005-08-01,0,3,4,3,4,6,10
UYUNI,desnutricion global,desnutricion moderada (m),2005-08-01,6,4,7,3,13,7,20
VACAS,desnutricion global,desnutricion moderada (m),2005-08-01,2,9,0,1,2,10,12
VALLEGRANDE,desnutricion global,desnutricion moderada (m),2005-08-01,2,1,2,5,4,6,10
VIACHA,desnutricion global,desnutricion moderada (m),2005-08-01,8,17,6,10,14,27,41
VILA VILA,desnutricion global,desnutricion moderada (m),2005-08-01,3,5,4,1,7,6,13
VILLA MONTES,desnutricion global,desnutricion moderada (m),2005-08-01,6,5,6,8,12,13,25
VILLA NUEVA (LOMA ALTA),desnutricion global,desnutricion moderada (m),2005-08-01,1,1,1,0,2,1,3
VILLA RIVERO,desnutricion global,desnutricion moderada (m),2005-08-01,8,2,2,0,10,2,12
VILLA SERRANO,desnutricion global,desnutricion moderada (m),2005-08-01,11,12,15,16,26,28,54
VILLA TUNARI,desnutricion global,desnutricion moderada (m),2005-08-01,42,43,25,27,67,70,137
VILLA VACA GUZMAN (MUYUPAMPA),desnutricion global,desnutricion moderada (m),2005-08-01,5,3,4,5,9,8,17
VILLAZON,desnutricion global,desnutricion moderada (m),2005-08-01,12,9,5,11,17,20,37
VINTO,desnutricion global,desnutricion moderada (m),2005-08-01,5,1,1,0,6,1,7
VITICHI,desnutricion global,desnutricion moderada (m),2005-08-01,6,4,7,12,13,16,29
WALDO BALLIVIAN,desnutricion global,desnutricion moderada (m),2005-08-01,2,0,0,1,2,1,3
WARNES,desnutricion global,desnutricion moderada (m),2005-08-01,3,9,5,5,8,14,22
YACO,desnutricion global,desnutricion moderada (m),2005-08-01,8,9,5,4,13,13,26
YACUIBA,desnutricion global,desnutricion moderada (m),2005-08-01,6,7,6,6,12,13,25
YAMPARAEZ,desnutricion global,desnutricion moderada (m),2005-08-01,20,11,15,20,35,31,66
YAPACANI,desnutricion global,desnutricion moderada (m),2005-08-01,13,5,4,11,17,16,33
YOCALLA,desnutricion global,desnutricion moderada (m),2005-08-01,2,1,1,0,3,1,4
YOTALA,desnutricion global,desnutricion moderada (m),2005-08-01,8,5,2,12,10,17,27
YUNCHARA,desnutricion global,desnutricion moderada (m),2005-08-01,2,5,5,8,7,13,20
ZUDAÑEZ,desnutricion global,desnutricion moderada (m),2005-08-01,12,10,11,17,23,27,50
ACACIO,desnutricion global,desnutricion moderada (m),2005-09-01,6,6,8,5,14,11,25
ACHACACHI,desnutricion global,desnutricion moderada (m),2005-09-01,8,7,2,2,10,9,19
ACHOCALLA,desnutricion global,desnutricion moderada (m),2005-09-01,0,0,1,1,1,1,2
AIQUILE,desnutricion global,desnutricion moderada (m),2005-09-01,8,10,9,11,17,21,38
ALALAY,desnutricion global,desnutricion moderada (m),2005-09-01,5,7,3,1,8,8,16
ALCALA,desnutricion global,desnutricion moderada (m),2005-09-01,3,3,4,4,7,7,14
ANCORAIMES,desnutricion global,desnutricion moderada (m),2005-09-01,7,2,2,3,9,5,14
ANDAMARCA,desnutricion global,desnutricion moderada (m),2005-09-01,2,1,1,0,3,1,4
ANTEQUERA,desnutricion global,desnutricion moderada (m),2005-09-01,0,2,0,0,0,2,2
ANZALDO,desnutricion global,desnutricion moderada (m),2005-09-01,1,0,0,2,1,2,3
APOLO,desnutricion global,desnutricion moderada (m),2005-09-01,5,3,6,7,11,10,21
ARAMPAMPA,desnutricion global,desnutricion moderada (m),2005-09-01,9,7,6,7,15,14,29
ARANI,desnutricion global,desnutricion moderada (m),2005-09-01,6,9,5,11,11,20,31
ARBIETO,desnutricion global,desnutricion moderada (m),2005-09-01,1,2,5,5,6,7,13
ARQUE,desnutricion global,desnutricion moderada (m),2005-09-01,7,6,4,4,11,10,21
ATOCHA,desnutricion global,desnutricion moderada (m),2005-09-01,3,10,6,6,9,16,25
AUCAPATA,desnutricion global,desnutricion moderada (m),2005-09-01,2,2,0,4,2,6,8
AYATA,desnutricion global,desnutricion moderada (m),2005-09-01,12,10,6,4,18,14,32
AYO AYO,desnutricion global,desnutricion moderada (m),2005-09-01,3,1,0,0,3,1,4
AYOPAYA (V. DE INDEPENDENCIA),desnutricion global,desnutricion moderada (m),2005-09-01,14,11,2,7,16,18,34
AZURDUY,desnutricion global,desnutricion moderada (m),2005-09-01,23,24,22,23,45,47,92
BATALLAS,desnutricion global,desnutricion moderada (m),2005-09-01,0,0,0,1,0,1,1
BAURES,desnutricion global,desnutricion moderada (m),2005-09-01,5,2,0,2,5,4,9
BELEN DE ANDAMARCA,desnutricion global,desnutricion moderada (m),2005-09-01,0,1,0,1,0,2,2
BELEN DE URMIRI,desnutricion global,desnutricion moderada (m),2005-09-01,2,0,2,3,4,3,7
BELLA FLOR,desnutricion global,desnutricion moderada (m),2005-09-01,0,1,0,1,0,2,2
BERMEJO,desnutricion global,desnutricion moderada (m),2005-09-01,2,3,2,3,4,6,10
BETANZOS,desnutricion global,desnutricion moderada (m),2005-09-01,32,25,25,32,57,57,114
BOLIVAR,desnutricion global,desnutricion moderada (m),2005-09-01,16,15,13,16,29,31,60
BOLPEBRA,desnutricion global,desnutricion moderada (m),2005-09-01,0,1,1,0,1,1,2
BOYUIBE,desnutricion global,desnutricion moderada (m),2005-09-01,1,1,0,2,1,3,4
BUENA VISTA,desnutricion global,desnutricion moderada (m),2005-09-01,3,1,3,6,6,7,13
CABEZAS,desnutricion global,desnutricion moderada (m),2005-09-01,2,4,5,7,7,11,18
CAIROMA,desnutricion global,desnutricion moderada (m),2005-09-01,28,15,13,18,41,33,74
"CAIZA ""D""",desnutricion global,desnutricion moderada (m),2005-09-01,1,2,7,6,8,8,16
CAJUATA,desnutricion global,desnutricion moderada (m),2005-09-01,0,2,1,3,1,5,6
CALACOTO,desnutricion global,desnutricion moderada (m),2005-09-01,2,0,2,1,4,1,5
CALAMARCA,desnutricion global,desnutricion moderada (m),2005-09-01,19,21,8,14,27,35,62
CAMARGO,desnutricion global,desnutricion moderada (m),2005-09-01,10,17,7,19,17,36,53
CAMATAQUI (C. VILLA ABECIA),desnutricion global,desnutricion moderada (m),2005-09-01,3,1,2,1,5,2,7
CAMIRI,desnutricion global,desnutricion moderada (m),2005-09-01,9,6,5,8,14,14,28
CAPINOTA,desnutricion global,desnutricion moderada (m),2005-09-01,10,9,29,33,39,42,81
CAQUIAVIRI,desnutricion global,desnutricion moderada (m),2005-09-01,1,0,1,1,2,1,3
CARACOLLO,desnutricion global,desnutricion moderada (m),2005-09-01,4,5,1,1,5,6,11
CARANAVI,desnutricion global,desnutricion moderada (m),2005-09-01,15,13,6,11,21,24,45
CARANGAS,desnutricion global,desnutricion moderada (m),2005-09-01,0,0,0,1,0,1,1
CARAPARI,desnutricion global,desnutricion moderada (m),2005-09-01,0,0,1,1,1,1,2
CARIPUYO,desnutricion global,desnutricion moderada (m),2005-09-01,8,13,8,10,16,23,39
CHACARILLA,desnutricion global,desnutricion moderada (m),2005-09-01,2,4,1,1,3,5,8
CHALLAPATA,desnutricion global,desnutricion moderada (m),2005-09-01,8,8,2,7,10,15,25
CHAQUI,desnutricion global,desnutricion moderada (m),2005-09-01,3,6,4,4,7,10,17
CHARAGUA,desnutricion global,desnutricion moderada (m),2005-09-01,12,9,1,6,13,15,28
CHARAÑA,desnutricion global,desnutricion moderada (m),2005-09-01,0,1,0,2,0,3,3
CHAYANTA,desnutricion global,desnutricion moderada (m),2005-09-01,13,12,7,14,20,26,46
CHIMORE,desnutricion global,desnutricion moderada (m),2005-09-01,6,7,0,1,6,8,14
CHIPAYA,desnutricion global,desnutricion moderada (m),2005-09-01,2,0,1,1,3,1,4
CHOQUE COTA,desnutricion global,desnutricion moderada (m),2005-09-01,0,1,1,2,1,3,4
CHULUMANI (V. DE LA LIBERTAD),desnutricion global,desnutricion moderada (m),2005-09-01,1,1,1,1,2,2,4
CHUMA,desnutricion global,desnutricion moderada (m),2005-09-01,4,3,0,4,4,7,11
CLIZA,desnutricion global,desnutricion moderada (m),2005-09-01,9,14,1,4,10,18,28
COBIJA,desnutricion global,desnutricion moderada (m),2005-09-01,9,3,4,6,13,9,22
COCHABAMBA,desnutricion global,desnutricion moderada (m),2005-09-01,36,34,28,38,64,72,136
COLCAPIRHUA,desnutricion global,desnutricion moderada (m),2005-09-01,9,7,3,24,12,31,43
"COLCHA ""K""",desnutricion global,desnutricion moderada (m),2005-09-01,2,2,1,2,3,4,7
COLOMI,desnutricion global,desnutricion moderada (m),2005-09-01,7,6,4,6,11,12,23
COLPA BELGICA,desnutricion global,desnutricion moderada (m),2005-09-01,2,1,0,2,2,3,5
COLQUECHACA,desnutricion global,desnutricion moderada (m),2005-09-01,27,35,15,39,42,74,116
COLQUENCHA,desnutricion global,desnutricion moderada (m),2005-09-01,4,0,1,2,5,2,7
COLQUIRI,desnutricion global,desnutricion moderada (m),2005-09-01,6,0,3,3,9,3,12
COMANCHE,desnutricion global,desnutricion moderada (m),2005-09-01,0,1,0,1,0,2,2
COMARAPA,desnutricion global,desnutricion moderada (m),2005-09-01,7,2,3,5,10,7,17
COMBAYA,desnutricion global,desnutricion moderada (m),2005-09-01,3,0,2,4,5,4,9
CONCEPCION,desnutricion global,desnutricion moderada (m),2005-09-01,3,1,0,0,3,1,4
COPACABANA,desnutricion global,desnutricion moderada (m),2005-09-01,1,2,1,1,2,3,5
CORO CORO,desnutricion global,desnutricion moderada (m),2005-09-01,3,4,8,5,11,9,20
COROICO,desnutricion global,desnutricion moderada (m),2005-09-01,4,6,2,4,6,10,16
CORQUE,desnutricion global,desnutricion moderada (m),2005-09-01,5,1,2,1,7,2,9
COTAGAITA,desnutricion global,desnutricion moderada (m),2005-09-01,19,16,19,19,38,35,73
COTOCA,desnutricion global,desnutricion moderada (m),2005-09-01,4,5,1,2,5,7,12
CUATRO CAÑADAS,desnutricion global,desnutricion moderada (m),2005-09-01,2,6,5,1,7,7,14
CUCHUMUELA (V. G. VILLARROEL),desnutricion global,desnutricion moderada (m),2005-09-01,0,1,0,0,0,1,1
CULPINA,desnutricion global,desnutricion moderada (m),2005-09-01,19,19,12,22,31,41,72
CURAHUARA DE CARANGAS,desnutricion global,desnutricion moderada (m),2005-09-01,1,2,3,1,4,3,7
CURVA,desnutricion global,desnutricion moderada (m),2005-09-01,4,0,2,0,6,0,6
DESAGUADERO,desnutricion global,desnutricion moderada (m),2005-09-01,1,1,0,0,1,1,2
EL ALTO,desnutricion global,desnutricion moderada (m),2005-09-01,227,186,147,158,374,344,718
EL CHORO,desnutricion global,desnutricion moderada (m),2005-09-01,1,0,1,0,2,0,2
EL PUENTE(TJA),desnutricion global,desnutricion moderada (m),2005-09-01,4,3,3,4,7,7,14
EL TORNO,desnutricion global,desnutricion moderada (m),2005-09-01,4,3,6,2,10,5,15
EL VILLAR,desnutricion global,desnutricion moderada (m),2005-09-01,1,1,2,12,3,13,16
ENTRE RIOS,desnutricion global,desnutricion moderada (m),2005-09-01,7,4,6,8,13,12,25
ENTRE RIOS,desnutricion global,desnutricion moderada (m),2005-09-01,4,3,4,2,8,5,13
EUCALIPTUS,desnutricion global,desnutricion moderada (m),2005-09-01,3,0,1,1,4,1,5
EXALTACION,desnutricion global,desnutricion moderada (m),2005-09-01,0,2,0,2,0,4,4
FERNANDEZ ALONSO,desnutricion global,desnutricion moderada (m),2005-09-01,8,5,1,9,9,14,23
FILADELFIA,desnutricion global,desnutricion moderada (m),2005-09-01,0,1,1,0,1,1,2
GENERAL SAAVEDRA,desnutricion global,desnutricion moderada (m),2005-09-01,15,11,1,0,16,11,27
GRAL. J.J. PEREZ (CHARAZANI),desnutricion global,desnutricion moderada (m),2005-09-01,5,8,4,8,9,16,25
GUANAY,desnutricion global,desnutricion moderada (m),2005-09-01,6,9,4,7,10,16,26
GUAQUI,desnutricion global,desnutricion moderada (m),2005-09-01,0,2,0,1,0,3,3
GUAYARAMERIN,desnutricion global,desnutricion moderada (m),2005-09-01,9,12,2,10,11,22,33
GUTIERREZ,desnutricion global,desnutricion moderada (m),2005-09-01,15,10,13,10,28,20,48
HUACARETA,desnutricion global,desnutricion moderada (m),2005-09-01,4,2,4,1,8,3,11
HUACAYA (VILLA DE HUACAYA),desnutricion global,desnutricion moderada (m),2005-09-01,1,1,0,1,1,2,3
HUACHACALLA,desnutricion global,desnutricion moderada (m),2005-09-01,0,0,1,0,1,0,1
HUANUNI,desnutricion global,desnutricion moderada (m),2005-09-01,14,5,2,2,16,7,23
HUARACAJE,desnutricion global,desnutricion moderada (m),2005-09-01,1,0,0,1,1,1,2
HUAYLLAMARCA,desnutricion global,desnutricion moderada (m),2005-09-01,2,0,0,0,2,0,2
ICHOCA,desnutricion global,desnutricion moderada (m),2005-09-01,1,1,0,1,1,2,3
ICLA,desnutricion global,desnutricion moderada (m),2005-09-01,20,20,12,25,32,45,77
INCAHUASI,desnutricion global,desnutricion moderada (m),2005-09-01,33,42,21,36,54,78,132
INGAVI (HUMAITA),desnutricion global,desnutricion moderada (m),2005-09-01,0,0,1,0,1,0,1
INQUISIVI,desnutricion global,desnutricion moderada (m),2005-09-01,4,6,4,5,8,11,19
IRUPANA (VILLA DE LANZA),desnutricion global,desnutricion moderada (m),2005-09-01,1,3,2,1,3,4,7
IXIAMAS,desnutricion global,desnutricion moderada (m),2005-09-01,0,0,0,2,0,2,2
JESUS DE MACHACA,desnutricion global,desnutricion moderada (m),2005-09-01,3,4,3,0,6,4,10
LA ASUNTA,desnutricion global,desnutricion moderada (m),2005-09-01,6,5,2,0,8,5,13
LA GUARDIA,desnutricion global,desnutricion moderada (m),2005-09-01,11,6,5,4,16,10,26
LA PAZ,desnutricion global,desnutricion moderada (m),2005-09-01,123,164,66,73,189,237,426
LAGUNILLAS,desnutricion global,desnutricion moderada (m),2005-09-01,4,2,5,5,9,7,16
LAJA,desnutricion global,desnutricion moderada (m),2005-09-01,3,2,1,4,4,6,10
LAS CARRERAS,desnutricion global,desnutricion moderada (m),2005-09-01,1,1,2,4,3,5,8
LLALLAGUA,desnutricion global,desnutricion moderada (m),2005-09-01,39,19,32,25,71,44,115
LLICA,desnutricion global,desnutricion moderada (m),2005-09-01,0,1,0,1,0,2,2
LORETO,desnutricion global,desnutricion moderada (m),2005-09-01,1,1,0,0,1,1,2
LURIBAY,desnutricion global,desnutricion moderada (m),2005-09-01,7,4,2,4,9,8,17
MACHACAMARCA,desnutricion global,desnutricion moderada (m),2005-09-01,0,0,0,1,0,1,1
MACHARETI,desnutricion global,desnutricion moderada (m),2005-09-01,4,1,7,3,11,4,15
MAGDALENA,desnutricion global,desnutricion moderada (m),2005-09-01,1,1,2,5,3,6,9
MALLA,desnutricion global,desnutricion moderada (m),2005-09-01,5,5,4,2,9,7,16
MAPIRI,desnutricion global,desnutricion moderada (m),2005-09-01,0,2,0,4,0,6,6
MECAPACA,desnutricion global,desnutricion moderada (m),2005-09-01,3,3,0,0,3,3,6
MINEROS,desnutricion global,desnutricion moderada (m),2005-09-01,11,2,0,0,11,2,13
MIZQUE,desnutricion global,desnutricion moderada (m),2005-09-01,4,2,3,4,7,6,13
MOCOMOCO,desnutricion global,desnutricion moderada (m),2005-09-01,5,3,5,5,10,8,18
MOJOCOYA,desnutricion global,desnutricion moderada (m),2005-09-01,9,8,3,7,12,15,27
MONTEAGUDO,desnutricion global,desnutricion moderada (m),2005-09-01,20,11,9,19,29,30,59
MONTERO,desnutricion global,desnutricion moderada (m),2005-09-01,20,31,17,34,37,65,102
MORO MORO,desnutricion global,desnutricion moderada (m),2005-09-01,0,0,1,0,1,0,1
MOROCHATA,desnutricion global,desnutricion moderada (m),2005-09-01,27,27,13,9,40,36,76
OCURI,desnutricion global,desnutricion moderada (m),2005-09-01,35,28,29,29,64,57,121
OKINAWA,desnutricion global,desnutricion moderada (m),2005-09-01,1,0,0,0,1,0,1
OMEREQUE,desnutricion global,desnutricion moderada (m),2005-09-01,2,1,4,5,6,6,12
ORURO,desnutricion global,desnutricion moderada (m),2005-09-01,67,42,16,27,83,69,152
PADCAYA,desnutricion global,desnutricion moderada (m),2005-09-01,2,2,1,3,3,5,8
PADILLA,desnutricion global,desnutricion moderada (m),2005-09-01,5,7,8,11,13,18,31
PALCA,desnutricion global,desnutricion moderada (m),2005-09-01,2,2,1,3,3,5,8
PALOS BLANCOS,desnutricion global,desnutricion moderada (m),2005-09-01,2,12,4,9,6,21,27
PAMPA AULLAGAS,desnutricion global,desnutricion moderada (m),2005-09-01,0,1,2,2,2,3,5
PAMPA GRANDE,desnutricion global,desnutricion moderada (m),2005-09-01,1,0,0,2,1,2,3
PASORAPA,desnutricion global,desnutricion moderada (m),2005-09-01,1,2,1,0,2,2,4
PATACAMAYA,desnutricion global,desnutricion moderada (m),2005-09-01,11,9,6,2,17,11,28
PAZÑA,desnutricion global,desnutricion moderada (m),2005-09-01,0,1,1,2,1,3,4
PELECHUCO,desnutricion global,desnutricion moderada (m),2005-09-01,0,2,1,2,1,4,5
POCOATA,desnutricion global,desnutricion moderada (m),2005-09-01,19,20,8,14,27,34,61
POCONA,desnutricion global,desnutricion moderada (m),2005-09-01,1,2,3,2,4,4,8
POJO (CBBA),desnutricion global,desnutricion moderada (m),2005-09-01,6,6,2,4,8,10,18
POROMA,desnutricion global,desnutricion moderada (m),2005-09-01,29,35,19,25,48,60,108
PORTACHUELO,desnutricion global,desnutricion moderada (m),2005-09-01,3,6,2,2,5,8,13
POSTRER VALLE,desnutricion global,desnutricion moderada (m),2005-09-01,0,0,0,1,0,1,1
POTOSI,desnutricion global,desnutricion moderada (m),2005-09-01,80,51,40,36,120,87,207
PRESTO,desnutricion global,desnutricion moderada (m),2005-09-01,21,19,11,13,32,32,64
PUCARA,desnutricion global,desnutricion moderada (m),2005-09-01,0,0,1,0,1,0,1
PUCARANI,desnutricion global,desnutricion moderada (m),2005-09-01,8,5,8,7,16,12,28
PUERTO ACOSTA,desnutricion global,desnutricion moderada (m),2005-09-01,0,1,2,0,2,1,3
PUERTO CARABUCO,desnutricion global,desnutricion moderada (m),2005-09-01,2,1,1,0,3,1,4
PUERTO GONZALO MORENO,desnutricion global,desnutricion moderada (m),2005-09-01,3,2,1,1,4,3,7
PUERTO PEREZ,desnutricion global,desnutricion moderada (m),2005-09-01,4,1,1,1,5,2,7
PUERTO RICO,desnutricion global,desnutricion moderada (m),2005-09-01,2,1,2,2,4,3,7
PUERTO SILES,desnutricion global,desnutricion moderada (m),2005-09-01,1,2,2,2,3,4,7
PUERTO VILLARROEL,desnutricion global,desnutricion moderada (m),2005-09-01,16,23,9,7,25,30,55
PUNA,desnutricion global,desnutricion moderada (m),2005-09-01,35,34,24,34,59,68,127
PUNATA,desnutricion global,desnutricion moderada (m),2005-09-01,4,4,3,4,7,8,15
QUIABAYA,desnutricion global,desnutricion moderada (m),2005-09-01,0,0,1,0,1,0,1
QUILLACOLLO,desnutricion global,desnutricion moderada (m),2005-09-01,8,7,14,13,22,20,42
QUIME,desnutricion global,desnutricion moderada (m),2005-09-01,4,2,4,3,8,5,13
QUIRUSILLAS,desnutricion global,desnutricion moderada (m),2005-09-01,0,1,0,0,0,1,1
RAVELO,desnutricion global,desnutricion moderada (m),2005-09-01,38,46,35,50,73,96,169
REYES,desnutricion global,desnutricion moderada (m),2005-09-01,7,10,2,9,9,19,28
RIBERALTA,desnutricion global,desnutricion moderada (m),2005-09-01,34,62,19,26,53,88,141
RURRENABAQUE,desnutricion global,desnutricion moderada (m),2005-09-01,2,3,0,0,2,3,5
SACABA,desnutricion global,desnutricion moderada (m),2005-09-01,29,22,10,17,39,39,78
SACABAMBA,desnutricion global,desnutricion moderada (m),2005-09-01,6,4,2,5,8,9,17
SACACA,desnutricion global,desnutricion moderada (m),2005-09-01,37,28,120,40,157,68,225
SAIPINA,desnutricion global,desnutricion moderada (m),2005-09-01,2,2,1,4,3,6,9
SALINAS DE GARCI MENDOZA,desnutricion global,desnutricion moderada (m),2005-09-01,5,4,3,2,8,6,14
SAMAIPATA,desnutricion global,desnutricion moderada (m),2005-09-01,1,1,1,2,2,3,5
SAN AGUSTIN,desnutricion global,desnutricion moderada (m),2005-09-01,0,1,0,0,0,1,1
SAN ANDRES,desnutricion global,desnutricion moderada (m),2005-09-01,4,0,3,1,7,1,8
SAN ANDRES DE MACHACA,desnutricion global,desnutricion moderada (m),2005-09-01,1,1,0,0,1,1,2
SAN ANTONIO DE LOMERIO,desnutricion global,desnutricion moderada (m),2005-09-01,12,5,2,7,14,12,26
SAN BENITO,desnutricion global,desnutricion moderada (m),2005-09-01,0,2,2,1,2,3,5
SAN BORJA,desnutricion global,desnutricion moderada (m),2005-09-01,17,10,9,13,26,23,49
SAN BUENA VENTURA,desnutricion global,desnutricion moderada (m),2005-09-01,1,2,3,2,4,4,8
SAN CARLOS,desnutricion global,desnutricion moderada (m),2005-09-01,2,2,1,0,3,2,5
SAN IGNACIO,desnutricion global,desnutricion moderada (m),2005-09-01,10,15,5,14,15,29,44
SAN IGNACIO DE VELASCO,desnutricion global,desnutricion moderada (m),2005-09-01,23,30,27,41,50,71,121
SAN JAVIER(BNI),desnutricion global,desnutricion moderada (m),2005-09-01,1,1,3,1,4,2,6
SAN JAVIER(STC),desnutricion global,desnutricion moderada (m),2005-09-01,3,0,0,0,3,0,3
SAN JOSE DE CHIQUITOS,desnutricion global,desnutricion moderada (m),2005-09-01,0,1,0,0,0,1,1
SAN JUAN DE YAPACANI,desnutricion global,desnutricion moderada (m),2005-09-01,1,0,0,0,1,0,1
SAN JULIAN,desnutricion global,desnutricion moderada (m),2005-09-01,5,2,2,2,7,4,11
SAN LORENZO(PND),desnutricion global,desnutricion moderada (m),2005-09-01,1,0,0,0,1,0,1
SAN LORENZO(TJA),desnutricion global,desnutricion moderada (m),2005-09-01,10,4,14,13,24,17,41
SAN LUCAS,desnutricion global,desnutricion moderada (m),2005-09-01,71,63,46,73,117,136,253
SAN MIGUEL DE VELASCO,desnutricion global,desnutricion moderada (m),2005-09-01,5,1,0,3,5,4,9
SAN PEDRO,desnutricion global,desnutricion moderada (m),2005-09-01,1,4,1,2,2,6,8
SAN PEDRO DE BUENA VISTA,desnutricion global,desnutricion moderada (m),2005-09-01,33,40,50,67,83,107,190
SAN PEDRO DE CURAHUARA,desnutricion global,desnutricion moderada (m),2005-09-01,1,1,1,2,2,3,5
SAN PEDRO DE QUEMES,desnutricion global,desnutricion moderada (m),2005-09-01,1,0,0,0,1,0,1
SAN PEDRO DE TIQUINA,desnutricion global,desnutricion moderada (m),2005-09-01,6,1,2,3,8,4,12
SAN PEDRO(PND),desnutricion global,desnutricion moderada (m),2005-09-01,1,0,0,0,1,0,1
SAN RAFAEL,desnutricion global,desnutricion moderada (m),2005-09-01,2,3,5,3,7,6,13
SAN RAMON,desnutricion global,desnutricion moderada (m),2005-09-01,0,1,0,0,0,1,1
SANTA ANA,desnutricion global,desnutricion moderada (m),2005-09-01,0,1,1,2,1,3,4
SANTA CRUZ DE LA SIERRA,desnutricion global,desnutricion moderada (m),2005-09-01,101,83,27,38,128,121,249
SANTA ROSA DEL SARA,desnutricion global,desnutricion moderada (m),2005-09-01,3,4,0,5,3,9,12
SANTIAGO DE CALLAPA,desnutricion global,desnutricion moderada (m),2005-09-01,1,4,6,7,7,11,18
SANTIAGO DE HUARI,desnutricion global,desnutricion moderada (m),2005-09-01,0,2,1,3,1,5,6
SANTIAGO DE MACHACA,desnutricion global,desnutricion moderada (m),2005-09-01,2,3,0,2,2,5,7
SANTIVAÑES,desnutricion global,desnutricion moderada (m),2005-09-01,2,3,4,3,6,6,12
SAPAHAQUI,desnutricion global,desnutricion moderada (m),2005-09-01,5,5,3,5,8,10,18
SENA,desnutricion global,desnutricion moderada (m),2005-09-01,2,8,2,0,4,8,12
SICA SICA (VILLA AROMA),desnutricion global,desnutricion moderada (m),2005-09-01,26,17,15,10,41,27,68
SICAYA,desnutricion global,desnutricion moderada (m),2005-09-01,2,1,1,3,3,4,7
SIPE SIPE,desnutricion global,desnutricion moderada (m),2005-09-01,16,13,8,15,24,28,52
SOPACHUY,desnutricion global,desnutricion moderada (m),2005-09-01,14,10,10,32,24,42,66
SORACACHI,desnutricion global,desnutricion moderada (m),2005-09-01,3,3,1,5,4,8,12
SORATA,desnutricion global,desnutricion moderada (m),2005-09-01,3,1,1,2,4,3,7
SUCRE,desnutricion global,desnutricion moderada (m),2005-09-01,52,50,35,57,87,107,194
TACACHI,desnutricion global,desnutricion moderada (m),2005-09-01,3,1,0,0,3,1,4
TACOBAMBA,desnutricion global,desnutricion moderada (m),2005-09-01,4,4,3,4,7,8,15
TACOPAYA,desnutricion global,desnutricion moderada (m),2005-09-01,10,17,4,6,14,23,37
TAPACARI,desnutricion global,desnutricion moderada (m),2005-09-01,31,24,17,16,48,40,88
TARABUCO,desnutricion global,desnutricion moderada (m),2005-09-01,78,54,54,68,132,122,254
TARATA,desnutricion global,desnutricion moderada (m),2005-09-01,5,7,0,6,5,13,18
TARIJA,desnutricion global,desnutricion moderada (m),2005-09-01,17,23,16,25,33,48,81
TARVITA,desnutricion global,desnutricion moderada (m),2005-09-01,25,28,26,50,51,78,129
TEOPONTE,desnutricion global,desnutricion moderada (m),2005-09-01,2,2,2,2,4,4,8
TIAWANACU,desnutricion global,desnutricion moderada (m),2005-09-01,2,1,0,1,2,2,4
TINGUIPAYA,desnutricion global,desnutricion moderada (m),2005-09-01,28,34,28,27,56,61,117
TIPUANI,desnutricion global,desnutricion moderada (m),2005-09-01,0,1,1,3,1,4,5
TIQUIPAYA,desnutricion global,desnutricion moderada (m),2005-09-01,1,5,2,3,3,8,11
TIRAQUE (CBBA),desnutricion global,desnutricion moderada (m),2005-09-01,19,20,10,5,29,25,54
TITO YUPANQUI (PARQUIPUJIO),desnutricion global,desnutricion moderada (m),2005-09-01,0,0,0,1,0,1,1
TOCO,desnutricion global,desnutricion moderada (m),2005-09-01,2,1,2,0,4,1,5
TOLEDO,desnutricion global,desnutricion moderada (m),2005-09-01,1,2,2,2,3,4,7
TOMAVE,desnutricion global,desnutricion moderada (m),2005-09-01,11,5,3,3,14,8,22
TOMINA,desnutricion global,desnutricion moderada (m),2005-09-01,24,11,13,29,37,40,77
TORO TORO,desnutricion global,desnutricion moderada (m),2005-09-01,22,33,16,24,38,57,95
TOTORA(CBBA),desnutricion global,desnutricion moderada (m),2005-09-01,5,4,4,3,9,7,16
TOTORA(ORR),desnutricion global,desnutricion moderada (m),2005-09-01,3,0,1,2,4,2,6
TRINIDAD,desnutricion global,desnutricion moderada (m),2005-09-01,26,13,6,7,32,20,52
TUPIZA,desnutricion global,desnutricion moderada (m),2005-09-01,11,8,4,12,15,20,35
TURCO,desnutricion global,desnutricion moderada (m),2005-09-01,0,1,0,0,0,1,1
UMALA,desnutricion global,desnutricion moderada (m),2005-09-01,1,0,4,4,5,4,9
UNCIA,desnutricion global,desnutricion moderada (m),2005-09-01,12,10,4,5,16,15,31
URIONDO (A. CONCEPCION),desnutricion global,desnutricion moderada (m),2005-09-01,4,8,1,8,5,16,21
UYUNI,desnutricion global,desnutricion moderada (m),2005-09-01,3,2,4,2,7,4,11
VACAS,desnutricion global,desnutricion moderada (m),2005-09-01,3,4,4,6,7,10,17
VALLEGRANDE,desnutricion global,desnutricion moderada (m),2005-09-01,2,3,2,5,4,8,12
VIACHA,desnutricion global,desnutricion moderada (m),2005-09-01,4,3,2,5,6,8,14
VILA VILA,desnutricion global,desnutricion moderada (m),2005-09-01,4,3,0,1,4,4,8
VILLA MONTES,desnutricion global,desnutricion moderada (m),2005-09-01,7,5,1,5,8,10,18
VILLA RIVERO,desnutricion global,desnutricion moderada (m),2005-09-01,2,7,3,3,5,10,15
VILLA SERRANO,desnutricion global,desnutricion moderada (m),2005-09-01,23,10,15,17,38,27,65
VILLA TUNARI,desnutricion global,desnutricion moderada (m),2005-09-01,14,23,18,25,32,48,80
VILLA VACA GUZMAN (MUYUPAMPA),desnutricion global,desnutricion moderada (m),2005-09-01,3,2,1,8,4,10,14
VILLAZON,desnutricion global,desnutricion moderada (m),2005-09-01,14,9,12,10,26,19,45
VINTO,desnutricion global,desnutricion moderada (m),2005-09-01,2,1,1,1,3,2,5
VITICHI,desnutricion global,desnutricion moderada (m),2005-09-01,6,6,13,10,19,16,35
WALDO BALLIVIAN,desnutricion global,desnutricion moderada (m),2005-09-01,0,2,0,1,0,3,3
WARNES,desnutricion global,desnutricion moderada (m),2005-09-01,5,9,5,3,10,12,22
YACO,desnutricion global,desnutricion moderada (m),2005-09-01,7,7,4,5,11,12,23
YACUIBA,desnutricion global,desnutricion moderada (m),2005-09-01,5,3,4,5,9,8,17
YAMPARAEZ,desnutricion global,desnutricion moderada (m),2005-09-01,18,11,15,24,33,35,68
YAPACANI,desnutricion global,desnutricion moderada (m),2005-09-01,4,9,6,8,10,17,27
YOCALLA,desnutricion global,desnutricion moderada (m),2005-09-01,1,5,2,1,3,6,9
YOTALA,desnutricion global,desnutricion moderada (m),2005-09-01,8,4,4,8,12,12,24
YUNCHARA,desnutricion global,desnutricion moderada (m),2005-09-01,10,5,7,3,17,8,25
ZUDAÑEZ,desnutricion global,desnutricion moderada (m),2005-09-01,13,6,9,11,22,17,39
ACACIO,desnutricion global,desnutricion moderada (m),2005-10-01,7,8,9,6,16,14,30
ACHACACHI,desnutricion global,desnutricion moderada (m),2005-10-01,7,7,3,2,10,9,19
ACHOCALLA,desnutricion global,desnutricion moderada (m),2005-10-01,3,0,1,1,4,1,5
AIQUILE,desnutricion global,desnutricion moderada (m),2005-10-01,12,8,4,7,16,15,31
ALALAY,desnutricion global,desnutricion moderada (m),2005-10-01,1,3,5,4,6,7,13
ALCALA,desnutricion global,desnutricion moderada (m),2005-10-01,2,3,3,4,5,7,12
ANCORAIMES,desnutricion global,desnutricion moderada (m),2005-10-01,2,2,1,0,3,2,5
ANDAMARCA,desnutricion global,desnutricion moderada (m),2005-10-01,8,4,5,0,13,4,17
ANTEQUERA,desnutricion global,desnutricion moderada (m),2005-10-01,1,3,2,3,3,6,9
ANZALDO,desnutricion global,desnutricion moderada (m),2005-10-01,2,8,3,2,5,10,15
APOLO,desnutricion global,desnutricion moderada (m),2005-10-01,6,11,7,13,13,24,37
ARAMPAMPA,desnutricion global,desnutricion moderada (m),2005-10-01,4,4,3,2,7,6,13
ARANI,desnutricion global,desnutricion moderada (m),2005-10-01,4,1,3,6,7,7,14
ARBIETO,desnutricion global,desnutricion moderada (m),2005-10-01,6,1,1,9,7,10,17
ARQUE,desnutricion global,desnutricion moderada (m),2005-10-01,19,14,15,15,34,29,63
ASCENCION DE GUARAYOS,desnutricion global,desnutricion moderada (m),2005-10-01,18,13,23,22,41,35,76
ATOCHA,desnutricion global,desnutricion moderada (m),2005-10-01,6,9,4,9,10,18,28
AUCAPATA,desnutricion global,desnutricion moderada (m),2005-10-01,3,7,1,3,4,10,14
AYATA,desnutricion global,desnutricion moderada (m),2005-10-01,1,0,1,0,2,0,2
AYO AYO,desnutricion global,desnutricion moderada (m),2005-10-01,2,5,2,1,4,6,10
AYOPAYA (V. DE INDEPENDENCIA),desnutricion global,desnutricion moderada (m),2005-10-01,20,14,13,10,33,24,57
AZURDUY,desnutricion global,desnutricion moderada (m),2005-10-01,7,9,10,12,17,21,38
BATALLAS,desnutricion global,desnutricion moderada (m),2005-10-01,6,1,2,3,8,4,12
BAURES,desnutricion global,desnutricion moderada (m),2005-10-01,1,4,1,0,2,4,6
BELEN DE ANDAMARCA,desnutricion global,desnutricion moderada (m),2005-10-01,2,0,0,2,2,2,4
BELEN DE URMIRI,desnutricion global,desnutricion moderada (m),2005-10-01,1,2,1,2,2,4,6
BERMEJO,desnutricion global,desnutricion moderada (m),2005-10-01,3,3,1,0,4,3,7
BETANZOS,desnutricion global,desnutricion moderada (m),2005-10-01,25,18,22,34,47,52,99
BOLIVAR,desnutricion global,desnutricion moderada (m),2005-10-01,18,6,3,6,21,12,33
BUENA VISTA,desnutricion global,desnutricion moderada (m),2005-10-01,5,2,1,2,6,4,10
CABEZAS,desnutricion global,desnutricion moderada (m),2005-10-01,2,6,4,1,6,7,13
CAIROMA,desnutricion global,desnutricion moderada (m),2005-10-01,26,13,7,18,33,31,64
"CAIZA ""D""",desnutricion global,desnutricion moderada (m),2005-10-01,3,4,5,2,8,6,14
CAJUATA,desnutricion global,desnutricion moderada (m),2005-10-01,1,0,2,2,3,2,5
CALACOTO,desnutricion global,desnutricion moderada (m),2005-10-01,1,0,2,1,3,1,4
CALAMARCA,desnutricion global,desnutricion moderada (m),2005-10-01,25,14,8,15,33,29,62
CAMARGO,desnutricion global,desnutricion moderada (m),2005-10-01,12,13,5,8,17,21,38
CAMATAQUI (C. VILLA ABECIA),desnutricion global,desnutricion moderada (m),2005-10-01,2,1,2,1,4,2,6
CAMIRI,desnutricion global,desnutricion moderada (m),2005-10-01,5,8,6,8,11,16,27
CAPINOTA,desnutricion global,desnutricion moderada (m),2005-10-01,4,5,3,1,7,6,13
CARACOLLO,desnutricion global,desnutricion moderada (m),2005-10-01,10,4,3,9,13,13,26
CARANAVI,desnutricion global,desnutricion moderada (m),2005-10-01,19,16,10,9,29,25,54
CARANGAS,desnutricion global,desnutricion moderada (m),2005-10-01,0,0,1,0,1,0,1
CARAPARI,desnutricion global,desnutricion moderada (m),2005-10-01,1,1,3,0,4,1,5
CARIPUYO,desnutricion global,desnutricion moderada (m),2005-10-01,7,13,13,14,20,27,47
CARMEN RIVERO TORREZ,desnutricion global,desnutricion moderada (m),2005-10-01,0,0,2,1,2,1,3
CHACARILLA,desnutricion global,desnutricion moderada (m),2005-10-01,0,1,1,0,1,1,2
CHALLAPATA,desnutricion global,desnutricion moderada (m),2005-10-01,19,15,9,9,28,24,52
CHAQUI,desnutricion global,desnutricion moderada (m),2005-10-01,3,4,3,3,6,7,13
CHARAGUA,desnutricion global,desnutricion moderada (m),2005-10-01,9,6,6,4,15,10,25
CHARAÑA,desnutricion global,desnutricion moderada (m),2005-10-01,0,0,0,1,0,1,1
CHAYANTA,desnutricion global,desnutricion moderada (m),2005-10-01,12,16,9,12,21,28,49
CHIMORE,desnutricion global,desnutricion moderada (m),2005-10-01,2,4,0,3,2,7,9
CHIPAYA,desnutricion global,desnutricion moderada (m),2005-10-01,0,1,2,1,2,2,4
CHOQUE COTA,desnutricion global,desnutricion moderada (m),2005-10-01,1,1,1,0,2,1,3
CHULUMANI (V. DE LA LIBERTAD),desnutricion global,desnutricion moderada (m),2005-10-01,2,2,2,0,4,2,6
CHUMA,desnutricion global,desnutricion moderada (m),2005-10-01,6,4,5,4,11,8,19
CLIZA,desnutricion global,desnutricion moderada (m),2005-10-01,15,2,6,4,21,6,27
COBIJA,desnutricion global,desnutricion moderada (m),2005-10-01,8,13,8,4,16,17,33
COCHABAMBA,desnutricion global,desnutricion moderada (m),2005-10-01,67,54,36,42,103,96,199
COIPASA,desnutricion global,desnutricion moderada (m),2005-10-01,0,1,0,0,0,1,1
COLCAPIRHUA,desnutricion global,desnutricion moderada (m),2005-10-01,7,9,4,7,11,16,27
"COLCHA ""K""",desnutricion global,desnutricion moderada (m),2005-10-01,2,1,2,4,4,5,9
COLLANA,desnutricion global,desnutricion moderada (m),2005-10-01,0,0,1,0,1,0,1
COLOMI,desnutricion global,desnutricion moderada (m),2005-10-01,3,9,9,4,12,13,25
COLPA BELGICA,desnutricion global,desnutricion moderada (m),2005-10-01,3,1,0,2,3,3,6
COLQUECHACA,desnutricion global,desnutricion moderada (m),2005-10-01,35,26,16,17,51,43,94
COLQUENCHA,desnutricion global,desnutricion moderada (m),2005-10-01,1,2,0,2,1,4,5
COLQUIRI,desnutricion global,desnutricion moderada (m),2005-10-01,5,11,5,8,10,19,29
COMANCHE,desnutricion global,desnutricion moderada (m),2005-10-01,0,1,0,0,0,1,1
COMARAPA,desnutricion global,desnutricion moderada (m),2005-10-01,3,5,1,4,4,9,13
COMBAYA,desnutricion global,desnutricion moderada (m),2005-10-01,1,0,0,3,1,3,4
CONCEPCION,desnutricion global,desnutricion moderada (m),2005-10-01,0,1,0,0,0,1,1
COPACABANA,desnutricion global,desnutricion moderada (m),2005-10-01,4,1,1,0,5,1,6
CORIPATA,desnutricion global,desnutricion moderada (m),2005-10-01,0,1,0,1,0,2,2
CORO CORO,desnutricion global,desnutricion moderada (m),2005-10-01,3,1,4,2,7,3,10
COROICO,desnutricion global,desnutricion moderada (m),2005-10-01,3,2,4,0,7,2,9
CORQUE,desnutricion global,desnutricion moderada (m),2005-10-01,5,6,3,0,8,6,14
COTAGAITA,desnutricion global,desnutricion moderada (m),2005-10-01,28,16,22,30,50,46,96
COTOCA,desnutricion global,desnutricion moderada (m),2005-10-01,6,5,0,1,6,6,12
CUATRO CAÑADAS,desnutricion global,desnutricion moderada (m),2005-10-01,0,12,1,3,1,15,16
CUCHUMUELA (V. G. VILLARROEL),desnutricion global,desnutricion moderada (m),2005-10-01,1,3,0,1,1,4,5
CUEVO,desnutricion global,desnutricion moderada (m),2005-10-01,3,2,0,1,3,3,6
CULPINA,desnutricion global,desnutricion moderada (m),2005-10-01,28,16,30,26,58,42,100
CURAHUARA DE CARANGAS,desnutricion global,desnutricion moderada (m),2005-10-01,0,1,2,2,2,3,5
CURVA,desnutricion global,desnutricion moderada (m),2005-10-01,2,1,0,1,2,2,4
DESAGUADERO,desnutricion global,desnutricion moderada (m),2005-10-01,3,2,0,0,3,2,5
EL ALTO,desnutricion global,desnutricion moderada (m),2005-10-01,233,185,127,137,360,322,682
EL CHORO,desnutricion global,desnutricion moderada (m),2005-10-01,1,1,2,1,3,2,5
EL PUENTE(STC),desnutricion global,desnutricion moderada (m),2005-10-01,2,3,7,1,9,4,13
EL PUENTE(TJA),desnutricion global,desnutricion moderada (m),2005-10-01,3,3,0,6,3,9,12
EL TORNO,desnutricion global,desnutricion moderada (m),2005-10-01,3,2,4,6,7,8,15
EL VILLAR,desnutricion global,desnutricion moderada (m),2005-10-01,3,6,2,9,5,15,20
ENTRE RIOS,desnutricion global,desnutricion moderada (m),2005-10-01,13,9,7,7,20,16,36
ENTRE RIOS,desnutricion global,desnutricion moderada (m),2005-10-01,7,4,4,7,11,11,22
EUCALIPTUS,desnutricion global,desnutricion moderada (m),2005-10-01,0,1,3,3,3,4,7
EXALTACION,desnutricion global,desnutricion moderada (m),2005-10-01,2,1,1,0,3,1,4
FERNANDEZ ALONSO,desnutricion global,desnutricion moderada (m),2005-10-01,4,2,0,4,4,6,10
FILADELFIA,desnutricion global,desnutricion moderada (m),2005-10-01,1,0,0,0,1,0,1
GENERAL SAAVEDRA,desnutricion global,desnutricion moderada (m),2005-10-01,10,8,3,1,13,9,22
GRAL. J.J. PEREZ (CHARAZANI),desnutricion global,desnutricion moderada (m),2005-10-01,6,2,6,4,12,6,18
GUANAY,desnutricion global,desnutricion moderada (m),2005-10-01,5,9,2,3,7,12,19
GUAQUI,desnutricion global,desnutricion moderada (m),2005-10-01,4,1,1,3,5,4,9
GUAYARAMERIN,desnutricion global,desnutricion moderada (m),2005-10-01,18,19,6,13,24,32,56
GUTIERREZ,desnutricion global,desnutricion moderada (m),2005-10-01,16,21,19,25,35,46,81
HUACARETA,desnutricion global,desnutricion moderada (m),2005-10-01,1,5,8,6,9,11,20
HUACAYA (VILLA DE HUACAYA),desnutricion global,desnutricion moderada (m),2005-10-01,1,2,4,1,5,3,8
HUANUNI,desnutricion global,desnutricion moderada (m),2005-10-01,8,6,1,3,9,9,18
HUARACAJE,desnutricion global,desnutricion moderada (m),2005-10-01,1,1,0,0,1,1,2
HUAYLLAMARCA,desnutricion global,desnutricion moderada (m),2005-10-01,1,0,0,0,1,0,1
ICHOCA,desnutricion global,desnutricion moderada (m),2005-10-01,4,3,1,1,5,4,9
ICLA,desnutricion global,desnutricion moderada (m),2005-10-01,25,24,28,28,53,52,105
INCAHUASI,desnutricion global,desnutricion moderada (m),2005-10-01,41,24,13,25,54,49,103
INQUISIVI,desnutricion global,desnutricion moderada (m),2005-10-01,7,4,2,0,9,4,13
IRUPANA (VILLA DE LANZA),desnutricion global,desnutricion moderada (m),2005-10-01,1,1,0,0,1,1,2
IXIAMAS,desnutricion global,desnutricion moderada (m),2005-10-01,5,1,1,1,6,2,8
JESUS DE MACHACA,desnutricion global,desnutricion moderada (m),2005-10-01,5,7,2,4,7,11,18
LA ASUNTA,desnutricion global,desnutricion moderada (m),2005-10-01,4,4,2,1,6,5,11
LA GUARDIA,desnutricion global,desnutricion moderada (m),2005-10-01,17,10,8,13,25,23,48
LA PAZ,desnutricion global,desnutricion moderada (m),2005-10-01,118,149,67,66,185,215,400
LAGUNILLAS,desnutricion global,desnutricion moderada (m),2005-10-01,3,0,4,4,7,4,11
LAJA,desnutricion global,desnutricion moderada (m),2005-10-01,2,1,2,3,4,4,8
LAS CARRERAS,desnutricion global,desnutricion moderada (m),2005-10-01,0,0,3,3,3,3,6
LLALLAGUA,desnutricion global,desnutricion moderada (m),2005-10-01,12,10,24,19,36,29,65
LLICA,desnutricion global,desnutricion moderada (m),2005-10-01,0,3,0,0,0,3,3
LURIBAY,desnutricion global,desnutricion moderada (m),2005-10-01,5,7,2,4,7,11,18
MACHACAMARCA,desnutricion global,desnutricion moderada (m),2005-10-01,3,0,0,0,3,0,3
MACHARETI,desnutricion global,desnutricion moderada (m),2005-10-01,1,2,2,9,3,11,14
MAGDALENA,desnutricion global,desnutricion moderada (m),2005-10-01,3,0,1,0,4,0,4
MAIRANA,desnutricion global,desnutricion moderada (m),2005-10-01,2,0,0,0,2,0,2
MALLA,desnutricion global,desnutricion moderada (m),2005-10-01,2,1,1,2,3,3,6
MAPIRI,desnutricion global,desnutricion moderada (m),2005-10-01,2,4,2,4,4,8,12
MECAPACA,desnutricion global,desnutricion moderada (m),2005-10-01,0,2,1,1,1,3,4
MINEROS,desnutricion global,desnutricion moderada (m),2005-10-01,3,3,0,0,3,3,6
MIZQUE,desnutricion global,desnutricion moderada (m),2005-10-01,15,15,3,10,18,25,43
MOCOMOCO,desnutricion global,desnutricion moderada (m),2005-10-01,3,3,3,3,6,6,12
MOJINETE,desnutricion global,desnutricion moderada (m),2005-10-01,1,0,0,0,1,0,1
MOJOCOYA,desnutricion global,desnutricion moderada (m),2005-10-01,7,8,4,7,11,15,26
MONTEAGUDO,desnutricion global,desnutricion moderada (m),2005-10-01,29,7,7,13,36,20,56
MONTERO,desnutricion global,desnutricion moderada (m),2005-10-01,30,19,18,28,48,47,95
MORO MORO,desnutricion global,desnutricion moderada (m),2005-10-01,1,0,1,1,2,1,3
MOROCHATA,desnutricion global,desnutricion moderada (m),2005-10-01,12,19,12,19,24,38,62
NACEBE (SANTA ROSA DEL ABUNA),desnutricion global,desnutricion moderada (m),2005-10-01,0,0,1,0,1,0,1
NUEVO MANOA (NUEVA ESPERANZA),desnutricion global,desnutricion moderada (m),2005-10-01,0,0,1,0,1,0,1
OCURI,desnutricion global,desnutricion moderada (m),2005-10-01,23,10,17,13,40,23,63
OMEREQUE,desnutricion global,desnutricion moderada (m),2005-10-01,1,4,2,7,3,11,14
ORURO,desnutricion global,desnutricion moderada (m),2005-10-01,64,57,33,42,97,99,196
PADCAYA,desnutricion global,desnutricion moderada (m),2005-10-01,3,4,2,3,5,7,12
PADILLA,desnutricion global,desnutricion moderada (m),2005-10-01,6,7,15,11,21,18,39
PALCA,desnutricion global,desnutricion moderada (m),2005-10-01,1,2,2,2,3,4,7
PALOS BLANCOS,desnutricion global,desnutricion moderada (m),2005-10-01,19,18,7,11,26,29,55
PAMPA AULLAGAS,desnutricion global,desnutricion moderada (m),2005-10-01,0,1,0,1,0,2,2
PAMPA GRANDE,desnutricion global,desnutricion moderada (m),2005-10-01,1,1,0,2,1,3,4
PAPEL PAMPA,desnutricion global,desnutricion moderada (m),2005-10-01,1,0,0,2,1,2,3
PASORAPA,desnutricion global,desnutricion moderada (m),2005-10-01,2,2,0,3,2,5,7
PATACAMAYA,desnutricion global,desnutricion moderada (m),2005-10-01,9,14,7,8,16,22,38
PAZÑA,desnutricion global,desnutricion moderada (m),2005-10-01,0,1,3,1,3,2,5
PELECHUCO,desnutricion global,desnutricion moderada (m),2005-10-01,3,3,2,4,5,7,12
POCOATA,desnutricion global,desnutricion moderada (m),2005-10-01,18,19,20,27,38,46,84
POCONA,desnutricion global,desnutricion moderada (m),2005-10-01,8,1,7,10,15,11,26
POJO (CBBA),desnutricion global,desnutricion moderada (m),2005-10-01,2,2,2,2,4,4,8
POOPO,desnutricion global,desnutricion moderada (m),2005-10-01,0,0,1,0,1,0,1
PORCO,desnutricion global,desnutricion moderada (m),2005-10-01,2,0,3,1,5,1,6
POROMA,desnutricion global,desnutricion moderada (m),2005-10-01,15,16,17,31,32,47,79
PORTACHUELO,desnutricion global,desnutricion moderada (m),2005-10-01,3,4,5,8,8,12,20
PORVENIR,desnutricion global,desnutricion moderada (m),2005-10-01,3,1,1,0,4,1,5
POSTRER VALLE,desnutricion global,desnutricion moderada (m),2005-10-01,0,0,1,2,1,2,3
POTOSI,desnutricion global,desnutricion moderada (m),2005-10-01,88,78,49,56,137,134,271
PRESTO,desnutricion global,desnutricion moderada (m),2005-10-01,13,8,8,6,21,14,35
PUCARA,desnutricion global,desnutricion moderada (m),2005-10-01,1,0,0,0,1,0,1
PUCARANI,desnutricion global,desnutricion moderada (m),2005-10-01,6,7,6,7,12,14,26
PUERTO ACOSTA,desnutricion global,desnutricion moderada (m),2005-10-01,3,2,0,0,3,2,5
PUERTO CARABUCO,desnutricion global,desnutricion moderada (m),2005-10-01,8,4,3,1,11,5,16
PUERTO GONZALO MORENO,desnutricion global,desnutricion moderada (m),2005-10-01,5,4,3,4,8,8,16
PUERTO PEREZ,desnutricion global,desnutricion moderada (m),2005-10-01,0,0,2,0,2,0,2
PUERTO QUIJARRO,desnutricion global,desnutricion moderada (m),2005-10-01,1,2,0,0,1,2,3
PUERTO RICO,desnutricion global,desnutricion moderada (m),2005-10-01,2,0,1,2,3,2,5
PUERTO SUAREZ,desnutricion global,desnutricion moderada (m),2005-10-01,3,2,0,3,3,5,8
PUERTO VILLARROEL,desnutricion global,desnutricion moderada (m),2005-10-01,26,16,12,18,38,34,72
PUNA,desnutricion global,desnutricion moderada (m),2005-10-01,31,21,25,42,56,63,119
PUNATA,desnutricion global,desnutricion moderada (m),2005-10-01,8,1,8,3,16,4,20
QUIABAYA,desnutricion global,desnutricion moderada (m),2005-10-01,0,0,1,1,1,1,2
QUILLACOLLO,desnutricion global,desnutricion moderada (m),2005-10-01,23,22,13,25,36,47,83
QUIME,desnutricion global,desnutricion moderada (m),2005-10-01,3,2,3,3,6,5,11
RAVELO,desnutricion global,desnutricion moderada (m),2005-10-01,58,49,42,45,100,94,194
REYES,desnutricion global,desnutricion moderada (m),2005-10-01,4,1,4,3,8,4,12
RIBERALTA,desnutricion global,desnutricion moderada (m),2005-10-01,56,60,32,31,88,91,179
RURRENABAQUE,desnutricion global,desnutricion moderada (m),2005-10-01,7,2,1,0,8,2,10
SABAYA,desnutricion global,desnutricion moderada (m),2005-10-01,1,0,0,0,1,0,1
SACABA,desnutricion global,desnutricion moderada (m),2005-10-01,12,16,3,6,15,22,37
SACABAMBA,desnutricion global,desnutricion moderada (m),2005-10-01,6,1,4,4,10,5,15
SACACA,desnutricion global,desnutricion moderada (m),2005-10-01,36,33,31,51,67,84,151
SAIPINA,desnutricion global,desnutricion moderada (m),2005-10-01,3,2,0,0,3,2,5
SALINAS DE GARCI MENDOZA,desnutricion global,desnutricion moderada (m),2005-10-01,5,3,3,3,8,6,14
SAMAIPATA,desnutricion global,desnutricion moderada (m),2005-10-01,1,2,1,2,2,4,6
SAN AGUSTIN,desnutricion global,desnutricion moderada (m),2005-10-01,0,0,0,1,0,1,1
SAN ANDRES,desnutricion global,desnutricion moderada (m),2005-10-01,3,3,1,2,4,5,9
SAN ANDRES DE MACHACA,desnutricion global,desnutricion moderada (m),2005-10-01,0,2,0,1,0,3,3
SAN ANTONIO DE ESMORUCO,desnutricion global,desnutricion moderada (m),2005-10-01,0,0,0,1,0,1,1
SAN ANTONIO DE LOMERIO,desnutricion global,desnutricion moderada (m),2005-10-01,2,1,0,3,2,4,6
SAN BENITO,desnutricion global,desnutricion moderada (m),2005-10-01,2,0,0,1,2,1,3
SAN BORJA,desnutricion global,desnutricion moderada (m),2005-10-01,11,15,17,21,28,36,64
SAN BUENA VENTURA,desnutricion global,desnutricion moderada (m),2005-10-01,0,1,3,1,3,2,5
SAN CARLOS,desnutricion global,desnutricion moderada (m),2005-10-01,2,4,0,2,2,6,8
SAN IGNACIO,desnutricion global,desnutricion moderada (m),2005-10-01,7,7,5,8,12,15,27
SAN IGNACIO DE VELASCO,desnutricion global,desnutricion moderada (m),2005-10-01,13,32,26,35,39,67,106
SAN JAVIER(BNI),desnutricion global,desnutricion moderada (m),2005-10-01,0,1,0,1,0,2,2
SAN JAVIER(STC),desnutricion global,desnutricion moderada (m),2005-10-01,0,1,0,1,0,2,2
SAN JOAQUIN,desnutricion global,desnutricion moderada (m),2005-10-01,0,1,0,0,0,1,1
SAN JUAN DE YAPACANI,desnutricion global,desnutricion moderada (m),2005-10-01,0,1,1,0,1,1,2
SAN JULIAN,desnutricion global,desnutricion moderada (m),2005-10-01,6,8,7,4,13,12,25
SAN LORENZO(PND),desnutricion global,desnutricion moderada (m),2005-10-01,3,5,2,2,5,7,12
SAN LORENZO(TJA),desnutricion global,desnutricion moderada (m),2005-10-01,8,8,10,12,18,20,38
SAN LUCAS,desnutricion global,desnutricion moderada (m),2005-10-01,66,70,55,77,121,147,268
SAN MIGUEL DE VELASCO,desnutricion global,desnutricion moderada (m),2005-10-01,3,3,4,2,7,5,12
SAN PABLO DE LIPEZ,desnutricion global,desnutricion moderada (m),2005-10-01,0,0,1,1,1,1,2
SAN PEDRO,desnutricion global,desnutricion moderada (m),2005-10-01,1,1,1,3,2,4,6
SAN PEDRO DE BUENA VISTA,desnutricion global,desnutricion moderada (m),2005-10-01,22,29,28,30,50,59,109
SAN PEDRO DE CURAHUARA,desnutricion global,desnutricion moderada (m),2005-10-01,3,0,3,1,6,1,7
SAN PEDRO DE TIQUINA,desnutricion global,desnutricion moderada (m),2005-10-01,3,0,0,0,3,0,3
SAN PEDRO(PND),desnutricion global,desnutricion moderada (m),2005-10-01,1,2,0,0,1,2,3
SAN RAFAEL,desnutricion global,desnutricion moderada (m),2005-10-01,0,0,2,1,2,1,3
SANTA ANA,desnutricion global,desnutricion moderada (m),2005-10-01,4,3,0,0,4,3,7
SANTA CRUZ DE LA SIERRA,desnutricion global,desnutricion moderada (m),2005-10-01,83,83,20,36,103,119,222
SANTA ROSA,desnutricion global,desnutricion moderada (m),2005-10-01,3,5,1,1,4,6,10
SANTA ROSA DEL SARA,desnutricion global,desnutricion moderada (m),2005-10-01,1,2,1,1,2,3,5
SANTIAGO DE CALLAPA,desnutricion global,desnutricion moderada (m),2005-10-01,1,2,5,2,6,4,10
SANTIAGO DE HUARI,desnutricion global,desnutricion moderada (m),2005-10-01,0,1,1,2,1,3,4
SANTIAGO DE MACHACA,desnutricion global,desnutricion moderada (m),2005-10-01,0,1,0,1,0,2,2
SANTIVAÑES,desnutricion global,desnutricion moderada (m),2005-10-01,0,1,1,2,1,3,4
SANTUARIO DE QUILLACAS,desnutricion global,desnutricion moderada (m),2005-10-01,1,2,1,0,2,2,4
SAPAHAQUI,desnutricion global,desnutricion moderada (m),2005-10-01,12,8,3,9,15,17,32
SENA,desnutricion global,desnutricion moderada (m),2005-10-01,1,5,1,1,2,6,8
SICA SICA (VILLA AROMA),desnutricion global,desnutricion moderada (m),2005-10-01,14,13,9,18,23,31,54
SICAYA,desnutricion global,desnutricion moderada (m),2005-10-01,4,1,0,0,4,1,5
SIPE SIPE,desnutricion global,desnutricion moderada (m),2005-10-01,27,17,11,77,38,94,132
SOPACHUY,desnutricion global,desnutricion moderada (m),2005-10-01,7,10,4,17,11,27,38
SORACACHI,desnutricion global,desnutricion moderada (m),2005-10-01,10,4,7,6,17,10,27
SORATA,desnutricion global,desnutricion moderada (m),2005-10-01,2,0,0,1,2,1,3
SUCRE,desnutricion global,desnutricion moderada (m),2005-10-01,56,64,37,56,93,120,213
TACACHI,desnutricion global,desnutricion moderada (m),2005-10-01,2,0,1,0,3,0,3
TACOPAYA,desnutricion global,desnutricion moderada (m),2005-10-01,19,22,5,17,24,39,63
TAHUA,desnutricion global,desnutricion moderada (m),2005-10-01,0,1,0,0,0,1,1
TAPACARI,desnutricion global,desnutricion moderada (m),2005-10-01,20,19,14,15,34,34,68
TARABUCO,desnutricion global,desnutricion moderada (m),2005-10-01,52,60,43,62,95,122,217
TARACO,desnutricion global,desnutricion moderada (m),2005-10-01,0,1,0,0,0,1,1
TARATA,desnutricion global,desnutricion moderada (m),2005-10-01,3,5,1,4,4,9,13
TARIJA,desnutricion global,desnutricion moderada (m),2005-10-01,20,19,26,29,46,48,94
TARVITA,desnutricion global,desnutricion moderada (m),2005-10-01,7,12,4,2,11,14,25
TIAWANACU,desnutricion global,desnutricion moderada (m),2005-10-01,0,0,1,0,1,0,1
TINGUIPAYA,desnutricion global,desnutricion moderada (m),2005-10-01,28,23,13,27,41,50,91
TIPUANI,desnutricion global,desnutricion moderada (m),2005-10-01,2,1,1,0,3,1,4
TIQUIPAYA,desnutricion global,desnutricion moderada (m),2005-10-01,13,3,7,7,20,10,30
TIRAQUE (CBBA),desnutricion global,desnutricion moderada (m),2005-10-01,22,25,12,16,34,41,75
TITO YUPANQUI (PARQUIPUJIO),desnutricion global,desnutricion moderada (m),2005-10-01,0,0,0,1,0,1,1
TOCO,desnutricion global,desnutricion moderada (m),2005-10-01,1,2,3,2,4,4,8
TOLEDO,desnutricion global,desnutricion moderada (m),2005-10-01,2,0,0,0,2,0,2
TOMAVE,desnutricion global,desnutricion moderada (m),2005-10-01,6,7,2,2,8,9,17
TOMINA,desnutricion global,desnutricion moderada (m),2005-10-01,14,19,13,28,27,47,74
TORO TORO,desnutricion global,desnutricion moderada (m),2005-10-01,15,13,14,25,29,38,67
TOTORA(CBBA),desnutricion global,desnutricion moderada (m),2005-10-01,10,8,9,10,19,18,37
TRINIDAD,desnutricion global,desnutricion moderada (m),2005-10-01,21,11,16,7,37,18,55
TUPIZA,desnutricion global,desnutricion moderada (m),2005-10-01,7,9,7,11,14,20,34
UMALA,desnutricion global,desnutricion moderada (m),2005-10-01,2,2,2,3,4,5,9
UNCIA,desnutricion global,desnutricion moderada (m),2005-10-01,15,22,5,13,20,35,55
URIONDO (A. CONCEPCION),desnutricion global,desnutricion moderada (m),2005-10-01,3,6,3,13,6,19,25
URUBICHA,desnutricion global,desnutricion moderada (m),2005-10-01,7,8,5,18,12,26,38
UYUNI,desnutricion global,desnutricion moderada (m),2005-10-01,1,2,2,2,3,4,7
VACAS,desnutricion global,desnutricion moderada (m),2005-10-01,7,8,2,4,9,12,21
VALLEGRANDE,desnutricion global,desnutricion moderada (m),2005-10-01,3,4,1,4,4,8,12
VIACHA,desnutricion global,desnutricion moderada (m),2005-10-01,12,9,7,7,19,16,35
VILA VILA,desnutricion global,desnutricion moderada (m),2005-10-01,4,7,7,6,11,13,24
VILLA MONTES,desnutricion global,desnutricion moderada (m),2005-10-01,4,4,8,5,12,9,21
VILLA RIVERO,desnutricion global,desnutricion moderada (m),2005-10-01,3,4,5,4,8,8,16
VILLA SERRANO,desnutricion global,desnutricion moderada (m),2005-10-01,16,10,18,15,34,25,59
VILLA TUNARI,desnutricion global,desnutricion moderada (m),2005-10-01,30,31,20,20,50,51,101
VILLA VACA GUZMAN (MUYUPAMPA),desnutricion global,desnutricion moderada (m),2005-10-01,2,1,7,4,9,5,14
VILLAZON,desnutricion global,desnutricion moderada (m),2005-10-01,12,11,1,9,13,20,33
VINTO,desnutricion global,desnutricion moderada (m),2005-10-01,9,5,3,3,12,8,20
VITICHI,desnutricion global,desnutricion moderada (m),2005-10-01,6,20,14,8,20,28,48
WALDO BALLIVIAN,desnutricion global,desnutricion moderada (m),2005-10-01,1,0,1,3,2,3,5
WARNES,desnutricion global,desnutricion moderada (m),2005-10-01,4,4,6,6,10,10,20
YACO,desnutricion global,desnutricion moderada (m),2005-10-01,8,6,6,4,14,10,24
YACUIBA,desnutricion global,desnutricion moderada (m),2005-10-01,13,9,4,14,17,23,40
YAMPARAEZ,desnutricion global,desnutricion moderada (m),2005-10-01,18,14,14,13,32,27,59
YAPACANI,desnutricion global,desnutricion moderada (m),2005-10-01,4,14,4,6,8,20,28
YOCALLA,desnutricion global,desnutricion moderada (m),2005-10-01,2,0,0,0,2,0,2
YOTALA,desnutricion global,desnutricion moderada (m),2005-10-01,14,8,1,13,15,21,36
YUNCHARA,desnutricion global,desnutricion moderada (m),2005-10-01,9,5,11,13,20,18,38
ZUDAÑEZ,desnutricion global,desnutricion moderada (m),2005-10-01,5,10,11,10,16,20,36
ACACIO,desnutricion global,desnutricion moderada (m),2005-11-01,7,9,10,2,17,11,28
ACHACACHI,desnutricion global,desnutricion moderada (m),2005-11-01,5,9,4,4,9,13,22
ACHOCALLA,desnutricion global,desnutricion moderada (m),2005-11-01,1,0,0,0,1,0,1
AIQUILE,desnutricion global,desnutricion moderada (m),2005-11-01,15,8,5,11,20,19,39
ALALAY,desnutricion global,desnutricion moderada (m),2005-11-01,2,3,5,1,7,4,11
ALCALA,desnutricion global,desnutricion moderada (m),2005-11-01,4,3,7,8,11,11,22
ANCORAIMES,desnutricion global,desnutricion moderada (m),2005-11-01,7,4,2,3,9,7,16
ANDAMARCA,desnutricion global,desnutricion moderada (m),2005-11-01,3,1,1,3,4,4,8
ANTEQUERA,desnutricion global,desnutricion moderada (m),2005-11-01,1,1,0,0,1,1,2
ANZALDO,desnutricion global,desnutricion moderada (m),2005-11-01,2,3,0,3,2,6,8
APOLO,desnutricion global,desnutricion moderada (m),2005-11-01,12,8,6,15,18,23,41
ARAMPAMPA,desnutricion global,desnutricion moderada (m),2005-11-01,11,4,5,6,16,10,26
ARANI,desnutricion global,desnutricion moderada (m),2005-11-01,2,1,0,4,2,5,7
ARBIETO,desnutricion global,desnutricion moderada (m),2005-11-01,5,11,8,7,13,18,31
ARQUE,desnutricion global,desnutricion moderada (m),2005-11-01,15,17,4,8,19,25,44
ATOCHA,desnutricion global,desnutricion moderada (m),2005-11-01,4,9,2,0,6,9,15
AUCAPATA,desnutricion global,desnutricion moderada (m),2005-11-01,1,0,3,0,4,0,4
AYATA,desnutricion global,desnutricion moderada (m),2005-11-01,5,3,4,3,9,6,15
AYO AYO,desnutricion global,desnutricion moderada (m),2005-11-01,6,2,1,3,7,5,12
AYOPAYA (V. DE INDEPENDENCIA),desnutricion global,desnutricion moderada (m),2005-11-01,14,12,11,17,25,29,54
AZURDUY,desnutricion global,desnutricion moderada (m),2005-11-01,12,14,16,21,28,35,63
BATALLAS,desnutricion global,desnutricion moderada (m),2005-11-01,3,3,0,4,3,7,10
BAURES,desnutricion global,desnutricion moderada (m),2005-11-01,1,5,0,1,1,6,7
BELEN DE ANDAMARCA,desnutricion global,desnutricion moderada (m),2005-11-01,1,0,0,0,1,0,1
BELEN DE URMIRI,desnutricion global,desnutricion moderada (m),2005-11-01,0,1,2,5,2,6,8
BERMEJO,desnutricion global,desnutricion moderada (m),2005-11-01,2,0,3,3,5,3,8
BETANZOS,desnutricion global,desnutricion moderada (m),2005-11-01,31,30,36,42,67,72,139
BOLIVAR,desnutricion global,desnutricion moderada (m),2005-11-01,17,19,13,9,30,28,58
BOYUIBE,desnutricion global,desnutricion moderada (m),2005-11-01,1,0,0,0,1,0,1
BUENA VISTA,desnutricion global,desnutricion moderada (m),2005-11-01,0,1,2,1,2,2,4
CABEZAS,desnutricion global,desnutricion moderada (m),2005-11-01,2,6,2,4,4,10,14
CAIROMA,desnutricion global,desnutricion moderada (m),2005-11-01,32,17,5,19,37,36,73
"CAIZA ""D""",desnutricion global,desnutricion moderada (m),2005-11-01,5,4,16,14,21,18,39
CAJUATA,desnutricion global,desnutricion moderada (m),2005-11-01,1,3,6,4,7,7,14
CALACOTO,desnutricion global,desnutricion moderada (m),2005-11-01,1,1,1,2,2,3,5
CALAMARCA,desnutricion global,desnutricion moderada (m),2005-11-01,26,15,10,16,36,31,67
CAMARGO,desnutricion global,desnutricion moderada (m),2005-11-01,10,10,7,8,17,18,35
CAMATAQUI (C. VILLA ABECIA),desnutricion global,desnutricion moderada (m),2005-11-01,6,2,1,6,7,8,15
CAMIRI,desnutricion global,desnutricion moderada (m),2005-11-01,6,6,11,14,17,20,37
CAPINOTA,desnutricion global,desnutricion moderada (m),2005-11-01,18,21,11,19,29,40,69
CAQUIAVIRI,desnutricion global,desnutricion moderada (m),2005-11-01,2,0,2,1,4,1,5
CARACOLLO,desnutricion global,desnutricion moderada (m),2005-11-01,2,3,3,0,5,3,8
CARANAVI,desnutricion global,desnutricion moderada (m),2005-11-01,20,14,10,22,30,36,66
CARAPARI,desnutricion global,desnutricion moderada (m),2005-11-01,0,2,0,1,0,3,3
CARIPUYO,desnutricion global,desnutricion moderada (m),2005-11-01,14,14,24,20,38,34,72
CATACORA,desnutricion global,desnutricion moderada (m),2005-11-01,0,0,1,2,1,2,3
CHACARILLA,desnutricion global,desnutricion moderada (m),2005-11-01,1,1,2,3,3,4,7
CHALLAPATA,desnutricion global,desnutricion moderada (m),2005-11-01,25,7,9,21,34,28,62
CHAQUI,desnutricion global,desnutricion moderada (m),2005-11-01,6,4,2,8,8,12,20
CHARAGUA,desnutricion global,desnutricion moderada (m),2005-11-01,11,5,6,5,17,10,27
CHARAÑA,desnutricion global,desnutricion moderada (m),2005-11-01,1,0,1,2,2,2,4
CHAYANTA,desnutricion global,desnutricion moderada (m),2005-11-01,13,9,11,6,24,15,39
CHIMORE,desnutricion global,desnutricion moderada (m),2005-11-01,9,2,1,6,10,8,18
CHIPAYA,desnutricion global,desnutricion moderada (m),2005-11-01,0,1,2,1,2,2,4
CHOQUE COTA,desnutricion global,desnutricion moderada (m),2005-11-01,2,2,1,3,3,5,8
CHULUMANI (V. DE LA LIBERTAD),desnutricion global,desnutricion moderada (m),2005-11-01,3,5,2,0,5,5,10
CHUMA,desnutricion global,desnutricion moderada (m),2005-11-01,7,9,6,8,13,17,30
CLIZA,desnutricion global,desnutricion moderada (m),2005-11-01,11,15,1,4,12,19,31
COBIJA,desnutricion global,desnutricion moderada (m),2005-11-01,14,15,10,12,24,27,51
COCHABAMBA,desnutricion global,desnutricion moderada (m),2005-11-01,80,82,49,60,129,142,271
COIPASA,desnutricion global,desnutricion moderada (m),2005-11-01,0,1,0,0,0,1,1
COLCAPIRHUA,desnutricion global,desnutricion moderada (m),2005-11-01,11,5,5,11,16,16,32
"COLCHA ""K""",desnutricion global,desnutricion moderada (m),2005-11-01,3,1,1,6,4,7,11
COLLANA,desnutricion global,desnutricion moderada (m),2005-11-01,1,0,0,0,1,0,1
COLOMI,desnutricion global,desnutricion moderada (m),2005-11-01,8,7,7,7,15,14,29
COLPA BELGICA,desnutricion global,desnutricion moderada (m),2005-11-01,2,1,0,2,2,3,5
COLQUECHACA,desnutricion global,desnutricion moderada (m),2005-11-01,42,31,23,19,65,50,115
COLQUENCHA,desnutricion global,desnutricion moderada (m),2005-11-01,4,1,0,0,4,1,5
COLQUIRI,desnutricion global,desnutricion moderada (m),2005-11-01,11,4,7,5,18,9,27
COMANCHE,desnutricion global,desnutricion moderada (m),2005-11-01,0,1,0,2,0,3,3
COMARAPA,desnutricion global,desnutricion moderada (m),2005-11-01,9,10,8,10,17,20,37
COMBAYA,desnutricion global,desnutricion moderada (m),2005-11-01,0,0,2,1,2,1,3
CONCEPCION,desnutricion global,desnutricion moderada (m),2005-11-01,0,1,0,0,0,1,1
COPACABANA,desnutricion global,desnutricion moderada (m),2005-11-01,6,3,1,3,7,6,13
CORIPATA,desnutricion global,desnutricion moderada (m),2005-11-01,0,0,0,1,0,1,1
CORO CORO,desnutricion global,desnutricion moderada (m),2005-11-01,6,5,6,5,12,10,22
COROICO,desnutricion global,desnutricion moderada (m),2005-11-01,1,6,6,2,7,8,15
CORQUE,desnutricion global,desnutricion moderada (m),2005-11-01,6,5,1,4,7,9,16
COTAGAITA,desnutricion global,desnutricion moderada (m),2005-11-01,26,20,30,33,56,53,109
COTOCA,desnutricion global,desnutricion moderada (m),2005-11-01,7,10,3,4,10,14,24
CUATRO CAÑADAS,desnutricion global,desnutricion moderada (m),2005-11-01,7,4,3,2,10,6,16
CUCHUMUELA (V. G. VILLARROEL),desnutricion global,desnutricion moderada (m),2005-11-01,0,3,1,1,1,4,5
CUEVO,desnutricion global,desnutricion moderada (m),2005-11-01,2,1,1,4,3,5,8
CULPINA,desnutricion global,desnutricion moderada (m),2005-11-01,35,25,24,27,59,52,111
CURAHUARA DE CARANGAS,desnutricion global,desnutricion moderada (m),2005-11-01,1,2,1,0,2,2,4
CURVA,desnutricion global,desnutricion moderada (m),2005-11-01,0,0,1,0,1,0,1
DESAGUADERO,desnutricion global,desnutricion moderada (m),2005-11-01,0,1,0,0,0,1,1
EL ALTO,desnutricion global,desnutricion moderada (m),2005-11-01,301,256,160,176,461,432,893
EL PUENTE(STC),desnutricion global,desnutricion moderada (m),2005-11-01,4,4,1,1,5,5,10
EL PUENTE(TJA),desnutricion global,desnutricion moderada (m),2005-11-01,8,5,5,2,13,7,20
EL TORNO,desnutricion global,desnutricion moderada (m),2005-11-01,9,5,3,7,12,12,24
EL VILLAR,desnutricion global,desnutricion moderada (m),2005-11-01,3,3,3,8,6,11,17
ENTRE RIOS,desnutricion global,desnutricion moderada (m),2005-11-01,17,15,9,14,26,29,55
ENTRE RIOS,desnutricion global,desnutricion moderada (m),2005-11-01,5,6,2,8,7,14,21
ESCARA,desnutricion global,desnutricion moderada (m),2005-11-01,0,0,0,1,0,1,1
EUCALIPTUS,desnutricion global,desnutricion moderada (m),2005-11-01,2,1,1,3,3,4,7
EUREKA (SANTOS MERCADO),desnutricion global,desnutricion moderada (m),2005-11-01,0,0,0,1,0,1,1
EXALTACION,desnutricion global,desnutricion moderada (m),2005-11-01,1,0,1,0,2,0,2
FERNANDEZ ALONSO,desnutricion global,desnutricion moderada (m),2005-11-01,3,4,4,3,7,7,14
FILADELFIA,desnutricion global,desnutricion moderada (m),2005-11-01,0,1,0,0,0,1,1
GENERAL SAAVEDRA,desnutricion global,desnutricion moderada (m),2005-11-01,3,1,2,7,5,8,13
GRAL. J.J. PEREZ (CHARAZANI),desnutricion global,desnutricion moderada (m),2005-11-01,8,3,6,6,14,9,23
GUANAY,desnutricion global,desnutricion moderada (m),2005-11-01,3,6,2,6,5,12,17
GUAQUI,desnutricion global,desnutricion moderada (m),2005-11-01,3,0,0,3,3,3,6
GUAYARAMERIN,desnutricion global,desnutricion moderada (m),2005-11-01,13,21,8,9,21,30,51
GUTIERREZ,desnutricion global,desnutricion moderada (m),2005-11-01,10,20,22,16,32,36,68
HUACARETA,desnutricion global,desnutricion moderada (m),2005-11-01,4,3,3,3,7,6,13
HUACAYA (VILLA DE HUACAYA),desnutricion global,desnutricion moderada (m),2005-11-01,2,2,1,2,3,4,7
HUANUNI,desnutricion global,desnutricion moderada (m),2005-11-01,5,5,2,1,7,6,13
HUARACAJE,desnutricion global,desnutricion moderada (m),2005-11-01,1,1,0,0,1,1,2
ICHOCA,desnutricion global,desnutricion moderada (m),2005-11-01,1,3,4,2,5,5,10
ICLA,desnutricion global,desnutricion moderada (m),2005-11-01,18,22,24,28,42,50,92
INCAHUASI,desnutricion global,desnutricion moderada (m),2005-11-01,37,33,19,28,56,61,117
INQUISIVI,desnutricion global,desnutricion moderada (m),2005-11-01,1,6,2,2,3,8,11
IRUPANA (VILLA DE LANZA),desnutricion global,desnutricion moderada (m),2005-11-01,4,2,3,3,7,5,12
IXIAMAS,desnutricion global,desnutricion moderada (m),2005-11-01,1,4,2,1,3,5,8
JESUS DE MACHACA,desnutricion global,desnutricion moderada (m),2005-11-01,5,6,0,3,5,9,14
LA ASUNTA,desnutricion global,desnutricion moderada (m),2005-11-01,3,5,1,6,4,11,15
LA GUARDIA,desnutricion global,desnutricion moderada (m),2005-11-01,9,13,8,6,17,19,36
LA PAZ,desnutricion global,desnutricion moderada (m),2005-11-01,144,165,53,85,197,250,447
LAGUNILLAS,desnutricion global,desnutricion moderada (m),2005-11-01,4,2,3,1,7,3,10
LAJA,desnutricion global,desnutricion moderada (m),2005-11-01,4,2,2,3,6,5,11
LAS CARRERAS,desnutricion global,desnutricion moderada (m),2005-11-01,0,0,0,3,0,3,3
LLALLAGUA,desnutricion global,desnutricion moderada (m),2005-11-01,28,16,34,38,62,54,116
LLICA,desnutricion global,desnutricion moderada (m),2005-11-01,0,1,0,1,0,2,2
LORETO,desnutricion global,desnutricion moderada (m),2005-11-01,1,1,0,0,1,1,2
LURIBAY,desnutricion global,desnutricion moderada (m),2005-11-01,10,4,8,3,18,7,25
MACHACAMARCA,desnutricion global,desnutricion moderada (m),2005-11-01,4,1,0,1,4,2,6
MACHARETI,desnutricion global,desnutricion moderada (m),2005-11-01,1,0,8,4,9,4,13
MAGDALENA,desnutricion global,desnutricion moderada (m),2005-11-01,5,2,2,2,7,4,11
MAIRANA,desnutricion global,desnutricion moderada (m),2005-11-01,3,2,4,1,7,3,10
MALLA,desnutricion global,desnutricion moderada (m),2005-11-01,3,0,0,1,3,1,4
MAPIRI,desnutricion global,desnutricion moderada (m),2005-11-01,5,5,1,2,6,7,13
MECAPACA,desnutricion global,desnutricion moderada (m),2005-11-01,4,0,0,1,4,1,5
MINEROS,desnutricion global,desnutricion moderada (m),2005-11-01,4,8,5,3,9,11,20
MIZQUE,desnutricion global,desnutricion moderada (m),2005-11-01,10,8,6,4,16,12,28
MOCOMOCO,desnutricion global,desnutricion moderada (m),2005-11-01,11,6,8,8,19,14,33
MOJINETE,desnutricion global,desnutricion moderada (m),2005-11-01,0,0,1,0,1,0,1
MOJOCOYA,desnutricion global,desnutricion moderada (m),2005-11-01,4,6,2,6,6,12,18
MONTEAGUDO,desnutricion global,desnutricion moderada (m),2005-11-01,15,12,14,12,29,24,53
MONTERO,desnutricion global,desnutricion moderada (m),2005-11-01,40,52,17,46,57,98,155
MORO MORO,desnutricion global,desnutricion moderada (m),2005-11-01,2,0,0,0,2,0,2
MOROCHATA,desnutricion global,desnutricion moderada (m),2005-11-01,26,18,20,7,46,25,71
NUEVO MANOA (NUEVA ESPERANZA),desnutricion global,desnutricion moderada (m),2005-11-01,1,1,0,0,1,1,2
OCURI,desnutricion global,desnutricion moderada (m),2005-11-01,33,23,13,38,46,61,107
OKINAWA,desnutricion global,desnutricion moderada (m),2005-11-01,1,1,0,2,1,3,4
OMEREQUE,desnutricion global,desnutricion moderada (m),2005-11-01,1,1,1,1,2,2,4
ORURO,desnutricion global,desnutricion moderada (m),2005-11-01,88,68,34,34,122,102,224
PADCAYA,desnutricion global,desnutricion moderada (m),2005-11-01,2,2,4,4,6,6,12
PADILLA,desnutricion global,desnutricion moderada (m),2005-11-01,5,5,9,12,14,17,31
PAILON,desnutricion global,desnutricion moderada (m),2005-11-01,1,0,0,0,1,0,1
PALCA,desnutricion global,desnutricion moderada (m),2005-11-01,2,2,3,1,5,3,8
PALOS BLANCOS,desnutricion global,desnutricion moderada (m),2005-11-01,13,12,10,9,23,21,44
PAMPA AULLAGAS,desnutricion global,desnutricion moderada (m),2005-11-01,1,0,1,0,2,0,2
PAMPA GRANDE,desnutricion global,desnutricion moderada (m),2005-11-01,1,0,2,1,3,1,4
PAPEL PAMPA,desnutricion global,desnutricion moderada (m),2005-11-01,2,0,0,0,2,0,2
PASORAPA,desnutricion global,desnutricion moderada (m),2005-11-01,4,0,3,2,7,2,9
PATACAMAYA,desnutricion global,desnutricion moderada (m),2005-11-01,10,9,12,6,22,15,37
PAZÑA,desnutricion global,desnutricion moderada (m),2005-11-01,3,1,1,0,4,1,5
PELECHUCO,desnutricion global,desnutricion moderada (m),2005-11-01,3,3,0,0,3,3,6
POCOATA,desnutricion global,desnutricion moderada (m),2005-11-01,12,23,7,20,19,43,62
POCONA,desnutricion global,desnutricion moderada (m),2005-11-01,2,4,7,2,9,6,15
POJO (CBBA),desnutricion global,desnutricion moderada (m),2005-11-01,10,5,6,5,16,10,26
POOPO,desnutricion global,desnutricion moderada (m),2005-11-01,2,5,0,0,2,5,7
PORCO,desnutricion global,desnutricion moderada (m),2005-11-01,2,1,0,1,2,2,4
POROMA,desnutricion global,desnutricion moderada (m),2005-11-01,13,12,14,20,27,32,59
PORTACHUELO,desnutricion global,desnutricion moderada (m),2005-11-01,2,1,0,4,2,5,7
PORVENIR,desnutricion global,desnutricion moderada (m),2005-11-01,1,0,0,1,1,1,2
POTOSI,desnutricion global,desnutricion moderada (m),2005-11-01,63,69,36,32,99,101,200
PRESTO,desnutricion global,desnutricion moderada (m),2005-11-01,27,18,17,24,44,42,86
PUCARA,desnutricion global,desnutricion moderada (m),2005-11-01,0,1,0,0,0,1,1
PUCARANI,desnutricion global,desnutricion moderada (m),2005-11-01,4,4,4,8,8,12,20
PUERTO ACOSTA,desnutricion global,desnutricion moderada (m),2005-11-01,4,4,0,0,4,4,8
PUERTO CARABUCO,desnutricion global,desnutricion moderada (m),2005-11-01,3,3,3,1,6,4,10
PUERTO GONZALO MORENO,desnutricion global,desnutricion moderada (m),2005-11-01,3,8,1,4,4,12,16
PUERTO RICO,desnutricion global,desnutricion moderada (m),2005-11-01,0,1,3,0,3,1,4
PUERTO SILES,desnutricion global,desnutricion moderada (m),2005-11-01,1,2,1,0,2,2,4
PUERTO SUAREZ,desnutricion global,desnutricion moderada (m),2005-11-01,10,30,0,1,10,31,41
PUERTO VILLARROEL,desnutricion global,desnutricion moderada (m),2005-11-01,27,26,23,21,50,47,97
PUNA,desnutricion global,desnutricion moderada (m),2005-11-01,25,35,16,26,41,61,102
PUNATA,desnutricion global,desnutricion moderada (m),2005-11-01,4,4,3,3,7,7,14
QUIABAYA,desnutricion global,desnutricion moderada (m),2005-11-01,0,0,0,1,0,1,1
QUILLACOLLO,desnutricion global,desnutricion moderada (m),2005-11-01,10,6,28,24,38,30,68
QUIME,desnutricion global,desnutricion moderada (m),2005-11-01,5,5,3,3,8,8,16
RAVELO,desnutricion global,desnutricion moderada (m),2005-11-01,62,57,56,61,118,118,236
REYES,desnutricion global,desnutricion moderada (m),2005-11-01,2,3,1,3,3,6,9
RIBERALTA,desnutricion global,desnutricion moderada (m),2005-11-01,65,71,23,24,88,95,183
RURRENABAQUE,desnutricion global,desnutricion moderada (m),2005-11-01,4,2,1,0,5,2,7
SACABA,desnutricion global,desnutricion moderada (m),2005-11-01,38,26,17,30,55,56,111
SACABAMBA,desnutricion global,desnutricion moderada (m),2005-11-01,3,2,2,3,5,5,10
SACACA,desnutricion global,desnutricion moderada (m),2005-11-01,37,34,59,37,96,71,167
SALINAS DE GARCI MENDOZA,desnutricion global,desnutricion moderada (m),2005-11-01,2,7,1,0,3,7,10
SAMAIPATA,desnutricion global,desnutricion moderada (m),2005-11-01,3,3,10,3,13,6,19
SAN ANDRES,desnutricion global,desnutricion moderada (m),2005-11-01,6,0,2,1,8,1,9
SAN ANDRES DE MACHACA,desnutricion global,desnutricion moderada (m),2005-11-01,0,0,1,0,1,0,1
SAN ANTONIO DE LOMERIO,desnutricion global,desnutricion moderada (m),2005-11-01,13,11,18,11,31,22,53
SAN BENITO,desnutricion global,desnutricion moderada (m),2005-11-01,7,5,9,10,16,15,31
SAN BORJA,desnutricion global,desnutricion moderada (m),2005-11-01,17,13,6,23,23,36,59
SAN BUENA VENTURA,desnutricion global,desnutricion moderada (m),2005-11-01,4,4,2,3,6,7,13
SAN CARLOS,desnutricion global,desnutricion moderada (m),2005-11-01,3,2,0,2,3,4,7
SAN IGNACIO,desnutricion global,desnutricion moderada (m),2005-11-01,12,6,9,10,21,16,37
SAN IGNACIO DE VELASCO,desnutricion global,desnutricion moderada (m),2005-11-01,30,35,23,42,53,77,130
SAN JAVIER(BNI),desnutricion global,desnutricion moderada (m),2005-11-01,2,1,0,0,2,1,3
SAN JAVIER(STC),desnutricion global,desnutricion moderada (m),2005-11-01,1,2,1,0,2,2,4
SAN JOAQUIN,desnutricion global,desnutricion moderada (m),2005-11-01,1,0,0,0,1,0,1
SAN JOSE DE CHIQUITOS,desnutricion global,desnutricion moderada (m),2005-11-01,1,0,0,0,1,0,1
SAN JUAN DE YAPACANI,desnutricion global,desnutricion moderada (m),2005-11-01,0,0,0,1,0,1,1
SAN JULIAN,desnutricion global,desnutricion moderada (m),2005-11-01,5,14,8,8,13,22,35
SAN LORENZO(PND),desnutricion global,desnutricion moderada (m),2005-11-01,0,1,0,0,0,1,1
SAN LORENZO(TJA),desnutricion global,desnutricion moderada (m),2005-11-01,7,5,11,15,18,20,38
SAN LUCAS,desnutricion global,desnutricion moderada (m),2005-11-01,67,71,54,72,121,143,264
SAN MIGUEL DE VELASCO,desnutricion global,desnutricion moderada (m),2005-11-01,5,5,4,8,9,13,22
SAN PABLO DE LIPEZ,desnutricion global,desnutricion moderada (m),2005-11-01,2,0,1,1,3,1,4
SAN PEDRO,desnutricion global,desnutricion moderada (m),2005-11-01,4,3,3,0,7,3,10
SAN PEDRO DE BUENA VISTA,desnutricion global,desnutricion moderada (m),2005-11-01,35,28,37,38,72,66,138
SAN PEDRO DE CURAHUARA,desnutricion global,desnutricion moderada (m),2005-11-01,1,0,2,0,3,0,3
SAN PEDRO DE TIQUINA,desnutricion global,desnutricion moderada (m),2005-11-01,0,0,2,1,2,1,3
SAN PEDRO(PND),desnutricion global,desnutricion moderada (m),2005-11-01,1,1,0,0,1,1,2
SAN RAFAEL,desnutricion global,desnutricion moderada (m),2005-11-01,3,6,7,1,10,7,17
SAN RAMON,desnutricion global,desnutricion moderada (m),2005-11-01,1,1,0,0,1,1,2
SAN RAMON,desnutricion global,desnutricion moderada (m),2005-11-01,0,1,1,1,1,2,3
SANTA ANA,desnutricion global,desnutricion moderada (m),2005-11-01,1,3,0,3,1,6,7
SANTA CRUZ DE LA SIERRA,desnutricion global,desnutricion moderada (m),2005-11-01,88,97,36,42,124,139,263
SANTA ROSA,desnutricion global,desnutricion moderada (m),2005-11-01,2,5,1,1,3,6,9
SANTA ROSA DEL SARA,desnutricion global,desnutricion moderada (m),2005-11-01,6,3,2,2,8,5,13
SANTIAGO DE CALLAPA,desnutricion global,desnutricion moderada (m),2005-11-01,1,2,2,3,3,5,8
SANTIAGO DE HUARI,desnutricion global,desnutricion moderada (m),2005-11-01,0,0,1,0,1,0,1
SANTIAGO DE MACHACA,desnutricion global,desnutricion moderada (m),2005-11-01,1,0,1,0,2,0,2
SANTIVAÑES,desnutricion global,desnutricion moderada (m),2005-11-01,1,1,1,1,2,2,4
SANTUARIO DE QUILLACAS,desnutricion global,desnutricion moderada (m),2005-11-01,1,2,2,0,3,2,5
SAPAHAQUI,desnutricion global,desnutricion moderada (m),2005-11-01,11,7,4,8,15,15,30
SENA,desnutricion global,desnutricion moderada (m),2005-11-01,3,2,2,3,5,5,10
SICA SICA (VILLA AROMA),desnutricion global,desnutricion moderada (m),2005-11-01,19,14,14,13,33,27,60
SICAYA,desnutricion global,desnutricion moderada (m),2005-11-01,2,4,2,4,4,8,12
SIPE SIPE,desnutricion global,desnutricion moderada (m),2005-11-01,31,20,19,23,50,43,93
SOPACHUY,desnutricion global,desnutricion moderada (m),2005-11-01,5,10,4,21,9,31,40
SORACACHI,desnutricion global,desnutricion moderada (m),2005-11-01,5,4,6,2,11,6,17
SORATA,desnutricion global,desnutricion moderada (m),2005-11-01,2,3,0,3,2,6,8
SUCRE,desnutricion global,desnutricion moderada (m),2005-11-01,59,49,42,74,101,123,224
TACACHI,desnutricion global,desnutricion moderada (m),2005-11-01,1,1,0,1,1,2,3
TACOBAMBA,desnutricion global,desnutricion moderada (m),2005-11-01,21,11,14,10,35,21,56
TACOPAYA,desnutricion global,desnutricion moderada (m),2005-11-01,10,10,6,7,16,17,33
TAHUA,desnutricion global,desnutricion moderada (m),2005-11-01,1,0,0,1,1,1,2
TAPACARI,desnutricion global,desnutricion moderada (m),2005-11-01,30,9,15,18,45,27,72
TARABUCO,desnutricion global,desnutricion moderada (m),2005-11-01,66,48,52,75,118,123,241
TARACO,desnutricion global,desnutricion moderada (m),2005-11-01,1,0,0,0,1,0,1
TARATA,desnutricion global,desnutricion moderada (m),2005-11-01,7,5,3,4,10,9,19
TARIJA,desnutricion global,desnutricion moderada (m),2005-11-01,35,25,18,22,53,47,100
TARVITA,desnutricion global,desnutricion moderada (m),2005-11-01,16,25,23,41,39,66,105
TEOPONTE,desnutricion global,desnutricion moderada (m),2005-11-01,5,3,6,4,11,7,18
TIAWANACU,desnutricion global,desnutricion moderada (m),2005-11-01,1,0,0,0,1,0,1
TINGUIPAYA,desnutricion global,desnutricion moderada (m),2005-11-01,18,30,22,18,40,48,88
TIPUANI,desnutricion global,desnutricion moderada (m),2005-11-01,1,2,0,2,1,4,5
TIQUIPAYA,desnutricion global,desnutricion moderada (m),2005-11-01,4,3,1,1,5,4,9
TIRAQUE (CBBA),desnutricion global,desnutricion moderada (m),2005-11-01,23,18,14,16,37,34,71
TITO YUPANQUI (PARQUIPUJIO),desnutricion global,desnutricion moderada (m),2005-11-01,1,1,0,0,1,1,2
TOCO,desnutricion global,desnutricion moderada (m),2005-11-01,0,2,4,1,4,3,7
TOLEDO,desnutricion global,desnutricion moderada (m),2005-11-01,1,2,0,1,1,3,4
TOMAVE,desnutricion global,desnutricion moderada (m),2005-11-01,8,7,8,4,16,11,27
TOMINA,desnutricion global,desnutricion moderada (m),2005-11-01,14,11,23,24,37,35,72
TORO TORO,desnutricion global,desnutricion moderada (m),2005-11-01,28,23,13,25,41,48,89
TOTORA(CBBA),desnutricion global,desnutricion moderada (m),2005-11-01,2,1,0,3,2,4,6
TOTORA(ORR),desnutricion global,desnutricion moderada (m),2005-11-01,1,2,2,3,3,5,8
TRINIDAD,desnutricion global,desnutricion moderada (m),2005-11-01,19,22,9,9,28,31,59
TUPIZA,desnutricion global,desnutricion moderada (m),2005-11-01,12,16,6,10,18,26,44
TURCO,desnutricion global,desnutricion moderada (m),2005-11-01,0,2,1,1,1,3,4
UMALA,desnutricion global,desnutricion moderada (m),2005-11-01,0,0,0,1,0,1,1
UNCIA,desnutricion global,desnutricion moderada (m),2005-11-01,13,5,12,13,25,18,43
URIONDO (A. CONCEPCION),desnutricion global,desnutricion moderada (m),2005-11-01,8,10,4,6,12,16,28
UYUNI,desnutricion global,desnutricion moderada (m),2005-11-01,3,7,5,7,8,14,22
VACAS,desnutricion global,desnutricion moderada (m),2005-11-01,5,3,3,3,8,6,14
VALLEGRANDE,desnutricion global,desnutricion moderada (m),2005-11-01,2,2,4,7,6,9,15
VIACHA,desnutricion global,desnutricion moderada (m),2005-11-01,12,5,4,7,16,12,28
VILA VILA,desnutricion global,desnutricion moderada (m),2005-11-01,5,8,2,1,7,9,16
VILLA MONTES,desnutricion global,desnutricion moderada (m),2005-11-01,11,12,4,4,15,16,31
VILLA NUEVA (LOMA ALTA),desnutricion global,desnutricion moderada (m),2005-11-01,2,1,1,0,3,1,4
VILLA RIVERO,desnutricion global,desnutricion moderada (m),2005-11-01,7,4,1,1,8,5,13
VILLA SERRANO,desnutricion global,desnutricion moderada (m),2005-11-01,12,14,13,19,25,33,58
VILLA TUNARI,desnutricion global,desnutricion moderada (m),2005-11-01,33,24,30,34,63,58,121
VILLA VACA GUZMAN (MUYUPAMPA),desnutricion global,desnutricion moderada (m),2005-11-01,4,3,7,10,11,13,24
VILLAZON,desnutricion global,desnutricion moderada (m),2005-11-01,13,13,7,14,20,27,47
VINTO,desnutricion global,desnutricion moderada (m),2005-11-01,4,1,3,3,7,4,11
VITICHI,desnutricion global,desnutricion moderada (m),2005-11-01,7,8,9,19,16,27,43
WALDO BALLIVIAN,desnutricion global,desnutricion moderada (m),2005-11-01,0,1,0,1,0,2,2
WARNES,desnutricion global,desnutricion moderada (m),2005-11-01,6,11,5,7,11,18,29
YACO,desnutricion global,desnutricion moderada (m),2005-11-01,13,9,5,3,18,12,30
YACUIBA,desnutricion global,desnutricion moderada (m),2005-11-01,24,25,6,9,30,34,64
YAMPARAEZ,desnutricion global,desnutricion moderada (m),2005-11-01,21,12,18,17,39,29,68
YANACACHI,desnutricion global,desnutricion moderada (m),2005-11-01,0,0,0,1,0,1,1
YAPACANI,desnutricion global,desnutricion moderada (m),2005-11-01,15,14,9,8,24,22,46
YOCALLA,desnutricion global,desnutricion moderada (m),2005-11-01,0,1,0,0,0,1,1
YOTALA,desnutricion global,desnutricion moderada (m),2005-11-01,8,9,1,12,9,21,30
YUNCHARA,desnutricion global,desnutricion moderada (m),2005-11-01,5,4,1,9,6,13,19
ZUDAÑEZ,desnutricion global,desnutricion moderada (m),2005-11-01,8,14,13,15,21,29,50
ACACIO,desnutricion global,desnutricion moderada (m),2005-12-01,4,0,5,4,9,4,13
ACHACACHI,desnutricion global,desnutricion moderada (m),2005-12-01,4,7,18,2,22,9,31
ACHOCALLA,desnutricion global,desnutricion moderada (m),2005-12-01,2,0,0,0,2,0,2
AIQUILE,desnutricion global,desnutricion moderada (m),2005-12-01,1,2,6,3,7,5,12
ALCALA,desnutricion global,desnutricion moderada (m),2005-12-01,1,4,2,3,3,7,10
ANCORAIMES,desnutricion global,desnutricion moderada (m),2005-12-01,3,0,1,1,4,1,5
ANDAMARCA,desnutricion global,desnutricion moderada (m),2005-12-01,2,1,4,0,6,1,7
ANTEQUERA,desnutricion global,desnutricion moderada (m),2005-12-01,0,2,0,1,0,3,3
ANZALDO,desnutricion global,desnutricion moderada (m),2005-12-01,4,2,0,4,4,6,10
APOLO,desnutricion global,desnutricion moderada (m),2005-12-01,12,6,2,9,14,15,29
ARAMPAMPA,desnutricion global,desnutricion moderada (m),2005-12-01,11,4,14,10,25,14,39
ARANI,desnutricion global,desnutricion moderada (m),2005-12-01,3,2,0,0,3,2,5
ARBIETO,desnutricion global,desnutricion moderada (m),2005-12-01,3,1,6,4,9,5,14
ARQUE,desnutricion global,desnutricion moderada (m),2005-12-01,7,6,8,7,15,13,28
ATOCHA,desnutricion global,desnutricion moderada (m),2005-12-01,15,8,5,3,20,11,31
AUCAPATA,desnutricion global,desnutricion moderada (m),2005-12-01,6,2,6,4,12,6,18
AYATA,desnutricion global,desnutricion moderada (m),2005-12-01,8,1,7,5,15,6,21
AYO AYO,desnutricion global,desnutricion moderada (m),2005-12-01,4,2,0,0,4,2,6
AYOPAYA (V. DE INDEPENDENCIA),desnutricion global,desnutricion moderada (m),2005-12-01,9,14,9,13,18,27,45
AZURDUY,desnutricion global,desnutricion moderada (m),2005-12-01,9,14,36,13,45,27,72
BATALLAS,desnutricion global,desnutricion moderada (m),2005-12-01,4,1,2,2,6,3,9
BAURES,desnutricion global,desnutricion moderada (m),2005-12-01,0,1,1,0,1,1,2
BELEN DE ANDAMARCA,desnutricion global,desnutricion moderada (m),2005-12-01,0,0,0,2,0,2,2
BELEN DE URMIRI,desnutricion global,desnutricion moderada (m),2005-12-01,1,0,0,0,1,0,1
BELLA FLOR,desnutricion global,desnutricion moderada (m),2005-12-01,2,10,0,0,2,10,12
BERMEJO,desnutricion global,desnutricion moderada (m),2005-12-01,0,0,1,2,1,2,3
BETANZOS,desnutricion global,desnutricion moderada (m),2005-12-01,27,16,28,33,55,49,104
BOLIVAR,desnutricion global,desnutricion moderada (m),2005-12-01,26,16,12,16,38,32,70
BOYUIBE,desnutricion global,desnutricion moderada (m),2005-12-01,1,0,0,3,1,3,4
BUENA VISTA,desnutricion global,desnutricion moderada (m),2005-12-01,0,0,0,1,0,1,1
CABEZAS,desnutricion global,desnutricion moderada (m),2005-12-01,1,2,0,0,1,2,3
CAIROMA,desnutricion global,desnutricion moderada (m),2005-12-01,13,10,7,7,20,17,37
"CAIZA ""D""",desnutricion global,desnutricion moderada (m),2005-12-01,0,2,5,5,5,7,12
CAJUATA,desnutricion global,desnutricion moderada (m),2005-12-01,0,1,0,1,0,2,2
CALACOTO,desnutricion global,desnutricion moderada (m),2005-12-01,0,2,0,0,0,2,2
CALAMARCA,desnutricion global,desnutricion moderada (m),2005-12-01,14,13,10,12,24,25,49
CAMARGO,desnutricion global,desnutricion moderada (m),2005-12-01,16,14,8,13,24,27,51
CAMATAQUI (C. VILLA ABECIA),desnutricion global,desnutricion moderada (m),2005-12-01,5,0,4,3,9,3,12
CAMIRI,desnutricion global,desnutricion moderada (m),2005-12-01,10,8,14,18,24,26,50
CAPINOTA,desnutricion global,desnutricion moderada (m),2005-12-01,16,10,9,14,25,24,49
CAQUIAVIRI,desnutricion global,desnutricion moderada (m),2005-12-01,2,0,0,2,2,2,4
CARACOLLO,desnutricion global,desnutricion moderada (m),2005-12-01,2,2,0,1,2,3,5
CARANAVI,desnutricion global,desnutricion moderada (m),2005-12-01,11,16,11,14,22,30,52
CARAPARI,desnutricion global,desnutricion moderada (m),2005-12-01,2,1,0,1,2,2,4
CARIPUYO,desnutricion global,desnutricion moderada (m),2005-12-01,8,6,7,16,15,22,37
CHACARILLA,desnutricion global,desnutricion moderada (m),2005-12-01,1,0,0,2,1,2,3
CHALLAPATA,desnutricion global,desnutricion moderada (m),2005-12-01,19,8,5,7,24,15,39
CHAQUI,desnutricion global,desnutricion moderada (m),2005-12-01,4,1,2,5,6,6,12
CHARAGUA,desnutricion global,desnutricion moderada (m),2005-12-01,10,10,6,8,16,18,34
CHARAÑA,desnutricion global,desnutricion moderada (m),2005-12-01,0,1,1,0,1,1,2
CHAYANTA,desnutricion global,desnutricion moderada (m),2005-12-01,11,15,11,12,22,27,49
CHIMORE,desnutricion global,desnutricion moderada (m),2005-12-01,3,8,1,5,4,13,17
CHIPAYA,desnutricion global,desnutricion moderada (m),2005-12-01,1,0,1,1,2,1,3
CHULUMANI (V. DE LA LIBERTAD),desnutricion global,desnutricion moderada (m),2005-12-01,3,0,1,0,4,0,4
CHUMA,desnutricion global,desnutricion moderada (m),2005-12-01,5,5,3,2,8,7,15
CLIZA,desnutricion global,desnutricion moderada (m),2005-12-01,11,4,0,4,11,8,19
COBIJA,desnutricion global,desnutricion moderada (m),2005-12-01,7,2,5,1,12,3,15
COCHABAMBA,desnutricion global,desnutricion moderada (m),2005-12-01,74,47,37,31,111,78,189
COLCAPIRHUA,desnutricion global,desnutricion moderada (m),2005-12-01,20,19,7,7,27,26,53
"COLCHA ""K""",desnutricion global,desnutricion moderada (m),2005-12-01,2,2,4,4,6,6,12
COLOMI,desnutricion global,desnutricion moderada (m),2005-12-01,9,15,6,6,15,21,36
COLPA BELGICA,desnutricion global,desnutricion moderada (m),2005-12-01,2,0,2,0,4,0,4
COLQUECHACA,desnutricion global,desnutricion moderada (m),2005-12-01,19,15,18,25,37,40,77
COLQUENCHA,desnutricion global,desnutricion moderada (m),2005-12-01,3,0,4,2,7,2,9
COLQUIRI,desnutricion global,desnutricion moderada (m),2005-12-01,3,7,5,8,8,15,23
COMANCHE,desnutricion global,desnutricion moderada (m),2005-12-01,1,0,0,0,1,0,1
COMARAPA,desnutricion global,desnutricion moderada (m),2005-12-01,3,5,3,2,6,7,13
COMBAYA,desnutricion global,desnutricion moderada (m),2005-12-01,1,1,1,2,2,3,5
CONCEPCION,desnutricion global,desnutricion moderada (m),2005-12-01,1,0,1,0,2,0,2
COPACABANA,desnutricion global,desnutricion moderada (m),2005-12-01,1,0,2,1,3,1,4
CORIPATA,desnutricion global,desnutricion moderada (m),2005-12-01,1,0,0,0,1,0,1
CORO CORO,desnutricion global,desnutricion moderada (m),2005-12-01,4,3,4,3,8,6,14
COROICO,desnutricion global,desnutricion moderada (m),2005-12-01,0,1,2,5,2,6,8
CORQUE,desnutricion global,desnutricion moderada (m),2005-12-01,2,3,1,2,3,5,8
COTAGAITA,desnutricion global,desnutricion moderada (m),2005-12-01,17,10,13,16,30,26,56
COTOCA,desnutricion global,desnutricion moderada (m),2005-12-01,4,8,3,4,7,12,19
CUATRO CAÑADAS,desnutricion global,desnutricion moderada (m),2005-12-01,0,5,1,2,1,7,8
CUCHUMUELA (V. G. VILLARROEL),desnutricion global,desnutricion moderada (m),2005-12-01,1,0,0,0,1,0,1
CUEVO,desnutricion global,desnutricion moderada (m),2005-12-01,2,1,1,1,3,2,5
CULPINA,desnutricion global,desnutricion moderada (m),2005-12-01,31,21,22,33,53,54,107
CURAHUARA DE CARANGAS,desnutricion global,desnutricion moderada (m),2005-12-01,3,0,3,1,6,1,7
CURVA,desnutricion global,desnutricion moderada (m),2005-12-01,1,1,3,0,4,1,5
EL ALTO,desnutricion global,desnutricion moderada (m),2005-12-01,193,170,130,136,323,306,629
EL CHORO,desnutricion global,desnutricion moderada (m),2005-12-01,2,0,1,0,3,0,3
EL PUENTE(TJA),desnutricion global,desnutricion moderada (m),2005-12-01,0,1,4,5,4,6,10
EL TORNO,desnutricion global,desnutricion moderada (m),2005-12-01,8,8,5,6,13,14,27
EL VILLAR,desnutricion global,desnutricion moderada (m),2005-12-01,4,5,2,8,6,13,19
ENTRE RIOS,desnutricion global,desnutricion moderada (m),2005-12-01,22,11,7,12,29,23,52
ENTRE RIOS,desnutricion global,desnutricion moderada (m),2005-12-01,1,4,5,8,6,12,18
EXALTACION,desnutricion global,desnutricion moderada (m),2005-12-01,0,0,1,0,1,0,1
FERNANDEZ ALONSO,desnutricion global,desnutricion moderada (m),2005-12-01,3,6,0,1,3,7,10
GENERAL SAAVEDRA,desnutricion global,desnutricion moderada (m),2005-12-01,2,1,6,4,8,5,13
GRAL. J.J. PEREZ (CHARAZANI),desnutricion global,desnutricion moderada (m),2005-12-01,11,7,5,6,16,13,29
GUANAY,desnutricion global,desnutricion moderada (m),2005-12-01,6,5,1,2,7,7,14
GUAQUI,desnutricion global,desnutricion moderada (m),2005-12-01,1,1,0,0,1,1,2
GUAYARAMERIN,desnutricion global,desnutricion moderada (m),2005-12-01,12,14,2,6,14,20,34
GUTIERREZ,desnutricion global,desnutricion moderada (m),2005-12-01,20,18,14,25,34,43,77
HUACARETA,desnutricion global,desnutricion moderada (m),2005-12-01,1,1,4,2,5,3,8
HUACAYA (VILLA DE HUACAYA),desnutricion global,desnutricion moderada (m),2005-12-01,1,1,5,0,6,1,7
HUANUNI,desnutricion global,desnutricion moderada (m),2005-12-01,6,4,0,2,6,6,12
HUARACAJE,desnutricion global,desnutricion moderada (m),2005-12-01,1,0,0,0,1,0,1
ICHOCA,desnutricion global,desnutricion moderada (m),2005-12-01,0,0,1,1,1,1,2
ICLA,desnutricion global,desnutricion moderada (m),2005-12-01,18,29,28,38,46,67,113
INCAHUASI,desnutricion global,desnutricion moderada (m),2005-12-01,43,23,13,30,56,53,109
INQUISIVI,desnutricion global,desnutricion moderada (m),2005-12-01,10,11,4,7,14,18,32
IRUPANA (VILLA DE LANZA),desnutricion global,desnutricion moderada (m),2005-12-01,3,1,2,4,5,5,10
IXIAMAS,desnutricion global,desnutricion moderada (m),2005-12-01,3,6,2,2,5,8,13
JESUS DE MACHACA,desnutricion global,desnutricion moderada (m),2005-12-01,5,5,5,2,10,7,17
LA ASUNTA,desnutricion global,desnutricion moderada (m),2005-12-01,0,2,0,3,0,5,5
LA GUARDIA,desnutricion global,desnutricion moderada (m),2005-12-01,5,10,4,8,9,18,27
LA PAZ,desnutricion global,desnutricion moderada (m),2005-12-01,130,87,51,58,181,145,326
LAGUNILLAS,desnutricion global,desnutricion moderada (m),2005-12-01,1,4,1,3,2,7,9
LAJA,desnutricion global,desnutricion moderada (m),2005-12-01,3,1,1,5,4,6,10
LAS CARRERAS,desnutricion global,desnutricion moderada (m),2005-12-01,1,0,2,6,3,6,9
LICOMA PAMPA,desnutricion global,desnutricion moderada (m),2005-12-01,2,0,0,0,2,0,2
LLALLAGUA,desnutricion global,desnutricion moderada (m),2005-12-01,23,18,17,28,40,46,86
LLICA,desnutricion global,desnutricion moderada (m),2005-12-01,0,0,0,2,0,2,2
LURIBAY,desnutricion global,desnutricion moderada (m),2005-12-01,10,8,3,4,13,12,25
MACHACAMARCA,desnutricion global,desnutricion moderada (m),2005-12-01,0,1,1,1,1,2,3
MACHARETI,desnutricion global,desnutricion moderada (m),2005-12-01,4,2,4,8,8,10,18
MAGDALENA,desnutricion global,desnutricion moderada (m),2005-12-01,0,0,0,1,0,1,1
MAIRANA,desnutricion global,desnutricion moderada (m),2005-12-01,0,3,1,1,1,4,5
MALLA,desnutricion global,desnutricion moderada (m),2005-12-01,5,4,1,1,6,5,11
MAPIRI,desnutricion global,desnutricion moderada (m),2005-12-01,6,1,1,2,7,3,10
MECAPACA,desnutricion global,desnutricion moderada (m),2005-12-01,1,1,0,0,1,1,2
MINEROS,desnutricion global,desnutricion moderada (m),2005-12-01,1,3,2,3,3,6,9
MIZQUE,desnutricion global,desnutricion moderada (m),2005-12-01,7,9,5,9,12,18,30
MOCOMOCO,desnutricion global,desnutricion moderada (m),2005-12-01,1,1,1,0,2,1,3
MOJOCOYA,desnutricion global,desnutricion moderada (m),2005-12-01,5,2,4,2,9,4,13
MONTEAGUDO,desnutricion global,desnutricion moderada (m),2005-12-01,16,9,9,11,25,20,45
MONTERO,desnutricion global,desnutricion moderada (m),2005-12-01,35,31,12,27,47,58,105
MOROCHATA,desnutricion global,desnutricion moderada (m),2005-12-01,9,5,5,8,14,13,27
NUEVO MANOA (NUEVA ESPERANZA),desnutricion global,desnutricion moderada (m),2005-12-01,4,1,3,0,7,1,8
OCURI,desnutricion global,desnutricion moderada (m),2005-12-01,30,21,22,25,52,46,98
OKINAWA,desnutricion global,desnutricion moderada (m),2005-12-01,1,2,1,1,2,3,5
OMEREQUE,desnutricion global,desnutricion moderada (m),2005-12-01,0,1,0,0,0,1,1
ORURO,desnutricion global,desnutricion moderada (m),2005-12-01,55,39,18,22,73,61,134
PADCAYA,desnutricion global,desnutricion moderada (m),2005-12-01,2,2,1,4,3,6,9
PADILLA,desnutricion global,desnutricion moderada (m),2005-12-01,8,10,11,14,19,24,43
PALCA,desnutricion global,desnutricion moderada (m),2005-12-01,3,4,0,0,3,4,7
PALOS BLANCOS,desnutricion global,desnutricion moderada (m),2005-12-01,11,8,3,6,14,14,28
PAMPA AULLAGAS,desnutricion global,desnutricion moderada (m),2005-12-01,1,2,0,0,1,2,3
PAMPA GRANDE,desnutricion global,desnutricion moderada (m),2005-12-01,3,1,0,0,3,1,4
PAPEL PAMPA,desnutricion global,desnutricion moderada (m),2005-12-01,0,0,0,4,0,4,4
PASORAPA,desnutricion global,desnutricion moderada (m),2005-12-01,3,2,1,1,4,3,7
PATACAMAYA,desnutricion global,desnutricion moderada (m),2005-12-01,13,9,5,5,18,14,32
PAZÑA,desnutricion global,desnutricion moderada (m),2005-12-01,1,0,1,0,2,0,2
PELECHUCO,desnutricion global,desnutricion moderada (m),2005-12-01,1,2,3,1,4,3,7
POCOATA,desnutricion global,desnutricion moderada (m),2005-12-01,11,13,33,13,44,26,70
POCONA,desnutricion global,desnutricion moderada (m),2005-12-01,2,9,4,7,6,16,22
POJO (CBBA),desnutricion global,desnutricion moderada (m),2005-12-01,1,2,2,0,3,2,5
POOPO,desnutricion global,desnutricion moderada (m),2005-12-01,1,1,0,1,1,2,3
PORCO,desnutricion global,desnutricion moderada (m),2005-12-01,2,1,0,0,2,1,3
POROMA,desnutricion global,desnutricion moderada (m),2005-12-01,16,14,8,18,24,32,56
PORTACHUELO,desnutricion global,desnutricion moderada (m),2005-12-01,1,3,2,2,3,5,8
PORVENIR,desnutricion global,desnutricion moderada (m),2005-12-01,0,1,0,0,0,1,1
POSTRER VALLE,desnutricion global,desnutricion moderada (m),2005-12-01,0,0,0,2,0,2,2
POTOSI,desnutricion global,desnutricion moderada (m),2005-12-01,57,61,27,25,84,86,170
PRESTO,desnutricion global,desnutricion moderada (m),2005-12-01,13,9,7,9,20,18,38
PUCARANI,desnutricion global,desnutricion moderada (m),2005-12-01,19,9,1,2,20,11,31
PUERTO ACOSTA,desnutricion global,desnutricion moderada (m),2005-12-01,2,2,0,0,2,2,4
PUERTO CARABUCO,desnutricion global,desnutricion moderada (m),2005-12-01,10,2,1,2,11,4,15
PUERTO GONZALO MORENO,desnutricion global,desnutricion moderada (m),2005-12-01,7,10,7,5,14,15,29
PUERTO PEREZ,desnutricion global,desnutricion moderada (m),2005-12-01,0,0,0,2,0,2,2
PUERTO RICO,desnutricion global,desnutricion moderada (m),2005-12-01,3,5,0,0,3,5,8
PUERTO VILLARROEL,desnutricion global,desnutricion moderada (m),2005-12-01,12,12,12,11,24,23,47
PUNA,desnutricion global,desnutricion moderada (m),2005-12-01,13,15,11,23,24,38,62
PUNATA,desnutricion global,desnutricion moderada (m),2005-12-01,7,4,4,4,11,8,19
QUILLACOLLO,desnutricion global,desnutricion moderada (m),2005-12-01,15,12,12,8,27,20,47
QUIME,desnutricion global,desnutricion moderada (m),2005-12-01,2,2,1,2,3,4,7
RAVELO,desnutricion global,desnutricion moderada (m),2005-12-01,49,42,39,52,88,94,182
REYES,desnutricion global,desnutricion moderada (m),2005-12-01,7,5,3,4,10,9,19
RIBERALTA,desnutricion global,desnutricion moderada (m),2005-12-01,48,52,16,19,64,71,135
RURRENABAQUE,desnutricion global,desnutricion moderada (m),2005-12-01,3,3,0,0,3,3,6
SACABA,desnutricion global,desnutricion moderada (m),2005-12-01,33,16,28,28,61,44,105
SACABAMBA,desnutricion global,desnutricion moderada (m),2005-12-01,5,3,1,2,6,5,11
SACACA,desnutricion global,desnutricion moderada (m),2005-12-01,34,25,48,53,82,78,160
SAIPINA,desnutricion global,desnutricion moderada (m),2005-12-01,0,3,1,0,1,3,4
SALINAS DE GARCI MENDOZA,desnutricion global,desnutricion moderada (m),2005-12-01,4,0,1,2,5,2,7
SAMAIPATA,desnutricion global,desnutricion moderada (m),2005-12-01,2,0,3,3,5,3,8
SAN AGUSTIN,desnutricion global,desnutricion moderada (m),2005-12-01,0,1,0,0,0,1,1
SAN ANDRES,desnutricion global,desnutricion moderada (m),2005-12-01,0,3,0,0,0,3,3
SAN ANDRES DE MACHACA,desnutricion global,desnutricion moderada (m),2005-12-01,1,0,0,1,1,1,2
SAN ANTONIO DE LOMERIO,desnutricion global,desnutricion moderada (m),2005-12-01,7,2,5,3,12,5,17
SAN BENITO,desnutricion global,desnutricion moderada (m),2005-12-01,1,1,5,6,6,7,13
SAN BORJA,desnutricion global,desnutricion moderada (m),2005-12-01,19,11,10,17,29,28,57
SAN BUENA VENTURA,desnutricion global,desnutricion moderada (m),2005-12-01,2,3,2,5,4,8,12
SAN CARLOS,desnutricion global,desnutricion moderada (m),2005-12-01,2,2,0,1,2,3,5
SAN IGNACIO,desnutricion global,desnutricion moderada (m),2005-12-01,7,7,7,7,14,14,28
SAN IGNACIO DE VELASCO,desnutricion global,desnutricion moderada (m),2005-12-01,15,27,16,16,31,43,74
SAN JAVIER(BNI),desnutricion global,desnutricion moderada (m),2005-12-01,0,2,0,0,0,2,2
SAN JOAQUIN,desnutricion global,desnutricion moderada (m),2005-12-01,0,0,0,2,0,2,2
SAN JUAN DE YAPACANI,desnutricion global,desnutricion moderada (m),2005-12-01,1,1,0,1,1,2,3
SAN JULIAN,desnutricion global,desnutricion moderada (m),2005-12-01,1,2,2,2,3,4,7
SAN LORENZO(PND),desnutricion global,desnutricion moderada (m),2005-12-01,2,0,1,0,3,0,3
SAN LORENZO(TJA),desnutricion global,desnutricion moderada (m),2005-12-01,1,8,8,5,9,13,22
SAN LUCAS,desnutricion global,desnutricion moderada (m),2005-12-01,54,49,36,61,90,110,200
SAN MIGUEL DE VELASCO,desnutricion global,desnutricion moderada (m),2005-12-01,1,11,4,0,5,11,16
SAN PABLO DE LIPEZ,desnutricion global,desnutricion moderada (m),2005-12-01,1,0,3,1,4,1,5
SAN PEDRO,desnutricion global,desnutricion moderada (m),2005-12-01,5,8,2,5,7,13,20
SAN PEDRO DE BUENA VISTA,desnutricion global,desnutricion moderada (m),2005-12-01,26,25,24,32,50,57,107
SAN PEDRO DE TIQUINA,desnutricion global,desnutricion moderada (m),2005-12-01,1,0,0,0,1,0,1
SAN PEDRO(PND),desnutricion global,desnutricion moderada (m),2005-12-01,2,4,0,0,2,4,6
SAN RAFAEL,desnutricion global,desnutricion moderada (m),2005-12-01,3,2,2,1,5,3,8
SAN RAMON,desnutricion global,desnutricion moderada (m),2005-12-01,0,0,1,0,1,0,1
SAN RAMON,desnutricion global,desnutricion moderada (m),2005-12-01,5,2,1,0,6,2,8
SANTA ANA,desnutricion global,desnutricion moderada (m),2005-12-01,0,0,0,1,0,1,1
SANTA CRUZ DE LA SIERRA,desnutricion global,desnutricion moderada (m),2005-12-01,93,101,26,35,119,136,255
SANTA ROSA,desnutricion global,desnutricion moderada (m),2005-12-01,4,2,2,1,6,3,9
SANTA ROSA DEL SARA,desnutricion global,desnutricion moderada (m),2005-12-01,4,1,4,2,8,3,11
SANTIAGO DE CALLAPA,desnutricion global,desnutricion moderada (m),2005-12-01,0,1,5,0,5,1,6
SANTIAGO DE HUARI,desnutricion global,desnutricion moderada (m),2005-12-01,0,1,1,0,1,1,2
SANTIAGO DE MACHACA,desnutricion global,desnutricion moderada (m),2005-12-01,1,0,0,1,1,1,2
SANTIVAÑES,desnutricion global,desnutricion moderada (m),2005-12-01,4,1,3,2,7,3,10
SANTUARIO DE QUILLACAS,desnutricion global,desnutricion moderada (m),2005-12-01,0,1,0,2,0,3,3
SAPAHAQUI,desnutricion global,desnutricion moderada (m),2005-12-01,6,7,3,3,9,10,19
SENA,desnutricion global,desnutricion moderada (m),2005-12-01,1,2,0,1,1,3,4
SICA SICA (VILLA AROMA),desnutricion global,desnutricion moderada (m),2005-12-01,6,4,4,4,10,8,18
SIPE SIPE,desnutricion global,desnutricion moderada (m),2005-12-01,17,10,9,6,26,16,42
SOPACHUY,desnutricion global,desnutricion moderada (m),2005-12-01,0,2,0,6,0,8,8
SORACACHI,desnutricion global,desnutricion moderada (m),2005-12-01,0,5,2,4,2,9,11
SORATA,desnutricion global,desnutricion moderada (m),2005-12-01,4,4,2,2,6,6,12
SUCRE,desnutricion global,desnutricion moderada (m),2005-12-01,36,30,26,30,62,60,122
TACACHI,desnutricion global,desnutricion moderada (m),2005-12-01,1,1,1,0,2,1,3
TACACOMA,desnutricion global,desnutricion moderada (m),2005-12-01,1,0,0,0,1,0,1
TACOBAMBA,desnutricion global,desnutricion moderada (m),2005-12-01,5,4,11,4,16,8,24
TACOPAYA,desnutricion global,desnutricion moderada (m),2005-12-01,21,14,9,6,30,20,50
TAPACARI,desnutricion global,desnutricion moderada (m),2005-12-01,11,12,4,6,15,18,33
TARABUCO,desnutricion global,desnutricion moderada (m),2005-12-01,48,48,48,74,96,122,218
TARATA,desnutricion global,desnutricion moderada (m),2005-12-01,3,5,2,1,5,6,11
TARIJA,desnutricion global,desnutricion moderada (m),2005-12-01,25,27,26,22,51,49,100
TARVITA,desnutricion global,desnutricion moderada (m),2005-12-01,5,7,8,7,13,14,27
TINGUIPAYA,desnutricion global,desnutricion moderada (m),2005-12-01,14,19,25,20,39,39,78
TIPUANI,desnutricion global,desnutricion moderada (m),2005-12-01,1,3,2,2,3,5,8
TIQUIPAYA,desnutricion global,desnutricion moderada (m),2005-12-01,12,10,4,4,16,14,30
TIRAQUE (CBBA),desnutricion global,desnutricion moderada (m),2005-12-01,22,12,11,12,33,24,57
TITO YUPANQUI (PARQUIPUJIO),desnutricion global,desnutricion moderada (m),2005-12-01,0,0,0,2,0,2,2
TOLEDO,desnutricion global,desnutricion moderada (m),2005-12-01,2,1,0,0,2,1,3
TOMAVE,desnutricion global,desnutricion moderada (m),2005-12-01,9,2,5,7,14,9,23
TOMINA,desnutricion global,desnutricion moderada (m),2005-12-01,20,10,19,18,39,28,67
TORO TORO,desnutricion global,desnutricion moderada (m),2005-12-01,20,20,10,25,30,45,75
TOTORA(CBBA),desnutricion global,desnutricion moderada (m),2005-12-01,4,0,3,1,7,1,8
TOTORA(ORR),desnutricion global,desnutricion moderada (m),2005-12-01,0,3,0,1,0,4,4
TRINIDAD,desnutricion global,desnutricion moderada (m),2005-12-01,29,18,14,13,43,31,74
TUPIZA,desnutricion global,desnutricion moderada (m),2005-12-01,16,10,2,6,18,16,34
UMALA,desnutricion global,desnutricion moderada (m),2005-12-01,0,1,2,2,2,3,5
UNCIA,desnutricion global,desnutricion moderada (m),2005-12-01,10,7,9,20,19,27,46
URIONDO (A. CONCEPCION),desnutricion global,desnutricion moderada (m),2005-12-01,4,4,4,1,8,5,13
UYUNI,desnutricion global,desnutricion moderada (m),2005-12-01,7,2,3,2,10,4,14
VACAS,desnutricion global,desnutricion moderada (m),2005-12-01,6,2,2,5,8,7,15
VALLEGRANDE,desnutricion global,desnutricion moderada (m),2005-12-01,2,5,2,8,4,13,17
VIACHA,desnutricion global,desnutricion moderada (m),2005-12-01,2,7,1,4,3,11,14
VILA VILA,desnutricion global,desnutricion moderada (m),2005-12-01,1,4,0,2,1,6,7
VILLA MONTES,desnutricion global,desnutricion moderada (m),2005-12-01,3,3,3,5,6,8,14
VILLA RIVERO,desnutricion global,desnutricion moderada (m),2005-12-01,4,0,1,1,5,1,6
VILLA SERRANO,desnutricion global,desnutricion moderada (m),2005-12-01,16,15,16,23,32,38,70
VILLA TUNARI,desnutricion global,desnutricion moderada (m),2005-12-01,25,29,22,31,47,60,107
VILLA VACA GUZMAN (MUYUPAMPA),desnutricion global,desnutricion moderada (m),2005-12-01,3,4,3,8,6,12,18
VILLAZON,desnutricion global,desnutricion moderada (m),2005-12-01,29,10,6,19,35,29,64
VINTO,desnutricion global,desnutricion moderada (m),2005-12-01,3,5,5,0,8,5,13
VITICHI,desnutricion global,desnutricion moderada (m),2005-12-01,1,1,3,7,4,8,12
WALDO BALLIVIAN,desnutricion global,desnutricion moderada (m),2005-12-01,0,0,0,1,0,1,1
WARNES,desnutricion global,desnutricion moderada (m),2005-12-01,7,10,5,3,12,13,25
YACO,desnutricion global,desnutricion moderada (m),2005-12-01,4,7,3,4,7,11,18
YACUIBA,desnutricion global,desnutricion moderada (m),2005-12-01,4,5,9,9,13,14,27
YAMPARAEZ,desnutricion global,desnutricion moderada (m),2005-12-01,14,13,16,16,30,29,59
YAPACANI,desnutricion global,desnutricion moderada (m),2005-12-01,11,14,8,12,19,26,45
YOCALLA,desnutricion global,desnutricion moderada (m),2005-12-01,0,1,0,1,0,2,2
YOTALA,desnutricion global,desnutricion moderada (m),2005-12-01,6,6,3,9,9,15,24
YUNCHARA,desnutricion global,desnutricion moderada (m),2005-12-01,8,8,10,10,18,18,36
ZUDAÑEZ,desnutricion global,desnutricion moderada (m),2005-12-01,9,12,11,14,20,26,46
