municipality,group,variable,month,< de 2 años-H,< de 2 años-M,2 a 4 años-H,2 a 4 años-M,TOTAL-H,TOTAL-M,TOTAL
ACACIO,desnutricion global,nutricion normal (n),2005-01-01,41,52,65,55,106,107,213
ACHACACHI,desnutricion global,nutricion normal (n),2005-01-01,279,264,219,213,498,477,975
ACHOCALLA,desnutricion global,nutricion normal (n),2005-01-01,15,24,5,2,20,26,46
AIQUILE,desnutricion global,nutricion normal (n),2005-01-01,36,30,17,25,53,55,108
ALALAY,desnutricion global,nutricion normal (n),2005-01-01,14,22,9,16,23,38,61
ALCALA,desnutricion global,nutricion normal (n),2005-01-01,19,24,60,53,79,77,156
ANCORAIMES,desnutricion global,nutricion normal (n),2005-01-01,86,102,109,102,195,204,399
ANDAMARCA,desnutricion global,nutricion normal (n),2005-01-01,13,21,21,24,34,45,79
ANTEQUERA,desnutricion global,nutricion normal (n),2005-01-01,8,13,5,11,13,24,37
ANZALDO,desnutricion global,nutricion normal (n),2005-01-01,5,5,19,12,24,17,41
APOLO,desnutricion global,nutricion normal (n),2005-01-01,50,44,20,25,70,69,139
ARAMPAMPA,desnutricion global,nutricion normal (n),2005-01-01,23,20,28,24,51,44,95
ARANI,desnutricion global,nutricion normal (n),2005-01-01,58,54,8,5,66,59,125
ARBIETO,desnutricion global,nutricion normal (n),2005-01-01,33,36,17,16,50,52,102
ARQUE,desnutricion global,nutricion normal (n),2005-01-01,43,29,33,16,76,45,121
ATOCHA,desnutricion global,nutricion normal (n),2005-01-01,101,83,53,62,154,145,299
AUCAPATA,desnutricion global,nutricion normal (n),2005-01-01,17,16,12,13,29,29,58
AYATA,desnutricion global,nutricion normal (n),2005-01-01,53,31,16,21,69,52,121
AYO AYO,desnutricion global,nutricion normal (n),2005-01-01,39,31,20,20,59,51,110
AYOPAYA (V. DE INDEPENDENCIA),desnutricion global,nutricion normal (n),2005-01-01,79,75,46,34,125,109,234
AZURDUY,desnutricion global,nutricion normal (n),2005-01-01,220,215,207,153,427,368,795
BATALLAS,desnutricion global,nutricion normal (n),2005-01-01,88,88,70,62,158,150,308
BAURES,desnutricion global,nutricion normal (n),2005-01-01,64,0,49,0,113,0,113
BELEN DE ANDAMARCA,desnutricion global,nutricion normal (n),2005-01-01,9,4,2,4,11,8,19
BELEN DE URMIRI,desnutricion global,nutricion normal (n),2005-01-01,15,2,13,3,28,5,33
BELLA FLOR,desnutricion global,nutricion normal (n),2005-01-01,22,17,29,30,51,47,98
BERMEJO,desnutricion global,nutricion normal (n),2005-01-01,50,22,8,5,58,27,85
BETANZOS,desnutricion global,nutricion normal (n),2005-01-01,157,167,141,165,298,332,630
BOLIVAR,desnutricion global,nutricion normal (n),2005-01-01,44,44,44,32,88,76,164
BOLPEBRA,desnutricion global,nutricion normal (n),2005-01-01,16,2,6,10,22,12,34
BOYUIBE,desnutricion global,nutricion normal (n),2005-01-01,9,9,18,15,27,24,51
BUENA VISTA,desnutricion global,nutricion normal (n),2005-01-01,130,135,137,162,267,297,564
CABEZAS,desnutricion global,nutricion normal (n),2005-01-01,110,120,50,44,160,164,324
CAIROMA,desnutricion global,nutricion normal (n),2005-01-01,45,59,42,53,87,112,199
"CAIZA ""D""",desnutricion global,nutricion normal (n),2005-01-01,73,66,56,42,129,108,237
CAJUATA,desnutricion global,nutricion normal (n),2005-01-01,55,51,42,39,97,90,187
CALACOTO,desnutricion global,nutricion normal (n),2005-01-01,9,16,7,4,16,20,36
CALAMARCA,desnutricion global,nutricion normal (n),2005-01-01,53,50,24,18,77,68,145
CAMARGO,desnutricion global,nutricion normal (n),2005-01-01,124,107,64,54,188,161,349
CAMATAQUI (C. VILLA ABECIA),desnutricion global,nutricion normal (n),2005-01-01,45,22,24,23,69,45,114
CAMIRI,desnutricion global,nutricion normal (n),2005-01-01,219,153,138,125,357,278,635
CAPINOTA,desnutricion global,nutricion normal (n),2005-01-01,77,80,46,37,123,117,240
CAQUIAVIRI,desnutricion global,nutricion normal (n),2005-01-01,44,37,17,11,61,48,109
CARACOLLO,desnutricion global,nutricion normal (n),2005-01-01,62,63,50,59,112,122,234
CARANAVI,desnutricion global,nutricion normal (n),2005-01-01,203,149,92,100,295,249,544
CARANGAS,desnutricion global,nutricion normal (n),2005-01-01,1,1,0,1,1,2,3
CARAPARI,desnutricion global,nutricion normal (n),2005-01-01,95,70,62,70,157,140,297
CATACORA,desnutricion global,nutricion normal (n),2005-01-01,13,9,14,21,27,30,57
CHACARILLA,desnutricion global,nutricion normal (n),2005-01-01,1,5,2,4,3,9,12
CHALLAPATA,desnutricion global,nutricion normal (n),2005-01-01,70,84,52,57,122,141,263
CHAQUI,desnutricion global,nutricion normal (n),2005-01-01,20,6,11,2,31,8,39
CHARAGUA,desnutricion global,nutricion normal (n),2005-01-01,151,131,176,186,327,317,644
CHARAÑA,desnutricion global,nutricion normal (n),2005-01-01,8,14,13,20,21,34,55
CHAYANTA,desnutricion global,nutricion normal (n),2005-01-01,126,16,36,115,162,131,293
CHIMORE,desnutricion global,nutricion normal (n),2005-01-01,69,53,36,38,105,91,196
CHIPAYA,desnutricion global,nutricion normal (n),2005-01-01,11,6,4,1,15,7,22
CHOQUE COTA,desnutricion global,nutricion normal (n),2005-01-01,5,4,14,8,19,12,31
CHULUMANI (V. DE LA LIBERTAD),desnutricion global,nutricion normal (n),2005-01-01,63,65,40,35,103,100,203
CHUMA,desnutricion global,nutricion normal (n),2005-01-01,35,29,12,25,47,54,101
CLIZA,desnutricion global,nutricion normal (n),2005-01-01,51,37,38,43,89,80,169
COBIJA,desnutricion global,nutricion normal (n),2005-01-01,272,153,234,121,506,274,780
COCHABAMBA,desnutricion global,nutricion normal (n),2005-01-01,1315,1130,470,390,1785,1520,3305
COIPASA,desnutricion global,nutricion normal (n),2005-01-01,15,0,15,0,30,0,30
COLCAPIRHUA,desnutricion global,nutricion normal (n),2005-01-01,120,95,42,25,162,120,282
"COLCHA ""K""",desnutricion global,nutricion normal (n),2005-01-01,45,32,18,39,63,71,134
COLLANA,desnutricion global,nutricion normal (n),2005-01-01,7,5,4,2,11,7,18
COLOMI,desnutricion global,nutricion normal (n),2005-01-01,160,148,59,78,219,226,445
COLPA BELGICA,desnutricion global,nutricion normal (n),2005-01-01,52,30,23,25,75,55,130
COLQUECHACA,desnutricion global,nutricion normal (n),2005-01-01,105,98,25,29,130,127,257
COLQUENCHA,desnutricion global,nutricion normal (n),2005-01-01,36,45,25,23,61,68,129
COLQUIRI,desnutricion global,nutricion normal (n),2005-01-01,105,100,65,49,170,149,319
COMANCHE,desnutricion global,nutricion normal (n),2005-01-01,15,10,5,4,20,14,34
COMARAPA,desnutricion global,nutricion normal (n),2005-01-01,91,74,51,53,142,127,269
COMBAYA,desnutricion global,nutricion normal (n),2005-01-01,2,3,3,7,5,10,15
CONCEPCION,desnutricion global,nutricion normal (n),2005-01-01,171,0,15,0,186,0,186
COPACABANA,desnutricion global,nutricion normal (n),2005-01-01,97,33,65,19,162,52,214
CORIPATA,desnutricion global,nutricion normal (n),2005-01-01,30,21,11,11,41,32,73
CORO CORO,desnutricion global,nutricion normal (n),2005-01-01,45,34,30,17,75,51,126
COROICO,desnutricion global,nutricion normal (n),2005-01-01,74,63,52,41,126,104,230
CORQUE,desnutricion global,nutricion normal (n),2005-01-01,31,23,18,13,49,36,85
COTAGAITA,desnutricion global,nutricion normal (n),2005-01-01,186,127,114,66,300,193,493
COTOCA,desnutricion global,nutricion normal (n),2005-01-01,227,185,55,60,282,245,527
CUATRO CAÑADAS,desnutricion global,nutricion normal (n),2005-01-01,30,0,69,0,99,0,99
CUCHUMUELA (V. G. VILLARROEL),desnutricion global,nutricion normal (n),2005-01-01,24,14,18,16,42,30,72
CUEVO,desnutricion global,nutricion normal (n),2005-01-01,36,43,35,57,71,100,171
CULPINA,desnutricion global,nutricion normal (n),2005-01-01,212,187,128,128,340,315,655
CURAHUARA DE CARANGAS,desnutricion global,nutricion normal (n),2005-01-01,16,25,8,2,24,27,51
CURVA,desnutricion global,nutricion normal (n),2005-01-01,7,8,2,6,9,14,23
DESAGUADERO,desnutricion global,nutricion normal (n),2005-01-01,12,10,10,8,22,18,40
EL ALTO,desnutricion global,nutricion normal (n),2005-01-01,2907,2846,1102,1003,4009,3849,7858
EL CHORO,desnutricion global,nutricion normal (n),2005-01-01,9,16,8,10,17,26,43
EL PUENTE(TJA),desnutricion global,nutricion normal (n),2005-01-01,53,44,55,83,108,127,235
EL TORNO,desnutricion global,nutricion normal (n),2005-01-01,170,184,67,70,237,254,491
EL VILLAR,desnutricion global,nutricion normal (n),2005-01-01,61,65,82,48,143,113,256
ENTRE RIOS,desnutricion global,nutricion normal (n),2005-01-01,148,134,98,95,246,229,475
ENTRE RIOS,desnutricion global,nutricion normal (n),2005-01-01,181,125,96,66,277,191,468
ESCARA,desnutricion global,nutricion normal (n),2005-01-01,1,1,0,1,1,2,3
EUCALIPTUS,desnutricion global,nutricion normal (n),2005-01-01,33,19,17,16,50,35,85
EUREKA (SANTOS MERCADO),desnutricion global,nutricion normal (n),2005-01-01,1,6,1,3,2,9,11
EXALTACION,desnutricion global,nutricion normal (n),2005-01-01,16,19,25,9,41,28,69
FERNANDEZ ALONSO,desnutricion global,nutricion normal (n),2005-01-01,100,118,115,107,215,225,440
FILADELFIA,desnutricion global,nutricion normal (n),2005-01-01,28,29,31,29,59,58,117
GENERAL SAAVEDRA,desnutricion global,nutricion normal (n),2005-01-01,277,15,374,10,651,25,676
GRAL. J.J. PEREZ (CHARAZANI),desnutricion global,nutricion normal (n),2005-01-01,21,22,22,17,43,39,82
GUANAY,desnutricion global,nutricion normal (n),2005-01-01,129,113,74,83,203,196,399
GUAQUI,desnutricion global,nutricion normal (n),2005-01-01,25,20,7,7,32,27,59
GUAYARAMERIN,desnutricion global,nutricion normal (n),2005-01-01,1,0,0,0,1,0,1
GUTIERREZ,desnutricion global,nutricion normal (n),2005-01-01,144,169,209,250,353,419,772
HUACARETA,desnutricion global,nutricion normal (n),2005-01-01,122,97,168,162,290,259,549
HUACAYA (VILLA DE HUACAYA),desnutricion global,nutricion normal (n),2005-01-01,24,22,27,32,51,54,105
HUACHACALLA,desnutricion global,nutricion normal (n),2005-01-01,5,2,3,1,8,3,11
HUANUNI,desnutricion global,nutricion normal (n),2005-01-01,152,125,67,53,219,178,397
HUARACAJE,desnutricion global,nutricion normal (n),2005-01-01,25,18,17,13,42,31,73
HUAYLLAMARCA,desnutricion global,nutricion normal (n),2005-01-01,20,22,23,15,43,37,80
ICHOCA,desnutricion global,nutricion normal (n),2005-01-01,22,14,19,14,41,28,69
ICLA,desnutricion global,nutricion normal (n),2005-01-01,83,85,119,116,202,201,403
INCAHUASI,desnutricion global,nutricion normal (n),2005-01-01,159,148,92,73,251,221,472
INGAVI (HUMAITA),desnutricion global,nutricion normal (n),2005-01-01,2,3,9,2,11,5,16
INQUISIVI,desnutricion global,nutricion normal (n),2005-01-01,71,71,61,64,132,135,267
IRUPANA (VILLA DE LANZA),desnutricion global,nutricion normal (n),2005-01-01,105,102,96,105,201,207,408
IXIAMAS,desnutricion global,nutricion normal (n),2005-01-01,77,43,73,57,150,100,250
JESUS DE MACHACA,desnutricion global,nutricion normal (n),2005-01-01,27,30,5,7,32,37,69
LA ASUNTA,desnutricion global,nutricion normal (n),2005-01-01,124,110,48,33,172,143,315
LA GUARDIA,desnutricion global,nutricion normal (n),2005-01-01,320,318,133,165,453,483,936
LA PAZ,desnutricion global,nutricion normal (n),2005-01-01,2424,2219,1110,1152,3534,3371,6905
LA RIVERA,desnutricion global,nutricion normal (n),2005-01-01,0,4,0,1,0,5,5
LAGUNILLAS,desnutricion global,nutricion normal (n),2005-01-01,37,35,43,34,80,69,149
LAJA,desnutricion global,nutricion normal (n),2005-01-01,63,52,31,41,94,93,187
LAS CARRERAS,desnutricion global,nutricion normal (n),2005-01-01,22,16,18,23,40,39,79
LICOMA PAMPA,desnutricion global,nutricion normal (n),2005-01-01,11,5,5,5,16,10,26
LLALLAGUA,desnutricion global,nutricion normal (n),2005-01-01,108,96,72,78,180,174,354
LLICA,desnutricion global,nutricion normal (n),2005-01-01,19,20,12,4,31,24,55
LORETO,desnutricion global,nutricion normal (n),2005-01-01,13,21,22,12,35,33,68
LURIBAY,desnutricion global,nutricion normal (n),2005-01-01,68,60,40,47,108,107,215
MACHACAMARCA,desnutricion global,nutricion normal (n),2005-01-01,10,13,5,4,15,17,32
MACHARETI,desnutricion global,nutricion normal (n),2005-01-01,93,84,112,138,205,222,427
MAGDALENA,desnutricion global,nutricion normal (n),2005-01-01,96,32,48,23,144,55,199
MAIRANA,desnutricion global,nutricion normal (n),2005-01-01,118,2,52,0,170,2,172
MALLA,desnutricion global,nutricion normal (n),2005-01-01,6,5,4,3,10,8,18
MAPIRI,desnutricion global,nutricion normal (n),2005-01-01,70,67,44,21,114,88,202
MECAPACA,desnutricion global,nutricion normal (n),2005-01-01,53,43,14,16,67,59,126
MINEROS,desnutricion global,nutricion normal (n),2005-01-01,155,95,99,61,254,156,410
MIZQUE,desnutricion global,nutricion normal (n),2005-01-01,42,41,30,19,72,60,132
MOCOMOCO,desnutricion global,nutricion normal (n),2005-01-01,67,46,47,44,114,90,204
MOJINETE,desnutricion global,nutricion normal (n),2005-01-01,4,5,6,8,10,13,23
MOJOCOYA,desnutricion global,nutricion normal (n),2005-01-01,59,43,99,89,158,132,290
MONTEAGUDO,desnutricion global,nutricion normal (n),2005-01-01,167,158,135,126,302,284,586
MONTERO,desnutricion global,nutricion normal (n),2005-01-01,1443,216,919,121,2362,337,2699
MORO MORO,desnutricion global,nutricion normal (n),2005-01-01,25,13,35,23,60,36,96
MOROCHATA,desnutricion global,nutricion normal (n),2005-01-01,40,46,26,33,66,79,145
NACEBE (SANTA ROSA DEL ABUNA),desnutricion global,nutricion normal (n),2005-01-01,4,3,6,5,10,8,18
NAZACARA DE PACAJES,desnutricion global,nutricion normal (n),2005-01-01,2,1,5,0,7,1,8
NUEVO MANOA (NUEVA ESPERANZA),desnutricion global,nutricion normal (n),2005-01-01,4,3,2,10,6,13,19
OCURI,desnutricion global,nutricion normal (n),2005-01-01,73,66,49,59,122,125,247
OKINAWA,desnutricion global,nutricion normal (n),2005-01-01,92,91,88,72,180,163,343
OMEREQUE,desnutricion global,nutricion normal (n),2005-01-01,4,1,8,4,12,5,17
ORURO,desnutricion global,nutricion normal (n),2005-01-01,1075,1033,502,490,1577,1523,3100
PADCAYA,desnutricion global,nutricion normal (n),2005-01-01,111,76,90,88,201,164,365
PADILLA,desnutricion global,nutricion normal (n),2005-01-01,116,100,144,141,260,241,501
PAILON,desnutricion global,nutricion normal (n),2005-01-01,0,155,100,0,100,155,255
PALCA,desnutricion global,nutricion normal (n),2005-01-01,46,24,8,11,54,35,89
PALOS BLANCOS,desnutricion global,nutricion normal (n),2005-01-01,156,120,93,91,249,211,460
PAMPA AULLAGAS,desnutricion global,nutricion normal (n),2005-01-01,12,9,4,2,16,11,27
PAMPA GRANDE,desnutricion global,nutricion normal (n),2005-01-01,55,42,50,63,105,105,210
PAPEL PAMPA,desnutricion global,nutricion normal (n),2005-01-01,11,29,10,14,21,43,64
PASORAPA,desnutricion global,nutricion normal (n),2005-01-01,11,4,11,11,22,15,37
PATACAMAYA,desnutricion global,nutricion normal (n),2005-01-01,149,159,46,46,195,205,400
PAZÑA,desnutricion global,nutricion normal (n),2005-01-01,19,20,21,20,40,40,80
PELECHUCO,desnutricion global,nutricion normal (n),2005-01-01,15,12,5,9,20,21,41
POCOATA,desnutricion global,nutricion normal (n),2005-01-01,105,96,101,85,206,181,387
POCONA,desnutricion global,nutricion normal (n),2005-01-01,52,27,21,16,73,43,116
POJO (CBBA),desnutricion global,nutricion normal (n),2005-01-01,68,65,78,56,146,121,267
POOPO,desnutricion global,nutricion normal (n),2005-01-01,26,0,17,0,43,0,43
PORCO,desnutricion global,nutricion normal (n),2005-01-01,31,40,10,11,41,51,92
POROMA,desnutricion global,nutricion normal (n),2005-01-01,98,90,102,81,200,171,371
PORONGO,desnutricion global,nutricion normal (n),2005-01-01,50,40,40,23,90,63,153
PORTACHUELO,desnutricion global,nutricion normal (n),2005-01-01,135,91,86,85,221,176,397
PORVENIR,desnutricion global,nutricion normal (n),2005-01-01,26,24,33,22,59,46,105
POSTRER VALLE,desnutricion global,nutricion normal (n),2005-01-01,3,7,9,12,12,19,31
POTOSI,desnutricion global,nutricion normal (n),2005-01-01,759,413,199,174,958,587,1545
PRESTO,desnutricion global,nutricion normal (n),2005-01-01,77,60,85,94,162,154,316
PUCARA,desnutricion global,nutricion normal (n),2005-01-01,6,0,0,1,6,1,7
PUCARANI,desnutricion global,nutricion normal (n),2005-01-01,77,91,19,11,96,102,198
PUERTO ACOSTA,desnutricion global,nutricion normal (n),2005-01-01,85,80,70,65,155,145,300
PUERTO CARABUCO,desnutricion global,nutricion normal (n),2005-01-01,90,102,79,71,169,173,342
PUERTO GONZALO MORENO,desnutricion global,nutricion normal (n),2005-01-01,33,19,10,12,43,31,74
PUERTO PEREZ,desnutricion global,nutricion normal (n),2005-01-01,55,0,32,0,87,0,87
PUERTO RICO,desnutricion global,nutricion normal (n),2005-01-01,28,36,21,35,49,71,120
PUERTO SILES,desnutricion global,nutricion normal (n),2005-01-01,13,10,4,7,17,17,34
PUERTO VILLARROEL,desnutricion global,nutricion normal (n),2005-01-01,299,263,215,178,514,441,955
PUNA,desnutricion global,nutricion normal (n),2005-01-01,84,93,85,102,169,195,364
PUNATA,desnutricion global,nutricion normal (n),2005-01-01,141,127,64,63,205,190,395
QUIABAYA,desnutricion global,nutricion normal (n),2005-01-01,11,16,18,9,29,25,54
QUILLACOLLO,desnutricion global,nutricion normal (n),2005-01-01,307,269,66,82,373,351,724
QUIME,desnutricion global,nutricion normal (n),2005-01-01,74,77,87,91,161,168,329
QUIRUSILLAS,desnutricion global,nutricion normal (n),2005-01-01,10,12,11,14,21,26,47
RAVELO,desnutricion global,nutricion normal (n),2005-01-01,69,25,44,18,113,43,156
REYES,desnutricion global,nutricion normal (n),2005-01-01,116,113,96,108,212,221,433
RIBERALTA,desnutricion global,nutricion normal (n),2005-01-01,490,362,250,195,740,557,1297
ROBORE,desnutricion global,nutricion normal (n),2005-01-01,0,180,132,0,132,180,312
RURRENABAQUE,desnutricion global,nutricion normal (n),2005-01-01,101,98,47,47,148,145,293
SABAYA,desnutricion global,nutricion normal (n),2005-01-01,15,5,8,7,23,12,35
SACABA,desnutricion global,nutricion normal (n),2005-01-01,271,256,90,80,361,336,697
SACABAMBA,desnutricion global,nutricion normal (n),2005-01-01,1,5,1,0,2,5,7
SAIPINA,desnutricion global,nutricion normal (n),2005-01-01,36,13,18,11,54,24,78
SALINAS DE GARCI MENDOZA,desnutricion global,nutricion normal (n),2005-01-01,69,49,66,46,135,95,230
SAMAIPATA,desnutricion global,nutricion normal (n),2005-01-01,139,9,98,4,237,13,250
SAN AGUSTIN,desnutricion global,nutricion normal (n),2005-01-01,9,12,12,13,21,25,46
SAN ANDRES,desnutricion global,nutricion normal (n),2005-01-01,26,47,30,36,56,83,139
SAN ANDRES DE MACHACA,desnutricion global,nutricion normal (n),2005-01-01,29,24,25,20,54,44,98
SAN ANTONIO DE ESMORUCO,desnutricion global,nutricion normal (n),2005-01-01,8,1,7,3,15,4,19
SAN ANTONIO DE LOMERIO,desnutricion global,nutricion normal (n),2005-01-01,62,60,64,72,126,132,258
SAN BENITO,desnutricion global,nutricion normal (n),2005-01-01,41,36,18,6,59,42,101
SAN BORJA,desnutricion global,nutricion normal (n),2005-01-01,239,241,120,123,359,364,723
SAN BUENA VENTURA,desnutricion global,nutricion normal (n),2005-01-01,55,51,29,39,84,90,174
SAN CARLOS,desnutricion global,nutricion normal (n),2005-01-01,141,122,66,73,207,195,402
SAN IGNACIO,desnutricion global,nutricion normal (n),2005-01-01,146,126,128,96,274,222,496
SAN IGNACIO DE VELASCO,desnutricion global,nutricion normal (n),2005-01-01,329,308,263,219,592,527,1119
SAN JAVIER(BNI),desnutricion global,nutricion normal (n),2005-01-01,20,21,28,18,48,39,87
SAN JAVIER(STC),desnutricion global,nutricion normal (n),2005-01-01,99,0,70,0,169,0,169
SAN JOAQUIN,desnutricion global,nutricion normal (n),2005-01-01,34,48,22,26,56,74,130
SAN JOSE DE CHIQUITOS,desnutricion global,nutricion normal (n),2005-01-01,79,65,40,29,119,94,213
SAN JUAN DE YAPACANI,desnutricion global,nutricion normal (n),2005-01-01,54,48,30,39,84,87,171
SAN JULIAN,desnutricion global,nutricion normal (n),2005-01-01,160,13,140,14,300,27,327
SAN LORENZO(PND),desnutricion global,nutricion normal (n),2005-01-01,16,17,32,22,48,39,87
SAN LORENZO(TJA),desnutricion global,nutricion normal (n),2005-01-01,138,125,142,104,280,229,509
SAN LUCAS,desnutricion global,nutricion normal (n),2005-01-01,283,294,272,244,555,538,1093
SAN MIGUEL DE VELASCO,desnutricion global,nutricion normal (n),2005-01-01,87,79,74,87,161,166,327
SAN PABLO DE LIPEZ,desnutricion global,nutricion normal (n),2005-01-01,4,11,15,5,19,16,35
SAN PEDRO,desnutricion global,nutricion normal (n),2005-01-01,142,114,112,109,254,223,477
SAN PEDRO DE BUENA VISTA,desnutricion global,nutricion normal (n),2005-01-01,66,57,56,43,122,100,222
SAN PEDRO DE CURAHUARA,desnutricion global,nutricion normal (n),2005-01-01,25,18,38,21,63,39,102
SAN PEDRO DE QUEMES,desnutricion global,nutricion normal (n),2005-01-01,4,6,1,1,5,7,12
SAN PEDRO DE TIQUINA,desnutricion global,nutricion normal (n),2005-01-01,16,17,27,31,43,48,91
SAN PEDRO(PND),desnutricion global,nutricion normal (n),2005-01-01,15,20,11,14,26,34,60
SAN RAFAEL,desnutricion global,nutricion normal (n),2005-01-01,30,34,35,18,65,52,117
SAN RAMON,desnutricion global,nutricion normal (n),2005-01-01,48,38,36,31,84,69,153
SAN RAMON,desnutricion global,nutricion normal (n),2005-01-01,79,4,39,4,118,8,126
SANTA ANA,desnutricion global,nutricion normal (n),2005-01-01,99,106,56,42,155,148,303
SANTA CRUZ DE LA SIERRA,desnutricion global,nutricion normal (n),2005-01-01,3790,2833,1713,1155,5503,3988,9491
SANTA ROSA,desnutricion global,nutricion normal (n),2005-01-01,33,38,20,23,53,61,114
SANTA ROSA DEL SARA,desnutricion global,nutricion normal (n),2005-01-01,57,57,49,40,106,97,203
SANTIAGO DE CALLAPA,desnutricion global,nutricion normal (n),2005-01-01,24,23,8,14,32,37,69
SANTIAGO DE HUARI,desnutricion global,nutricion normal (n),2005-01-01,40,29,29,21,69,50,119
SANTIAGO DE MACHACA,desnutricion global,nutricion normal (n),2005-01-01,7,12,6,4,13,16,29
SANTIVAÑES,desnutricion global,nutricion normal (n),2005-01-01,43,39,17,25,60,64,124
SANTUARIO DE QUILLACAS,desnutricion global,nutricion normal (n),2005-01-01,13,9,7,8,20,17,37
SAPAHAQUI,desnutricion global,nutricion normal (n),2005-01-01,33,27,28,28,61,55,116
SENA,desnutricion global,nutricion normal (n),2005-01-01,20,21,11,13,31,34,65
SICA SICA (VILLA AROMA),desnutricion global,nutricion normal (n),2005-01-01,83,69,58,63,141,132,273
SICAYA,desnutricion global,nutricion normal (n),2005-01-01,6,4,1,0,7,4,11
SIPE SIPE,desnutricion global,nutricion normal (n),2005-01-01,170,129,83,68,253,197,450
SOPACHUY,desnutricion global,nutricion normal (n),2005-01-01,103,81,106,85,209,166,375
SORACACHI,desnutricion global,nutricion normal (n),2005-01-01,44,8,32,12,76,20,96
SORATA,desnutricion global,nutricion normal (n),2005-01-01,111,96,181,149,292,245,537
SUCRE,desnutricion global,nutricion normal (n),2005-01-01,841,732,381,358,1222,1090,2312
TACACHI,desnutricion global,nutricion normal (n),2005-01-01,8,4,1,1,9,5,14
TACACOMA,desnutricion global,nutricion normal (n),2005-01-01,36,27,25,28,61,55,116
TACOBAMBA,desnutricion global,nutricion normal (n),2005-01-01,5,10,7,4,12,14,26
TACOPAYA,desnutricion global,nutricion normal (n),2005-01-01,44,53,48,31,92,84,176
TAHUA,desnutricion global,nutricion normal (n),2005-01-01,6,5,2,7,8,12,20
TAPACARI,desnutricion global,nutricion normal (n),2005-01-01,150,89,50,49,200,138,338
TARABUCO,desnutricion global,nutricion normal (n),2005-01-01,201,184,218,266,419,450,869
TARACO,desnutricion global,nutricion normal (n),2005-01-01,24,19,21,21,45,40,85
TARATA,desnutricion global,nutricion normal (n),2005-01-01,63,58,30,17,93,75,168
TARIJA,desnutricion global,nutricion normal (n),2005-01-01,811,807,421,386,1232,1193,2425
TARVITA,desnutricion global,nutricion normal (n),2005-01-01,249,193,227,209,476,402,878
TEOPONTE,desnutricion global,nutricion normal (n),2005-01-01,31,39,49,53,80,92,172
TIAWANACU,desnutricion global,nutricion normal (n),2005-01-01,61,61,20,21,81,82,163
TINGUIPAYA,desnutricion global,nutricion normal (n),2005-01-01,55,43,49,37,104,80,184
TIPUANI,desnutricion global,nutricion normal (n),2005-01-01,59,47,15,21,74,68,142
TIQUIPAYA,desnutricion global,nutricion normal (n),2005-01-01,200,184,64,38,264,222,486
TIRAQUE (CBBA),desnutricion global,nutricion normal (n),2005-01-01,280,232,157,137,437,369,806
TITO YUPANQUI (PARQUIPUJIO),desnutricion global,nutricion normal (n),2005-01-01,7,7,13,9,20,16,36
TOCO,desnutricion global,nutricion normal (n),2005-01-01,21,14,19,30,40,44,84
TOLATA,desnutricion global,nutricion normal (n),2005-01-01,5,11,1,1,6,12,18
TOLEDO,desnutricion global,nutricion normal (n),2005-01-01,35,8,5,11,40,19,59
TOMAVE,desnutricion global,nutricion normal (n),2005-01-01,29,15,14,8,43,23,66
TOMINA,desnutricion global,nutricion normal (n),2005-01-01,76,98,107,111,183,209,392
TORO TORO,desnutricion global,nutricion normal (n),2005-01-01,41,43,30,31,71,74,145
TOTORA(CBBA),desnutricion global,nutricion normal (n),2005-01-01,41,32,15,8,56,40,96
TOTORA(ORR),desnutricion global,nutricion normal (n),2005-01-01,22,26,16,19,38,45,83
TRIGAL,desnutricion global,nutricion normal (n),2005-01-01,15,15,13,9,28,24,52
TRINIDAD,desnutricion global,nutricion normal (n),2005-01-01,634,603,280,221,914,824,1738
TUPIZA,desnutricion global,nutricion normal (n),2005-01-01,260,256,213,196,473,452,925
TURCO,desnutricion global,nutricion normal (n),2005-01-01,16,24,24,25,40,49,89
UMALA,desnutricion global,nutricion normal (n),2005-01-01,3,2,1,0,4,2,6
UNCIA,desnutricion global,nutricion normal (n),2005-01-01,66,52,27,47,93,99,192
URIONDO (A. CONCEPCION),desnutricion global,nutricion normal (n),2005-01-01,103,85,112,85,215,170,385
UYUNI,desnutricion global,nutricion normal (n),2005-01-01,42,35,57,46,99,81,180
VACAS,desnutricion global,nutricion normal (n),2005-01-01,37,52,16,22,53,74,127
VALLEGRANDE,desnutricion global,nutricion normal (n),2005-01-01,132,95,74,26,206,121,327
VIACHA,desnutricion global,nutricion normal (n),2005-01-01,41,32,15,17,56,49,105
VILA VILA,desnutricion global,nutricion normal (n),2005-01-01,5,9,2,1,7,10,17
VILLA MONTES,desnutricion global,nutricion normal (n),2005-01-01,185,167,121,130,306,297,603
VILLA NUEVA (LOMA ALTA),desnutricion global,nutricion normal (n),2005-01-01,6,3,0,1,6,4,10
VILLA RIVERO,desnutricion global,nutricion normal (n),2005-01-01,27,14,20,17,47,31,78
VILLA SERRANO,desnutricion global,nutricion normal (n),2005-01-01,88,96,101,91,189,187,376
VILLA TUNARI,desnutricion global,nutricion normal (n),2005-01-01,311,285,212,185,523,470,993
VILLA VACA GUZMAN (MUYUPAMPA),desnutricion global,nutricion normal (n),2005-01-01,71,69,77,100,148,169,317
VILLAZON,desnutricion global,nutricion normal (n),2005-01-01,252,230,171,159,423,389,812
VINTO,desnutricion global,nutricion normal (n),2005-01-01,159,0,61,0,220,0,220
VITICHI,desnutricion global,nutricion normal (n),2005-01-01,71,65,62,52,133,117,250
WALDO BALLIVIAN,desnutricion global,nutricion normal (n),2005-01-01,5,5,0,3,5,8,13
WARNES,desnutricion global,nutricion normal (n),2005-01-01,207,179,87,106,294,285,579
YACO,desnutricion global,nutricion normal (n),2005-01-01,24,18,17,24,41,42,83
YACUIBA,desnutricion global,nutricion normal (n),2005-01-01,378,296,134,128,512,424,936
YAMPARAEZ,desnutricion global,nutricion normal (n),2005-01-01,102,103,180,162,282,265,547
YANACACHI,desnutricion global,nutricion normal (n),2005-01-01,27,26,13,16,40,42,82
YAPACANI,desnutricion global,nutricion normal (n),2005-01-01,333,293,166,191,499,484,983
YOCALLA,desnutricion global,nutricion normal (n),2005-01-01,12,10,17,17,29,27,56
YOTALA,desnutricion global,nutricion normal (n),2005-01-01,75,77,133,129,208,206,414
YUNCHARA,desnutricion global,nutricion normal (n),2005-01-01,32,43,34,52,66,95,161
ZUDAÑEZ,desnutricion global,nutricion normal (n),2005-01-01,100,52,123,59,223,111,334
ACACIO,desnutricion global,nutricion normal (n),2005-02-01,53,61,80,92,133,153,286
ACHACACHI,desnutricion global,nutricion normal (n),2005-02-01,288,397,364,364,652,761,1413
ACHOCALLA,desnutricion global,nutricion normal (n),2005-02-01,47,43,20,20,67,63,130
AIQUILE,desnutricion global,nutricion normal (n),2005-02-01,63,55,46,54,109,109,218
ALALAY,desnutricion global,nutricion normal (n),2005-02-01,6,6,3,1,9,7,16
ALCALA,desnutricion global,nutricion normal (n),2005-02-01,22,21,53,49,75,70,145
ANCORAIMES,desnutricion global,nutricion normal (n),2005-02-01,68,67,103,84,171,151,322
ANDAMARCA,desnutricion global,nutricion normal (n),2005-02-01,10,12,13,5,23,17,40
ANTEQUERA,desnutricion global,nutricion normal (n),2005-02-01,29,12,32,29,61,41,102
ANZALDO,desnutricion global,nutricion normal (n),2005-02-01,7,6,16,19,23,25,48
APOLO,desnutricion global,nutricion normal (n),2005-02-01,43,45,39,42,82,87,169
ARAMPAMPA,desnutricion global,nutricion normal (n),2005-02-01,27,39,22,33,49,72,121
ARANI,desnutricion global,nutricion normal (n),2005-02-01,29,25,10,4,39,29,68
ARBIETO,desnutricion global,nutricion normal (n),2005-02-01,47,32,15,30,62,62,124
ARQUE,desnutricion global,nutricion normal (n),2005-02-01,47,59,29,41,76,100,176
ATOCHA,desnutricion global,nutricion normal (n),2005-02-01,97,100,74,74,171,174,345
AUCAPATA,desnutricion global,nutricion normal (n),2005-02-01,14,18,18,4,32,22,54
AYATA,desnutricion global,nutricion normal (n),2005-02-01,48,31,23,36,71,67,138
AYO AYO,desnutricion global,nutricion normal (n),2005-02-01,25,14,13,8,38,22,60
AYOPAYA (V. DE INDEPENDENCIA),desnutricion global,nutricion normal (n),2005-02-01,92,80,64,67,156,147,303
AZURDUY,desnutricion global,nutricion normal (n),2005-02-01,158,133,135,123,293,256,549
BATALLAS,desnutricion global,nutricion normal (n),2005-02-01,79,142,43,44,122,186,308
BAURES,desnutricion global,nutricion normal (n),2005-02-01,65,0,39,0,104,0,104
BELEN DE ANDAMARCA,desnutricion global,nutricion normal (n),2005-02-01,5,5,4,2,9,7,16
BELEN DE URMIRI,desnutricion global,nutricion normal (n),2005-02-01,6,4,5,2,11,6,17
BELLA FLOR,desnutricion global,nutricion normal (n),2005-02-01,16,9,16,23,32,32,64
BERMEJO,desnutricion global,nutricion normal (n),2005-02-01,64,39,16,26,80,65,145
BETANZOS,desnutricion global,nutricion normal (n),2005-02-01,113,107,104,106,217,213,430
BOLIVAR,desnutricion global,nutricion normal (n),2005-02-01,30,31,13,22,43,53,96
BOLPEBRA,desnutricion global,nutricion normal (n),2005-02-01,10,5,12,8,22,13,35
BOYUIBE,desnutricion global,nutricion normal (n),2005-02-01,20,14,23,19,43,33,76
BUENA VISTA,desnutricion global,nutricion normal (n),2005-02-01,120,102,129,123,249,225,474
CABEZAS,desnutricion global,nutricion normal (n),2005-02-01,123,105,103,75,226,180,406
CAIROMA,desnutricion global,nutricion normal (n),2005-02-01,73,90,75,86,148,176,324
"CAIZA ""D""",desnutricion global,nutricion normal (n),2005-02-01,55,75,60,63,115,138,253
CAJUATA,desnutricion global,nutricion normal (n),2005-02-01,112,81,43,34,155,115,270
CALACOTO,desnutricion global,nutricion normal (n),2005-02-01,11,12,9,9,20,21,41
CALAMARCA,desnutricion global,nutricion normal (n),2005-02-01,124,126,257,103,381,229,610
CAMARGO,desnutricion global,nutricion normal (n),2005-02-01,125,127,70,74,195,201,396
CAMATAQUI (C. VILLA ABECIA),desnutricion global,nutricion normal (n),2005-02-01,33,21,19,20,52,41,93
CAMIRI,desnutricion global,nutricion normal (n),2005-02-01,219,187,136,121,355,308,663
CAPINOTA,desnutricion global,nutricion normal (n),2005-02-01,118,62,29,28,147,90,237
CAQUIAVIRI,desnutricion global,nutricion normal (n),2005-02-01,38,32,29,27,67,59,126
CARACOLLO,desnutricion global,nutricion normal (n),2005-02-01,49,30,27,34,76,64,140
CARANAVI,desnutricion global,nutricion normal (n),2005-02-01,284,248,143,137,427,385,812
CARANGAS,desnutricion global,nutricion normal (n),2005-02-01,0,1,2,0,2,1,3
CARAPARI,desnutricion global,nutricion normal (n),2005-02-01,54,63,51,50,105,113,218
CARIPUYO,desnutricion global,nutricion normal (n),2005-02-01,22,31,41,33,63,64,127
CATACORA,desnutricion global,nutricion normal (n),2005-02-01,1,0,2,0,3,0,3
CHACARILLA,desnutricion global,nutricion normal (n),2005-02-01,1,2,5,3,6,5,11
CHALLAPATA,desnutricion global,nutricion normal (n),2005-02-01,98,78,75,73,173,151,324
CHAQUI,desnutricion global,nutricion normal (n),2005-02-01,27,30,18,23,45,53,98
CHARAGUA,desnutricion global,nutricion normal (n),2005-02-01,154,130,171,142,325,272,597
CHARAÑA,desnutricion global,nutricion normal (n),2005-02-01,11,5,3,7,14,12,26
CHAYANTA,desnutricion global,nutricion normal (n),2005-02-01,96,43,58,97,154,140,294
CHIMORE,desnutricion global,nutricion normal (n),2005-02-01,58,32,46,37,104,69,173
CHIPAYA,desnutricion global,nutricion normal (n),2005-02-01,8,6,8,2,16,8,24
CHULUMANI (V. DE LA LIBERTAD),desnutricion global,nutricion normal (n),2005-02-01,66,77,47,63,113,140,253
CHUMA,desnutricion global,nutricion normal (n),2005-02-01,37,19,22,13,59,32,91
CLIZA,desnutricion global,nutricion normal (n),2005-02-01,56,43,23,24,79,67,146
COBIJA,desnutricion global,nutricion normal (n),2005-02-01,167,152,124,86,291,238,529
COCHABAMBA,desnutricion global,nutricion normal (n),2005-02-01,1150,930,461,406,1611,1336,2947
COIPASA,desnutricion global,nutricion normal (n),2005-02-01,2,0,0,0,2,0,2
COLCAPIRHUA,desnutricion global,nutricion normal (n),2005-02-01,104,80,36,29,140,109,249
"COLCHA ""K""",desnutricion global,nutricion normal (n),2005-02-01,43,52,29,36,72,88,160
COLLANA,desnutricion global,nutricion normal (n),2005-02-01,14,4,5,4,19,8,27
COLOMI,desnutricion global,nutricion normal (n),2005-02-01,159,128,72,52,231,180,411
COLPA BELGICA,desnutricion global,nutricion normal (n),2005-02-01,32,26,18,23,50,49,99
COLQUECHACA,desnutricion global,nutricion normal (n),2005-02-01,103,112,76,48,179,160,339
COLQUENCHA,desnutricion global,nutricion normal (n),2005-02-01,29,32,15,14,44,46,90
COLQUIRI,desnutricion global,nutricion normal (n),2005-02-01,124,113,81,78,205,191,396
COMANCHE,desnutricion global,nutricion normal (n),2005-02-01,13,12,2,2,15,14,29
COMARAPA,desnutricion global,nutricion normal (n),2005-02-01,76,71,50,59,126,130,256
COMBAYA,desnutricion global,nutricion normal (n),2005-02-01,11,6,19,9,30,15,45
CONCEPCION,desnutricion global,nutricion normal (n),2005-02-01,145,0,70,0,215,0,215
COPACABANA,desnutricion global,nutricion normal (n),2005-02-01,51,38,32,31,83,69,152
CORIPATA,desnutricion global,nutricion normal (n),2005-02-01,47,56,18,24,65,80,145
CORO CORO,desnutricion global,nutricion normal (n),2005-02-01,38,36,32,36,70,72,142
COROICO,desnutricion global,nutricion normal (n),2005-02-01,95,67,42,41,137,108,245
CORQUE,desnutricion global,nutricion normal (n),2005-02-01,40,28,24,34,64,62,126
COTAGAITA,desnutricion global,nutricion normal (n),2005-02-01,64,41,39,30,103,71,174
COTOCA,desnutricion global,nutricion normal (n),2005-02-01,180,197,68,53,248,250,498
CUATRO CAÑADAS,desnutricion global,nutricion normal (n),2005-02-01,39,12,29,18,68,30,98
CUCHUMUELA (V. G. VILLARROEL),desnutricion global,nutricion normal (n),2005-02-01,3,1,2,2,5,3,8
CUEVO,desnutricion global,nutricion normal (n),2005-02-01,18,30,17,17,35,47,82
CULPINA,desnutricion global,nutricion normal (n),2005-02-01,204,213,147,198,351,411,762
CURAHUARA DE CARANGAS,desnutricion global,nutricion normal (n),2005-02-01,25,16,22,11,47,27,74
CURVA,desnutricion global,nutricion normal (n),2005-02-01,7,8,2,1,9,9,18
DESAGUADERO,desnutricion global,nutricion normal (n),2005-02-01,12,19,10,7,22,26,48
EL ALTO,desnutricion global,nutricion normal (n),2005-02-01,2979,2730,1211,1042,4190,3772,7962
EL CHORO,desnutricion global,nutricion normal (n),2005-02-01,6,7,6,3,12,10,22
EL PUENTE(TJA),desnutricion global,nutricion normal (n),2005-02-01,58,20,51,44,109,64,173
EL TORNO,desnutricion global,nutricion normal (n),2005-02-01,167,195,73,87,240,282,522
EL VILLAR,desnutricion global,nutricion normal (n),2005-02-01,61,64,101,52,162,116,278
ENTRE RIOS,desnutricion global,nutricion normal (n),2005-02-01,114,90,69,73,183,163,346
ENTRE RIOS,desnutricion global,nutricion normal (n),2005-02-01,126,107,81,57,207,164,371
EUCALIPTUS,desnutricion global,nutricion normal (n),2005-02-01,22,19,27,12,49,31,80
EUREKA (SANTOS MERCADO),desnutricion global,nutricion normal (n),2005-02-01,1,2,1,2,2,4,6
EXALTACION,desnutricion global,nutricion normal (n),2005-02-01,35,21,44,33,79,54,133
FERNANDEZ ALONSO,desnutricion global,nutricion normal (n),2005-02-01,97,116,77,82,174,198,372
FILADELFIA,desnutricion global,nutricion normal (n),2005-02-01,18,31,31,35,49,66,115
GENERAL SAAVEDRA,desnutricion global,nutricion normal (n),2005-02-01,326,0,380,0,706,0,706
GRAL. J.J. PEREZ (CHARAZANI),desnutricion global,nutricion normal (n),2005-02-01,40,42,37,22,77,64,141
GUANAY,desnutricion global,nutricion normal (n),2005-02-01,103,92,91,77,194,169,363
GUAQUI,desnutricion global,nutricion normal (n),2005-02-01,26,14,19,13,45,27,72
GUAYARAMERIN,desnutricion global,nutricion normal (n),2005-02-01,3,0,0,0,3,0,3
GUTIERREZ,desnutricion global,nutricion normal (n),2005-02-01,145,127,179,200,324,327,651
HUACARETA,desnutricion global,nutricion normal (n),2005-02-01,105,85,139,144,244,229,473
HUACAYA (VILLA DE HUACAYA),desnutricion global,nutricion normal (n),2005-02-01,8,5,6,16,14,21,35
HUACHACALLA,desnutricion global,nutricion normal (n),2005-02-01,2,7,3,2,5,9,14
HUANUNI,desnutricion global,nutricion normal (n),2005-02-01,136,101,56,47,192,148,340
HUARACAJE,desnutricion global,nutricion normal (n),2005-02-01,41,7,36,7,77,14,91
HUAYLLAMARCA,desnutricion global,nutricion normal (n),2005-02-01,27,32,20,19,47,51,98
ICHOCA,desnutricion global,nutricion normal (n),2005-02-01,14,12,14,11,28,23,51
ICLA,desnutricion global,nutricion normal (n),2005-02-01,94,90,131,124,225,214,439
INCAHUASI,desnutricion global,nutricion normal (n),2005-02-01,171,184,111,130,282,314,596
INGAVI (HUMAITA),desnutricion global,nutricion normal (n),2005-02-01,7,9,5,4,12,13,25
INQUISIVI,desnutricion global,nutricion normal (n),2005-02-01,61,62,61,61,122,123,245
IRUPANA (VILLA DE LANZA),desnutricion global,nutricion normal (n),2005-02-01,113,100,108,86,221,186,407
IXIAMAS,desnutricion global,nutricion normal (n),2005-02-01,76,39,58,47,134,86,220
JESUS DE MACHACA,desnutricion global,nutricion normal (n),2005-02-01,48,33,31,30,79,63,142
LA ASUNTA,desnutricion global,nutricion normal (n),2005-02-01,129,125,29,30,158,155,313
LA GUARDIA,desnutricion global,nutricion normal (n),2005-02-01,263,274,122,108,385,382,767
LA PAZ,desnutricion global,nutricion normal (n),2005-02-01,2493,2355,1036,1038,3529,3393,6922
LA RIVERA,desnutricion global,nutricion normal (n),2005-02-01,3,0,10,0,13,0,13
LAGUNILLAS,desnutricion global,nutricion normal (n),2005-02-01,51,43,55,48,106,91,197
LAJA,desnutricion global,nutricion normal (n),2005-02-01,125,112,60,62,185,174,359
LAS CARRERAS,desnutricion global,nutricion normal (n),2005-02-01,28,17,31,28,59,45,104
LICOMA PAMPA,desnutricion global,nutricion normal (n),2005-02-01,17,4,28,19,45,23,68
LLALLAGUA,desnutricion global,nutricion normal (n),2005-02-01,140,81,105,99,245,180,425
LLICA,desnutricion global,nutricion normal (n),2005-02-01,14,19,18,12,32,31,63
LORETO,desnutricion global,nutricion normal (n),2005-02-01,14,23,21,19,35,42,77
LURIBAY,desnutricion global,nutricion normal (n),2005-02-01,53,51,65,51,118,102,220
MACHACAMARCA,desnutricion global,nutricion normal (n),2005-02-01,10,11,5,1,15,12,27
MACHARETI,desnutricion global,nutricion normal (n),2005-02-01,76,94,129,141,205,235,440
MAGDALENA,desnutricion global,nutricion normal (n),2005-02-01,81,31,27,33,108,64,172
MAIRANA,desnutricion global,nutricion normal (n),2005-02-01,91,3,50,2,141,5,146
MALLA,desnutricion global,nutricion normal (n),2005-02-01,16,11,22,13,38,24,62
MAPIRI,desnutricion global,nutricion normal (n),2005-02-01,96,89,55,35,151,124,275
MECAPACA,desnutricion global,nutricion normal (n),2005-02-01,14,20,9,9,23,29,52
MINEROS,desnutricion global,nutricion normal (n),2005-02-01,212,7,149,6,361,13,374
MIZQUE,desnutricion global,nutricion normal (n),2005-02-01,57,57,90,67,147,124,271
MOCOMOCO,desnutricion global,nutricion normal (n),2005-02-01,80,70,64,53,144,123,267
MOJINETE,desnutricion global,nutricion normal (n),2005-02-01,7,7,9,8,16,15,31
MOJOCOYA,desnutricion global,nutricion normal (n),2005-02-01,60,45,80,80,140,125,265
MONTEAGUDO,desnutricion global,nutricion normal (n),2005-02-01,160,159,178,167,338,326,664
MONTERO,desnutricion global,nutricion normal (n),2005-02-01,886,267,537,208,1423,475,1898
MORO MORO,desnutricion global,nutricion normal (n),2005-02-01,22,15,21,18,43,33,76
MOROCHATA,desnutricion global,nutricion normal (n),2005-02-01,40,39,31,23,71,62,133
NACEBE (SANTA ROSA DEL ABUNA),desnutricion global,nutricion normal (n),2005-02-01,3,4,6,7,9,11,20
NAZACARA DE PACAJES,desnutricion global,nutricion normal (n),2005-02-01,7,2,2,3,9,5,14
NUEVO MANOA (NUEVA ESPERANZA),desnutricion global,nutricion normal (n),2005-02-01,1,1,0,3,1,4,5
OCURI,desnutricion global,nutricion normal (n),2005-02-01,39,34,35,37,74,71,145
OKINAWA,desnutricion global,nutricion normal (n),2005-02-01,84,61,57,45,141,106,247
OMEREQUE,desnutricion global,nutricion normal (n),2005-02-01,51,35,0,1,51,36,87
ORURO,desnutricion global,nutricion normal (n),2005-02-01,867,815,410,401,1277,1216,2493
PADCAYA,desnutricion global,nutricion normal (n),2005-02-01,90,76,85,72,175,148,323
PADILLA,desnutricion global,nutricion normal (n),2005-02-01,115,102,138,136,253,238,491
PAILON,desnutricion global,nutricion normal (n),2005-02-01,0,142,94,0,94,142,236
PALCA,desnutricion global,nutricion normal (n),2005-02-01,11,21,3,5,14,26,40
PALOS BLANCOS,desnutricion global,nutricion normal (n),2005-02-01,163,125,128,102,291,227,518
PAMPA AULLAGAS,desnutricion global,nutricion normal (n),2005-02-01,7,7,5,9,12,16,28
PAMPA GRANDE,desnutricion global,nutricion normal (n),2005-02-01,48,32,45,35,93,67,160
PAPEL PAMPA,desnutricion global,nutricion normal (n),2005-02-01,18,15,11,6,29,21,50
PASORAPA,desnutricion global,nutricion normal (n),2005-02-01,25,31,32,29,57,60,117
PATACAMAYA,desnutricion global,nutricion normal (n),2005-02-01,107,105,49,38,156,143,299
PAZÑA,desnutricion global,nutricion normal (n),2005-02-01,13,17,24,22,37,39,76
PELECHUCO,desnutricion global,nutricion normal (n),2005-02-01,23,18,11,10,34,28,62
POCOATA,desnutricion global,nutricion normal (n),2005-02-01,109,119,105,80,214,199,413
POCONA,desnutricion global,nutricion normal (n),2005-02-01,48,51,35,42,83,93,176
POJO (CBBA),desnutricion global,nutricion normal (n),2005-02-01,39,44,24,19,63,63,126
POOPO,desnutricion global,nutricion normal (n),2005-02-01,18,10,16,6,34,16,50
PORCO,desnutricion global,nutricion normal (n),2005-02-01,58,44,7,8,65,52,117
POROMA,desnutricion global,nutricion normal (n),2005-02-01,119,114,116,96,235,210,445
PORONGO,desnutricion global,nutricion normal (n),2005-02-01,43,35,34,18,77,53,130
PORTACHUELO,desnutricion global,nutricion normal (n),2005-02-01,94,96,82,58,176,154,330
PORVENIR,desnutricion global,nutricion normal (n),2005-02-01,30,28,27,15,57,43,100
POSTRER VALLE,desnutricion global,nutricion normal (n),2005-02-01,1,8,5,5,6,13,19
POTOSI,desnutricion global,nutricion normal (n),2005-02-01,493,375,168,124,661,499,1160
PRESTO,desnutricion global,nutricion normal (n),2005-02-01,82,59,73,81,155,140,295
PUCARA,desnutricion global,nutricion normal (n),2005-02-01,16,6,23,7,39,13,52
PUCARANI,desnutricion global,nutricion normal (n),2005-02-01,87,94,24,36,111,130,241
PUERTO ACOSTA,desnutricion global,nutricion normal (n),2005-02-01,107,97,103,99,210,196,406
PUERTO CARABUCO,desnutricion global,nutricion normal (n),2005-02-01,64,66,87,60,151,126,277
PUERTO GONZALO MORENO,desnutricion global,nutricion normal (n),2005-02-01,40,29,62,22,102,51,153
PUERTO PEREZ,desnutricion global,nutricion normal (n),2005-02-01,42,8,39,4,81,12,93
PUERTO RICO,desnutricion global,nutricion normal (n),2005-02-01,56,40,31,34,87,74,161
PUERTO SILES,desnutricion global,nutricion normal (n),2005-02-01,20,24,34,31,54,55,109
PUERTO VILLARROEL,desnutricion global,nutricion normal (n),2005-02-01,227,203,168,131,395,334,729
PUNA,desnutricion global,nutricion normal (n),2005-02-01,92,140,65,53,157,193,350
PUNATA,desnutricion global,nutricion normal (n),2005-02-01,122,121,25,40,147,161,308
QUILLACOLLO,desnutricion global,nutricion normal (n),2005-02-01,282,323,92,109,374,432,806
QUIME,desnutricion global,nutricion normal (n),2005-02-01,44,65,67,47,111,112,223
QUIRUSILLAS,desnutricion global,nutricion normal (n),2005-02-01,18,11,14,15,32,26,58
RAVELO,desnutricion global,nutricion normal (n),2005-02-01,146,92,119,73,265,165,430
REYES,desnutricion global,nutricion normal (n),2005-02-01,78,84,58,66,136,150,286
RIBERALTA,desnutricion global,nutricion normal (n),2005-02-01,564,448,238,187,802,635,1437
ROBORE,desnutricion global,nutricion normal (n),2005-02-01,5,157,90,5,95,162,257
RURRENABAQUE,desnutricion global,nutricion normal (n),2005-02-01,108,79,34,33,142,112,254
SABAYA,desnutricion global,nutricion normal (n),2005-02-01,12,3,10,9,22,12,34
SACABA,desnutricion global,nutricion normal (n),2005-02-01,162,168,27,36,189,204,393
SACABAMBA,desnutricion global,nutricion normal (n),2005-02-01,12,8,13,6,25,14,39
SACACA,desnutricion global,nutricion normal (n),2005-02-01,92,77,81,54,173,131,304
SAIPINA,desnutricion global,nutricion normal (n),2005-02-01,40,14,23,27,63,41,104
SALINAS DE GARCI MENDOZA,desnutricion global,nutricion normal (n),2005-02-01,28,32,28,34,56,66,122
SAMAIPATA,desnutricion global,nutricion normal (n),2005-02-01,136,0,113,0,249,0,249
SAN AGUSTIN,desnutricion global,nutricion normal (n),2005-02-01,5,1,1,3,6,4,10
SAN ANDRES,desnutricion global,nutricion normal (n),2005-02-01,92,80,111,105,203,185,388
SAN ANDRES DE MACHACA,desnutricion global,nutricion normal (n),2005-02-01,15,13,4,7,19,20,39
SAN ANTONIO DE ESMORUCO,desnutricion global,nutricion normal (n),2005-02-01,2,2,3,3,5,5,10
SAN ANTONIO DE LOMERIO,desnutricion global,nutricion normal (n),2005-02-01,57,75,81,86,138,161,299
SAN BENITO,desnutricion global,nutricion normal (n),2005-02-01,22,17,8,11,30,28,58
SAN BORJA,desnutricion global,nutricion normal (n),2005-02-01,216,216,79,81,295,297,592
SAN BUENA VENTURA,desnutricion global,nutricion normal (n),2005-02-01,70,55,41,49,111,104,215
SAN CARLOS,desnutricion global,nutricion normal (n),2005-02-01,132,123,64,53,196,176,372
SAN IGNACIO,desnutricion global,nutricion normal (n),2005-02-01,113,96,93,123,206,219,425
SAN IGNACIO DE VELASCO,desnutricion global,nutricion normal (n),2005-02-01,320,285,213,197,533,482,1015
SAN JAVIER(BNI),desnutricion global,nutricion normal (n),2005-02-01,12,11,19,22,31,33,64
SAN JAVIER(STC),desnutricion global,nutricion normal (n),2005-02-01,133,0,85,0,218,0,218
SAN JOAQUIN,desnutricion global,nutricion normal (n),2005-02-01,37,30,24,24,61,54,115
SAN JOSE DE CHIQUITOS,desnutricion global,nutricion normal (n),2005-02-01,54,63,36,25,90,88,178
SAN JUAN DE YAPACANI,desnutricion global,nutricion normal (n),2005-02-01,70,52,49,41,119,93,212
SAN JULIAN,desnutricion global,nutricion normal (n),2005-02-01,160,129,159,73,319,202,521
SAN LORENZO(PND),desnutricion global,nutricion normal (n),2005-02-01,26,28,50,37,76,65,141
SAN LORENZO(TJA),desnutricion global,nutricion normal (n),2005-02-01,93,131,86,76,179,207,386
SAN LUCAS,desnutricion global,nutricion normal (n),2005-02-01,298,297,267,222,565,519,1084
SAN MIGUEL DE VELASCO,desnutricion global,nutricion normal (n),2005-02-01,64,64,81,68,145,132,277
SAN PABLO DE LIPEZ,desnutricion global,nutricion normal (n),2005-02-01,11,10,9,7,20,17,37
SAN PEDRO,desnutricion global,nutricion normal (n),2005-02-01,130,105,102,81,232,186,418
SAN PEDRO DE BUENA VISTA,desnutricion global,nutricion normal (n),2005-02-01,53,60,76,47,129,107,236
SAN PEDRO DE CURAHUARA,desnutricion global,nutricion normal (n),2005-02-01,22,23,30,30,52,53,105
SAN PEDRO DE QUEMES,desnutricion global,nutricion normal (n),2005-02-01,5,5,2,2,7,7,14
SAN PEDRO DE TIQUINA,desnutricion global,nutricion normal (n),2005-02-01,12,12,24,22,36,34,70
SAN PEDRO(PND),desnutricion global,nutricion normal (n),2005-02-01,2,1,9,2,11,3,14
SAN RAFAEL,desnutricion global,nutricion normal (n),2005-02-01,40,42,39,61,79,103,182
SAN RAMON,desnutricion global,nutricion normal (n),2005-02-01,27,23,20,12,47,35,82
SAN RAMON,desnutricion global,nutricion normal (n),2005-02-01,45,48,18,19,63,67,130
SANTA ANA,desnutricion global,nutricion normal (n),2005-02-01,119,115,61,55,180,170,350
SANTA CRUZ DE LA SIERRA,desnutricion global,nutricion normal (n),2005-02-01,3897,3157,1693,1250,5590,4407,9997
SANTA ROSA,desnutricion global,nutricion normal (n),2005-02-01,23,18,17,12,40,30,70
SANTA ROSA DEL SARA,desnutricion global,nutricion normal (n),2005-02-01,68,84,51,50,119,134,253
SANTIAGO DE CALLAPA,desnutricion global,nutricion normal (n),2005-02-01,22,14,6,6,28,20,48
SANTIAGO DE HUARI,desnutricion global,nutricion normal (n),2005-02-01,54,46,35,42,89,88,177
SANTIAGO DE MACHACA,desnutricion global,nutricion normal (n),2005-02-01,18,16,15,9,33,25,58
SANTIVAÑES,desnutricion global,nutricion normal (n),2005-02-01,38,20,18,24,56,44,100
SANTUARIO DE QUILLACAS,desnutricion global,nutricion normal (n),2005-02-01,10,10,8,6,18,16,34
SAPAHAQUI,desnutricion global,nutricion normal (n),2005-02-01,65,57,49,58,114,115,229
SENA,desnutricion global,nutricion normal (n),2005-02-01,60,27,50,31,110,58,168
SICA SICA (VILLA AROMA),desnutricion global,nutricion normal (n),2005-02-01,119,122,88,79,207,201,408
SICAYA,desnutricion global,nutricion normal (n),2005-02-01,4,2,3,0,7,2,9
SIPE SIPE,desnutricion global,nutricion normal (n),2005-02-01,166,139,112,121,278,260,538
SOPACHUY,desnutricion global,nutricion normal (n),2005-02-01,51,48,40,37,91,85,176
SORACACHI,desnutricion global,nutricion normal (n),2005-02-01,21,19,32,25,53,44,97
SORATA,desnutricion global,nutricion normal (n),2005-02-01,79,61,65,65,144,126,270
SUCRE,desnutricion global,nutricion normal (n),2005-02-01,759,726,323,322,1082,1048,2130
TACACHI,desnutricion global,nutricion normal (n),2005-02-01,7,4,1,0,8,4,12
TACACOMA,desnutricion global,nutricion normal (n),2005-02-01,43,42,43,31,86,73,159
TACOBAMBA,desnutricion global,nutricion normal (n),2005-02-01,39,29,58,45,97,74,171
TACOPAYA,desnutricion global,nutricion normal (n),2005-02-01,58,39,62,50,120,89,209
TAHUA,desnutricion global,nutricion normal (n),2005-02-01,3,3,0,4,3,7,10
TAPACARI,desnutricion global,nutricion normal (n),2005-02-01,86,102,67,84,153,186,339
TARABUCO,desnutricion global,nutricion normal (n),2005-02-01,176,174,213,220,389,394,783
TARACO,desnutricion global,nutricion normal (n),2005-02-01,28,29,22,26,50,55,105
TARATA,desnutricion global,nutricion normal (n),2005-02-01,49,40,10,18,59,58,117
TARIJA,desnutricion global,nutricion normal (n),2005-02-01,654,660,337,328,991,988,1979
TARVITA,desnutricion global,nutricion normal (n),2005-02-01,87,80,92,95,179,175,354
TEOPONTE,desnutricion global,nutricion normal (n),2005-02-01,45,43,45,57,90,100,190
TIAWANACU,desnutricion global,nutricion normal (n),2005-02-01,26,27,13,16,39,43,82
TINGUIPAYA,desnutricion global,nutricion normal (n),2005-02-01,55,51,53,46,108,97,205
TIPUANI,desnutricion global,nutricion normal (n),2005-02-01,44,51,18,20,62,71,133
TIQUIPAYA,desnutricion global,nutricion normal (n),2005-02-01,217,191,70,74,287,265,552
TIRAQUE (CBBA),desnutricion global,nutricion normal (n),2005-02-01,233,207,119,105,352,312,664
TITO YUPANQUI (PARQUIPUJIO),desnutricion global,nutricion normal (n),2005-02-01,4,6,7,5,11,11,22
TOCO,desnutricion global,nutricion normal (n),2005-02-01,8,8,13,5,21,13,34
TODOS SANTOS,desnutricion global,nutricion normal (n),2005-02-01,1,3,6,1,7,4,11
TOLATA,desnutricion global,nutricion normal (n),2005-02-01,8,6,4,8,12,14,26
TOLEDO,desnutricion global,nutricion normal (n),2005-02-01,34,20,12,6,46,26,72
TOMAVE,desnutricion global,nutricion normal (n),2005-02-01,50,20,37,26,87,46,133
TOMINA,desnutricion global,nutricion normal (n),2005-02-01,82,84,116,111,198,195,393
TORO TORO,desnutricion global,nutricion normal (n),2005-02-01,62,68,76,70,138,138,276
TOTORA(CBBA),desnutricion global,nutricion normal (n),2005-02-01,69,42,38,36,107,78,185
TOTORA(ORR),desnutricion global,nutricion normal (n),2005-02-01,15,17,14,20,29,37,66
TRIGAL,desnutricion global,nutricion normal (n),2005-02-01,15,12,11,13,26,25,51
TRINIDAD,desnutricion global,nutricion normal (n),2005-02-01,450,490,241,203,691,693,1384
TUPIZA,desnutricion global,nutricion normal (n),2005-02-01,293,250,182,192,475,442,917
TURCO,desnutricion global,nutricion normal (n),2005-02-01,10,15,14,12,24,27,51
UMALA,desnutricion global,nutricion normal (n),2005-02-01,51,38,46,49,97,87,184
UNCIA,desnutricion global,nutricion normal (n),2005-02-01,44,58,14,17,58,75,133
URIONDO (A. CONCEPCION),desnutricion global,nutricion normal (n),2005-02-01,113,71,122,71,235,142,377
UYUNI,desnutricion global,nutricion normal (n),2005-02-01,112,107,72,63,184,170,354
VACAS,desnutricion global,nutricion normal (n),2005-02-01,52,44,31,19,83,63,146
VALLEGRANDE,desnutricion global,nutricion normal (n),2005-02-01,129,89,125,43,254,132,386
VIACHA,desnutricion global,nutricion normal (n),2005-02-01,40,31,5,15,45,46,91
VILA VILA,desnutricion global,nutricion normal (n),2005-02-01,1,8,6,8,7,16,23
VILLA MONTES,desnutricion global,nutricion normal (n),2005-02-01,117,113,99,100,216,213,429
VILLA NUEVA (LOMA ALTA),desnutricion global,nutricion normal (n),2005-02-01,2,5,1,0,3,5,8
VILLA RIVERO,desnutricion global,nutricion normal (n),2005-02-01,23,17,24,20,47,37,84
VILLA SERRANO,desnutricion global,nutricion normal (n),2005-02-01,137,140,179,156,316,296,612
VILLA TUNARI,desnutricion global,nutricion normal (n),2005-02-01,328,295,205,180,533,475,1008
VILLA VACA GUZMAN (MUYUPAMPA),desnutricion global,nutricion normal (n),2005-02-01,78,82,106,117,184,199,383
VILLAZON,desnutricion global,nutricion normal (n),2005-02-01,212,205,129,131,341,336,677
VINTO,desnutricion global,nutricion normal (n),2005-02-01,236,0,54,0,290,0,290
VITICHI,desnutricion global,nutricion normal (n),2005-02-01,70,20,48,29,118,49,167
WALDO BALLIVIAN,desnutricion global,nutricion normal (n),2005-02-01,1,2,0,0,1,2,3
WARNES,desnutricion global,nutricion normal (n),2005-02-01,253,223,142,148,395,371,766
YACO,desnutricion global,nutricion normal (n),2005-02-01,22,31,27,27,49,58,107
YACUIBA,desnutricion global,nutricion normal (n),2005-02-01,298,273,144,126,442,399,841
YAMPARAEZ,desnutricion global,nutricion normal (n),2005-02-01,97,111,164,163,261,274,535
YANACACHI,desnutricion global,nutricion normal (n),2005-02-01,28,28,8,16,36,44,80
YAPACANI,desnutricion global,nutricion normal (n),2005-02-01,296,260,153,145,449,405,854
YOCALLA,desnutricion global,nutricion normal (n),2005-02-01,33,36,37,48,70,84,154
YOTALA,desnutricion global,nutricion normal (n),2005-02-01,70,85,115,136,185,221,406
YUNCHARA,desnutricion global,nutricion normal (n),2005-02-01,38,30,30,33,68,63,131
ZUDAÑEZ,desnutricion global,nutricion normal (n),2005-02-01,102,63,85,67,187,130,317
ACACIO,desnutricion global,nutricion normal (n),2005-03-01,34,56,57,67,91,123,214
ACHACACHI,desnutricion global,nutricion normal (n),2005-03-01,324,287,255,234,579,521,1100
ACHOCALLA,desnutricion global,nutricion normal (n),2005-03-01,24,32,6,5,30,37,67
AIQUILE,desnutricion global,nutricion normal (n),2005-03-01,74,66,47,57,121,123,244
ALALAY,desnutricion global,nutricion normal (n),2005-03-01,20,16,11,8,31,24,55
ALCALA,desnutricion global,nutricion normal (n),2005-03-01,37,32,58,49,95,81,176
ANCORAIMES,desnutricion global,nutricion normal (n),2005-03-01,76,83,79,61,155,144,299
ANDAMARCA,desnutricion global,nutricion normal (n),2005-03-01,15,9,12,16,27,25,52
ANTEQUERA,desnutricion global,nutricion normal (n),2005-03-01,18,16,16,21,34,37,71
ANZALDO,desnutricion global,nutricion normal (n),2005-03-01,22,17,12,12,34,29,63
APOLO,desnutricion global,nutricion normal (n),2005-03-01,59,53,23,19,82,72,154
ARAMPAMPA,desnutricion global,nutricion normal (n),2005-03-01,38,23,46,36,84,59,143
ARANI,desnutricion global,nutricion normal (n),2005-03-01,43,55,25,32,68,87,155
ARBIETO,desnutricion global,nutricion normal (n),2005-03-01,47,27,17,28,64,55,119
ARQUE,desnutricion global,nutricion normal (n),2005-03-01,43,41,36,22,79,63,142
ATOCHA,desnutricion global,nutricion normal (n),2005-03-01,141,118,88,107,229,225,454
AUCAPATA,desnutricion global,nutricion normal (n),2005-03-01,24,32,24,24,48,56,104
AYATA,desnutricion global,nutricion normal (n),2005-03-01,66,71,54,44,120,115,235
AYO AYO,desnutricion global,nutricion normal (n),2005-03-01,36,27,10,19,46,46,92
AYOPAYA (V. DE INDEPENDENCIA),desnutricion global,nutricion normal (n),2005-03-01,130,129,78,93,208,222,430
AZURDUY,desnutricion global,nutricion normal (n),2005-03-01,239,212,266,227,505,439,944
BATALLAS,desnutricion global,nutricion normal (n),2005-03-01,87,51,53,45,140,96,236
BAURES,desnutricion global,nutricion normal (n),2005-03-01,60,0,35,0,95,0,95
BELEN DE ANDAMARCA,desnutricion global,nutricion normal (n),2005-03-01,9,3,6,13,15,16,31
BELEN DE URMIRI,desnutricion global,nutricion normal (n),2005-03-01,8,13,11,7,19,20,39
BELLA FLOR,desnutricion global,nutricion normal (n),2005-03-01,19,14,22,24,41,38,79
BERMEJO,desnutricion global,nutricion normal (n),2005-03-01,85,37,38,28,123,65,188
BETANZOS,desnutricion global,nutricion normal (n),2005-03-01,145,177,139,143,284,320,604
BOLIVAR,desnutricion global,nutricion normal (n),2005-03-01,33,35,22,24,55,59,114
BOLPEBRA,desnutricion global,nutricion normal (n),2005-03-01,11,7,19,18,30,25,55
BOYUIBE,desnutricion global,nutricion normal (n),2005-03-01,27,40,69,60,96,100,196
BUENA VISTA,desnutricion global,nutricion normal (n),2005-03-01,149,156,155,141,304,297,601
CABEZAS,desnutricion global,nutricion normal (n),2005-03-01,138,230,98,72,236,302,538
CAIROMA,desnutricion global,nutricion normal (n),2005-03-01,92,85,89,92,181,177,358
"CAIZA ""D""",desnutricion global,nutricion normal (n),2005-03-01,77,77,97,69,174,146,320
CAJUATA,desnutricion global,nutricion normal (n),2005-03-01,46,50,38,34,84,84,168
CALACOTO,desnutricion global,nutricion normal (n),2005-03-01,27,42,16,18,43,60,103
CALAMARCA,desnutricion global,nutricion normal (n),2005-03-01,91,89,79,74,170,163,333
CAMARGO,desnutricion global,nutricion normal (n),2005-03-01,158,139,104,95,262,234,496
CAMATAQUI (C. VILLA ABECIA),desnutricion global,nutricion normal (n),2005-03-01,51,25,26,27,77,52,129
CAMIRI,desnutricion global,nutricion normal (n),2005-03-01,358,290,239,210,597,500,1097
CAPINOTA,desnutricion global,nutricion normal (n),2005-03-01,95,71,44,22,139,93,232
CAQUIAVIRI,desnutricion global,nutricion normal (n),2005-03-01,66,91,73,79,139,170,309
CARACOLLO,desnutricion global,nutricion normal (n),2005-03-01,76,72,70,89,146,161,307
CARANAVI,desnutricion global,nutricion normal (n),2005-03-01,493,392,269,290,762,682,1444
CARANGAS,desnutricion global,nutricion normal (n),2005-03-01,1,0,0,1,1,1,2
CARAPARI,desnutricion global,nutricion normal (n),2005-03-01,42,36,30,30,72,66,138
CARIPUYO,desnutricion global,nutricion normal (n),2005-03-01,86,86,76,66,162,152,314
CATACORA,desnutricion global,nutricion normal (n),2005-03-01,8,9,1,0,9,9,18
CHACARILLA,desnutricion global,nutricion normal (n),2005-03-01,9,10,17,22,26,32,58
CHALLAPATA,desnutricion global,nutricion normal (n),2005-03-01,118,136,100,69,218,205,423
CHAQUI,desnutricion global,nutricion normal (n),2005-03-01,70,55,48,79,118,134,252
CHARAGUA,desnutricion global,nutricion normal (n),2005-03-01,221,250,198,198,419,448,867
CHARAÑA,desnutricion global,nutricion normal (n),2005-03-01,19,20,11,17,30,37,67
CHAYANTA,desnutricion global,nutricion normal (n),2005-03-01,85,34,29,73,114,107,221
CHIMORE,desnutricion global,nutricion normal (n),2005-03-01,93,58,39,32,132,90,222
CHIPAYA,desnutricion global,nutricion normal (n),2005-03-01,3,10,4,2,7,12,19
CHOQUE COTA,desnutricion global,nutricion normal (n),2005-03-01,8,7,3,8,11,15,26
CHULUMANI (V. DE LA LIBERTAD),desnutricion global,nutricion normal (n),2005-03-01,136,128,76,53,212,181,393
CHUMA,desnutricion global,nutricion normal (n),2005-03-01,68,72,47,47,115,119,234
CLIZA,desnutricion global,nutricion normal (n),2005-03-01,100,62,47,37,147,99,246
COBIJA,desnutricion global,nutricion normal (n),2005-03-01,223,139,125,102,348,241,589
COCHABAMBA,desnutricion global,nutricion normal (n),2005-03-01,1655,1520,645,656,2300,2176,4476
COIPASA,desnutricion global,nutricion normal (n),2005-03-01,5,3,3,4,8,7,15
COLCAPIRHUA,desnutricion global,nutricion normal (n),2005-03-01,169,141,70,61,239,202,441
"COLCHA ""K""",desnutricion global,nutricion normal (n),2005-03-01,76,68,54,59,130,127,257
COLLANA,desnutricion global,nutricion normal (n),2005-03-01,25,0,6,0,31,0,31
COLOMI,desnutricion global,nutricion normal (n),2005-03-01,166,136,72,57,238,193,431
COLPA BELGICA,desnutricion global,nutricion normal (n),2005-03-01,53,35,23,28,76,63,139
COLQUECHACA,desnutricion global,nutricion normal (n),2005-03-01,167,156,84,81,251,237,488
COLQUENCHA,desnutricion global,nutricion normal (n),2005-03-01,35,31,24,22,59,53,112
COLQUIRI,desnutricion global,nutricion normal (n),2005-03-01,110,97,46,35,156,132,288
COMANCHE,desnutricion global,nutricion normal (n),2005-03-01,43,34,28,26,71,60,131
COMARAPA,desnutricion global,nutricion normal (n),2005-03-01,93,98,99,85,192,183,375
COMBAYA,desnutricion global,nutricion normal (n),2005-03-01,12,5,11,17,23,22,45
CONCEPCION,desnutricion global,nutricion normal (n),2005-03-01,93,0,72,0,165,0,165
COPACABANA,desnutricion global,nutricion normal (n),2005-03-01,48,49,23,21,71,70,141
CORIPATA,desnutricion global,nutricion normal (n),2005-03-01,60,62,16,11,76,73,149
CORO CORO,desnutricion global,nutricion normal (n),2005-03-01,55,50,41,44,96,94,190
COROICO,desnutricion global,nutricion normal (n),2005-03-01,122,113,65,53,187,166,353
CORQUE,desnutricion global,nutricion normal (n),2005-03-01,36,34,32,31,68,65,133
COTAGAITA,desnutricion global,nutricion normal (n),2005-03-01,185,133,142,108,327,241,568
COTOCA,desnutricion global,nutricion normal (n),2005-03-01,298,254,127,92,425,346,771
CUATRO CAÑADAS,desnutricion global,nutricion normal (n),2005-03-01,84,49,115,66,199,115,314
CUCHUMUELA (V. G. VILLARROEL),desnutricion global,nutricion normal (n),2005-03-01,16,9,13,2,29,11,40
CUEVO,desnutricion global,nutricion normal (n),2005-03-01,30,32,36,29,66,61,127
CULPINA,desnutricion global,nutricion normal (n),2005-03-01,215,220,186,158,401,378,779
CURAHUARA DE CARANGAS,desnutricion global,nutricion normal (n),2005-03-01,14,18,12,5,26,23,49
CURVA,desnutricion global,nutricion normal (n),2005-03-01,21,12,24,19,45,31,76
DESAGUADERO,desnutricion global,nutricion normal (n),2005-03-01,28,22,18,12,46,34,80
EL ALTO,desnutricion global,nutricion normal (n),2005-03-01,3939,3496,1703,1648,5642,5144,10786
EL CHORO,desnutricion global,nutricion normal (n),2005-03-01,1,2,0,2,1,4,5
EL PUENTE(TJA),desnutricion global,nutricion normal (n),2005-03-01,62,54,56,68,118,122,240
EL TORNO,desnutricion global,nutricion normal (n),2005-03-01,228,254,119,96,347,350,697
EL VILLAR,desnutricion global,nutricion normal (n),2005-03-01,62,68,96,48,158,116,274
ENTRE RIOS,desnutricion global,nutricion normal (n),2005-03-01,159,143,121,137,280,280,560
ENTRE RIOS,desnutricion global,nutricion normal (n),2005-03-01,144,119,99,89,243,208,451
EUCALIPTUS,desnutricion global,nutricion normal (n),2005-03-01,20,17,22,17,42,34,76
EUREKA (SANTOS MERCADO),desnutricion global,nutricion normal (n),2005-03-01,1,2,3,2,4,4,8
EXALTACION,desnutricion global,nutricion normal (n),2005-03-01,23,22,21,21,44,43,87
FERNANDEZ ALONSO,desnutricion global,nutricion normal (n),2005-03-01,111,128,102,112,213,240,453
FILADELFIA,desnutricion global,nutricion normal (n),2005-03-01,18,21,22,19,40,40,80
GENERAL SAAVEDRA,desnutricion global,nutricion normal (n),2005-03-01,393,0,434,0,827,0,827
GRAL. J.J. PEREZ (CHARAZANI),desnutricion global,nutricion normal (n),2005-03-01,69,60,70,47,139,107,246
GUANAY,desnutricion global,nutricion normal (n),2005-03-01,125,86,67,63,192,149,341
GUAQUI,desnutricion global,nutricion normal (n),2005-03-01,18,22,11,7,29,29,58
GUTIERREZ,desnutricion global,nutricion normal (n),2005-03-01,157,138,167,207,324,345,669
HUACARETA,desnutricion global,nutricion normal (n),2005-03-01,105,99,151,115,256,214,470
HUACAYA (VILLA DE HUACAYA),desnutricion global,nutricion normal (n),2005-03-01,23,22,33,28,56,50,106
HUACHACALLA,desnutricion global,nutricion normal (n),2005-03-01,3,3,3,3,6,6,12
HUANUNI,desnutricion global,nutricion normal (n),2005-03-01,191,200,71,49,262,249,511
HUARACAJE,desnutricion global,nutricion normal (n),2005-03-01,50,3,41,5,91,8,99
HUAYLLAMARCA,desnutricion global,nutricion normal (n),2005-03-01,47,36,29,26,76,62,138
ICHOCA,desnutricion global,nutricion normal (n),2005-03-01,32,17,20,6,52,23,75
ICLA,desnutricion global,nutricion normal (n),2005-03-01,110,107,143,135,253,242,495
INCAHUASI,desnutricion global,nutricion normal (n),2005-03-01,228,241,174,167,402,408,810
INGAVI (HUMAITA),desnutricion global,nutricion normal (n),2005-03-01,5,1,6,1,11,2,13
INQUISIVI,desnutricion global,nutricion normal (n),2005-03-01,61,73,54,63,115,136,251
IRUPANA (VILLA DE LANZA),desnutricion global,nutricion normal (n),2005-03-01,160,147,108,100,268,247,515
IXIAMAS,desnutricion global,nutricion normal (n),2005-03-01,76,47,62,54,138,101,239
JESUS DE MACHACA,desnutricion global,nutricion normal (n),2005-03-01,45,56,29,38,74,94,168
LA ASUNTA,desnutricion global,nutricion normal (n),2005-03-01,127,138,39,38,166,176,342
LA GUARDIA,desnutricion global,nutricion normal (n),2005-03-01,305,337,150,133,455,470,925
LA PAZ,desnutricion global,nutricion normal (n),2005-03-01,3596,3288,1673,1655,5269,4943,10212
LA RIVERA,desnutricion global,nutricion normal (n),2005-03-01,3,0,3,0,6,0,6
LAGUNILLAS,desnutricion global,nutricion normal (n),2005-03-01,81,57,85,107,166,164,330
LAJA,desnutricion global,nutricion normal (n),2005-03-01,72,78,49,42,121,120,241
LAS CARRERAS,desnutricion global,nutricion normal (n),2005-03-01,38,37,39,47,77,84,161
LICOMA PAMPA,desnutricion global,nutricion normal (n),2005-03-01,24,10,34,33,58,43,101
LLALLAGUA,desnutricion global,nutricion normal (n),2005-03-01,289,255,154,134,443,389,832
LLICA,desnutricion global,nutricion normal (n),2005-03-01,25,21,20,21,45,42,87
LORETO,desnutricion global,nutricion normal (n),2005-03-01,29,23,28,31,57,54,111
LURIBAY,desnutricion global,nutricion normal (n),2005-03-01,99,93,104,111,203,204,407
MACHACAMARCA,desnutricion global,nutricion normal (n),2005-03-01,19,19,21,12,40,31,71
MACHARETI,desnutricion global,nutricion normal (n),2005-03-01,71,59,91,127,162,186,348
MAGDALENA,desnutricion global,nutricion normal (n),2005-03-01,121,52,59,35,180,87,267
MAIRANA,desnutricion global,nutricion normal (n),2005-03-01,95,0,50,0,145,0,145
MALLA,desnutricion global,nutricion normal (n),2005-03-01,9,26,20,13,29,39,68
MAPIRI,desnutricion global,nutricion normal (n),2005-03-01,91,81,46,40,137,121,258
MECAPACA,desnutricion global,nutricion normal (n),2005-03-01,74,54,11,10,85,64,149
MINEROS,desnutricion global,nutricion normal (n),2005-03-01,452,0,351,0,803,0,803
MIZQUE,desnutricion global,nutricion normal (n),2005-03-01,111,120,53,65,164,185,349
MOCOMOCO,desnutricion global,nutricion normal (n),2005-03-01,126,140,136,124,262,264,526
MOJINETE,desnutricion global,nutricion normal (n),2005-03-01,9,9,9,9,18,18,36
MOJOCOYA,desnutricion global,nutricion normal (n),2005-03-01,69,54,125,103,194,157,351
MONTEAGUDO,desnutricion global,nutricion normal (n),2005-03-01,232,178,225,199,457,377,834
MONTERO,desnutricion global,nutricion normal (n),2005-03-01,1143,330,948,295,2091,625,2716
MORO MORO,desnutricion global,nutricion normal (n),2005-03-01,22,14,34,20,56,34,90
MOROCHATA,desnutricion global,nutricion normal (n),2005-03-01,142,135,60,61,202,196,398
NACEBE (SANTA ROSA DEL ABUNA),desnutricion global,nutricion normal (n),2005-03-01,14,23,42,27,56,50,106
NAZACARA DE PACAJES,desnutricion global,nutricion normal (n),2005-03-01,10,4,18,12,28,16,44
NUEVO MANOA (NUEVA ESPERANZA),desnutricion global,nutricion normal (n),2005-03-01,13,6,16,19,29,25,54
OCURI,desnutricion global,nutricion normal (n),2005-03-01,118,108,99,58,217,166,383
OKINAWA,desnutricion global,nutricion normal (n),2005-03-01,124,85,103,89,227,174,401
OMEREQUE,desnutricion global,nutricion normal (n),2005-03-01,46,43,48,42,94,85,179
ORURO,desnutricion global,nutricion normal (n),2005-03-01,1222,1080,628,610,1850,1690,3540
PADCAYA,desnutricion global,nutricion normal (n),2005-03-01,101,120,115,135,216,255,471
PADILLA,desnutricion global,nutricion normal (n),2005-03-01,144,143,203,177,347,320,667
PAILON,desnutricion global,nutricion normal (n),2005-03-01,8,250,127,10,135,260,395
PALCA,desnutricion global,nutricion normal (n),2005-03-01,50,34,21,5,71,39,110
PALOS BLANCOS,desnutricion global,nutricion normal (n),2005-03-01,265,221,253,221,518,442,960
PAMPA AULLAGAS,desnutricion global,nutricion normal (n),2005-03-01,6,7,2,3,8,10,18
PAMPA GRANDE,desnutricion global,nutricion normal (n),2005-03-01,62,50,47,44,109,94,203
PAPEL PAMPA,desnutricion global,nutricion normal (n),2005-03-01,25,17,11,8,36,25,61
PASORAPA,desnutricion global,nutricion normal (n),2005-03-01,32,25,32,32,64,57,121
PATACAMAYA,desnutricion global,nutricion normal (n),2005-03-01,134,124,59,88,193,212,405
PAZÑA,desnutricion global,nutricion normal (n),2005-03-01,18,25,25,20,43,45,88
PELECHUCO,desnutricion global,nutricion normal (n),2005-03-01,34,25,25,26,59,51,110
POCOATA,desnutricion global,nutricion normal (n),2005-03-01,154,156,160,135,314,291,605
POCONA,desnutricion global,nutricion normal (n),2005-03-01,60,57,50,53,110,110,220
POJO (CBBA),desnutricion global,nutricion normal (n),2005-03-01,93,103,101,93,194,196,390
POOPO,desnutricion global,nutricion normal (n),2005-03-01,17,19,23,8,40,27,67
PORCO,desnutricion global,nutricion normal (n),2005-03-01,49,53,23,25,72,78,150
POROMA,desnutricion global,nutricion normal (n),2005-03-01,152,150,171,140,323,290,613
PORONGO,desnutricion global,nutricion normal (n),2005-03-01,49,37,30,20,79,57,136
PORTACHUELO,desnutricion global,nutricion normal (n),2005-03-01,124,119,102,75,226,194,420
PORVENIR,desnutricion global,nutricion normal (n),2005-03-01,42,28,34,26,76,54,130
POSTRER VALLE,desnutricion global,nutricion normal (n),2005-03-01,3,11,5,7,8,18,26
POTOSI,desnutricion global,nutricion normal (n),2005-03-01,877,518,245,155,1122,673,1795
PRESTO,desnutricion global,nutricion normal (n),2005-03-01,70,74,88,110,158,184,342
PUCARA,desnutricion global,nutricion normal (n),2005-03-01,8,2,11,5,19,7,26
PUCARANI,desnutricion global,nutricion normal (n),2005-03-01,97,127,47,54,144,181,325
PUERTO ACOSTA,desnutricion global,nutricion normal (n),2005-03-01,132,150,145,123,277,273,550
PUERTO CARABUCO,desnutricion global,nutricion normal (n),2005-03-01,109,90,78,87,187,177,364
PUERTO GONZALO MORENO,desnutricion global,nutricion normal (n),2005-03-01,25,24,15,16,40,40,80
PUERTO PEREZ,desnutricion global,nutricion normal (n),2005-03-01,50,23,31,15,81,38,119
PUERTO RICO,desnutricion global,nutricion normal (n),2005-03-01,57,27,41,54,98,81,179
PUERTO SILES,desnutricion global,nutricion normal (n),2005-03-01,13,7,10,4,23,11,34
PUERTO VILLARROEL,desnutricion global,nutricion normal (n),2005-03-01,304,265,234,187,538,452,990
PUNA,desnutricion global,nutricion normal (n),2005-03-01,141,194,130,135,271,329,600
PUNATA,desnutricion global,nutricion normal (n),2005-03-01,232,199,54,45,286,244,530
QUIABAYA,desnutricion global,nutricion normal (n),2005-03-01,21,20,20,15,41,35,76
QUILLACOLLO,desnutricion global,nutricion normal (n),2005-03-01,337,342,127,93,464,435,899
QUIME,desnutricion global,nutricion normal (n),2005-03-01,45,64,57,40,102,104,206
QUIRUSILLAS,desnutricion global,nutricion normal (n),2005-03-01,24,2,19,5,43,7,50
RAVELO,desnutricion global,nutricion normal (n),2005-03-01,226,119,224,129,450,248,698
REYES,desnutricion global,nutricion normal (n),2005-03-01,117,98,128,108,245,206,451
RIBERALTA,desnutricion global,nutricion normal (n),2005-03-01,898,740,338,296,1236,1036,2272
ROBORE,desnutricion global,nutricion normal (n),2005-03-01,74,101,75,44,149,145,294
RURRENABAQUE,desnutricion global,nutricion normal (n),2005-03-01,110,120,68,55,178,175,353
SABAYA,desnutricion global,nutricion normal (n),2005-03-01,22,15,33,28,55,43,98
SACABA,desnutricion global,nutricion normal (n),2005-03-01,294,293,116,117,410,410,820
SACABAMBA,desnutricion global,nutricion normal (n),2005-03-01,18,8,28,16,46,24,70
SACACA,desnutricion global,nutricion normal (n),2005-03-01,107,96,109,84,216,180,396
SAIPINA,desnutricion global,nutricion normal (n),2005-03-01,37,24,39,24,76,48,124
SALINAS DE GARCI MENDOZA,desnutricion global,nutricion normal (n),2005-03-01,72,69,75,63,147,132,279
SAMAIPATA,desnutricion global,nutricion normal (n),2005-03-01,153,0,119,0,272,0,272
SAN AGUSTIN,desnutricion global,nutricion normal (n),2005-03-01,20,26,20,21,40,47,87
SAN ANDRES,desnutricion global,nutricion normal (n),2005-03-01,104,78,77,150,181,228,409
SAN ANDRES DE MACHACA,desnutricion global,nutricion normal (n),2005-03-01,29,28,23,35,52,63,115
SAN ANTONIO DE ESMORUCO,desnutricion global,nutricion normal (n),2005-03-01,16,19,14,11,30,30,60
SAN ANTONIO DE LOMERIO,desnutricion global,nutricion normal (n),2005-03-01,68,57,69,60,137,117,254
SAN BENITO,desnutricion global,nutricion normal (n),2005-03-01,53,54,26,20,79,74,153
SAN BORJA,desnutricion global,nutricion normal (n),2005-03-01,239,242,120,121,359,363,722
SAN BUENA VENTURA,desnutricion global,nutricion normal (n),2005-03-01,84,69,44,49,128,118,246
SAN CARLOS,desnutricion global,nutricion normal (n),2005-03-01,178,140,67,61,245,201,446
SAN IGNACIO,desnutricion global,nutricion normal (n),2005-03-01,146,122,100,118,246,240,486
SAN IGNACIO DE VELASCO,desnutricion global,nutricion normal (n),2005-03-01,434,408,387,323,821,731,1552
SAN JAVIER(BNI),desnutricion global,nutricion normal (n),2005-03-01,35,30,19,25,54,55,109
SAN JAVIER(STC),desnutricion global,nutricion normal (n),2005-03-01,82,0,100,0,182,0,182
SAN JOAQUIN,desnutricion global,nutricion normal (n),2005-03-01,29,42,29,30,58,72,130
SAN JOSE DE CHIQUITOS,desnutricion global,nutricion normal (n),2005-03-01,113,68,55,29,168,97,265
SAN JUAN DE YAPACANI,desnutricion global,nutricion normal (n),2005-03-01,101,70,52,54,153,124,277
SAN JULIAN,desnutricion global,nutricion normal (n),2005-03-01,189,112,209,145,398,257,655
SAN LORENZO(PND),desnutricion global,nutricion normal (n),2005-03-01,32,18,26,18,58,36,94
SAN LORENZO(TJA),desnutricion global,nutricion normal (n),2005-03-01,141,109,114,95,255,204,459
SAN LUCAS,desnutricion global,nutricion normal (n),2005-03-01,344,313,317,296,661,609,1270
SAN MIGUEL DE VELASCO,desnutricion global,nutricion normal (n),2005-03-01,97,105,108,94,205,199,404
SAN PABLO DE LIPEZ,desnutricion global,nutricion normal (n),2005-03-01,16,15,25,13,41,28,69
SAN PEDRO,desnutricion global,nutricion normal (n),2005-03-01,151,124,128,104,279,228,507
SAN PEDRO DE BUENA VISTA,desnutricion global,nutricion normal (n),2005-03-01,100,105,126,103,226,208,434
SAN PEDRO DE CURAHUARA,desnutricion global,nutricion normal (n),2005-03-01,28,28,36,42,64,70,134
SAN PEDRO DE QUEMES,desnutricion global,nutricion normal (n),2005-03-01,8,11,5,3,13,14,27
SAN PEDRO DE TIQUINA,desnutricion global,nutricion normal (n),2005-03-01,35,35,54,54,89,89,178
SAN RAFAEL,desnutricion global,nutricion normal (n),2005-03-01,27,31,30,40,57,71,128
SAN RAMON,desnutricion global,nutricion normal (n),2005-03-01,52,37,29,28,81,65,146
SAN RAMON,desnutricion global,nutricion normal (n),2005-03-01,55,25,33,14,88,39,127
SANTA ANA,desnutricion global,nutricion normal (n),2005-03-01,105,113,60,40,165,153,318
SANTA CRUZ DE LA SIERRA,desnutricion global,nutricion normal (n),2005-03-01,4870,3673,2403,1695,7273,5368,12641
SANTA ROSA,desnutricion global,nutricion normal (n),2005-03-01,41,37,18,18,59,55,114
SANTA ROSA DEL SARA,desnutricion global,nutricion normal (n),2005-03-01,84,85,57,52,141,137,278
SANTIAGO DE CALLAPA,desnutricion global,nutricion normal (n),2005-03-01,39,41,60,57,99,98,197
SANTIAGO DE HUARI,desnutricion global,nutricion normal (n),2005-03-01,46,31,46,55,92,86,178
SANTIAGO DE MACHACA,desnutricion global,nutricion normal (n),2005-03-01,38,33,45,36,83,69,152
SANTIVAÑES,desnutricion global,nutricion normal (n),2005-03-01,50,59,45,40,95,99,194
SANTUARIO DE QUILLACAS,desnutricion global,nutricion normal (n),2005-03-01,6,3,5,2,11,5,16
SAPAHAQUI,desnutricion global,nutricion normal (n),2005-03-01,38,29,21,33,59,62,121
SENA,desnutricion global,nutricion normal (n),2005-03-01,66,51,64,77,130,128,258
SICA SICA (VILLA AROMA),desnutricion global,nutricion normal (n),2005-03-01,104,107,104,94,208,201,409
SICAYA,desnutricion global,nutricion normal (n),2005-03-01,17,13,8,5,25,18,43
SIPE SIPE,desnutricion global,nutricion normal (n),2005-03-01,184,140,106,95,290,235,525
SOPACHUY,desnutricion global,nutricion normal (n),2005-03-01,89,79,91,90,180,169,349
SORACACHI,desnutricion global,nutricion normal (n),2005-03-01,25,27,34,32,59,59,118
SORATA,desnutricion global,nutricion normal (n),2005-03-01,76,72,78,74,154,146,300
SUCRE,desnutricion global,nutricion normal (n),2005-03-01,1321,1358,922,908,2243,2266,4509
TACACHI,desnutricion global,nutricion normal (n),2005-03-01,10,7,1,2,11,9,20
TACACOMA,desnutricion global,nutricion normal (n),2005-03-01,53,35,39,46,92,81,173
TACOBAMBA,desnutricion global,nutricion normal (n),2005-03-01,118,115,127,119,245,234,479
TACOPAYA,desnutricion global,nutricion normal (n),2005-03-01,55,69,61,54,116,123,239
TAHUA,desnutricion global,nutricion normal (n),2005-03-01,8,6,6,8,14,14,28
TAPACARI,desnutricion global,nutricion normal (n),2005-03-01,175,174,170,148,345,322,667
TARABUCO,desnutricion global,nutricion normal (n),2005-03-01,201,230,261,266,462,496,958
TARACO,desnutricion global,nutricion normal (n),2005-03-01,27,29,31,38,58,67,125
TARATA,desnutricion global,nutricion normal (n),2005-03-01,58,48,16,12,74,60,134
TARIJA,desnutricion global,nutricion normal (n),2005-03-01,982,990,615,545,1597,1535,3132
TARVITA,desnutricion global,nutricion normal (n),2005-03-01,199,155,195,169,394,324,718
TEOPONTE,desnutricion global,nutricion normal (n),2005-03-01,45,50,86,57,131,107,238
TIAWANACU,desnutricion global,nutricion normal (n),2005-03-01,63,65,46,40,109,105,214
TINGUIPAYA,desnutricion global,nutricion normal (n),2005-03-01,110,75,102,132,212,207,419
TIPUANI,desnutricion global,nutricion normal (n),2005-03-01,61,49,32,26,93,75,168
TIQUIPAYA,desnutricion global,nutricion normal (n),2005-03-01,258,110,25,13,283,123,406
TIRAQUE (CBBA),desnutricion global,nutricion normal (n),2005-03-01,300,297,179,173,479,470,949
TITO YUPANQUI (PARQUIPUJIO),desnutricion global,nutricion normal (n),2005-03-01,5,9,11,8,16,17,33
TOCO,desnutricion global,nutricion normal (n),2005-03-01,10,5,16,14,26,19,45
TODOS SANTOS,desnutricion global,nutricion normal (n),2005-03-01,1,1,2,2,3,3,6
TOLATA,desnutricion global,nutricion normal (n),2005-03-01,10,18,6,9,16,27,43
TOLEDO,desnutricion global,nutricion normal (n),2005-03-01,40,22,31,37,71,59,130
TOMAVE,desnutricion global,nutricion normal (n),2005-03-01,70,44,79,47,149,91,240
TOMINA,desnutricion global,nutricion normal (n),2005-03-01,79,89,114,120,193,209,402
TORO TORO,desnutricion global,nutricion normal (n),2005-03-01,13,24,19,21,32,45,77
TOTORA(CBBA),desnutricion global,nutricion normal (n),2005-03-01,88,75,37,46,125,121,246
TOTORA(ORR),desnutricion global,nutricion normal (n),2005-03-01,21,26,27,24,48,50,98
TRIGAL,desnutricion global,nutricion normal (n),2005-03-01,16,15,15,17,31,32,63
TRINIDAD,desnutricion global,nutricion normal (n),2005-03-01,581,522,282,232,863,754,1617
TUPIZA,desnutricion global,nutricion normal (n),2005-03-01,312,334,255,227,567,561,1128
TURCO,desnutricion global,nutricion normal (n),2005-03-01,20,36,29,27,49,63,112
UMALA,desnutricion global,nutricion normal (n),2005-03-01,32,41,21,24,53,65,118
UNCIA,desnutricion global,nutricion normal (n),2005-03-01,74,60,37,36,111,96,207
URIONDO (A. CONCEPCION),desnutricion global,nutricion normal (n),2005-03-01,135,78,145,102,280,180,460
UYUNI,desnutricion global,nutricion normal (n),2005-03-01,324,305,237,204,561,509,1070
VACAS,desnutricion global,nutricion normal (n),2005-03-01,46,56,22,16,68,72,140
VALLEGRANDE,desnutricion global,nutricion normal (n),2005-03-01,131,104,121,65,252,169,421
VIACHA,desnutricion global,nutricion normal (n),2005-03-01,67,61,26,31,93,92,185
VILA VILA,desnutricion global,nutricion normal (n),2005-03-01,28,25,15,18,43,43,86
VILLA MONTES,desnutricion global,nutricion normal (n),2005-03-01,165,156,134,143,299,299,598
VILLA NUEVA (LOMA ALTA),desnutricion global,nutricion normal (n),2005-03-01,6,3,0,2,6,5,11
VILLA RIVERO,desnutricion global,nutricion normal (n),2005-03-01,21,18,14,19,35,37,72
VILLA SERRANO,desnutricion global,nutricion normal (n),2005-03-01,122,135,171,161,293,296,589
VILLA TUNARI,desnutricion global,nutricion normal (n),2005-03-01,436,374,332,260,768,634,1402
VILLA VACA GUZMAN (MUYUPAMPA),desnutricion global,nutricion normal (n),2005-03-01,74,93,124,157,198,250,448
VILLAZON,desnutricion global,nutricion normal (n),2005-03-01,314,275,225,239,539,514,1053
VINTO,desnutricion global,nutricion normal (n),2005-03-01,301,0,75,0,376,0,376
VITICHI,desnutricion global,nutricion normal (n),2005-03-01,72,45,75,55,147,100,247
WALDO BALLIVIAN,desnutricion global,nutricion normal (n),2005-03-01,8,8,8,9,16,17,33
WARNES,desnutricion global,nutricion normal (n),2005-03-01,307,258,177,176,484,434,918
YACO,desnutricion global,nutricion normal (n),2005-03-01,33,28,23,18,56,46,102
YACUIBA,desnutricion global,nutricion normal (n),2005-03-01,357,341,248,208,605,549,1154
YAMPARAEZ,desnutricion global,nutricion normal (n),2005-03-01,107,122,181,156,288,278,566
YANACACHI,desnutricion global,nutricion normal (n),2005-03-01,56,42,41,42,97,84,181
YAPACANI,desnutricion global,nutricion normal (n),2005-03-01,357,326,265,203,622,529,1151
YOCALLA,desnutricion global,nutricion normal (n),2005-03-01,27,29,41,36,68,65,133
YOTALA,desnutricion global,nutricion normal (n),2005-03-01,68,98,127,141,195,239,434
YUNCHARA,desnutricion global,nutricion normal (n),2005-03-01,40,32,53,70,93,102,195
ZUDAÑEZ,desnutricion global,nutricion normal (n),2005-03-01,80,73,63,68,143,141,284
ACACIO,desnutricion global,nutricion normal (n),2005-04-01,78,81,108,88,186,169,355
ACHACACHI,desnutricion global,nutricion normal (n),2005-04-01,387,360,290,289,677,649,1326
ACHOCALLA,desnutricion global,nutricion normal (n),2005-04-01,72,42,20,18,92,60,152
AIQUILE,desnutricion global,nutricion normal (n),2005-04-01,91,54,34,46,125,100,225
ALALAY,desnutricion global,nutricion normal (n),2005-04-01,36,34,5,4,41,38,79
ALCALA,desnutricion global,nutricion normal (n),2005-04-01,23,23,65,65,88,88,176
ANCORAIMES,desnutricion global,nutricion normal (n),2005-04-01,84,77,69,55,153,132,285
ANDAMARCA,desnutricion global,nutricion normal (n),2005-04-01,15,7,9,15,24,22,46
ANTEQUERA,desnutricion global,nutricion normal (n),2005-04-01,18,7,14,11,32,18,50
ANZALDO,desnutricion global,nutricion normal (n),2005-04-01,5,5,16,10,21,15,36
APOLO,desnutricion global,nutricion normal (n),2005-04-01,84,85,47,51,131,136,267
ARAMPAMPA,desnutricion global,nutricion normal (n),2005-04-01,40,29,38,36,78,65,143
ARANI,desnutricion global,nutricion normal (n),2005-04-01,61,69,31,26,92,95,187
ARBIETO,desnutricion global,nutricion normal (n),2005-04-01,45,30,33,26,78,56,134
ARQUE,desnutricion global,nutricion normal (n),2005-04-01,65,79,52,50,117,129,246
ATOCHA,desnutricion global,nutricion normal (n),2005-04-01,135,116,108,84,243,200,443
AUCAPATA,desnutricion global,nutricion normal (n),2005-04-01,27,20,15,7,42,27,69
AYATA,desnutricion global,nutricion normal (n),2005-04-01,34,32,22,18,56,50,106
AYO AYO,desnutricion global,nutricion normal (n),2005-04-01,53,55,43,32,96,87,183
AYOPAYA (V. DE INDEPENDENCIA),desnutricion global,nutricion normal (n),2005-04-01,204,190,151,142,355,332,687
AZURDUY,desnutricion global,nutricion normal (n),2005-04-01,173,141,197,153,370,294,664
BATALLAS,desnutricion global,nutricion normal (n),2005-04-01,117,114,74,64,191,178,369
BAURES,desnutricion global,nutricion normal (n),2005-04-01,35,44,49,19,84,63,147
BELEN DE ANDAMARCA,desnutricion global,nutricion normal (n),2005-04-01,4,12,4,8,8,20,28
BELEN DE URMIRI,desnutricion global,nutricion normal (n),2005-04-01,3,6,10,8,13,14,27
BELLA FLOR,desnutricion global,nutricion normal (n),2005-04-01,22,25,35,25,57,50,107
BERMEJO,desnutricion global,nutricion normal (n),2005-04-01,48,23,12,14,60,37,97
BETANZOS,desnutricion global,nutricion normal (n),2005-04-01,170,208,194,179,364,387,751
BOLIVAR,desnutricion global,nutricion normal (n),2005-04-01,55,77,39,41,94,118,212
BOLPEBRA,desnutricion global,nutricion normal (n),2005-04-01,15,14,23,23,38,37,75
BOYUIBE,desnutricion global,nutricion normal (n),2005-04-01,27,25,22,28,49,53,102
BUENA VISTA,desnutricion global,nutricion normal (n),2005-04-01,169,141,126,140,295,281,576
CABEZAS,desnutricion global,nutricion normal (n),2005-04-01,55,49,50,37,105,86,191
CAIROMA,desnutricion global,nutricion normal (n),2005-04-01,88,108,93,100,181,208,389
"CAIZA ""D""",desnutricion global,nutricion normal (n),2005-04-01,76,73,69,71,145,144,289
CAJUATA,desnutricion global,nutricion normal (n),2005-04-01,58,42,40,31,98,73,171
CALACOTO,desnutricion global,nutricion normal (n),2005-04-01,27,24,21,14,48,38,86
CALAMARCA,desnutricion global,nutricion normal (n),2005-04-01,64,80,83,67,147,147,294
CAMARGO,desnutricion global,nutricion normal (n),2005-04-01,123,154,125,105,248,259,507
CAMATAQUI (C. VILLA ABECIA),desnutricion global,nutricion normal (n),2005-04-01,39,18,25,24,64,42,106
CAMIRI,desnutricion global,nutricion normal (n),2005-04-01,321,229,230,225,551,454,1005
CAPINOTA,desnutricion global,nutricion normal (n),2005-04-01,55,63,30,17,85,80,165
CAQUIAVIRI,desnutricion global,nutricion normal (n),2005-04-01,58,56,28,22,86,78,164
CARACOLLO,desnutricion global,nutricion normal (n),2005-04-01,94,111,80,80,174,191,365
CARANAVI,desnutricion global,nutricion normal (n),2005-04-01,331,319,207,198,538,517,1055
CARANGAS,desnutricion global,nutricion normal (n),2005-04-01,0,1,0,3,0,4,4
CARAPARI,desnutricion global,nutricion normal (n),2005-04-01,52,54,73,69,125,123,248
CARIPUYO,desnutricion global,nutricion normal (n),2005-04-01,50,69,78,63,128,132,260
CHACARILLA,desnutricion global,nutricion normal (n),2005-04-01,13,8,2,12,15,20,35
CHALLAPATA,desnutricion global,nutricion normal (n),2005-04-01,125,127,130,111,255,238,493
CHAQUI,desnutricion global,nutricion normal (n),2005-04-01,21,36,22,41,43,77,120
CHARAGUA,desnutricion global,nutricion normal (n),2005-04-01,211,194,191,173,402,367,769
CHARAÑA,desnutricion global,nutricion normal (n),2005-04-01,7,9,8,17,15,26,41
CHAYANTA,desnutricion global,nutricion normal (n),2005-04-01,116,35,29,87,145,122,267
CHIMORE,desnutricion global,nutricion normal (n),2005-04-01,76,48,46,35,122,83,205
CHIPAYA,desnutricion global,nutricion normal (n),2005-04-01,12,20,10,5,22,25,47
CHOQUE COTA,desnutricion global,nutricion normal (n),2005-04-01,3,2,1,2,4,4,8
CHULUMANI (V. DE LA LIBERTAD),desnutricion global,nutricion normal (n),2005-04-01,58,48,39,40,97,88,185
CHUMA,desnutricion global,nutricion normal (n),2005-04-01,33,39,24,26,57,65,122
CLIZA,desnutricion global,nutricion normal (n),2005-04-01,94,76,46,52,140,128,268
COBIJA,desnutricion global,nutricion normal (n),2005-04-01,272,177,176,129,448,306,754
COCHABAMBA,desnutricion global,nutricion normal (n),2005-04-01,1422,1209,686,614,2108,1823,3931
COIPASA,desnutricion global,nutricion normal (n),2005-04-01,4,2,3,5,7,7,14
COLCAPIRHUA,desnutricion global,nutricion normal (n),2005-04-01,126,121,52,65,178,186,364
"COLCHA ""K""",desnutricion global,nutricion normal (n),2005-04-01,103,103,85,101,188,204,392
COLLANA,desnutricion global,nutricion normal (n),2005-04-01,8,10,8,7,16,17,33
COLOMI,desnutricion global,nutricion normal (n),2005-04-01,157,136,93,73,250,209,459
COLPA BELGICA,desnutricion global,nutricion normal (n),2005-04-01,37,22,25,22,62,44,106
COLQUECHACA,desnutricion global,nutricion normal (n),2005-04-01,137,146,102,103,239,249,488
COLQUENCHA,desnutricion global,nutricion normal (n),2005-04-01,34,34,14,21,48,55,103
COLQUIRI,desnutricion global,nutricion normal (n),2005-04-01,122,100,73,60,195,160,355
COMANCHE,desnutricion global,nutricion normal (n),2005-04-01,26,18,10,17,36,35,71
COMARAPA,desnutricion global,nutricion normal (n),2005-04-01,91,98,67,70,158,168,326
COMBAYA,desnutricion global,nutricion normal (n),2005-04-01,15,14,16,16,31,30,61
CONCEPCION,desnutricion global,nutricion normal (n),2005-04-01,119,1,44,0,163,1,164
COPACABANA,desnutricion global,nutricion normal (n),2005-04-01,62,68,54,60,116,128,244
CORIPATA,desnutricion global,nutricion normal (n),2005-04-01,32,28,25,8,57,36,93
CORO CORO,desnutricion global,nutricion normal (n),2005-04-01,58,50,48,37,106,87,193
COROICO,desnutricion global,nutricion normal (n),2005-04-01,81,63,34,31,115,94,209
CORQUE,desnutricion global,nutricion normal (n),2005-04-01,44,39,33,25,77,64,141
COTAGAITA,desnutricion global,nutricion normal (n),2005-04-01,187,146,115,110,302,256,558
COTOCA,desnutricion global,nutricion normal (n),2005-04-01,251,244,198,207,449,451,900
CUATRO CAÑADAS,desnutricion global,nutricion normal (n),2005-04-01,41,30,51,27,92,57,149
CUCHUMUELA (V. G. VILLARROEL),desnutricion global,nutricion normal (n),2005-04-01,12,6,9,6,21,12,33
CUEVO,desnutricion global,nutricion normal (n),2005-04-01,22,33,29,31,51,64,115
CULPINA,desnutricion global,nutricion normal (n),2005-04-01,175,165,140,139,315,304,619
CURAHUARA DE CARANGAS,desnutricion global,nutricion normal (n),2005-04-01,26,17,32,30,58,47,105
CURVA,desnutricion global,nutricion normal (n),2005-04-01,9,6,10,5,19,11,30
DESAGUADERO,desnutricion global,nutricion normal (n),2005-04-01,37,40,17,27,54,67,121
EL ALTO,desnutricion global,nutricion normal (n),2005-04-01,3584,3529,2052,1963,5636,5492,11128
EL CHORO,desnutricion global,nutricion normal (n),2005-04-01,6,13,9,8,15,21,36
EL PUENTE(TJA),desnutricion global,nutricion normal (n),2005-04-01,71,46,89,70,160,116,276
EL TORNO,desnutricion global,nutricion normal (n),2005-04-01,163,182,75,75,238,257,495
EL VILLAR,desnutricion global,nutricion normal (n),2005-04-01,61,80,102,65,163,145,308
ENTRE RIOS,desnutricion global,nutricion normal (n),2005-04-01,122,117,102,102,224,219,443
ENTRE RIOS,desnutricion global,nutricion normal (n),2005-04-01,110,114,90,85,200,199,399
EUCALIPTUS,desnutricion global,nutricion normal (n),2005-04-01,40,47,58,38,98,85,183
EUREKA (SANTOS MERCADO),desnutricion global,nutricion normal (n),2005-04-01,3,3,4,2,7,5,12
EXALTACION,desnutricion global,nutricion normal (n),2005-04-01,24,21,33,34,57,55,112
FERNANDEZ ALONSO,desnutricion global,nutricion normal (n),2005-04-01,104,106,108,103,212,209,421
FILADELFIA,desnutricion global,nutricion normal (n),2005-04-01,29,30,33,16,62,46,108
GENERAL SAAVEDRA,desnutricion global,nutricion normal (n),2005-04-01,271,0,342,0,613,0,613
GRAL. J.J. PEREZ (CHARAZANI),desnutricion global,nutricion normal (n),2005-04-01,34,26,31,21,65,47,112
GUANAY,desnutricion global,nutricion normal (n),2005-04-01,87,81,69,44,156,125,281
GUAQUI,desnutricion global,nutricion normal (n),2005-04-01,54,29,36,30,90,59,149
GUAYARAMERIN,desnutricion global,nutricion normal (n),2005-04-01,21,15,17,15,38,30,68
GUTIERREZ,desnutricion global,nutricion normal (n),2005-04-01,122,120,184,191,306,311,617
HUACARETA,desnutricion global,nutricion normal (n),2005-04-01,106,92,159,151,265,243,508
HUACAYA (VILLA DE HUACAYA),desnutricion global,nutricion normal (n),2005-04-01,28,20,29,47,57,67,124
HUACHACALLA,desnutricion global,nutricion normal (n),2005-04-01,5,4,7,4,12,8,20
HUANUNI,desnutricion global,nutricion normal (n),2005-04-01,162,120,72,54,234,174,408
HUARACAJE,desnutricion global,nutricion normal (n),2005-04-01,61,36,40,4,101,40,141
HUAYLLAMARCA,desnutricion global,nutricion normal (n),2005-04-01,35,30,22,17,57,47,104
ICHOCA,desnutricion global,nutricion normal (n),2005-04-01,30,30,49,31,79,61,140
ICLA,desnutricion global,nutricion normal (n),2005-04-01,131,123,163,166,294,289,583
INCAHUASI,desnutricion global,nutricion normal (n),2005-04-01,217,198,138,156,355,354,709
INGAVI (HUMAITA),desnutricion global,nutricion normal (n),2005-04-01,3,1,9,5,12,6,18
INQUISIVI,desnutricion global,nutricion normal (n),2005-04-01,84,80,81,85,165,165,330
IRUPANA (VILLA DE LANZA),desnutricion global,nutricion normal (n),2005-04-01,109,111,105,90,214,201,415
IXIAMAS,desnutricion global,nutricion normal (n),2005-04-01,74,49,57,41,131,90,221
JESUS DE MACHACA,desnutricion global,nutricion normal (n),2005-04-01,68,45,41,44,109,89,198
LA ASUNTA,desnutricion global,nutricion normal (n),2005-04-01,95,87,28,23,123,110,233
LA GUARDIA,desnutricion global,nutricion normal (n),2005-04-01,231,273,158,156,389,429,818
LA PAZ,desnutricion global,nutricion normal (n),2005-04-01,3237,3088,2044,1939,5281,5027,10308
LA RIVERA,desnutricion global,nutricion normal (n),2005-04-01,0,3,3,3,3,6,9
LAGUNILLAS,desnutricion global,nutricion normal (n),2005-04-01,84,72,111,98,195,170,365
LAJA,desnutricion global,nutricion normal (n),2005-04-01,94,111,55,56,149,167,316
LAS CARRERAS,desnutricion global,nutricion normal (n),2005-04-01,46,33,41,38,87,71,158
LICOMA PAMPA,desnutricion global,nutricion normal (n),2005-04-01,15,19,42,52,57,71,128
LLALLAGUA,desnutricion global,nutricion normal (n),2005-04-01,225,174,242,202,467,376,843
LLICA,desnutricion global,nutricion normal (n),2005-04-01,44,51,71,53,115,104,219
LORETO,desnutricion global,nutricion normal (n),2005-04-01,20,27,24,25,44,52,96
LURIBAY,desnutricion global,nutricion normal (n),2005-04-01,84,78,66,52,150,130,280
MACHACAMARCA,desnutricion global,nutricion normal (n),2005-04-01,14,19,16,15,30,34,64
MACHARETI,desnutricion global,nutricion normal (n),2005-04-01,82,98,150,147,232,245,477
MAGDALENA,desnutricion global,nutricion normal (n),2005-04-01,55,45,34,39,89,84,173
MAIRANA,desnutricion global,nutricion normal (n),2005-04-01,116,0,78,0,194,0,194
MALLA,desnutricion global,nutricion normal (n),2005-04-01,21,13,31,23,52,36,88
MAPIRI,desnutricion global,nutricion normal (n),2005-04-01,97,106,85,84,182,190,372
MECAPACA,desnutricion global,nutricion normal (n),2005-04-01,154,18,178,13,332,31,363
MINEROS,desnutricion global,nutricion normal (n),2005-04-01,194,90,122,83,316,173,489
MIZQUE,desnutricion global,nutricion normal (n),2005-04-01,109,118,140,151,249,269,518
MOCOMOCO,desnutricion global,nutricion normal (n),2005-04-01,64,76,65,55,129,131,260
MOJINETE,desnutricion global,nutricion normal (n),2005-04-01,12,12,14,12,26,24,50
MOJOCOYA,desnutricion global,nutricion normal (n),2005-04-01,71,67,118,89,189,156,345
MONTEAGUDO,desnutricion global,nutricion normal (n),2005-04-01,173,176,247,168,420,344,764
MONTERO,desnutricion global,nutricion normal (n),2005-04-01,1034,358,710,246,1744,604,2348
MORO MORO,desnutricion global,nutricion normal (n),2005-04-01,28,19,28,33,56,52,108
MOROCHATA,desnutricion global,nutricion normal (n),2005-04-01,175,174,153,136,328,310,638
NACEBE (SANTA ROSA DEL ABUNA),desnutricion global,nutricion normal (n),2005-04-01,3,1,14,5,17,6,23
NAZACARA DE PACAJES,desnutricion global,nutricion normal (n),2005-04-01,1,4,2,4,3,8,11
NUEVO MANOA (NUEVA ESPERANZA),desnutricion global,nutricion normal (n),2005-04-01,3,1,6,10,9,11,20
OCURI,desnutricion global,nutricion normal (n),2005-04-01,140,128,118,105,258,233,491
OKINAWA,desnutricion global,nutricion normal (n),2005-04-01,71,78,64,65,135,143,278
OMEREQUE,desnutricion global,nutricion normal (n),2005-04-01,45,55,41,49,86,104,190
ORURO,desnutricion global,nutricion normal (n),2005-04-01,1071,1079,660,635,1731,1714,3445
PADCAYA,desnutricion global,nutricion normal (n),2005-04-01,125,88,120,134,245,222,467
PADILLA,desnutricion global,nutricion normal (n),2005-04-01,130,112,169,158,299,270,569
PAILON,desnutricion global,nutricion normal (n),2005-04-01,3,161,160,4,163,165,328
PALCA,desnutricion global,nutricion normal (n),2005-04-01,115,110,34,28,149,138,287
PALOS BLANCOS,desnutricion global,nutricion normal (n),2005-04-01,183,129,123,107,306,236,542
PAMPA AULLAGAS,desnutricion global,nutricion normal (n),2005-04-01,12,13,8,12,20,25,45
PAMPA GRANDE,desnutricion global,nutricion normal (n),2005-04-01,50,39,29,21,79,60,139
PAPEL PAMPA,desnutricion global,nutricion normal (n),2005-04-01,47,40,49,42,96,82,178
PASORAPA,desnutricion global,nutricion normal (n),2005-04-01,27,14,30,28,57,42,99
PATACAMAYA,desnutricion global,nutricion normal (n),2005-04-01,68,106,208,206,276,312,588
PAZÑA,desnutricion global,nutricion normal (n),2005-04-01,47,38,50,41,97,79,176
PELECHUCO,desnutricion global,nutricion normal (n),2005-04-01,20,32,15,26,35,58,93
POCOATA,desnutricion global,nutricion normal (n),2005-04-01,163,165,149,154,312,319,631
POCONA,desnutricion global,nutricion normal (n),2005-04-01,95,64,83,105,178,169,347
POJO (CBBA),desnutricion global,nutricion normal (n),2005-04-01,80,53,74,73,154,126,280
POOPO,desnutricion global,nutricion normal (n),2005-04-01,11,11,8,1,19,12,31
PORCO,desnutricion global,nutricion normal (n),2005-04-01,45,60,22,25,67,85,152
POROMA,desnutricion global,nutricion normal (n),2005-04-01,111,83,103,107,214,190,404
PORONGO,desnutricion global,nutricion normal (n),2005-04-01,40,43,24,21,64,64,128
PORTACHUELO,desnutricion global,nutricion normal (n),2005-04-01,105,94,111,100,216,194,410
PORVENIR,desnutricion global,nutricion normal (n),2005-04-01,37,33,42,23,79,56,135
POSTRER VALLE,desnutricion global,nutricion normal (n),2005-04-01,6,6,2,5,8,11,19
POTOSI,desnutricion global,nutricion normal (n),2005-04-01,757,415,252,170,1009,585,1594
PRESTO,desnutricion global,nutricion normal (n),2005-04-01,75,70,91,93,166,163,329
PUCARA,desnutricion global,nutricion normal (n),2005-04-01,22,5,47,18,69,23,92
PUCARANI,desnutricion global,nutricion normal (n),2005-04-01,138,144,84,90,222,234,456
PUERTO ACOSTA,desnutricion global,nutricion normal (n),2005-04-01,102,100,124,129,226,229,455
PUERTO CARABUCO,desnutricion global,nutricion normal (n),2005-04-01,91,93,85,87,176,180,356
PUERTO GONZALO MORENO,desnutricion global,nutricion normal (n),2005-04-01,53,44,45,48,98,92,190
PUERTO PEREZ,desnutricion global,nutricion normal (n),2005-04-01,76,111,37,31,113,142,255
PUERTO RICO,desnutricion global,nutricion normal (n),2005-04-01,50,48,42,41,92,89,181
PUERTO SILES,desnutricion global,nutricion normal (n),2005-04-01,2,10,9,4,11,14,25
PUERTO VILLARROEL,desnutricion global,nutricion normal (n),2005-04-01,304,261,196,178,500,439,939
PUNA,desnutricion global,nutricion normal (n),2005-04-01,140,173,111,118,251,291,542
PUNATA,desnutricion global,nutricion normal (n),2005-04-01,198,204,109,96,307,300,607
QUIABAYA,desnutricion global,nutricion normal (n),2005-04-01,14,12,13,15,27,27,54
QUILLACOLLO,desnutricion global,nutricion normal (n),2005-04-01,569,614,215,232,784,846,1630
QUIME,desnutricion global,nutricion normal (n),2005-04-01,78,66,97,81,175,147,322
QUIRUSILLAS,desnutricion global,nutricion normal (n),2005-04-01,11,9,9,12,20,21,41
RAVELO,desnutricion global,nutricion normal (n),2005-04-01,192,195,237,177,429,372,801
REYES,desnutricion global,nutricion normal (n),2005-04-01,115,121,136,137,251,258,509
RIBERALTA,desnutricion global,nutricion normal (n),2005-04-01,773,636,305,259,1078,895,1973
ROBORE,desnutricion global,nutricion normal (n),2005-04-01,86,87,64,57,150,144,294
RURRENABAQUE,desnutricion global,nutricion normal (n),2005-04-01,118,123,44,31,162,154,316
SABAYA,desnutricion global,nutricion normal (n),2005-04-01,29,16,17,22,46,38,84
SACABA,desnutricion global,nutricion normal (n),2005-04-01,455,334,116,116,571,450,1021
SACABAMBA,desnutricion global,nutricion normal (n),2005-04-01,11,24,11,12,22,36,58
SACACA,desnutricion global,nutricion normal (n),2005-04-01,148,106,135,106,283,212,495
SAIPINA,desnutricion global,nutricion normal (n),2005-04-01,47,16,46,12,93,28,121
SALINAS DE GARCI MENDOZA,desnutricion global,nutricion normal (n),2005-04-01,37,40,48,29,85,69,154
SAMAIPATA,desnutricion global,nutricion normal (n),2005-04-01,130,0,114,0,244,0,244
SAN AGUSTIN,desnutricion global,nutricion normal (n),2005-04-01,15,15,18,13,33,28,61
SAN ANDRES,desnutricion global,nutricion normal (n),2005-04-01,65,62,76,87,141,149,290
SAN ANDRES DE MACHACA,desnutricion global,nutricion normal (n),2005-04-01,29,17,15,18,44,35,79
SAN ANTONIO DE ESMORUCO,desnutricion global,nutricion normal (n),2005-04-01,14,16,8,11,22,27,49
SAN ANTONIO DE LOMERIO,desnutricion global,nutricion normal (n),2005-04-01,73,72,78,86,151,158,309
SAN BENITO,desnutricion global,nutricion normal (n),2005-04-01,95,83,91,97,186,180,366
SAN BORJA,desnutricion global,nutricion normal (n),2005-04-01,245,246,171,177,416,423,839
SAN BUENA VENTURA,desnutricion global,nutricion normal (n),2005-04-01,73,56,76,53,149,109,258
SAN CARLOS,desnutricion global,nutricion normal (n),2005-04-01,151,165,79,70,230,235,465
SAN IGNACIO,desnutricion global,nutricion normal (n),2005-04-01,146,124,142,146,288,270,558
SAN IGNACIO DE VELASCO,desnutricion global,nutricion normal (n),2005-04-01,370,354,255,229,625,583,1208
SAN JAVIER(BNI),desnutricion global,nutricion normal (n),2005-04-01,16,23,14,8,30,31,61
SAN JAVIER(STC),desnutricion global,nutricion normal (n),2005-04-01,66,0,13,0,79,0,79
SAN JOAQUIN,desnutricion global,nutricion normal (n),2005-04-01,25,29,20,18,45,47,92
SAN JOSE DE CHIQUITOS,desnutricion global,nutricion normal (n),2005-04-01,84,59,65,49,149,108,257
SAN JUAN DE YAPACANI,desnutricion global,nutricion normal (n),2005-04-01,80,84,72,60,152,144,296
SAN JULIAN,desnutricion global,nutricion normal (n),2005-04-01,198,172,163,180,361,352,713
SAN LORENZO(PND),desnutricion global,nutricion normal (n),2005-04-01,62,52,45,45,107,97,204
SAN LORENZO(TJA),desnutricion global,nutricion normal (n),2005-04-01,113,105,118,111,231,216,447
SAN LUCAS,desnutricion global,nutricion normal (n),2005-04-01,291,281,285,281,576,562,1138
SAN MIGUEL DE VELASCO,desnutricion global,nutricion normal (n),2005-04-01,80,77,75,61,155,138,293
SAN PABLO DE LIPEZ,desnutricion global,nutricion normal (n),2005-04-01,22,41,16,14,38,55,93
SAN PEDRO,desnutricion global,nutricion normal (n),2005-04-01,120,104,77,61,197,165,362
SAN PEDRO DE BUENA VISTA,desnutricion global,nutricion normal (n),2005-04-01,95,90,119,104,214,194,408
SAN PEDRO DE CURAHUARA,desnutricion global,nutricion normal (n),2005-04-01,51,39,51,45,102,84,186
SAN PEDRO DE QUEMES,desnutricion global,nutricion normal (n),2005-04-01,1,9,6,4,7,13,20
SAN PEDRO DE TIQUINA,desnutricion global,nutricion normal (n),2005-04-01,52,44,52,30,104,74,178
SAN PEDRO(PND),desnutricion global,nutricion normal (n),2005-04-01,9,11,10,17,19,28,47
SAN RAFAEL,desnutricion global,nutricion normal (n),2005-04-01,33,37,50,33,83,70,153
SAN RAMON,desnutricion global,nutricion normal (n),2005-04-01,38,31,30,19,68,50,118
SAN RAMON,desnutricion global,nutricion normal (n),2005-04-01,29,16,11,14,40,30,70
SANTA ANA,desnutricion global,nutricion normal (n),2005-04-01,118,142,83,55,201,197,398
SANTA CRUZ DE LA SIERRA,desnutricion global,nutricion normal (n),2005-04-01,4056,2939,2106,1899,6162,4838,11000
SANTA ROSA,desnutricion global,nutricion normal (n),2005-04-01,41,37,39,48,80,85,165
SANTA ROSA DEL SARA,desnutricion global,nutricion normal (n),2005-04-01,62,77,61,63,123,140,263
SANTIAGO DE CALLAPA,desnutricion global,nutricion normal (n),2005-04-01,31,29,31,20,62,49,111
SANTIAGO DE HUARI,desnutricion global,nutricion normal (n),2005-04-01,56,47,32,30,88,77,165
SANTIAGO DE MACHACA,desnutricion global,nutricion normal (n),2005-04-01,19,10,8,3,27,13,40
SANTIVAÑES,desnutricion global,nutricion normal (n),2005-04-01,33,29,15,16,48,45,93
SANTUARIO DE QUILLACAS,desnutricion global,nutricion normal (n),2005-04-01,18,13,10,8,28,21,49
SAPAHAQUI,desnutricion global,nutricion normal (n),2005-04-01,55,48,42,42,97,90,187
SENA,desnutricion global,nutricion normal (n),2005-04-01,24,15,18,26,42,41,83
SICA SICA (VILLA AROMA),desnutricion global,nutricion normal (n),2005-04-01,107,101,67,45,174,146,320
SICAYA,desnutricion global,nutricion normal (n),2005-04-01,13,10,11,3,24,13,37
SIPE SIPE,desnutricion global,nutricion normal (n),2005-04-01,218,151,133,115,351,266,617
SOPACHUY,desnutricion global,nutricion normal (n),2005-04-01,82,71,110,112,192,183,375
SORACACHI,desnutricion global,nutricion normal (n),2005-04-01,52,44,48,42,100,86,186
SORATA,desnutricion global,nutricion normal (n),2005-04-01,136,158,133,130,269,288,557
SUCRE,desnutricion global,nutricion normal (n),2005-04-01,1293,1296,919,882,2212,2178,4390
TACACHI,desnutricion global,nutricion normal (n),2005-04-01,9,12,3,1,12,13,25
TACACOMA,desnutricion global,nutricion normal (n),2005-04-01,48,33,28,21,76,54,130
TACOBAMBA,desnutricion global,nutricion normal (n),2005-04-01,84,77,78,64,162,141,303
TACOPAYA,desnutricion global,nutricion normal (n),2005-04-01,88,70,140,107,228,177,405
TAHUA,desnutricion global,nutricion normal (n),2005-04-01,12,14,20,26,32,40,72
TAPACARI,desnutricion global,nutricion normal (n),2005-04-01,166,158,93,79,259,237,496
TARABUCO,desnutricion global,nutricion normal (n),2005-04-01,208,201,279,297,487,498,985
TARACO,desnutricion global,nutricion normal (n),2005-04-01,38,31,32,33,70,64,134
TARATA,desnutricion global,nutricion normal (n),2005-04-01,45,58,27,26,72,84,156
TARIJA,desnutricion global,nutricion normal (n),2005-04-01,828,819,492,503,1320,1322,2642
TARVITA,desnutricion global,nutricion normal (n),2005-04-01,22,25,19,30,41,55,96
TEOPONTE,desnutricion global,nutricion normal (n),2005-04-01,52,54,72,58,124,112,236
TIAWANACU,desnutricion global,nutricion normal (n),2005-04-01,67,77,29,31,96,108,204
TINGUIPAYA,desnutricion global,nutricion normal (n),2005-04-01,68,77,81,102,149,179,328
TIPUANI,desnutricion global,nutricion normal (n),2005-04-01,54,37,20,34,74,71,145
TIQUIPAYA,desnutricion global,nutricion normal (n),2005-04-01,232,159,92,71,324,230,554
TIRAQUE (CBBA),desnutricion global,nutricion normal (n),2005-04-01,268,256,150,164,418,420,838
TITO YUPANQUI (PARQUIPUJIO),desnutricion global,nutricion normal (n),2005-04-01,6,12,6,14,12,26,38
TOCO,desnutricion global,nutricion normal (n),2005-04-01,18,19,33,18,51,37,88
TOLATA,desnutricion global,nutricion normal (n),2005-04-01,5,9,3,2,8,11,19
TOLEDO,desnutricion global,nutricion normal (n),2005-04-01,46,31,17,25,63,56,119
TOMAVE,desnutricion global,nutricion normal (n),2005-04-01,75,21,53,20,128,41,169
TOMINA,desnutricion global,nutricion normal (n),2005-04-01,101,104,123,140,224,244,468
TORO TORO,desnutricion global,nutricion normal (n),2005-04-01,68,58,65,53,133,111,244
TOTORA(CBBA),desnutricion global,nutricion normal (n),2005-04-01,78,70,59,56,137,126,263
TOTORA(ORR),desnutricion global,nutricion normal (n),2005-04-01,37,64,30,37,67,101,168
TRIGAL,desnutricion global,nutricion normal (n),2005-04-01,22,20,20,21,42,41,83
TRINIDAD,desnutricion global,nutricion normal (n),2005-04-01,493,437,264,214,757,651,1408
TUPIZA,desnutricion global,nutricion normal (n),2005-04-01,291,265,317,295,608,560,1168
TURCO,desnutricion global,nutricion normal (n),2005-04-01,16,21,23,24,39,45,84
UMALA,desnutricion global,nutricion normal (n),2005-04-01,25,23,37,41,62,64,126
UNCIA,desnutricion global,nutricion normal (n),2005-04-01,72,83,63,39,135,122,257
URIONDO (A. CONCEPCION),desnutricion global,nutricion normal (n),2005-04-01,147,53,161,76,308,129,437
UYUNI,desnutricion global,nutricion normal (n),2005-04-01,185,144,143,136,328,280,608
VACAS,desnutricion global,nutricion normal (n),2005-04-01,60,57,38,38,98,95,193
VALLEGRANDE,desnutricion global,nutricion normal (n),2005-04-01,97,88,86,68,183,156,339
VIACHA,desnutricion global,nutricion normal (n),2005-04-01,207,200,99,110,306,310,616
VILA VILA,desnutricion global,nutricion normal (n),2005-04-01,19,18,14,16,33,34,67
VILLA MONTES,desnutricion global,nutricion normal (n),2005-04-01,132,130,106,100,238,230,468
VILLA NUEVA (LOMA ALTA),desnutricion global,nutricion normal (n),2005-04-01,6,6,2,4,8,10,18
VILLA RIVERO,desnutricion global,nutricion normal (n),2005-04-01,30,25,24,16,54,41,95
VILLA SERRANO,desnutricion global,nutricion normal (n),2005-04-01,147,135,182,158,329,293,622
VILLA TUNARI,desnutricion global,nutricion normal (n),2005-04-01,436,369,289,239,725,608,1333
VILLA VACA GUZMAN (MUYUPAMPA),desnutricion global,nutricion normal (n),2005-04-01,75,110,127,158,202,268,470
VILLAZON,desnutricion global,nutricion normal (n),2005-04-01,264,224,198,201,462,425,887
VINTO,desnutricion global,nutricion normal (n),2005-04-01,94,88,26,6,120,94,214
VITICHI,desnutricion global,nutricion normal (n),2005-04-01,96,70,82,58,178,128,306
WALDO BALLIVIAN,desnutricion global,nutricion normal (n),2005-04-01,9,9,1,12,10,21,31
WARNES,desnutricion global,nutricion normal (n),2005-04-01,299,244,143,149,442,393,835
YACO,desnutricion global,nutricion normal (n),2005-04-01,16,16,8,8,24,24,48
YACUIBA,desnutricion global,nutricion normal (n),2005-04-01,241,239,156,161,397,400,797
YAMPARAEZ,desnutricion global,nutricion normal (n),2005-04-01,106,113,164,152,270,265,535
YANACACHI,desnutricion global,nutricion normal (n),2005-04-01,18,16,15,21,33,37,70
YAPACANI,desnutricion global,nutricion normal (n),2005-04-01,354,244,240,193,594,437,1031
YOCALLA,desnutricion global,nutricion normal (n),2005-04-01,17,15,48,12,65,27,92
YOTALA,desnutricion global,nutricion normal (n),2005-04-01,80,93,133,154,213,247,460
YUNCHARA,desnutricion global,nutricion normal (n),2005-04-01,51,54,88,103,139,157,296
ZUDAÑEZ,desnutricion global,nutricion normal (n),2005-04-01,91,63,65,78,156,141,297
ACACIO,desnutricion global,nutricion normal (n),2005-05-01,61,80,77,61,138,141,279
ACHACACHI,desnutricion global,nutricion normal (n),2005-05-01,207,218,290,273,497,491,988
ACHOCALLA,desnutricion global,nutricion normal (n),2005-05-01,53,61,26,24,79,85,164
AIQUILE,desnutricion global,nutricion normal (n),2005-05-01,73,55,32,42,105,97,202
ALALAY,desnutricion global,nutricion normal (n),2005-05-01,28,13,12,3,40,16,56
ALCALA,desnutricion global,nutricion normal (n),2005-05-01,31,29,53,60,84,89,173
ANCORAIMES,desnutricion global,nutricion normal (n),2005-05-01,86,92,117,122,203,214,417
ANDAMARCA,desnutricion global,nutricion normal (n),2005-05-01,9,5,6,18,15,23,38
ANTEQUERA,desnutricion global,nutricion normal (n),2005-05-01,18,10,17,21,35,31,66
ANZALDO,desnutricion global,nutricion normal (n),2005-05-01,4,10,8,9,12,19,31
APOLO,desnutricion global,nutricion normal (n),2005-05-01,61,59,48,38,109,97,206
ARAMPAMPA,desnutricion global,nutricion normal (n),2005-05-01,10,14,10,15,20,29,49
ARANI,desnutricion global,nutricion normal (n),2005-05-01,36,39,25,24,61,63,124
ARBIETO,desnutricion global,nutricion normal (n),2005-05-01,30,19,14,12,44,31,75
ARQUE,desnutricion global,nutricion normal (n),2005-05-01,37,43,47,30,84,73,157
ATOCHA,desnutricion global,nutricion normal (n),2005-05-01,113,81,93,103,206,184,390
AUCAPATA,desnutricion global,nutricion normal (n),2005-05-01,56,35,35,36,91,71,162
AYATA,desnutricion global,nutricion normal (n),2005-05-01,48,37,36,23,84,60,144
AYO AYO,desnutricion global,nutricion normal (n),2005-05-01,16,25,7,11,23,36,59
AYOPAYA (V. DE INDEPENDENCIA),desnutricion global,nutricion normal (n),2005-05-01,147,116,101,107,248,223,471
AZURDUY,desnutricion global,nutricion normal (n),2005-05-01,227,203,254,190,481,393,874
BATALLAS,desnutricion global,nutricion normal (n),2005-05-01,80,62,67,49,147,111,258
BAURES,desnutricion global,nutricion normal (n),2005-05-01,22,47,39,6,61,53,114
BELEN DE ANDAMARCA,desnutricion global,nutricion normal (n),2005-05-01,2,5,8,3,10,8,18
BELEN DE URMIRI,desnutricion global,nutricion normal (n),2005-05-01,0,0,5,4,5,4,9
BELLA FLOR,desnutricion global,nutricion normal (n),2005-05-01,20,24,36,39,56,63,119
BERMEJO,desnutricion global,nutricion normal (n),2005-05-01,49,40,45,49,94,89,183
BETANZOS,desnutricion global,nutricion normal (n),2005-05-01,169,197,168,128,337,325,662
BOLIVAR,desnutricion global,nutricion normal (n),2005-05-01,34,28,18,17,52,45,97
BOLPEBRA,desnutricion global,nutricion normal (n),2005-05-01,8,9,25,23,33,32,65
BOYUIBE,desnutricion global,nutricion normal (n),2005-05-01,31,17,29,25,60,42,102
BUENA VISTA,desnutricion global,nutricion normal (n),2005-05-01,120,114,95,107,215,221,436
CABEZAS,desnutricion global,nutricion normal (n),2005-05-01,78,71,93,75,171,146,317
CAIROMA,desnutricion global,nutricion normal (n),2005-05-01,65,78,74,77,139,155,294
"CAIZA ""D""",desnutricion global,nutricion normal (n),2005-05-01,74,55,69,69,143,124,267
CAJUATA,desnutricion global,nutricion normal (n),2005-05-01,66,47,39,41,105,88,193
CALACOTO,desnutricion global,nutricion normal (n),2005-05-01,13,17,3,5,16,22,38
CALAMARCA,desnutricion global,nutricion normal (n),2005-05-01,99,119,79,99,178,218,396
CAMARGO,desnutricion global,nutricion normal (n),2005-05-01,119,119,127,86,246,205,451
CAMATAQUI (C. VILLA ABECIA),desnutricion global,nutricion normal (n),2005-05-01,30,19,32,23,62,42,104
CAMIRI,desnutricion global,nutricion normal (n),2005-05-01,236,207,181,167,417,374,791
CAPINOTA,desnutricion global,nutricion normal (n),2005-05-01,60,58,20,22,80,80,160
CAQUIAVIRI,desnutricion global,nutricion normal (n),2005-05-01,71,73,68,62,139,135,274
CARACOLLO,desnutricion global,nutricion normal (n),2005-05-01,43,39,22,29,65,68,133
CARANAVI,desnutricion global,nutricion normal (n),2005-05-01,384,343,279,264,663,607,1270
CARANGAS,desnutricion global,nutricion normal (n),2005-05-01,1,0,0,0,1,0,1
CARAPARI,desnutricion global,nutricion normal (n),2005-05-01,77,70,80,80,157,150,307
CARIPUYO,desnutricion global,nutricion normal (n),2005-05-01,25,26,26,23,51,49,100
CATACORA,desnutricion global,nutricion normal (n),2005-05-01,14,10,16,20,30,30,60
CHACARILLA,desnutricion global,nutricion normal (n),2005-05-01,5,11,10,9,15,20,35
CHALLAPATA,desnutricion global,nutricion normal (n),2005-05-01,146,129,74,71,220,200,420
CHAQUI,desnutricion global,nutricion normal (n),2005-05-01,16,19,18,17,34,36,70
CHARAGUA,desnutricion global,nutricion normal (n),2005-05-01,128,116,128,142,256,258,514
CHARAÑA,desnutricion global,nutricion normal (n),2005-05-01,13,12,17,18,30,30,60
CHAYANTA,desnutricion global,nutricion normal (n),2005-05-01,57,62,37,41,94,103,197
CHIMORE,desnutricion global,nutricion normal (n),2005-05-01,66,42,57,38,123,80,203
CHIPAYA,desnutricion global,nutricion normal (n),2005-05-01,7,16,5,9,12,25,37
CHOQUE COTA,desnutricion global,nutricion normal (n),2005-05-01,6,9,6,14,12,23,35
CHULUMANI (V. DE LA LIBERTAD),desnutricion global,nutricion normal (n),2005-05-01,79,93,34,46,113,139,252
CHUMA,desnutricion global,nutricion normal (n),2005-05-01,53,43,29,28,82,71,153
CLIZA,desnutricion global,nutricion normal (n),2005-05-01,63,47,21,22,84,69,153
COBIJA,desnutricion global,nutricion normal (n),2005-05-01,180,180,129,103,309,283,592
COCHABAMBA,desnutricion global,nutricion normal (n),2005-05-01,1127,1028,581,535,1708,1563,3271
COIPASA,desnutricion global,nutricion normal (n),2005-05-01,5,4,10,7,15,11,26
COLCAPIRHUA,desnutricion global,nutricion normal (n),2005-05-01,87,74,46,33,133,107,240
"COLCHA ""K""",desnutricion global,nutricion normal (n),2005-05-01,87,97,68,90,155,187,342
COLLANA,desnutricion global,nutricion normal (n),2005-05-01,8,11,6,8,14,19,33
COLOMI,desnutricion global,nutricion normal (n),2005-05-01,138,123,59,59,197,182,379
COLPA BELGICA,desnutricion global,nutricion normal (n),2005-05-01,37,25,22,19,59,44,103
COLQUECHACA,desnutricion global,nutricion normal (n),2005-05-01,131,136,102,88,233,224,457
COLQUENCHA,desnutricion global,nutricion normal (n),2005-05-01,37,29,7,12,44,41,85
COLQUIRI,desnutricion global,nutricion normal (n),2005-05-01,123,111,62,67,185,178,363
COMANCHE,desnutricion global,nutricion normal (n),2005-05-01,11,4,8,5,19,9,28
COMARAPA,desnutricion global,nutricion normal (n),2005-05-01,89,84,69,48,158,132,290
COMBAYA,desnutricion global,nutricion normal (n),2005-05-01,8,9,7,10,15,19,34
CONCEPCION,desnutricion global,nutricion normal (n),2005-05-01,130,9,19,11,149,20,169
COPACABANA,desnutricion global,nutricion normal (n),2005-05-01,43,46,25,16,68,62,130
CORIPATA,desnutricion global,nutricion normal (n),2005-05-01,87,41,40,22,127,63,190
CORO CORO,desnutricion global,nutricion normal (n),2005-05-01,55,48,22,19,77,67,144
COROICO,desnutricion global,nutricion normal (n),2005-05-01,128,109,18,17,146,126,272
CORQUE,desnutricion global,nutricion normal (n),2005-05-01,20,32,23,18,43,50,93
COTAGAITA,desnutricion global,nutricion normal (n),2005-05-01,157,112,99,87,256,199,455
COTOCA,desnutricion global,nutricion normal (n),2005-05-01,184,176,60,58,244,234,478
CUATRO CAÑADAS,desnutricion global,nutricion normal (n),2005-05-01,23,22,36,26,59,48,107
CUCHUMUELA (V. G. VILLARROEL),desnutricion global,nutricion normal (n),2005-05-01,17,6,15,3,32,9,41
CUEVO,desnutricion global,nutricion normal (n),2005-05-01,21,24,22,24,43,48,91
CULPINA,desnutricion global,nutricion normal (n),2005-05-01,195,228,147,178,342,406,748
CURAHUARA DE CARANGAS,desnutricion global,nutricion normal (n),2005-05-01,10,13,18,14,28,27,55
CURVA,desnutricion global,nutricion normal (n),2005-05-01,10,5,0,2,10,7,17
DESAGUADERO,desnutricion global,nutricion normal (n),2005-05-01,17,4,6,5,23,9,32
EL ALTO,desnutricion global,nutricion normal (n),2005-05-01,3215,2901,1678,1675,4893,4576,9469
EL CHORO,desnutricion global,nutricion normal (n),2005-05-01,7,5,10,9,17,14,31
EL PUENTE(STC),desnutricion global,nutricion normal (n),2005-05-01,55,71,53,66,108,137,245
EL PUENTE(TJA),desnutricion global,nutricion normal (n),2005-05-01,66,44,90,73,156,117,273
EL TORNO,desnutricion global,nutricion normal (n),2005-05-01,193,182,85,73,278,255,533
EL VILLAR,desnutricion global,nutricion normal (n),2005-05-01,65,51,97,46,162,97,259
ENTRE RIOS,desnutricion global,nutricion normal (n),2005-05-01,174,147,158,156,332,303,635
ENTRE RIOS,desnutricion global,nutricion normal (n),2005-05-01,138,127,58,57,196,184,380
EUCALIPTUS,desnutricion global,nutricion normal (n),2005-05-01,24,18,22,19,46,37,83
EUREKA (SANTOS MERCADO),desnutricion global,nutricion normal (n),2005-05-01,6,11,8,13,14,24,38
EXALTACION,desnutricion global,nutricion normal (n),2005-05-01,10,9,8,2,18,11,29
FERNANDEZ ALONSO,desnutricion global,nutricion normal (n),2005-05-01,123,108,123,106,246,214,460
FILADELFIA,desnutricion global,nutricion normal (n),2005-05-01,18,24,37,27,55,51,106
GENERAL SAAVEDRA,desnutricion global,nutricion normal (n),2005-05-01,172,57,235,98,407,155,562
GRAL. J.J. PEREZ (CHARAZANI),desnutricion global,nutricion normal (n),2005-05-01,33,37,39,26,72,63,135
GUANAY,desnutricion global,nutricion normal (n),2005-05-01,95,88,80,74,175,162,337
GUAQUI,desnutricion global,nutricion normal (n),2005-05-01,19,24,15,13,34,37,71
GUAYARAMERIN,desnutricion global,nutricion normal (n),2005-05-01,150,187,103,90,253,277,530
GUTIERREZ,desnutricion global,nutricion normal (n),2005-05-01,74,103,131,141,205,244,449
HUACARETA,desnutricion global,nutricion normal (n),2005-05-01,89,69,114,107,203,176,379
HUACAYA (VILLA DE HUACAYA),desnutricion global,nutricion normal (n),2005-05-01,19,11,18,33,37,44,81
HUACHACALLA,desnutricion global,nutricion normal (n),2005-05-01,8,5,7,3,15,8,23
HUANUNI,desnutricion global,nutricion normal (n),2005-05-01,130,101,74,46,204,147,351
HUARACAJE,desnutricion global,nutricion normal (n),2005-05-01,35,21,41,0,76,21,97
HUAYLLAMARCA,desnutricion global,nutricion normal (n),2005-05-01,41,35,24,27,65,62,127
ICHOCA,desnutricion global,nutricion normal (n),2005-05-01,19,18,15,14,34,32,66
ICLA,desnutricion global,nutricion normal (n),2005-05-01,82,84,119,134,201,218,419
INCAHUASI,desnutricion global,nutricion normal (n),2005-05-01,211,236,178,171,389,407,796
INGAVI (HUMAITA),desnutricion global,nutricion normal (n),2005-05-01,2,2,2,2,4,4,8
INQUISIVI,desnutricion global,nutricion normal (n),2005-05-01,73,63,54,58,127,121,248
IRUPANA (VILLA DE LANZA),desnutricion global,nutricion normal (n),2005-05-01,131,82,93,88,224,170,394
IXIAMAS,desnutricion global,nutricion normal (n),2005-05-01,79,53,58,40,137,93,230
JESUS DE MACHACA,desnutricion global,nutricion normal (n),2005-05-01,59,51,18,25,77,76,153
LA ASUNTA,desnutricion global,nutricion normal (n),2005-05-01,134,140,33,28,167,168,335
LA GUARDIA,desnutricion global,nutricion normal (n),2005-05-01,210,175,107,113,317,288,605
LA PAZ,desnutricion global,nutricion normal (n),2005-05-01,2748,2533,1547,1713,4295,4246,8541
LA RIVERA,desnutricion global,nutricion normal (n),2005-05-01,0,3,3,3,3,6,9
LAGUNILLAS,desnutricion global,nutricion normal (n),2005-05-01,62,50,73,75,135,125,260
LAJA,desnutricion global,nutricion normal (n),2005-05-01,86,89,49,53,135,142,277
LAS CARRERAS,desnutricion global,nutricion normal (n),2005-05-01,31,24,28,39,59,63,122
LLALLAGUA,desnutricion global,nutricion normal (n),2005-05-01,221,192,276,274,497,466,963
LLICA,desnutricion global,nutricion normal (n),2005-05-01,17,19,8,11,25,30,55
LORETO,desnutricion global,nutricion normal (n),2005-05-01,19,14,16,19,35,33,68
LURIBAY,desnutricion global,nutricion normal (n),2005-05-01,109,104,110,86,219,190,409
MACHACAMARCA,desnutricion global,nutricion normal (n),2005-05-01,9,14,10,10,19,24,43
MACHARETI,desnutricion global,nutricion normal (n),2005-05-01,96,114,158,183,254,297,551
MAGDALENA,desnutricion global,nutricion normal (n),2005-05-01,55,59,61,37,116,96,212
MAIRANA,desnutricion global,nutricion normal (n),2005-05-01,83,30,34,16,117,46,163
MALLA,desnutricion global,nutricion normal (n),2005-05-01,19,16,22,33,41,49,90
MAPIRI,desnutricion global,nutricion normal (n),2005-05-01,103,123,88,84,191,207,398
MECAPACA,desnutricion global,nutricion normal (n),2005-05-01,83,80,57,59,140,139,279
MINEROS,desnutricion global,nutricion normal (n),2005-05-01,126,100,85,90,211,190,401
MIZQUE,desnutricion global,nutricion normal (n),2005-05-01,33,29,21,20,54,49,103
MOCOMOCO,desnutricion global,nutricion normal (n),2005-05-01,81,97,78,68,159,165,324
MOJINETE,desnutricion global,nutricion normal (n),2005-05-01,5,6,0,0,5,6,11
MOJOCOYA,desnutricion global,nutricion normal (n),2005-05-01,56,78,88,79,144,157,301
MONTEAGUDO,desnutricion global,nutricion normal (n),2005-05-01,180,170,222,216,402,386,788
MONTERO,desnutricion global,nutricion normal (n),2005-05-01,698,540,382,364,1080,904,1984
MORO MORO,desnutricion global,nutricion normal (n),2005-05-01,19,14,15,15,34,29,63
MOROCHATA,desnutricion global,nutricion normal (n),2005-05-01,144,146,90,92,234,238,472
NACEBE (SANTA ROSA DEL ABUNA),desnutricion global,nutricion normal (n),2005-05-01,8,8,22,21,30,29,59
NAZACARA DE PACAJES,desnutricion global,nutricion normal (n),2005-05-01,2,4,1,2,3,6,9
NUEVO MANOA (NUEVA ESPERANZA),desnutricion global,nutricion normal (n),2005-05-01,10,3,11,10,21,13,34
OCURI,desnutricion global,nutricion normal (n),2005-05-01,70,64,64,58,134,122,256
OKINAWA,desnutricion global,nutricion normal (n),2005-05-01,111,79,108,82,219,161,380
OMEREQUE,desnutricion global,nutricion normal (n),2005-05-01,31,25,17,18,48,43,91
ORURO,desnutricion global,nutricion normal (n),2005-05-01,1062,1085,692,646,1754,1731,3485
PADCAYA,desnutricion global,nutricion normal (n),2005-05-01,112,139,150,148,262,287,549
PADILLA,desnutricion global,nutricion normal (n),2005-05-01,130,135,195,188,325,323,648
PAILON,desnutricion global,nutricion normal (n),2005-05-01,18,104,98,21,116,125,241
PALCA,desnutricion global,nutricion normal (n),2005-05-01,81,78,29,26,110,104,214
PALOS BLANCOS,desnutricion global,nutricion normal (n),2005-05-01,183,193,128,122,311,315,626
PAMPA AULLAGAS,desnutricion global,nutricion normal (n),2005-05-01,9,10,4,6,13,16,29
PAMPA GRANDE,desnutricion global,nutricion normal (n),2005-05-01,49,44,47,37,96,81,177
PAPEL PAMPA,desnutricion global,nutricion normal (n),2005-05-01,32,28,12,14,44,42,86
PASORAPA,desnutricion global,nutricion normal (n),2005-05-01,19,21,28,22,47,43,90
PATACAMAYA,desnutricion global,nutricion normal (n),2005-05-01,191,203,119,93,310,296,606
PAZÑA,desnutricion global,nutricion normal (n),2005-05-01,28,26,26,33,54,59,113
PELECHUCO,desnutricion global,nutricion normal (n),2005-05-01,19,21,9,10,28,31,59
POCOATA,desnutricion global,nutricion normal (n),2005-05-01,129,127,121,109,250,236,486
POCONA,desnutricion global,nutricion normal (n),2005-05-01,31,36,27,24,58,60,118
POJO (CBBA),desnutricion global,nutricion normal (n),2005-05-01,115,110,104,106,219,216,435
POOPO,desnutricion global,nutricion normal (n),2005-05-01,17,28,16,12,33,40,73
PORCO,desnutricion global,nutricion normal (n),2005-05-01,19,19,10,14,29,33,62
POROMA,desnutricion global,nutricion normal (n),2005-05-01,130,126,113,119,243,245,488
PORONGO,desnutricion global,nutricion normal (n),2005-05-01,41,35,29,14,70,49,119
PORTACHUELO,desnutricion global,nutricion normal (n),2005-05-01,104,88,69,56,173,144,317
PORVENIR,desnutricion global,nutricion normal (n),2005-05-01,47,35,32,24,79,59,138
POSTRER VALLE,desnutricion global,nutricion normal (n),2005-05-01,17,19,19,15,36,34,70
POTOSI,desnutricion global,nutricion normal (n),2005-05-01,684,483,270,213,954,696,1650
PRESTO,desnutricion global,nutricion normal (n),2005-05-01,80,60,86,75,166,135,301
PUCARA,desnutricion global,nutricion normal (n),2005-05-01,7,5,1,2,8,7,15
PUCARANI,desnutricion global,nutricion normal (n),2005-05-01,97,125,47,37,144,162,306
PUERTO ACOSTA,desnutricion global,nutricion normal (n),2005-05-01,85,74,74,75,159,149,308
PUERTO CARABUCO,desnutricion global,nutricion normal (n),2005-05-01,81,82,53,56,134,138,272
PUERTO GONZALO MORENO,desnutricion global,nutricion normal (n),2005-05-01,22,18,11,20,33,38,71
PUERTO PEREZ,desnutricion global,nutricion normal (n),2005-05-01,36,37,20,29,56,66,122
PUERTO RICO,desnutricion global,nutricion normal (n),2005-05-01,48,31,37,22,85,53,138
PUERTO SILES,desnutricion global,nutricion normal (n),2005-05-01,22,16,29,33,51,49,100
PUERTO VILLARROEL,desnutricion global,nutricion normal (n),2005-05-01,259,226,158,131,417,357,774
PUNA,desnutricion global,nutricion normal (n),2005-05-01,202,130,163,102,365,232,597
PUNATA,desnutricion global,nutricion normal (n),2005-05-01,97,116,79,62,176,178,354
QUIABAYA,desnutricion global,nutricion normal (n),2005-05-01,18,7,5,3,23,10,33
QUILLACOLLO,desnutricion global,nutricion normal (n),2005-05-01,395,538,236,312,631,850,1481
QUIME,desnutricion global,nutricion normal (n),2005-05-01,86,86,71,77,157,163,320
QUIRUSILLAS,desnutricion global,nutricion normal (n),2005-05-01,11,6,6,3,17,9,26
RAVELO,desnutricion global,nutricion normal (n),2005-05-01,187,199,201,190,388,389,777
REYES,desnutricion global,nutricion normal (n),2005-05-01,66,91,74,62,140,153,293
RIBERALTA,desnutricion global,nutricion normal (n),2005-05-01,588,516,216,184,804,700,1504
ROBORE,desnutricion global,nutricion normal (n),2005-05-01,78,82,59,54,137,136,273
RURRENABAQUE,desnutricion global,nutricion normal (n),2005-05-01,129,95,42,45,171,140,311
SABAYA,desnutricion global,nutricion normal (n),2005-05-01,19,9,9,12,28,21,49
SACABA,desnutricion global,nutricion normal (n),2005-05-01,321,269,141,174,462,443,905
SACABAMBA,desnutricion global,nutricion normal (n),2005-05-01,11,14,22,27,33,41,74
SAIPINA,desnutricion global,nutricion normal (n),2005-05-01,30,12,32,21,62,33,95
SALINAS DE GARCI MENDOZA,desnutricion global,nutricion normal (n),2005-05-01,65,53,73,58,138,111,249
SAMAIPATA,desnutricion global,nutricion normal (n),2005-05-01,81,3,26,2,107,5,112
SAN AGUSTIN,desnutricion global,nutricion normal (n),2005-05-01,7,2,3,3,10,5,15
SAN ANDRES,desnutricion global,nutricion normal (n),2005-05-01,42,61,60,73,102,134,236
SAN ANDRES DE MACHACA,desnutricion global,nutricion normal (n),2005-05-01,27,24,22,30,49,54,103
SAN ANTONIO DE ESMORUCO,desnutricion global,nutricion normal (n),2005-05-01,11,9,14,9,25,18,43
SAN ANTONIO DE LOMERIO,desnutricion global,nutricion normal (n),2005-05-01,67,69,78,84,145,153,298
SAN BENITO,desnutricion global,nutricion normal (n),2005-05-01,65,69,68,79,133,148,281
SAN BORJA,desnutricion global,nutricion normal (n),2005-05-01,227,231,117,120,344,351,695
SAN BUENA VENTURA,desnutricion global,nutricion normal (n),2005-05-01,49,47,30,33,79,80,159
SAN CARLOS,desnutricion global,nutricion normal (n),2005-05-01,104,116,60,58,164,174,338
SAN IGNACIO,desnutricion global,nutricion normal (n),2005-05-01,112,113,82,101,194,214,408
SAN IGNACIO DE VELASCO,desnutricion global,nutricion normal (n),2005-05-01,336,301,257,204,593,505,1098
SAN JAVIER(BNI),desnutricion global,nutricion normal (n),2005-05-01,17,9,10,7,27,16,43
SAN JAVIER(STC),desnutricion global,nutricion normal (n),2005-05-01,56,8,12,0,68,8,76
SAN JOAQUIN,desnutricion global,nutricion normal (n),2005-05-01,24,27,21,14,45,41,86
SAN JOSE DE CHIQUITOS,desnutricion global,nutricion normal (n),2005-05-01,81,68,50,47,131,115,246
SAN JUAN DE YAPACANI,desnutricion global,nutricion normal (n),2005-05-01,68,74,64,46,132,120,252
SAN JULIAN,desnutricion global,nutricion normal (n),2005-05-01,148,82,174,81,322,163,485
SAN LORENZO(PND),desnutricion global,nutricion normal (n),2005-05-01,16,10,19,8,35,18,53
SAN LORENZO(TJA),desnutricion global,nutricion normal (n),2005-05-01,75,80,65,58,140,138,278
SAN LUCAS,desnutricion global,nutricion normal (n),2005-05-01,300,264,257,230,557,494,1051
SAN MIGUEL DE VELASCO,desnutricion global,nutricion normal (n),2005-05-01,117,108,106,99,223,207,430
SAN PABLO DE LIPEZ,desnutricion global,nutricion normal (n),2005-05-01,4,14,17,8,21,22,43
SAN PEDRO,desnutricion global,nutricion normal (n),2005-05-01,118,115,102,89,220,204,424
SAN PEDRO DE BUENA VISTA,desnutricion global,nutricion normal (n),2005-05-01,71,78,86,74,157,152,309
SAN PEDRO DE CURAHUARA,desnutricion global,nutricion normal (n),2005-05-01,35,30,32,39,67,69,136
SAN PEDRO DE QUEMES,desnutricion global,nutricion normal (n),2005-05-01,5,5,6,5,11,10,21
SAN PEDRO DE TIQUINA,desnutricion global,nutricion normal (n),2005-05-01,18,18,27,17,45,35,80
SAN PEDRO(PND),desnutricion global,nutricion normal (n),2005-05-01,5,3,7,3,12,6,18
SAN RAFAEL,desnutricion global,nutricion normal (n),2005-05-01,37,37,47,51,84,88,172
SAN RAMON,desnutricion global,nutricion normal (n),2005-05-01,26,18,15,18,41,36,77
SANTA ANA,desnutricion global,nutricion normal (n),2005-05-01,145,97,44,40,189,137,326
SANTA CRUZ DE LA SIERRA,desnutricion global,nutricion normal (n),2005-05-01,3682,2847,1819,1552,5501,4399,9900
SANTA ROSA,desnutricion global,nutricion normal (n),2005-05-01,49,53,41,59,90,112,202
SANTA ROSA DEL SARA,desnutricion global,nutricion normal (n),2005-05-01,54,65,59,52,113,117,230
SANTIAGO DE CALLAPA,desnutricion global,nutricion normal (n),2005-05-01,19,25,20,15,39,40,79
SANTIAGO DE HUARI,desnutricion global,nutricion normal (n),2005-05-01,30,30,40,37,70,67,137
SANTIAGO DE MACHACA,desnutricion global,nutricion normal (n),2005-05-01,26,20,17,13,43,33,76
SANTIVAÑES,desnutricion global,nutricion normal (n),2005-05-01,58,41,40,40,98,81,179
SANTUARIO DE QUILLACAS,desnutricion global,nutricion normal (n),2005-05-01,10,13,14,11,24,24,48
SAPAHAQUI,desnutricion global,nutricion normal (n),2005-05-01,28,22,17,23,45,45,90
SENA,desnutricion global,nutricion normal (n),2005-05-01,7,7,5,4,12,11,23
SICA SICA (VILLA AROMA),desnutricion global,nutricion normal (n),2005-05-01,118,126,116,74,234,200,434
SICAYA,desnutricion global,nutricion normal (n),2005-05-01,22,13,12,11,34,24,58
SIPE SIPE,desnutricion global,nutricion normal (n),2005-05-01,236,206,179,193,415,399,814
SOPACHUY,desnutricion global,nutricion normal (n),2005-05-01,86,73,83,80,169,153,322
SORACACHI,desnutricion global,nutricion normal (n),2005-05-01,32,35,40,26,72,61,133
SORATA,desnutricion global,nutricion normal (n),2005-05-01,103,93,94,72,197,165,362
SUCRE,desnutricion global,nutricion normal (n),2005-05-01,1031,1043,779,690,1810,1733,3543
TACACHI,desnutricion global,nutricion normal (n),2005-05-01,4,7,1,1,5,8,13
TACACOMA,desnutricion global,nutricion normal (n),2005-05-01,52,33,50,30,102,63,165
TACOBAMBA,desnutricion global,nutricion normal (n),2005-05-01,2,2,4,2,6,4,10
TACOPAYA,desnutricion global,nutricion normal (n),2005-05-01,27,26,36,32,63,58,121
TAHUA,desnutricion global,nutricion normal (n),2005-05-01,6,7,7,4,13,11,24
TAPACARI,desnutricion global,nutricion normal (n),2005-05-01,121,118,89,127,210,245,455
TARABUCO,desnutricion global,nutricion normal (n),2005-05-01,202,203,285,281,487,484,971
TARACO,desnutricion global,nutricion normal (n),2005-05-01,34,25,23,41,57,66,123
TARATA,desnutricion global,nutricion normal (n),2005-05-01,61,50,26,23,87,73,160
TARIJA,desnutricion global,nutricion normal (n),2005-05-01,658,633,426,415,1084,1048,2132
TARVITA,desnutricion global,nutricion normal (n),2005-05-01,283,214,249,253,532,467,999
TEOPONTE,desnutricion global,nutricion normal (n),2005-05-01,64,59,77,62,141,121,262
TIAWANACU,desnutricion global,nutricion normal (n),2005-05-01,70,65,55,40,125,105,230
TINGUIPAYA,desnutricion global,nutricion normal (n),2005-05-01,97,81,129,82,226,163,389
TIPUANI,desnutricion global,nutricion normal (n),2005-05-01,83,57,33,28,116,85,201
TIQUIPAYA,desnutricion global,nutricion normal (n),2005-05-01,36,44,16,28,52,72,124
TIRAQUE (CBBA),desnutricion global,nutricion normal (n),2005-05-01,190,196,145,128,335,324,659
TITO YUPANQUI (PARQUIPUJIO),desnutricion global,nutricion normal (n),2005-05-01,5,7,12,15,17,22,39
TOCO,desnutricion global,nutricion normal (n),2005-05-01,8,7,17,8,25,15,40
TOLATA,desnutricion global,nutricion normal (n),2005-05-01,10,14,3,8,13,22,35
TOLEDO,desnutricion global,nutricion normal (n),2005-05-01,32,26,20,30,52,56,108
TOMAVE,desnutricion global,nutricion normal (n),2005-05-01,81,18,74,28,155,46,201
TOMINA,desnutricion global,nutricion normal (n),2005-05-01,80,110,125,141,205,251,456
TORO TORO,desnutricion global,nutricion normal (n),2005-05-01,82,68,61,61,143,129,272
TOTORA(CBBA),desnutricion global,nutricion normal (n),2005-05-01,75,79,36,30,111,109,220
TOTORA(ORR),desnutricion global,nutricion normal (n),2005-05-01,23,37,17,23,40,60,100
TRIGAL,desnutricion global,nutricion normal (n),2005-05-01,14,11,6,12,20,23,43
TRINIDAD,desnutricion global,nutricion normal (n),2005-05-01,414,467,269,266,683,733,1416
TUPIZA,desnutricion global,nutricion normal (n),2005-05-01,291,243,210,211,501,454,955
TURCO,desnutricion global,nutricion normal (n),2005-05-01,12,25,15,22,27,47,74
UMALA,desnutricion global,nutricion normal (n),2005-05-01,3,3,1,8,4,11,15
UNCIA,desnutricion global,nutricion normal (n),2005-05-01,126,122,69,82,195,204,399
URIONDO (A. CONCEPCION),desnutricion global,nutricion normal (n),2005-05-01,95,115,126,119,221,234,455
UYUNI,desnutricion global,nutricion normal (n),2005-05-01,62,36,56,47,118,83,201
VACAS,desnutricion global,nutricion normal (n),2005-05-01,62,53,33,19,95,72,167
VALLEGRANDE,desnutricion global,nutricion normal (n),2005-05-01,111,110,82,92,193,202,395
VIACHA,desnutricion global,nutricion normal (n),2005-05-01,185,173,81,110,266,283,549
VILA VILA,desnutricion global,nutricion normal (n),2005-05-01,12,19,12,16,24,35,59
VILLA MONTES,desnutricion global,nutricion normal (n),2005-05-01,123,128,98,86,221,214,435
VILLA NUEVA (LOMA ALTA),desnutricion global,nutricion normal (n),2005-05-01,45,27,49,47,94,74,168
VILLA RIVERO,desnutricion global,nutricion normal (n),2005-05-01,26,24,17,10,43,34,77
VILLA SERRANO,desnutricion global,nutricion normal (n),2005-05-01,122,142,173,162,295,304,599
VILLA TUNARI,desnutricion global,nutricion normal (n),2005-05-01,372,331,257,219,629,550,1179
VILLA VACA GUZMAN (MUYUPAMPA),desnutricion global,nutricion normal (n),2005-05-01,88,110,140,161,228,271,499
VILLAZON,desnutricion global,nutricion normal (n),2005-05-01,194,183,148,150,342,333,675
VINTO,desnutricion global,nutricion normal (n),2005-05-01,64,65,13,10,77,75,152
VITICHI,desnutricion global,nutricion normal (n),2005-05-01,52,56,58,71,110,127,237
WALDO BALLIVIAN,desnutricion global,nutricion normal (n),2005-05-01,6,7,4,3,10,10,20
WARNES,desnutricion global,nutricion normal (n),2005-05-01,224,255,148,136,372,391,763
YACO,desnutricion global,nutricion normal (n),2005-05-01,33,24,33,38,66,62,128
YACUIBA,desnutricion global,nutricion normal (n),2005-05-01,248,253,123,121,371,374,745
YAMPARAEZ,desnutricion global,nutricion normal (n),2005-05-01,98,107,155,168,253,275,528
YANACACHI,desnutricion global,nutricion normal (n),2005-05-01,31,32,31,20,62,52,114
YAPACANI,desnutricion global,nutricion normal (n),2005-05-01,283,228,175,139,458,367,825
YOCALLA,desnutricion global,nutricion normal (n),2005-05-01,13,14,22,19,35,33,68
YOTALA,desnutricion global,nutricion normal (n),2005-05-01,72,71,120,136,192,207,399
YUNCHARA,desnutricion global,nutricion normal (n),2005-05-01,38,41,45,60,83,101,184
ZUDAÑEZ,desnutricion global,nutricion normal (n),2005-05-01,87,65,74,83,161,148,309
ACACIO,desnutricion global,nutricion normal (n),2005-06-01,58,61,98,73,156,134,290
ACHACACHI,desnutricion global,nutricion normal (n),2005-06-01,304,310,339,307,643,617,1260
ACHOCALLA,desnutricion global,nutricion normal (n),2005-06-01,52,58,21,20,73,78,151
AIQUILE,desnutricion global,nutricion normal (n),2005-06-01,47,29,37,51,84,80,164
ALALAY,desnutricion global,nutricion normal (n),2005-06-01,17,8,0,0,17,8,25
ALCALA,desnutricion global,nutricion normal (n),2005-06-01,30,30,60,67,90,97,187
ANCORAIMES,desnutricion global,nutricion normal (n),2005-06-01,85,91,91,78,176,169,345
ANDAMARCA,desnutricion global,nutricion normal (n),2005-06-01,16,14,12,17,28,31,59
ANTEQUERA,desnutricion global,nutricion normal (n),2005-06-01,21,12,16,16,37,28,65
ANZALDO,desnutricion global,nutricion normal (n),2005-06-01,11,10,12,11,23,21,44
APOLO,desnutricion global,nutricion normal (n),2005-06-01,45,54,34,24,79,78,157
ARAMPAMPA,desnutricion global,nutricion normal (n),2005-06-01,54,54,70,68,124,122,246
ARANI,desnutricion global,nutricion normal (n),2005-06-01,30,29,23,16,53,45,98
ARBIETO,desnutricion global,nutricion normal (n),2005-06-01,44,28,10,21,54,49,103
ARQUE,desnutricion global,nutricion normal (n),2005-06-01,47,57,43,23,90,80,170
ATOCHA,desnutricion global,nutricion normal (n),2005-06-01,117,105,92,100,209,205,414
AUCAPATA,desnutricion global,nutricion normal (n),2005-06-01,43,29,11,5,54,34,88
AYATA,desnutricion global,nutricion normal (n),2005-06-01,71,71,36,31,107,102,209
AYO AYO,desnutricion global,nutricion normal (n),2005-06-01,33,26,17,24,50,50,100
AYOPAYA (V. DE INDEPENDENCIA),desnutricion global,nutricion normal (n),2005-06-01,141,131,78,100,219,231,450
AZURDUY,desnutricion global,nutricion normal (n),2005-06-01,133,130,161,137,294,267,561
BATALLAS,desnutricion global,nutricion normal (n),2005-06-01,86,71,60,54,146,125,271
BAURES,desnutricion global,nutricion normal (n),2005-06-01,39,44,44,33,83,77,160
BELEN DE ANDAMARCA,desnutricion global,nutricion normal (n),2005-06-01,5,7,5,5,10,12,22
BELEN DE URMIRI,desnutricion global,nutricion normal (n),2005-06-01,10,10,10,8,20,18,38
BELLA FLOR,desnutricion global,nutricion normal (n),2005-06-01,19,27,32,41,51,68,119
BERMEJO,desnutricion global,nutricion normal (n),2005-06-01,48,33,23,23,71,56,127
BETANZOS,desnutricion global,nutricion normal (n),2005-06-01,199,180,185,187,384,367,751
BOLIVAR,desnutricion global,nutricion normal (n),2005-06-01,46,53,35,41,81,94,175
BOLPEBRA,desnutricion global,nutricion normal (n),2005-06-01,12,8,16,14,28,22,50
BOYUIBE,desnutricion global,nutricion normal (n),2005-06-01,39,26,50,41,89,67,156
BUENA VISTA,desnutricion global,nutricion normal (n),2005-06-01,163,153,146,148,309,301,610
CABEZAS,desnutricion global,nutricion normal (n),2005-06-01,144,130,118,118,262,248,510
CAIROMA,desnutricion global,nutricion normal (n),2005-06-01,80,84,73,84,153,168,321
"CAIZA ""D""",desnutricion global,nutricion normal (n),2005-06-01,75,72,79,73,154,145,299
CAJUATA,desnutricion global,nutricion normal (n),2005-06-01,62,52,32,28,94,80,174
CALACOTO,desnutricion global,nutricion normal (n),2005-06-01,17,24,8,5,25,29,54
CALAMARCA,desnutricion global,nutricion normal (n),2005-06-01,101,99,76,82,177,181,358
CAMARGO,desnutricion global,nutricion normal (n),2005-06-01,140,156,129,82,269,238,507
CAMATAQUI (C. VILLA ABECIA),desnutricion global,nutricion normal (n),2005-06-01,30,16,42,37,72,53,125
CAMIRI,desnutricion global,nutricion normal (n),2005-06-01,368,259,237,240,605,499,1104
CAPINOTA,desnutricion global,nutricion normal (n),2005-06-01,102,68,106,96,208,164,372
CAQUIAVIRI,desnutricion global,nutricion normal (n),2005-06-01,54,51,55,44,109,95,204
CARACOLLO,desnutricion global,nutricion normal (n),2005-06-01,46,63,31,55,77,118,195
CARANAVI,desnutricion global,nutricion normal (n),2005-06-01,368,380,243,236,611,616,1227
CARAPARI,desnutricion global,nutricion normal (n),2005-06-01,113,98,118,107,231,205,436
CARIPUYO,desnutricion global,nutricion normal (n),2005-06-01,66,92,125,87,191,179,370
CARMEN RIVERO TORREZ,desnutricion global,nutricion normal (n),2005-06-01,5,3,5,0,10,3,13
CATACORA,desnutricion global,nutricion normal (n),2005-06-01,1,2,5,3,6,5,11
CHACARILLA,desnutricion global,nutricion normal (n),2005-06-01,2,6,8,2,10,8,18
CHALLAPATA,desnutricion global,nutricion normal (n),2005-06-01,154,146,134,110,288,256,544
CHAQUI,desnutricion global,nutricion normal (n),2005-06-01,41,52,41,53,82,105,187
CHARAGUA,desnutricion global,nutricion normal (n),2005-06-01,203,170,159,176,362,346,708
CHARAÑA,desnutricion global,nutricion normal (n),2005-06-01,9,5,4,9,13,14,27
CHAYANTA,desnutricion global,nutricion normal (n),2005-06-01,81,69,69,68,150,137,287
CHIMORE,desnutricion global,nutricion normal (n),2005-06-01,61,37,29,32,90,69,159
CHIPAYA,desnutricion global,nutricion normal (n),2005-06-01,6,12,7,6,13,18,31
CHULUMANI (V. DE LA LIBERTAD),desnutricion global,nutricion normal (n),2005-06-01,63,60,31,25,94,85,179
CHUMA,desnutricion global,nutricion normal (n),2005-06-01,42,64,29,26,71,90,161
CLIZA,desnutricion global,nutricion normal (n),2005-06-01,146,10,49,12,195,22,217
COBIJA,desnutricion global,nutricion normal (n),2005-06-01,203,160,125,127,328,287,615
COCHABAMBA,desnutricion global,nutricion normal (n),2005-06-01,1430,1239,587,551,2017,1790,3807
COIPASA,desnutricion global,nutricion normal (n),2005-06-01,2,3,5,10,7,13,20
COLCAPIRHUA,desnutricion global,nutricion normal (n),2005-06-01,231,214,156,144,387,358,745
"COLCHA ""K""",desnutricion global,nutricion normal (n),2005-06-01,104,110,96,101,200,211,411
COLLANA,desnutricion global,nutricion normal (n),2005-06-01,15,10,7,10,22,20,42
COLOMI,desnutricion global,nutricion normal (n),2005-06-01,148,116,56,56,204,172,376
COLPA BELGICA,desnutricion global,nutricion normal (n),2005-06-01,51,31,19,12,70,43,113
COLQUECHACA,desnutricion global,nutricion normal (n),2005-06-01,142,148,93,91,235,239,474
COLQUENCHA,desnutricion global,nutricion normal (n),2005-06-01,43,49,63,62,106,111,217
COLQUIRI,desnutricion global,nutricion normal (n),2005-06-01,110,99,46,67,156,166,322
COMANCHE,desnutricion global,nutricion normal (n),2005-06-01,11,12,10,12,21,24,45
COMARAPA,desnutricion global,nutricion normal (n),2005-06-01,108,117,74,65,182,182,364
COMBAYA,desnutricion global,nutricion normal (n),2005-06-01,11,5,12,9,23,14,37
CONCEPCION,desnutricion global,nutricion normal (n),2005-06-01,202,0,66,0,268,0,268
COPACABANA,desnutricion global,nutricion normal (n),2005-06-01,45,69,44,48,89,117,206
CORIPATA,desnutricion global,nutricion normal (n),2005-06-01,74,59,39,48,113,107,220
CORO CORO,desnutricion global,nutricion normal (n),2005-06-01,60,58,41,34,101,92,193
COROICO,desnutricion global,nutricion normal (n),2005-06-01,114,94,60,40,174,134,308
CORQUE,desnutricion global,nutricion normal (n),2005-06-01,35,42,28,17,63,59,122
COTAGAITA,desnutricion global,nutricion normal (n),2005-06-01,143,145,90,76,233,221,454
COTOCA,desnutricion global,nutricion normal (n),2005-06-01,265,236,70,56,335,292,627
CUATRO CAÑADAS,desnutricion global,nutricion normal (n),2005-06-01,79,46,110,36,189,82,271
CUCHUMUELA (V. G. VILLARROEL),desnutricion global,nutricion normal (n),2005-06-01,16,8,15,6,31,14,45
CUEVO,desnutricion global,nutricion normal (n),2005-06-01,30,44,21,38,51,82,133
CULPINA,desnutricion global,nutricion normal (n),2005-06-01,207,190,153,142,360,332,692
CURAHUARA DE CARANGAS,desnutricion global,nutricion normal (n),2005-06-01,16,20,18,20,34,40,74
CURVA,desnutricion global,nutricion normal (n),2005-06-01,1,3,2,2,3,5,8
DESAGUADERO,desnutricion global,nutricion normal (n),2005-06-01,20,11,9,10,29,21,50
EL ALTO,desnutricion global,nutricion normal (n),2005-06-01,3685,3414,1485,1439,5170,4853,10023
EL CHORO,desnutricion global,nutricion normal (n),2005-06-01,5,4,6,6,11,10,21
EL PUENTE(TJA),desnutricion global,nutricion normal (n),2005-06-01,42,38,76,63,118,101,219
EL TORNO,desnutricion global,nutricion normal (n),2005-06-01,194,235,73,75,267,310,577
EL VILLAR,desnutricion global,nutricion normal (n),2005-06-01,67,69,95,75,162,144,306
ENTRE RIOS,desnutricion global,nutricion normal (n),2005-06-01,138,110,75,58,213,168,381
ENTRE RIOS,desnutricion global,nutricion normal (n),2005-06-01,171,147,143,95,314,242,556
EUCALIPTUS,desnutricion global,nutricion normal (n),2005-06-01,31,24,43,32,74,56,130
EUREKA (SANTOS MERCADO),desnutricion global,nutricion normal (n),2005-06-01,3,4,3,5,6,9,15
EXALTACION,desnutricion global,nutricion normal (n),2005-06-01,14,5,7,14,21,19,40
FERNANDEZ ALONSO,desnutricion global,nutricion normal (n),2005-06-01,159,182,198,203,357,385,742
FILADELFIA,desnutricion global,nutricion normal (n),2005-06-01,28,56,55,46,83,102,185
GENERAL SAAVEDRA,desnutricion global,nutricion normal (n),2005-06-01,196,169,256,213,452,382,834
GRAL. J.J. PEREZ (CHARAZANI),desnutricion global,nutricion normal (n),2005-06-01,30,34,32,17,62,51,113
GUANAY,desnutricion global,nutricion normal (n),2005-06-01,114,86,78,71,192,157,349
GUAQUI,desnutricion global,nutricion normal (n),2005-06-01,33,30,24,25,57,55,112
GUAYARAMERIN,desnutricion global,nutricion normal (n),2005-06-01,248,234,120,146,368,380,748
GUTIERREZ,desnutricion global,nutricion normal (n),2005-06-01,116,90,188,149,304,239,543
HUACARETA,desnutricion global,nutricion normal (n),2005-06-01,107,109,131,124,238,233,471
HUACAYA (VILLA DE HUACAYA),desnutricion global,nutricion normal (n),2005-06-01,34,29,50,62,84,91,175
HUACHACALLA,desnutricion global,nutricion normal (n),2005-06-01,1,2,1,1,2,3,5
HUANUNI,desnutricion global,nutricion normal (n),2005-06-01,151,120,43,38,194,158,352
HUARACAJE,desnutricion global,nutricion normal (n),2005-06-01,22,55,35,0,57,55,112
HUAYLLAMARCA,desnutricion global,nutricion normal (n),2005-06-01,29,35,18,19,47,54,101
ICHOCA,desnutricion global,nutricion normal (n),2005-06-01,17,29,19,14,36,43,79
ICLA,desnutricion global,nutricion normal (n),2005-06-01,93,104,153,143,246,247,493
INCAHUASI,desnutricion global,nutricion normal (n),2005-06-01,250,213,166,165,416,378,794
INGAVI (HUMAITA),desnutricion global,nutricion normal (n),2005-06-01,10,6,22,9,32,15,47
INQUISIVI,desnutricion global,nutricion normal (n),2005-06-01,100,84,58,57,158,141,299
IRUPANA (VILLA DE LANZA),desnutricion global,nutricion normal (n),2005-06-01,152,112,113,120,265,232,497
IXIAMAS,desnutricion global,nutricion normal (n),2005-06-01,78,45,59,34,137,79,216
JESUS DE MACHACA,desnutricion global,nutricion normal (n),2005-06-01,59,49,32,32,91,81,172
LA ASUNTA,desnutricion global,nutricion normal (n),2005-06-01,173,156,36,33,209,189,398
LA GUARDIA,desnutricion global,nutricion normal (n),2005-06-01,268,291,138,140,406,431,837
LA PAZ,desnutricion global,nutricion normal (n),2005-06-01,3061,2763,1417,1522,4478,4285,8763
LA RIVERA,desnutricion global,nutricion normal (n),2005-06-01,0,3,2,2,2,5,7
LAGUNILLAS,desnutricion global,nutricion normal (n),2005-06-01,61,55,92,83,153,138,291
LAJA,desnutricion global,nutricion normal (n),2005-06-01,87,73,33,33,120,106,226
LAS CARRERAS,desnutricion global,nutricion normal (n),2005-06-01,50,30,57,61,107,91,198
LICOMA PAMPA,desnutricion global,nutricion normal (n),2005-06-01,9,13,12,17,21,30,51
LLALLAGUA,desnutricion global,nutricion normal (n),2005-06-01,201,188,205,224,406,412,818
LLICA,desnutricion global,nutricion normal (n),2005-06-01,22,22,13,14,35,36,71
LORETO,desnutricion global,nutricion normal (n),2005-06-01,22,23,45,32,67,55,122
LURIBAY,desnutricion global,nutricion normal (n),2005-06-01,119,108,81,89,200,197,397
MACHACAMARCA,desnutricion global,nutricion normal (n),2005-06-01,14,23,19,12,33,35,68
MACHARETI,desnutricion global,nutricion normal (n),2005-06-01,88,109,143,159,231,268,499
MAGDALENA,desnutricion global,nutricion normal (n),2005-06-01,60,79,57,47,117,126,243
MAIRANA,desnutricion global,nutricion normal (n),2005-06-01,98,65,45,39,143,104,247
MALLA,desnutricion global,nutricion normal (n),2005-06-01,26,22,57,33,83,55,138
MAPIRI,desnutricion global,nutricion normal (n),2005-06-01,79,76,28,32,107,108,215
MECAPACA,desnutricion global,nutricion normal (n),2005-06-01,59,49,30,34,89,83,172
MINEROS,desnutricion global,nutricion normal (n),2005-06-01,200,142,126,118,326,260,586
MIZQUE,desnutricion global,nutricion normal (n),2005-06-01,72,68,66,59,138,127,265
MOCOMOCO,desnutricion global,nutricion normal (n),2005-06-01,91,61,63,62,154,123,277
MOJINETE,desnutricion global,nutricion normal (n),2005-06-01,6,5,9,5,15,10,25
MOJOCOYA,desnutricion global,nutricion normal (n),2005-06-01,93,87,160,111,253,198,451
MONTEAGUDO,desnutricion global,nutricion normal (n),2005-06-01,238,222,271,262,509,484,993
MONTERO,desnutricion global,nutricion normal (n),2005-06-01,1018,919,664,666,1682,1585,3267
MORO MORO,desnutricion global,nutricion normal (n),2005-06-01,22,23,37,34,59,57,116
MOROCHATA,desnutricion global,nutricion normal (n),2005-06-01,118,105,81,96,199,201,400
NACEBE (SANTA ROSA DEL ABUNA),desnutricion global,nutricion normal (n),2005-06-01,15,25,50,34,65,59,124
NAZACARA DE PACAJES,desnutricion global,nutricion normal (n),2005-06-01,6,4,7,3,13,7,20
NUEVO MANOA (NUEVA ESPERANZA),desnutricion global,nutricion normal (n),2005-06-01,0,1,0,0,0,1,1
OCURI,desnutricion global,nutricion normal (n),2005-06-01,60,67,54,74,114,141,255
OKINAWA,desnutricion global,nutricion normal (n),2005-06-01,121,117,106,71,227,188,415
OMEREQUE,desnutricion global,nutricion normal (n),2005-06-01,36,51,28,31,64,82,146
ORURO,desnutricion global,nutricion normal (n),2005-06-01,1197,1270,695,674,1892,1944,3836
PADCAYA,desnutricion global,nutricion normal (n),2005-06-01,134,130,185,176,319,306,625
PADILLA,desnutricion global,nutricion normal (n),2005-06-01,131,124,194,205,325,329,654
PALCA,desnutricion global,nutricion normal (n),2005-06-01,55,43,10,15,65,58,123
PALOS BLANCOS,desnutricion global,nutricion normal (n),2005-06-01,222,207,142,134,364,341,705
PAMPA AULLAGAS,desnutricion global,nutricion normal (n),2005-06-01,18,14,12,21,30,35,65
PAMPA GRANDE,desnutricion global,nutricion normal (n),2005-06-01,66,48,37,33,103,81,184
PAPEL PAMPA,desnutricion global,nutricion normal (n),2005-06-01,24,24,13,21,37,45,82
PASORAPA,desnutricion global,nutricion normal (n),2005-06-01,22,23,20,22,42,45,87
PATACAMAYA,desnutricion global,nutricion normal (n),2005-06-01,108,115,67,71,175,186,361
PAZÑA,desnutricion global,nutricion normal (n),2005-06-01,21,18,19,30,40,48,88
PELECHUCO,desnutricion global,nutricion normal (n),2005-06-01,23,22,13,16,36,38,74
POCOATA,desnutricion global,nutricion normal (n),2005-06-01,124,115,159,138,283,253,536
POCONA,desnutricion global,nutricion normal (n),2005-06-01,62,43,47,54,109,97,206
POJO (CBBA),desnutricion global,nutricion normal (n),2005-06-01,86,101,60,68,146,169,315
POOPO,desnutricion global,nutricion normal (n),2005-06-01,27,27,12,1,39,28,67
PORCO,desnutricion global,nutricion normal (n),2005-06-01,53,46,16,18,69,64,133
POROMA,desnutricion global,nutricion normal (n),2005-06-01,155,131,154,141,309,272,581
PORONGO,desnutricion global,nutricion normal (n),2005-06-01,37,30,20,20,57,50,107
PORTACHUELO,desnutricion global,nutricion normal (n),2005-06-01,160,142,124,100,284,242,526
PORVENIR,desnutricion global,nutricion normal (n),2005-06-01,29,32,24,18,53,50,103
POSTRER VALLE,desnutricion global,nutricion normal (n),2005-06-01,5,6,11,8,16,14,30
POTOSI,desnutricion global,nutricion normal (n),2005-06-01,1203,795,377,342,1580,1137,2717
PRESTO,desnutricion global,nutricion normal (n),2005-06-01,85,77,116,106,201,183,384
PUCARA,desnutricion global,nutricion normal (n),2005-06-01,22,15,33,22,55,37,92
PUCARANI,desnutricion global,nutricion normal (n),2005-06-01,155,166,78,70,233,236,469
PUERTO ACOSTA,desnutricion global,nutricion normal (n),2005-06-01,119,104,126,105,245,209,454
PUERTO CARABUCO,desnutricion global,nutricion normal (n),2005-06-01,83,66,66,82,149,148,297
PUERTO GONZALO MORENO,desnutricion global,nutricion normal (n),2005-06-01,37,26,23,27,60,53,113
PUERTO PEREZ,desnutricion global,nutricion normal (n),2005-06-01,54,39,43,33,97,72,169
PUERTO QUIJARRO,desnutricion global,nutricion normal (n),2005-06-01,24,12,10,8,34,20,54
PUERTO RICO,desnutricion global,nutricion normal (n),2005-06-01,77,89,79,85,156,174,330
PUERTO SILES,desnutricion global,nutricion normal (n),2005-06-01,4,8,8,4,12,12,24
PUERTO SUAREZ,desnutricion global,nutricion normal (n),2005-06-01,20,11,3,4,23,15,38
PUERTO VILLARROEL,desnutricion global,nutricion normal (n),2005-06-01,289,234,217,168,506,402,908
PUNA,desnutricion global,nutricion normal (n),2005-06-01,163,176,131,87,294,263,557
PUNATA,desnutricion global,nutricion normal (n),2005-06-01,173,188,68,62,241,250,491
QUIABAYA,desnutricion global,nutricion normal (n),2005-06-01,28,21,14,19,42,40,82
QUILLACOLLO,desnutricion global,nutricion normal (n),2005-06-01,184,156,112,102,296,258,554
QUIME,desnutricion global,nutricion normal (n),2005-06-01,74,75,64,60,138,135,273
QUIRUSILLAS,desnutricion global,nutricion normal (n),2005-06-01,9,3,4,7,13,10,23
RAVELO,desnutricion global,nutricion normal (n),2005-06-01,163,169,169,163,332,332,664
REYES,desnutricion global,nutricion normal (n),2005-06-01,152,125,155,111,307,236,543
RIBERALTA,desnutricion global,nutricion normal (n),2005-06-01,838,727,295,286,1133,1013,2146
RURRENABAQUE,desnutricion global,nutricion normal (n),2005-06-01,120,110,46,41,166,151,317
SABAYA,desnutricion global,nutricion normal (n),2005-06-01,24,19,17,20,41,39,80
SACABA,desnutricion global,nutricion normal (n),2005-06-01,324,292,79,99,403,391,794
SACABAMBA,desnutricion global,nutricion normal (n),2005-06-01,9,10,12,12,21,22,43
SACACA,desnutricion global,nutricion normal (n),2005-06-01,147,161,160,147,307,308,615
SAIPINA,desnutricion global,nutricion normal (n),2005-06-01,43,23,40,32,83,55,138
SALINAS DE GARCI MENDOZA,desnutricion global,nutricion normal (n),2005-06-01,55,59,32,41,87,100,187
SAMAIPATA,desnutricion global,nutricion normal (n),2005-06-01,124,77,81,60,205,137,342
SAN AGUSTIN,desnutricion global,nutricion normal (n),2005-06-01,18,14,19,12,37,26,63
SAN ANDRES,desnutricion global,nutricion normal (n),2005-06-01,92,84,83,84,175,168,343
SAN ANDRES DE MACHACA,desnutricion global,nutricion normal (n),2005-06-01,15,11,5,10,20,21,41
SAN ANTONIO DE ESMORUCO,desnutricion global,nutricion normal (n),2005-06-01,13,17,13,12,26,29,55
SAN ANTONIO DE LOMERIO,desnutricion global,nutricion normal (n),2005-06-01,0,7,7,7,7,14,21
SAN BENITO,desnutricion global,nutricion normal (n),2005-06-01,43,58,23,29,66,87,153
SAN BORJA,desnutricion global,nutricion normal (n),2005-06-01,337,324,145,146,482,470,952
SAN BUENA VENTURA,desnutricion global,nutricion normal (n),2005-06-01,117,84,71,65,188,149,337
SAN CARLOS,desnutricion global,nutricion normal (n),2005-06-01,190,199,97,98,287,297,584
SAN IGNACIO,desnutricion global,nutricion normal (n),2005-06-01,155,138,125,79,280,217,497
SAN IGNACIO DE VELASCO,desnutricion global,nutricion normal (n),2005-06-01,462,389,276,221,738,610,1348
SAN JAVIER(BNI),desnutricion global,nutricion normal (n),2005-06-01,22,27,24,15,46,42,88
SAN JAVIER(STC),desnutricion global,nutricion normal (n),2005-06-01,28,30,6,8,34,38,72
SAN JOAQUIN,desnutricion global,nutricion normal (n),2005-06-01,29,38,19,24,48,62,110
SAN JUAN DE YAPACANI,desnutricion global,nutricion normal (n),2005-06-01,117,124,76,65,193,189,382
SAN JULIAN,desnutricion global,nutricion normal (n),2005-06-01,154,102,173,143,327,245,572
SAN LORENZO(PND),desnutricion global,nutricion normal (n),2005-06-01,50,39,69,52,119,91,210
SAN LORENZO(TJA),desnutricion global,nutricion normal (n),2005-06-01,161,137,122,120,283,257,540
SAN LUCAS,desnutricion global,nutricion normal (n),2005-06-01,329,285,336,283,665,568,1233
SAN MATIAS,desnutricion global,nutricion normal (n),2005-06-01,56,64,24,26,80,90,170
SAN MIGUEL DE VELASCO,desnutricion global,nutricion normal (n),2005-06-01,118,88,89,96,207,184,391
SAN PABLO DE LIPEZ,desnutricion global,nutricion normal (n),2005-06-01,16,20,14,12,30,32,62
SAN PEDRO,desnutricion global,nutricion normal (n),2005-06-01,150,115,109,88,259,203,462
SAN PEDRO DE BUENA VISTA,desnutricion global,nutricion normal (n),2005-06-01,121,101,179,90,300,191,491
SAN PEDRO DE CURAHUARA,desnutricion global,nutricion normal (n),2005-06-01,41,28,60,71,101,99,200
SAN PEDRO DE QUEMES,desnutricion global,nutricion normal (n),2005-06-01,2,9,8,1,10,10,20
SAN PEDRO DE TIQUINA,desnutricion global,nutricion normal (n),2005-06-01,29,26,37,26,66,52,118
SAN PEDRO(PND),desnutricion global,nutricion normal (n),2005-06-01,19,20,32,35,51,55,106
SAN RAFAEL,desnutricion global,nutricion normal (n),2005-06-01,34,44,43,42,77,86,163
SANTA ANA,desnutricion global,nutricion normal (n),2005-06-01,114,118,60,68,174,186,360
SANTA CRUZ DE LA SIERRA,desnutricion global,nutricion normal (n),2005-06-01,5097,5500,2446,1943,7543,7443,14986
SANTA ROSA,desnutricion global,nutricion normal (n),2005-06-01,53,46,30,35,83,81,164
SANTA ROSA DEL SARA,desnutricion global,nutricion normal (n),2005-06-01,64,72,42,66,106,138,244
SANTIAGO DE CALLAPA,desnutricion global,nutricion normal (n),2005-06-01,23,15,16,14,39,29,68
SANTIAGO DE HUARI,desnutricion global,nutricion normal (n),2005-06-01,66,56,50,47,116,103,219
SANTIAGO DE MACHACA,desnutricion global,nutricion normal (n),2005-06-01,26,20,9,10,35,30,65
SANTIVAÑES,desnutricion global,nutricion normal (n),2005-06-01,37,34,34,27,71,61,132
SANTUARIO DE QUILLACAS,desnutricion global,nutricion normal (n),2005-06-01,18,6,11,9,29,15,44
SAPAHAQUI,desnutricion global,nutricion normal (n),2005-06-01,29,23,12,13,41,36,77
SENA,desnutricion global,nutricion normal (n),2005-06-01,18,12,8,14,26,26,52
SICA SICA (VILLA AROMA),desnutricion global,nutricion normal (n),2005-06-01,97,100,105,83,202,183,385
SICAYA,desnutricion global,nutricion normal (n),2005-06-01,19,10,18,8,37,18,55
SIPE SIPE,desnutricion global,nutricion normal (n),2005-06-01,277,204,187,170,464,374,838
SOPACHUY,desnutricion global,nutricion normal (n),2005-06-01,83,60,94,77,177,137,314
SORACACHI,desnutricion global,nutricion normal (n),2005-06-01,41,33,42,44,83,77,160
SORATA,desnutricion global,nutricion normal (n),2005-06-01,84,72,94,75,178,147,325
SUCRE,desnutricion global,nutricion normal (n),2005-06-01,1296,1392,1205,1075,2501,2467,4968
TACACHI,desnutricion global,nutricion normal (n),2005-06-01,3,11,2,1,5,12,17
TACACOMA,desnutricion global,nutricion normal (n),2005-06-01,23,34,27,12,50,46,96
TACOBAMBA,desnutricion global,nutricion normal (n),2005-06-01,116,102,92,99,208,201,409
TACOPAYA,desnutricion global,nutricion normal (n),2005-06-01,68,50,86,55,154,105,259
TAHUA,desnutricion global,nutricion normal (n),2005-06-01,6,10,5,9,11,19,30
TAPACARI,desnutricion global,nutricion normal (n),2005-06-01,102,120,130,124,232,244,476
TARABUCO,desnutricion global,nutricion normal (n),2005-06-01,190,192,248,277,438,469,907
TARACO,desnutricion global,nutricion normal (n),2005-06-01,38,25,30,37,68,62,130
TARATA,desnutricion global,nutricion normal (n),2005-06-01,44,46,29,18,73,64,137
TARIJA,desnutricion global,nutricion normal (n),2005-06-01,1216,1153,742,753,1958,1906,3864
TARVITA,desnutricion global,nutricion normal (n),2005-06-01,37,40,29,35,66,75,141
TEOPONTE,desnutricion global,nutricion normal (n),2005-06-01,52,53,73,59,125,112,237
TIAWANACU,desnutricion global,nutricion normal (n),2005-06-01,51,57,20,22,71,79,150
TINGUIPAYA,desnutricion global,nutricion normal (n),2005-06-01,99,80,132,120,231,200,431
TIPUANI,desnutricion global,nutricion normal (n),2005-06-01,77,61,24,28,101,89,190
TIQUIPAYA,desnutricion global,nutricion normal (n),2005-06-01,132,89,98,94,230,183,413
TIRAQUE (CBBA),desnutricion global,nutricion normal (n),2005-06-01,232,226,102,108,334,334,668
TITO YUPANQUI (PARQUIPUJIO),desnutricion global,nutricion normal (n),2005-06-01,11,7,8,3,19,10,29
TOCO,desnutricion global,nutricion normal (n),2005-06-01,11,10,19,11,30,21,51
TODOS SANTOS,desnutricion global,nutricion normal (n),2005-06-01,0,2,3,2,3,4,7
TOLATA,desnutricion global,nutricion normal (n),2005-06-01,13,13,3,6,16,19,35
TOLEDO,desnutricion global,nutricion normal (n),2005-06-01,35,13,22,14,57,27,84
TOMAVE,desnutricion global,nutricion normal (n),2005-06-01,96,18,82,25,178,43,221
TOMINA,desnutricion global,nutricion normal (n),2005-06-01,108,107,144,149,252,256,508
TORO TORO,desnutricion global,nutricion normal (n),2005-06-01,140,120,149,137,289,257,546
TOTORA(CBBA),desnutricion global,nutricion normal (n),2005-06-01,71,69,34,36,105,105,210
TOTORA(ORR),desnutricion global,nutricion normal (n),2005-06-01,28,42,18,25,46,67,113
TRIGAL,desnutricion global,nutricion normal (n),2005-06-01,19,14,14,18,33,32,65
TRINIDAD,desnutricion global,nutricion normal (n),2005-06-01,679,644,354,324,1033,968,2001
TUPIZA,desnutricion global,nutricion normal (n),2005-06-01,396,374,345,357,741,731,1472
TURCO,desnutricion global,nutricion normal (n),2005-06-01,14,24,14,11,28,35,63
UMALA,desnutricion global,nutricion normal (n),2005-06-01,18,17,15,9,33,26,59
UNCIA,desnutricion global,nutricion normal (n),2005-06-01,63,64,93,67,156,131,287
URIONDO (A. CONCEPCION),desnutricion global,nutricion normal (n),2005-06-01,119,134,184,155,303,289,592
UYUNI,desnutricion global,nutricion normal (n),2005-06-01,295,306,235,232,530,538,1068
VACAS,desnutricion global,nutricion normal (n),2005-06-01,45,37,18,14,63,51,114
VALLEGRANDE,desnutricion global,nutricion normal (n),2005-06-01,109,125,103,99,212,224,436
VIACHA,desnutricion global,nutricion normal (n),2005-06-01,211,189,113,103,324,292,616
VILA VILA,desnutricion global,nutricion normal (n),2005-06-01,19,12,10,24,29,36,65
VILLA MONTES,desnutricion global,nutricion normal (n),2005-06-01,157,168,135,142,292,310,602
VILLA NUEVA (LOMA ALTA),desnutricion global,nutricion normal (n),2005-06-01,9,9,3,6,12,15,27
VILLA RIVERO,desnutricion global,nutricion normal (n),2005-06-01,29,26,21,12,50,38,88
VILLA SERRANO,desnutricion global,nutricion normal (n),2005-06-01,144,112,166,162,310,274,584
VILLA TUNARI,desnutricion global,nutricion normal (n),2005-06-01,392,364,235,220,627,584,1211
VILLA VACA GUZMAN (MUYUPAMPA),desnutricion global,nutricion normal (n),2005-06-01,101,92,117,139,218,231,449
VILLAZON,desnutricion global,nutricion normal (n),2005-06-01,275,241,302,239,577,480,1057
VINTO,desnutricion global,nutricion normal (n),2005-06-01,95,90,29,22,124,112,236
VITICHI,desnutricion global,nutricion normal (n),2005-06-01,67,100,96,66,163,166,329
WALDO BALLIVIAN,desnutricion global,nutricion normal (n),2005-06-01,13,11,6,21,19,32,51
WARNES,desnutricion global,nutricion normal (n),2005-06-01,371,352,203,186,574,538,1112
YACO,desnutricion global,nutricion normal (n),2005-06-01,29,26,21,20,50,46,96
YACUIBA,desnutricion global,nutricion normal (n),2005-06-01,356,364,230,186,586,550,1136
YAMPARAEZ,desnutricion global,nutricion normal (n),2005-06-01,90,111,175,157,265,268,533
YANACACHI,desnutricion global,nutricion normal (n),2005-06-01,19,27,16,16,35,43,78
YAPACANI,desnutricion global,nutricion normal (n),2005-06-01,406,319,203,188,609,507,1116
YOCALLA,desnutricion global,nutricion normal (n),2005-06-01,38,27,55,48,93,75,168
YOTALA,desnutricion global,nutricion normal (n),2005-06-01,89,71,137,147,226,218,444
YUNCHARA,desnutricion global,nutricion normal (n),2005-06-01,64,61,68,71,132,132,264
ZUDAÑEZ,desnutricion global,nutricion normal (n),2005-06-01,82,57,71,74,153,131,284
ACACIO,desnutricion global,nutricion normal (n),2005-07-01,56,64,92,76,148,140,288
ACHACACHI,desnutricion global,nutricion normal (n),2005-07-01,314,314,307,275,621,589,1210
ACHOCALLA,desnutricion global,nutricion normal (n),2005-07-01,51,41,22,18,73,59,132
AIQUILE,desnutricion global,nutricion normal (n),2005-07-01,61,59,46,32,107,91,198
ALALAY,desnutricion global,nutricion normal (n),2005-07-01,36,28,40,26,76,54,130
ALCALA,desnutricion global,nutricion normal (n),2005-07-01,31,38,68,57,99,95,194
ANCORAIMES,desnutricion global,nutricion normal (n),2005-07-01,72,75,71,83,143,158,301
ANDAMARCA,desnutricion global,nutricion normal (n),2005-07-01,9,5,3,4,12,9,21
ANTEQUERA,desnutricion global,nutricion normal (n),2005-07-01,25,21,15,18,40,39,79
ANZALDO,desnutricion global,nutricion normal (n),2005-07-01,4,8,11,12,15,20,35
APOLO,desnutricion global,nutricion normal (n),2005-07-01,74,49,76,84,150,133,283
ARAMPAMPA,desnutricion global,nutricion normal (n),2005-07-01,42,31,31,33,73,64,137
ARANI,desnutricion global,nutricion normal (n),2005-07-01,45,43,24,34,69,77,146
ARBIETO,desnutricion global,nutricion normal (n),2005-07-01,46,20,23,16,69,36,105
ARQUE,desnutricion global,nutricion normal (n),2005-07-01,62,60,72,61,134,121,255
ATOCHA,desnutricion global,nutricion normal (n),2005-07-01,104,89,71,92,175,181,356
AUCAPATA,desnutricion global,nutricion normal (n),2005-07-01,45,34,10,7,55,41,96
AYATA,desnutricion global,nutricion normal (n),2005-07-01,86,92,77,71,163,163,326
AYO AYO,desnutricion global,nutricion normal (n),2005-07-01,37,29,24,17,61,46,107
AYOPAYA (V. DE INDEPENDENCIA),desnutricion global,nutricion normal (n),2005-07-01,141,140,59,83,200,223,423
AZURDUY,desnutricion global,nutricion normal (n),2005-07-01,227,184,254,197,481,381,862
BATALLAS,desnutricion global,nutricion normal (n),2005-07-01,91,79,31,59,122,138,260
BAURES,desnutricion global,nutricion normal (n),2005-07-01,22,40,37,14,59,54,113
BELEN DE ANDAMARCA,desnutricion global,nutricion normal (n),2005-07-01,4,6,10,8,14,14,28
BELEN DE URMIRI,desnutricion global,nutricion normal (n),2005-07-01,8,6,10,8,18,14,32
BELLA FLOR,desnutricion global,nutricion normal (n),2005-07-01,30,39,36,51,66,90,156
BERMEJO,desnutricion global,nutricion normal (n),2005-07-01,56,49,69,58,125,107,232
BETANZOS,desnutricion global,nutricion normal (n),2005-07-01,188,174,176,199,364,373,737
BOLIVAR,desnutricion global,nutricion normal (n),2005-07-01,57,57,44,65,101,122,223
BOLPEBRA,desnutricion global,nutricion normal (n),2005-07-01,8,7,16,18,24,25,49
BOYUIBE,desnutricion global,nutricion normal (n),2005-07-01,40,37,66,52,106,89,195
BUENA VISTA,desnutricion global,nutricion normal (n),2005-07-01,114,137,117,107,231,244,475
CABEZAS,desnutricion global,nutricion normal (n),2005-07-01,122,100,85,58,207,158,365
CAIROMA,desnutricion global,nutricion normal (n),2005-07-01,84,74,67,75,151,149,300
"CAIZA ""D""",desnutricion global,nutricion normal (n),2005-07-01,63,58,62,57,125,115,240
CAJUATA,desnutricion global,nutricion normal (n),2005-07-01,60,32,30,49,90,81,171
CALACOTO,desnutricion global,nutricion normal (n),2005-07-01,27,23,17,20,44,43,87
CALAMARCA,desnutricion global,nutricion normal (n),2005-07-01,103,113,74,73,177,186,363
CAMARGO,desnutricion global,nutricion normal (n),2005-07-01,129,123,107,95,236,218,454
CAMATAQUI (C. VILLA ABECIA),desnutricion global,nutricion normal (n),2005-07-01,41,28,46,34,87,62,149
CAMIRI,desnutricion global,nutricion normal (n),2005-07-01,271,203,165,178,436,381,817
CAPINOTA,desnutricion global,nutricion normal (n),2005-07-01,51,58,28,30,79,88,167
CAQUIAVIRI,desnutricion global,nutricion normal (n),2005-07-01,82,74,49,44,131,118,249
CARACOLLO,desnutricion global,nutricion normal (n),2005-07-01,68,58,43,48,111,106,217
CARANAVI,desnutricion global,nutricion normal (n),2005-07-01,358,258,194,189,552,447,999
CARANGAS,desnutricion global,nutricion normal (n),2005-07-01,0,0,1,0,1,0,1
CARAPARI,desnutricion global,nutricion normal (n),2005-07-01,76,76,110,75,186,151,337
CARIPUYO,desnutricion global,nutricion normal (n),2005-07-01,50,54,84,72,134,126,260
CATACORA,desnutricion global,nutricion normal (n),2005-07-01,10,7,13,16,23,23,46
CHACARILLA,desnutricion global,nutricion normal (n),2005-07-01,6,6,4,4,10,10,20
CHALLAPATA,desnutricion global,nutricion normal (n),2005-07-01,127,123,76,60,203,183,386
CHAQUI,desnutricion global,nutricion normal (n),2005-07-01,50,52,40,46,90,98,188
CHARAGUA,desnutricion global,nutricion normal (n),2005-07-01,200,173,197,218,397,391,788
CHARAÑA,desnutricion global,nutricion normal (n),2005-07-01,25,25,19,25,44,50,94
CHAYANTA,desnutricion global,nutricion normal (n),2005-07-01,61,40,37,32,98,72,170
CHIMORE,desnutricion global,nutricion normal (n),2005-07-01,46,46,33,26,79,72,151
CHIPAYA,desnutricion global,nutricion normal (n),2005-07-01,7,5,2,0,9,5,14
CHOQUE COTA,desnutricion global,nutricion normal (n),2005-07-01,2,6,14,9,16,15,31
CHULUMANI (V. DE LA LIBERTAD),desnutricion global,nutricion normal (n),2005-07-01,147,146,78,93,225,239,464
CHUMA,desnutricion global,nutricion normal (n),2005-07-01,51,54,69,64,120,118,238
CLIZA,desnutricion global,nutricion normal (n),2005-07-01,68,53,25,23,93,76,169
COBIJA,desnutricion global,nutricion normal (n),2005-07-01,192,165,159,144,351,309,660
COCHABAMBA,desnutricion global,nutricion normal (n),2005-07-01,1257,1129,483,431,1740,1560,3300
COIPASA,desnutricion global,nutricion normal (n),2005-07-01,3,5,7,8,10,13,23
COLCAPIRHUA,desnutricion global,nutricion normal (n),2005-07-01,190,202,150,99,340,301,641
"COLCHA ""K""",desnutricion global,nutricion normal (n),2005-07-01,74,88,63,70,137,158,295
COLLANA,desnutricion global,nutricion normal (n),2005-07-01,13,9,6,4,19,13,32
COLOMI,desnutricion global,nutricion normal (n),2005-07-01,98,113,68,58,166,171,337
COLPA BELGICA,desnutricion global,nutricion normal (n),2005-07-01,49,37,28,20,77,57,134
COLQUECHACA,desnutricion global,nutricion normal (n),2005-07-01,108,102,63,57,171,159,330
COLQUENCHA,desnutricion global,nutricion normal (n),2005-07-01,32,37,13,23,45,60,105
COLQUIRI,desnutricion global,nutricion normal (n),2005-07-01,108,76,51,53,159,129,288
COMANCHE,desnutricion global,nutricion normal (n),2005-07-01,34,28,37,32,71,60,131
COMARAPA,desnutricion global,nutricion normal (n),2005-07-01,93,95,75,68,168,163,331
COMBAYA,desnutricion global,nutricion normal (n),2005-07-01,6,7,6,3,12,10,22
CONCEPCION,desnutricion global,nutricion normal (n),2005-07-01,110,110,40,32,150,142,292
COPACABANA,desnutricion global,nutricion normal (n),2005-07-01,55,46,42,31,97,77,174
CORIPATA,desnutricion global,nutricion normal (n),2005-07-01,122,111,50,44,172,155,327
CORO CORO,desnutricion global,nutricion normal (n),2005-07-01,80,75,47,46,127,121,248
COROICO,desnutricion global,nutricion normal (n),2005-07-01,100,100,77,65,177,165,342
CORQUE,desnutricion global,nutricion normal (n),2005-07-01,42,26,40,37,82,63,145
COTAGAITA,desnutricion global,nutricion normal (n),2005-07-01,212,181,123,128,335,309,644
COTOCA,desnutricion global,nutricion normal (n),2005-07-01,181,158,60,78,241,236,477
CUATRO CAÑADAS,desnutricion global,nutricion normal (n),2005-07-01,38,32,69,38,107,70,177
CUCHUMUELA (V. G. VILLARROEL),desnutricion global,nutricion normal (n),2005-07-01,29,14,22,11,51,25,76
CUEVO,desnutricion global,nutricion normal (n),2005-07-01,31,41,46,52,77,93,170
CULPINA,desnutricion global,nutricion normal (n),2005-07-01,184,151,134,120,318,271,589
CURAHUARA DE CARANGAS,desnutricion global,nutricion normal (n),2005-07-01,22,17,9,8,31,25,56
CURVA,desnutricion global,nutricion normal (n),2005-07-01,3,2,4,1,7,3,10
DESAGUADERO,desnutricion global,nutricion normal (n),2005-07-01,34,19,24,13,58,32,90
EL ALTO,desnutricion global,nutricion normal (n),2005-07-01,3126,3099,1397,1410,4523,4509,9032
EL CHORO,desnutricion global,nutricion normal (n),2005-07-01,6,3,4,2,10,5,15
EL PUENTE(TJA),desnutricion global,nutricion normal (n),2005-07-01,49,35,76,52,125,87,212
EL TORNO,desnutricion global,nutricion normal (n),2005-07-01,186,239,102,94,288,333,621
EL VILLAR,desnutricion global,nutricion normal (n),2005-07-01,68,66,104,54,172,120,292
ENTRE RIOS,desnutricion global,nutricion normal (n),2005-07-01,125,115,38,49,163,164,327
ENTRE RIOS,desnutricion global,nutricion normal (n),2005-07-01,169,129,150,127,319,256,575
EUCALIPTUS,desnutricion global,nutricion normal (n),2005-07-01,30,35,27,20,57,55,112
EUREKA (SANTOS MERCADO),desnutricion global,nutricion normal (n),2005-07-01,10,16,12,16,22,32,54
EXALTACION,desnutricion global,nutricion normal (n),2005-07-01,6,4,6,10,12,14,26
FERNANDEZ ALONSO,desnutricion global,nutricion normal (n),2005-07-01,135,158,133,180,268,338,606
FILADELFIA,desnutricion global,nutricion normal (n),2005-07-01,13,16,29,36,42,52,94
GENERAL SAAVEDRA,desnutricion global,nutricion normal (n),2005-07-01,179,146,242,231,421,377,798
GRAL. J.J. PEREZ (CHARAZANI),desnutricion global,nutricion normal (n),2005-07-01,76,82,58,44,134,126,260
GUANAY,desnutricion global,nutricion normal (n),2005-07-01,105,89,59,73,164,162,326
GUAQUI,desnutricion global,nutricion normal (n),2005-07-01,38,30,17,21,55,51,106
GUAYARAMERIN,desnutricion global,nutricion normal (n),2005-07-01,200,212,145,127,345,339,684
GUTIERREZ,desnutricion global,nutricion normal (n),2005-07-01,118,126,187,194,305,320,625
HUACARETA,desnutricion global,nutricion normal (n),2005-07-01,118,119,168,155,286,274,560
HUACAYA (VILLA DE HUACAYA),desnutricion global,nutricion normal (n),2005-07-01,24,29,42,54,66,83,149
HUACHACALLA,desnutricion global,nutricion normal (n),2005-07-01,7,4,8,1,15,5,20
HUANUNI,desnutricion global,nutricion normal (n),2005-07-01,146,126,58,52,204,178,382
HUARACAJE,desnutricion global,nutricion normal (n),2005-07-01,19,23,31,13,50,36,86
HUAYLLAMARCA,desnutricion global,nutricion normal (n),2005-07-01,41,36,22,19,63,55,118
ICHOCA,desnutricion global,nutricion normal (n),2005-07-01,22,15,21,13,43,28,71
ICLA,desnutricion global,nutricion normal (n),2005-07-01,106,106,136,154,242,260,502
INCAHUASI,desnutricion global,nutricion normal (n),2005-07-01,207,204,144,155,351,359,710
INGAVI (HUMAITA),desnutricion global,nutricion normal (n),2005-07-01,2,2,4,2,6,4,10
INQUISIVI,desnutricion global,nutricion normal (n),2005-07-01,75,68,73,59,148,127,275
IRUPANA (VILLA DE LANZA),desnutricion global,nutricion normal (n),2005-07-01,148,136,168,120,316,256,572
IXIAMAS,desnutricion global,nutricion normal (n),2005-07-01,57,43,41,36,98,79,177
JESUS DE MACHACA,desnutricion global,nutricion normal (n),2005-07-01,61,75,29,33,90,108,198
LA ASUNTA,desnutricion global,nutricion normal (n),2005-07-01,205,180,40,33,245,213,458
LA GUARDIA,desnutricion global,nutricion normal (n),2005-07-01,220,234,128,112,348,346,694
LA PAZ,desnutricion global,nutricion normal (n),2005-07-01,2477,2347,1311,1336,3788,3683,7471
LA RIVERA,desnutricion global,nutricion normal (n),2005-07-01,0,6,1,2,1,8,9
LAGUNILLAS,desnutricion global,nutricion normal (n),2005-07-01,71,67,95,83,166,150,316
LAJA,desnutricion global,nutricion normal (n),2005-07-01,81,100,36,30,117,130,247
LAS CARRERAS,desnutricion global,nutricion normal (n),2005-07-01,43,38,42,38,85,76,161
LICOMA PAMPA,desnutricion global,nutricion normal (n),2005-07-01,11,12,11,11,22,23,45
LLALLAGUA,desnutricion global,nutricion normal (n),2005-07-01,224,248,380,307,604,555,1159
LLICA,desnutricion global,nutricion normal (n),2005-07-01,18,24,13,17,31,41,72
LORETO,desnutricion global,nutricion normal (n),2005-07-01,28,22,28,23,56,45,101
LURIBAY,desnutricion global,nutricion normal (n),2005-07-01,107,92,87,74,194,166,360
MACHACAMARCA,desnutricion global,nutricion normal (n),2005-07-01,15,12,14,7,29,19,48
MACHARETI,desnutricion global,nutricion normal (n),2005-07-01,60,84,104,132,164,216,380
MAGDALENA,desnutricion global,nutricion normal (n),2005-07-01,59,58,32,27,91,85,176
MAIRANA,desnutricion global,nutricion normal (n),2005-07-01,68,68,34,33,102,101,203
MALLA,desnutricion global,nutricion normal (n),2005-07-01,5,5,22,11,27,16,43
MAPIRI,desnutricion global,nutricion normal (n),2005-07-01,89,88,35,38,124,126,250
MECAPACA,desnutricion global,nutricion normal (n),2005-07-01,35,31,22,17,57,48,105
MINEROS,desnutricion global,nutricion normal (n),2005-07-01,156,131,108,119,264,250,514
MIZQUE,desnutricion global,nutricion normal (n),2005-07-01,71,76,33,37,104,113,217
MOCOMOCO,desnutricion global,nutricion normal (n),2005-07-01,132,122,99,95,231,217,448
MOJINETE,desnutricion global,nutricion normal (n),2005-07-01,5,4,11,3,16,7,23
MOJOCOYA,desnutricion global,nutricion normal (n),2005-07-01,73,58,123,94,196,152,348
MONTEAGUDO,desnutricion global,nutricion normal (n),2005-07-01,501,192,229,210,730,402,1132
MONTERO,desnutricion global,nutricion normal (n),2005-07-01,892,775,558,550,1450,1325,2775
MORO MORO,desnutricion global,nutricion normal (n),2005-07-01,28,17,33,25,61,42,103
MOROCHATA,desnutricion global,nutricion normal (n),2005-07-01,114,89,51,65,165,154,319
NACEBE (SANTA ROSA DEL ABUNA),desnutricion global,nutricion normal (n),2005-07-01,5,5,5,5,10,10,20
NAZACARA DE PACAJES,desnutricion global,nutricion normal (n),2005-07-01,4,2,9,2,13,4,17
NUEVO MANOA (NUEVA ESPERANZA),desnutricion global,nutricion normal (n),2005-07-01,17,6,10,15,27,21,48
OCURI,desnutricion global,nutricion normal (n),2005-07-01,102,104,95,85,197,189,386
OKINAWA,desnutricion global,nutricion normal (n),2005-07-01,118,117,84,87,202,204,406
OMEREQUE,desnutricion global,nutricion normal (n),2005-07-01,46,36,33,36,79,72,151
ORURO,desnutricion global,nutricion normal (n),2005-07-01,1019,1040,509,579,1528,1619,3147
PADCAYA,desnutricion global,nutricion normal (n),2005-07-01,114,113,148,141,262,254,516
PADILLA,desnutricion global,nutricion normal (n),2005-07-01,132,126,203,167,335,293,628
PALCA,desnutricion global,nutricion normal (n),2005-07-01,85,74,35,33,120,107,227
PALOS BLANCOS,desnutricion global,nutricion normal (n),2005-07-01,159,166,120,114,279,280,559
PAMPA AULLAGAS,desnutricion global,nutricion normal (n),2005-07-01,16,9,12,10,28,19,47
PAMPA GRANDE,desnutricion global,nutricion normal (n),2005-07-01,45,40,26,38,71,78,149
PAPEL PAMPA,desnutricion global,nutricion normal (n),2005-07-01,29,28,18,19,47,47,94
PASORAPA,desnutricion global,nutricion normal (n),2005-07-01,19,12,14,16,33,28,61
PATACAMAYA,desnutricion global,nutricion normal (n),2005-07-01,176,224,93,95,269,319,588
PAZÑA,desnutricion global,nutricion normal (n),2005-07-01,32,27,26,32,58,59,117
PELECHUCO,desnutricion global,nutricion normal (n),2005-07-01,35,30,28,23,63,53,116
POCOATA,desnutricion global,nutricion normal (n),2005-07-01,126,124,100,74,226,198,424
POCONA,desnutricion global,nutricion normal (n),2005-07-01,53,55,51,57,104,112,216
POJO (CBBA),desnutricion global,nutricion normal (n),2005-07-01,93,130,136,128,229,258,487
POOPO,desnutricion global,nutricion normal (n),2005-07-01,27,27,13,7,40,34,74
PORCO,desnutricion global,nutricion normal (n),2005-07-01,33,30,4,5,37,35,72
POROMA,desnutricion global,nutricion normal (n),2005-07-01,129,125,122,100,251,225,476
PORONGO,desnutricion global,nutricion normal (n),2005-07-01,45,34,26,15,71,49,120
PORTACHUELO,desnutricion global,nutricion normal (n),2005-07-01,182,157,106,95,288,252,540
PORVENIR,desnutricion global,nutricion normal (n),2005-07-01,48,44,24,26,72,70,142
POSTRER VALLE,desnutricion global,nutricion normal (n),2005-07-01,11,10,0,11,11,21,32
POTOSI,desnutricion global,nutricion normal (n),2005-07-01,950,675,365,304,1315,979,2294
PRESTO,desnutricion global,nutricion normal (n),2005-07-01,78,73,110,88,188,161,349
PUCARA,desnutricion global,nutricion normal (n),2005-07-01,13,5,5,8,18,13,31
PUCARANI,desnutricion global,nutricion normal (n),2005-07-01,178,149,218,168,396,317,713
PUERTO ACOSTA,desnutricion global,nutricion normal (n),2005-07-01,125,118,115,97,240,215,455
PUERTO CARABUCO,desnutricion global,nutricion normal (n),2005-07-01,119,127,135,131,254,258,512
PUERTO GONZALO MORENO,desnutricion global,nutricion normal (n),2005-07-01,28,29,11,21,39,50,89
PUERTO PEREZ,desnutricion global,nutricion normal (n),2005-07-01,51,34,73,69,124,103,227
PUERTO RICO,desnutricion global,nutricion normal (n),2005-07-01,29,48,37,39,66,87,153
PUERTO SILES,desnutricion global,nutricion normal (n),2005-07-01,5,6,3,12,8,18,26
PUERTO VILLARROEL,desnutricion global,nutricion normal (n),2005-07-01,278,200,157,119,435,319,754
PUNA,desnutricion global,nutricion normal (n),2005-07-01,172,160,120,117,292,277,569
PUNATA,desnutricion global,nutricion normal (n),2005-07-01,179,198,82,81,261,279,540
QUIABAYA,desnutricion global,nutricion normal (n),2005-07-01,16,14,13,23,29,37,66
QUILLACOLLO,desnutricion global,nutricion normal (n),2005-07-01,217,264,69,67,286,331,617
QUIME,desnutricion global,nutricion normal (n),2005-07-01,75,63,59,83,134,146,280
QUIRUSILLAS,desnutricion global,nutricion normal (n),2005-07-01,8,8,4,6,12,14,26
RAVELO,desnutricion global,nutricion normal (n),2005-07-01,164,166,187,168,351,334,685
REYES,desnutricion global,nutricion normal (n),2005-07-01,85,84,88,90,173,174,347
RIBERALTA,desnutricion global,nutricion normal (n),2005-07-01,658,556,261,271,919,827,1746
RURRENABAQUE,desnutricion global,nutricion normal (n),2005-07-01,84,104,42,21,126,125,251
SABAYA,desnutricion global,nutricion normal (n),2005-07-01,33,16,16,17,49,33,82
SACABA,desnutricion global,nutricion normal (n),2005-07-01,330,335,141,136,471,471,942
SACABAMBA,desnutricion global,nutricion normal (n),2005-07-01,3,13,11,11,14,24,38
SACACA,desnutricion global,nutricion normal (n),2005-07-01,79,94,101,92,180,186,366
SAIPINA,desnutricion global,nutricion normal (n),2005-07-01,32,30,33,32,65,62,127
SALINAS DE GARCI MENDOZA,desnutricion global,nutricion normal (n),2005-07-01,53,54,51,52,104,106,210
SAMAIPATA,desnutricion global,nutricion normal (n),2005-07-01,81,50,46,30,127,80,207
SAN AGUSTIN,desnutricion global,nutricion normal (n),2005-07-01,9,8,5,13,14,21,35
SAN ANDRES,desnutricion global,nutricion normal (n),2005-07-01,75,68,51,64,126,132,258
SAN ANDRES DE MACHACA,desnutricion global,nutricion normal (n),2005-07-01,32,24,25,30,57,54,111
SAN ANTONIO DE ESMORUCO,desnutricion global,nutricion normal (n),2005-07-01,14,23,16,25,30,48,78
SAN ANTONIO DE LOMERIO,desnutricion global,nutricion normal (n),2005-07-01,77,82,93,94,170,176,346
SAN BENITO,desnutricion global,nutricion normal (n),2005-07-01,46,62,19,11,65,73,138
SAN BORJA,desnutricion global,nutricion normal (n),2005-07-01,335,322,179,164,514,486,1000
SAN BUENA VENTURA,desnutricion global,nutricion normal (n),2005-07-01,74,66,59,62,133,128,261
SAN CARLOS,desnutricion global,nutricion normal (n),2005-07-01,147,145,66,61,213,206,419
SAN IGNACIO,desnutricion global,nutricion normal (n),2005-07-01,127,127,121,94,248,221,469
SAN IGNACIO DE VELASCO,desnutricion global,nutricion normal (n),2005-07-01,315,320,260,251,575,571,1146
SAN JAVIER(BNI),desnutricion global,nutricion normal (n),2005-07-01,20,25,19,17,39,42,81
SAN JAVIER(STC),desnutricion global,nutricion normal (n),2005-07-01,30,27,11,14,41,41,82
SAN JOAQUIN,desnutricion global,nutricion normal (n),2005-07-01,17,18,10,21,27,39,66
SAN JUAN DE YAPACANI,desnutricion global,nutricion normal (n),2005-07-01,90,106,61,60,151,166,317
SAN JULIAN,desnutricion global,nutricion normal (n),2005-07-01,158,149,191,166,349,315,664
SAN LORENZO(PND),desnutricion global,nutricion normal (n),2005-07-01,29,22,25,16,54,38,92
SAN LORENZO(TJA),desnutricion global,nutricion normal (n),2005-07-01,112,132,139,115,251,247,498
SAN LUCAS,desnutricion global,nutricion normal (n),2005-07-01,332,288,292,265,624,553,1177
SAN MIGUEL DE VELASCO,desnutricion global,nutricion normal (n),2005-07-01,100,88,36,58,136,146,282
SAN PABLO DE LIPEZ,desnutricion global,nutricion normal (n),2005-07-01,2,5,13,7,15,12,27
SAN PEDRO,desnutricion global,nutricion normal (n),2005-07-01,149,119,110,97,259,216,475
SAN PEDRO DE BUENA VISTA,desnutricion global,nutricion normal (n),2005-07-01,115,105,144,123,259,228,487
SAN PEDRO DE CURAHUARA,desnutricion global,nutricion normal (n),2005-07-01,31,19,26,51,57,70,127
SAN PEDRO DE QUEMES,desnutricion global,nutricion normal (n),2005-07-01,6,9,5,8,11,17,28
SAN PEDRO DE TIQUINA,desnutricion global,nutricion normal (n),2005-07-01,18,17,23,23,41,40,81
SAN PEDRO(PND),desnutricion global,nutricion normal (n),2005-07-01,4,7,10,9,14,16,30
SAN RAFAEL,desnutricion global,nutricion normal (n),2005-07-01,66,60,78,96,144,156,300
SAN RAMON,desnutricion global,nutricion normal (n),2005-07-01,29,21,30,19,59,40,99
SANTA ANA,desnutricion global,nutricion normal (n),2005-07-01,82,80,45,35,127,115,242
SANTA CRUZ DE LA SIERRA,desnutricion global,nutricion normal (n),2005-07-01,3795,3656,1887,1585,5682,5241,10923
SANTA ROSA,desnutricion global,nutricion normal (n),2005-07-01,121,119,52,70,173,189,362
SANTA ROSA DEL SARA,desnutricion global,nutricion normal (n),2005-07-01,66,78,43,63,109,141,250
SANTIAGO DE CALLAPA,desnutricion global,nutricion normal (n),2005-07-01,29,32,46,44,75,76,151
SANTIAGO DE HUARI,desnutricion global,nutricion normal (n),2005-07-01,40,32,25,27,65,59,124
SANTIAGO DE MACHACA,desnutricion global,nutricion normal (n),2005-07-01,26,23,27,16,53,39,92
SANTIVAÑES,desnutricion global,nutricion normal (n),2005-07-01,47,36,25,29,72,65,137
SANTUARIO DE QUILLACAS,desnutricion global,nutricion normal (n),2005-07-01,12,7,5,9,17,16,33
SAPAHAQUI,desnutricion global,nutricion normal (n),2005-07-01,57,50,62,58,119,108,227
SENA,desnutricion global,nutricion normal (n),2005-07-01,40,34,63,46,103,80,183
SICA SICA (VILLA AROMA),desnutricion global,nutricion normal (n),2005-07-01,121,121,143,150,264,271,535
SICAYA,desnutricion global,nutricion normal (n),2005-07-01,21,16,9,12,30,28,58
SIPE SIPE,desnutricion global,nutricion normal (n),2005-07-01,303,268,183,179,486,447,933
SOPACHUY,desnutricion global,nutricion normal (n),2005-07-01,93,90,110,99,203,189,392
SORACACHI,desnutricion global,nutricion normal (n),2005-07-01,31,42,38,28,69,70,139
SORATA,desnutricion global,nutricion normal (n),2005-07-01,118,75,76,80,194,155,349
SUCRE,desnutricion global,nutricion normal (n),2005-07-01,1116,1116,806,819,1922,1935,3857
TACACHI,desnutricion global,nutricion normal (n),2005-07-01,3,9,3,2,6,11,17
TACACOMA,desnutricion global,nutricion normal (n),2005-07-01,29,21,44,22,73,43,116
TACOBAMBA,desnutricion global,nutricion normal (n),2005-07-01,27,23,18,17,45,40,85
TACOPAYA,desnutricion global,nutricion normal (n),2005-07-01,45,46,64,43,109,89,198
TAHUA,desnutricion global,nutricion normal (n),2005-07-01,10,7,7,9,17,16,33
TAPACARI,desnutricion global,nutricion normal (n),2005-07-01,164,162,133,113,297,275,572
TARABUCO,desnutricion global,nutricion normal (n),2005-07-01,223,222,297,306,520,528,1048
TARACO,desnutricion global,nutricion normal (n),2005-07-01,18,13,13,23,31,36,67
TARATA,desnutricion global,nutricion normal (n),2005-07-01,47,44,22,21,69,65,134
TARIJA,desnutricion global,nutricion normal (n),2005-07-01,862,823,556,500,1418,1323,2741
TARVITA,desnutricion global,nutricion normal (n),2005-07-01,264,192,281,250,545,442,987
TEOPONTE,desnutricion global,nutricion normal (n),2005-07-01,71,62,65,63,136,125,261
TIAWANACU,desnutricion global,nutricion normal (n),2005-07-01,41,31,30,53,71,84,155
TINGUIPAYA,desnutricion global,nutricion normal (n),2005-07-01,67,82,104,53,171,135,306
TIPUANI,desnutricion global,nutricion normal (n),2005-07-01,75,49,18,21,93,70,163
TIQUIPAYA,desnutricion global,nutricion normal (n),2005-07-01,201,185,75,60,276,245,521
TIRAQUE (CBBA),desnutricion global,nutricion normal (n),2005-07-01,259,190,120,113,379,303,682
TITO YUPANQUI (PARQUIPUJIO),desnutricion global,nutricion normal (n),2005-07-01,5,9,14,10,19,19,38
TOCO,desnutricion global,nutricion normal (n),2005-07-01,6,6,14,13,20,19,39
TOLATA,desnutricion global,nutricion normal (n),2005-07-01,19,20,13,20,32,40,72
TOLEDO,desnutricion global,nutricion normal (n),2005-07-01,52,27,42,32,94,59,153
TOMAVE,desnutricion global,nutricion normal (n),2005-07-01,96,25,92,16,188,41,229
TOMINA,desnutricion global,nutricion normal (n),2005-07-01,109,90,129,144,238,234,472
TORO TORO,desnutricion global,nutricion normal (n),2005-07-01,125,91,88,80,213,171,384
TOTORA(CBBA),desnutricion global,nutricion normal (n),2005-07-01,58,60,30,36,88,96,184
TOTORA(ORR),desnutricion global,nutricion normal (n),2005-07-01,23,37,21,16,44,53,97
TRIGAL,desnutricion global,nutricion normal (n),2005-07-01,9,15,13,14,22,29,51
TRINIDAD,desnutricion global,nutricion normal (n),2005-07-01,474,449,251,260,725,709,1434
TUPIZA,desnutricion global,nutricion normal (n),2005-07-01,298,285,227,257,525,542,1067
TURCO,desnutricion global,nutricion normal (n),2005-07-01,24,38,22,26,46,64,110
UMALA,desnutricion global,nutricion normal (n),2005-07-01,20,20,13,10,33,30,63
UNCIA,desnutricion global,nutricion normal (n),2005-07-01,56,55,27,20,83,75,158
URIONDO (A. CONCEPCION),desnutricion global,nutricion normal (n),2005-07-01,114,132,152,160,266,292,558
UYUNI,desnutricion global,nutricion normal (n),2005-07-01,69,55,59,65,128,120,248
VACAS,desnutricion global,nutricion normal (n),2005-07-01,41,48,28,16,69,64,133
VALLEGRANDE,desnutricion global,nutricion normal (n),2005-07-01,117,96,96,102,213,198,411
VIACHA,desnutricion global,nutricion normal (n),2005-07-01,194,183,105,88,299,271,570
VILA VILA,desnutricion global,nutricion normal (n),2005-07-01,24,24,22,26,46,50,96
VILLA MONTES,desnutricion global,nutricion normal (n),2005-07-01,122,84,103,100,225,184,409
VILLA NUEVA (LOMA ALTA),desnutricion global,nutricion normal (n),2005-07-01,33,27,21,27,54,54,108
VILLA RIVERO,desnutricion global,nutricion normal (n),2005-07-01,19,13,9,2,28,15,43
VILLA SERRANO,desnutricion global,nutricion normal (n),2005-07-01,123,142,177,195,300,337,637
VILLA TUNARI,desnutricion global,nutricion normal (n),2005-07-01,475,306,226,227,701,533,1234
VILLA VACA GUZMAN (MUYUPAMPA),desnutricion global,nutricion normal (n),2005-07-01,93,85,136,156,229,241,470
VILLAZON,desnutricion global,nutricion normal (n),2005-07-01,230,219,178,170,408,389,797
VINTO,desnutricion global,nutricion normal (n),2005-07-01,65,62,10,9,75,71,146
VITICHI,desnutricion global,nutricion normal (n),2005-07-01,74,78,64,68,138,146,284
WALDO BALLIVIAN,desnutricion global,nutricion normal (n),2005-07-01,11,11,7,8,18,19,37
WARNES,desnutricion global,nutricion normal (n),2005-07-01,246,240,149,148,395,388,783
YACO,desnutricion global,nutricion normal (n),2005-07-01,26,26,36,22,62,48,110
YACUIBA,desnutricion global,nutricion normal (n),2005-07-01,329,348,223,203,552,551,1103
YAMPARAEZ,desnutricion global,nutricion normal (n),2005-07-01,91,99,178,168,269,267,536
YANACACHI,desnutricion global,nutricion normal (n),2005-07-01,29,31,34,31,63,62,125
YAPACANI,desnutricion global,nutricion normal (n),2005-07-01,360,308,186,181,546,489,1035
YOCALLA,desnutricion global,nutricion normal (n),2005-07-01,21,21,21,13,42,34,76
YOTALA,desnutricion global,nutricion normal (n),2005-07-01,89,73,131,153,220,226,446
YUNCHARA,desnutricion global,nutricion normal (n),2005-07-01,30,27,51,75,81,102,183
ZUDAÑEZ,desnutricion global,nutricion normal (n),2005-07-01,81,53,58,83,139,136,275
ACACIO,desnutricion global,nutricion normal (n),2005-08-01,71,87,118,116,189,203,392
ACHACACHI,desnutricion global,nutricion normal (n),2005-08-01,351,351,396,321,747,672,1419
ACHOCALLA,desnutricion global,nutricion normal (n),2005-08-01,51,40,21,11,72,51,123
AIQUILE,desnutricion global,nutricion normal (n),2005-08-01,88,75,65,60,153,135,288
ALALAY,desnutricion global,nutricion normal (n),2005-08-01,30,15,3,4,33,19,52
ALCALA,desnutricion global,nutricion normal (n),2005-08-01,32,42,62,63,94,105,199
ANCORAIMES,desnutricion global,nutricion normal (n),2005-08-01,74,76,89,76,163,152,315
ANDAMARCA,desnutricion global,nutricion normal (n),2005-08-01,13,6,12,13,25,19,44
ANTEQUERA,desnutricion global,nutricion normal (n),2005-08-01,20,16,27,29,47,45,92
ANZALDO,desnutricion global,nutricion normal (n),2005-08-01,7,6,40,40,47,46,93
APOLO,desnutricion global,nutricion normal (n),2005-08-01,93,121,89,114,182,235,417
ARAMPAMPA,desnutricion global,nutricion normal (n),2005-08-01,55,54,52,55,107,109,216
ARANI,desnutricion global,nutricion normal (n),2005-08-01,27,35,16,14,43,49,92
ARBIETO,desnutricion global,nutricion normal (n),2005-08-01,48,29,29,33,77,62,139
ARQUE,desnutricion global,nutricion normal (n),2005-08-01,32,28,31,17,63,45,108
ATOCHA,desnutricion global,nutricion normal (n),2005-08-01,96,122,110,102,206,224,430
AUCAPATA,desnutricion global,nutricion normal (n),2005-08-01,33,37,32,35,65,72,137
AYATA,desnutricion global,nutricion normal (n),2005-08-01,81,50,44,59,125,109,234
AYO AYO,desnutricion global,nutricion normal (n),2005-08-01,32,35,13,22,45,57,102
AYOPAYA (V. DE INDEPENDENCIA),desnutricion global,nutricion normal (n),2005-08-01,134,115,111,93,245,208,453
AZURDUY,desnutricion global,nutricion normal (n),2005-08-01,179,131,146,130,325,261,586
BATALLAS,desnutricion global,nutricion normal (n),2005-08-01,111,99,48,67,159,166,325
BAURES,desnutricion global,nutricion normal (n),2005-08-01,45,30,22,30,67,60,127
BELEN DE ANDAMARCA,desnutricion global,nutricion normal (n),2005-08-01,5,6,3,2,8,8,16
BELEN DE URMIRI,desnutricion global,nutricion normal (n),2005-08-01,10,18,27,13,37,31,68
BELLA FLOR,desnutricion global,nutricion normal (n),2005-08-01,28,29,37,53,65,82,147
BERMEJO,desnutricion global,nutricion normal (n),2005-08-01,37,39,18,24,55,63,118
BETANZOS,desnutricion global,nutricion normal (n),2005-08-01,221,227,251,245,472,472,944
BOLIVAR,desnutricion global,nutricion normal (n),2005-08-01,42,42,55,49,97,91,188
BOLPEBRA,desnutricion global,nutricion normal (n),2005-08-01,15,15,32,21,47,36,83
BOYUIBE,desnutricion global,nutricion normal (n),2005-08-01,18,17,28,35,46,52,98
BUENA VISTA,desnutricion global,nutricion normal (n),2005-08-01,147,134,109,138,256,272,528
CABEZAS,desnutricion global,nutricion normal (n),2005-08-01,127,110,95,85,222,195,417
CAIROMA,desnutricion global,nutricion normal (n),2005-08-01,92,102,98,102,190,204,394
"CAIZA ""D""",desnutricion global,nutricion normal (n),2005-08-01,75,78,80,88,155,166,321
CAJUATA,desnutricion global,nutricion normal (n),2005-08-01,66,56,43,32,109,88,197
CALACOTO,desnutricion global,nutricion normal (n),2005-08-01,23,22,18,18,41,40,81
CALAMARCA,desnutricion global,nutricion normal (n),2005-08-01,107,113,87,84,194,197,391
CAMARGO,desnutricion global,nutricion normal (n),2005-08-01,146,159,136,104,282,263,545
CAMATAQUI (C. VILLA ABECIA),desnutricion global,nutricion normal (n),2005-08-01,36,14,38,34,74,48,122
CAMIRI,desnutricion global,nutricion normal (n),2005-08-01,330,307,212,215,542,522,1064
CAPINOTA,desnutricion global,nutricion normal (n),2005-08-01,51,63,38,38,89,101,190
CAQUIAVIRI,desnutricion global,nutricion normal (n),2005-08-01,61,52,43,28,104,80,184
CARACOLLO,desnutricion global,nutricion normal (n),2005-08-01,78,64,43,36,121,100,221
CARANAVI,desnutricion global,nutricion normal (n),2005-08-01,443,395,350,323,793,718,1511
CARAPARI,desnutricion global,nutricion normal (n),2005-08-01,81,99,98,108,179,207,386
CARIPUYO,desnutricion global,nutricion normal (n),2005-08-01,80,88,122,95,202,183,385
CATACORA,desnutricion global,nutricion normal (n),2005-08-01,3,5,3,4,6,9,15
CHACARILLA,desnutricion global,nutricion normal (n),2005-08-01,0,1,0,0,0,1,1
CHALLAPATA,desnutricion global,nutricion normal (n),2005-08-01,168,157,108,86,276,243,519
CHAQUI,desnutricion global,nutricion normal (n),2005-08-01,64,58,47,62,111,120,231
CHARAGUA,desnutricion global,nutricion normal (n),2005-08-01,205,178,140,184,345,362,707
CHARAÑA,desnutricion global,nutricion normal (n),2005-08-01,9,9,4,4,13,13,26
CHAYANTA,desnutricion global,nutricion normal (n),2005-08-01,113,91,67,82,180,173,353
CHIMORE,desnutricion global,nutricion normal (n),2005-08-01,52,52,38,30,90,82,172
CHIPAYA,desnutricion global,nutricion normal (n),2005-08-01,11,17,13,6,24,23,47
CHOQUE COTA,desnutricion global,nutricion normal (n),2005-08-01,3,2,1,4,4,6,10
CHULUMANI (V. DE LA LIBERTAD),desnutricion global,nutricion normal (n),2005-08-01,53,62,22,28,75,90,165
CHUMA,desnutricion global,nutricion normal (n),2005-08-01,53,48,27,26,80,74,154
CLIZA,desnutricion global,nutricion normal (n),2005-08-01,99,76,29,15,128,91,219
COBIJA,desnutricion global,nutricion normal (n),2005-08-01,248,234,201,186,449,420,869
COCHABAMBA,desnutricion global,nutricion normal (n),2005-08-01,1724,1502,638,596,2362,2098,4460
COIPASA,desnutricion global,nutricion normal (n),2005-08-01,6,3,7,7,13,10,23
COLCAPIRHUA,desnutricion global,nutricion normal (n),2005-08-01,163,188,99,107,262,295,557
"COLCHA ""K""",desnutricion global,nutricion normal (n),2005-08-01,81,110,50,63,131,173,304
COLLANA,desnutricion global,nutricion normal (n),2005-08-01,7,3,10,6,17,9,26
COLOMI,desnutricion global,nutricion normal (n),2005-08-01,115,109,55,95,170,204,374
COLPA BELGICA,desnutricion global,nutricion normal (n),2005-08-01,60,45,26,26,86,71,157
COLQUECHACA,desnutricion global,nutricion normal (n),2005-08-01,146,125,120,70,266,195,461
COLQUENCHA,desnutricion global,nutricion normal (n),2005-08-01,28,42,17,17,45,59,104
COLQUIRI,desnutricion global,nutricion normal (n),2005-08-01,117,95,75,74,192,169,361
COMANCHE,desnutricion global,nutricion normal (n),2005-08-01,22,10,6,4,28,14,42
COMARAPA,desnutricion global,nutricion normal (n),2005-08-01,103,103,75,78,178,181,359
COMBAYA,desnutricion global,nutricion normal (n),2005-08-01,13,14,25,16,38,30,68
CONCEPCION,desnutricion global,nutricion normal (n),2005-08-01,82,70,39,43,121,113,234
COPACABANA,desnutricion global,nutricion normal (n),2005-08-01,50,62,32,28,82,90,172
CORIPATA,desnutricion global,nutricion normal (n),2005-08-01,49,48,33,22,82,70,152
CORO CORO,desnutricion global,nutricion normal (n),2005-08-01,67,58,35,46,102,104,206
COROICO,desnutricion global,nutricion normal (n),2005-08-01,94,89,82,72,176,161,337
CORQUE,desnutricion global,nutricion normal (n),2005-08-01,33,43,48,37,81,80,161
COTAGAITA,desnutricion global,nutricion normal (n),2005-08-01,158,128,125,116,283,244,527
COTOCA,desnutricion global,nutricion normal (n),2005-08-01,233,187,68,68,301,255,556
CUATRO CAÑADAS,desnutricion global,nutricion normal (n),2005-08-01,59,55,79,54,138,109,247
CUCHUMUELA (V. G. VILLARROEL),desnutricion global,nutricion normal (n),2005-08-01,11,3,10,8,21,11,32
CUEVO,desnutricion global,nutricion normal (n),2005-08-01,19,29,38,26,57,55,112
CULPINA,desnutricion global,nutricion normal (n),2005-08-01,220,209,169,190,389,399,788
CURAHUARA DE CARANGAS,desnutricion global,nutricion normal (n),2005-08-01,21,23,32,9,53,32,85
CURVA,desnutricion global,nutricion normal (n),2005-08-01,1,1,2,0,3,1,4
DESAGUADERO,desnutricion global,nutricion normal (n),2005-08-01,30,28,26,18,56,46,102
EL ALTO,desnutricion global,nutricion normal (n),2005-08-01,4121,3856,2077,2083,6198,5939,12137
EL CHORO,desnutricion global,nutricion normal (n),2005-08-01,12,17,10,16,22,33,55
EL PUENTE(TJA),desnutricion global,nutricion normal (n),2005-08-01,54,44,74,64,128,108,236
EL TORNO,desnutricion global,nutricion normal (n),2005-08-01,210,232,101,71,311,303,614
EL VILLAR,desnutricion global,nutricion normal (n),2005-08-01,76,69,107,76,183,145,328
ENTRE RIOS,desnutricion global,nutricion normal (n),2005-08-01,123,139,87,91,210,230,440
ENTRE RIOS,desnutricion global,nutricion normal (n),2005-08-01,169,154,160,143,329,297,626
EUCALIPTUS,desnutricion global,nutricion normal (n),2005-08-01,35,28,47,41,82,69,151
EUREKA (SANTOS MERCADO),desnutricion global,nutricion normal (n),2005-08-01,5,7,2,7,7,14,21
EXALTACION,desnutricion global,nutricion normal (n),2005-08-01,8,9,5,18,13,27,40
FERNANDEZ ALONSO,desnutricion global,nutricion normal (n),2005-08-01,164,147,127,128,291,275,566
FILADELFIA,desnutricion global,nutricion normal (n),2005-08-01,25,25,18,19,43,44,87
GENERAL SAAVEDRA,desnutricion global,nutricion normal (n),2005-08-01,171,172,216,214,387,386,773
GRAL. J.J. PEREZ (CHARAZANI),desnutricion global,nutricion normal (n),2005-08-01,57,60,37,23,94,83,177
GUANAY,desnutricion global,nutricion normal (n),2005-08-01,106,91,75,53,181,144,325
GUAQUI,desnutricion global,nutricion normal (n),2005-08-01,37,41,26,23,63,64,127
GUAYARAMERIN,desnutricion global,nutricion normal (n),2005-08-01,274,285,175,184,449,469,918
GUTIERREZ,desnutricion global,nutricion normal (n),2005-08-01,98,86,140,159,238,245,483
HUACARETA,desnutricion global,nutricion normal (n),2005-08-01,98,96,175,157,273,253,526
HUACAYA (VILLA DE HUACAYA),desnutricion global,nutricion normal (n),2005-08-01,25,24,25,37,50,61,111
HUACHACALLA,desnutricion global,nutricion normal (n),2005-08-01,7,5,9,3,16,8,24
HUANUNI,desnutricion global,nutricion normal (n),2005-08-01,174,126,56,53,230,179,409
HUARACAJE,desnutricion global,nutricion normal (n),2005-08-01,33,33,44,32,77,65,142
HUAYLLAMARCA,desnutricion global,nutricion normal (n),2005-08-01,30,25,27,41,57,66,123
ICHOCA,desnutricion global,nutricion normal (n),2005-08-01,29,31,36,30,65,61,126
ICLA,desnutricion global,nutricion normal (n),2005-08-01,82,86,120,122,202,208,410
INCAHUASI,desnutricion global,nutricion normal (n),2005-08-01,230,219,142,147,372,366,738
INGAVI (HUMAITA),desnutricion global,nutricion normal (n),2005-08-01,13,13,37,17,50,30,80
INQUISIVI,desnutricion global,nutricion normal (n),2005-08-01,105,114,51,72,156,186,342
IRUPANA (VILLA DE LANZA),desnutricion global,nutricion normal (n),2005-08-01,133,102,125,91,258,193,451
IXIAMAS,desnutricion global,nutricion normal (n),2005-08-01,85,57,61,46,146,103,249
JESUS DE MACHACA,desnutricion global,nutricion normal (n),2005-08-01,46,48,31,33,77,81,158
LA ASUNTA,desnutricion global,nutricion normal (n),2005-08-01,107,101,16,21,123,122,245
LA GUARDIA,desnutricion global,nutricion normal (n),2005-08-01,163,189,120,111,283,300,583
LA PAZ,desnutricion global,nutricion normal (n),2005-08-01,3630,3136,1969,1916,5599,5052,10651
LA RIVERA,desnutricion global,nutricion normal (n),2005-08-01,0,3,3,4,3,7,10
LAGUNILLAS,desnutricion global,nutricion normal (n),2005-08-01,64,32,71,60,135,92,227
LAJA,desnutricion global,nutricion normal (n),2005-08-01,109,83,70,47,179,130,309
LAS CARRERAS,desnutricion global,nutricion normal (n),2005-08-01,27,28,35,48,62,76,138
LICOMA PAMPA,desnutricion global,nutricion normal (n),2005-08-01,23,26,19,32,42,58,100
LLALLAGUA,desnutricion global,nutricion normal (n),2005-08-01,298,264,355,459,653,723,1376
LLICA,desnutricion global,nutricion normal (n),2005-08-01,17,28,21,20,38,48,86
LORETO,desnutricion global,nutricion normal (n),2005-08-01,26,33,16,21,42,54,96
LURIBAY,desnutricion global,nutricion normal (n),2005-08-01,105,92,93,83,198,175,373
MACHACAMARCA,desnutricion global,nutricion normal (n),2005-08-01,10,12,9,10,19,22,41
MACHARETI,desnutricion global,nutricion normal (n),2005-08-01,93,105,183,197,276,302,578
MAGDALENA,desnutricion global,nutricion normal (n),2005-08-01,86,80,48,44,134,124,258
MAIRANA,desnutricion global,nutricion normal (n),2005-08-01,70,74,45,35,115,109,224
MALLA,desnutricion global,nutricion normal (n),2005-08-01,23,17,54,29,77,46,123
MAPIRI,desnutricion global,nutricion normal (n),2005-08-01,99,92,58,41,157,133,290
MECAPACA,desnutricion global,nutricion normal (n),2005-08-01,50,49,43,45,93,94,187
MINEROS,desnutricion global,nutricion normal (n),2005-08-01,179,122,101,121,280,243,523
MIZQUE,desnutricion global,nutricion normal (n),2005-08-01,139,145,155,144,294,289,583
MOCOMOCO,desnutricion global,nutricion normal (n),2005-08-01,80,55,40,42,120,97,217
MOJINETE,desnutricion global,nutricion normal (n),2005-08-01,11,5,12,12,23,17,40
MOJOCOYA,desnutricion global,nutricion normal (n),2005-08-01,108,68,141,120,249,188,437
MONTEAGUDO,desnutricion global,nutricion normal (n),2005-08-01,240,219,253,255,493,474,967
MONTERO,desnutricion global,nutricion normal (n),2005-08-01,1090,972,659,643,1749,1615,3364
MORO MORO,desnutricion global,nutricion normal (n),2005-08-01,26,20,43,34,69,54,123
MOROCHATA,desnutricion global,nutricion normal (n),2005-08-01,121,101,123,116,244,217,461
NACEBE (SANTA ROSA DEL ABUNA),desnutricion global,nutricion normal (n),2005-08-01,9,6,8,3,17,9,26
NAZACARA DE PACAJES,desnutricion global,nutricion normal (n),2005-08-01,1,2,10,2,11,4,15
NUEVO MANOA (NUEVA ESPERANZA),desnutricion global,nutricion normal (n),2005-08-01,3,1,2,5,5,6,11
OCURI,desnutricion global,nutricion normal (n),2005-08-01,82,86,84,69,166,155,321
OKINAWA,desnutricion global,nutricion normal (n),2005-08-01,103,107,92,76,195,183,378
OMEREQUE,desnutricion global,nutricion normal (n),2005-08-01,81,56,68,77,149,133,282
ORURO,desnutricion global,nutricion normal (n),2005-08-01,1345,1267,712,727,2057,1994,4051
PADCAYA,desnutricion global,nutricion normal (n),2005-08-01,129,143,163,163,292,306,598
PADILLA,desnutricion global,nutricion normal (n),2005-08-01,152,117,185,198,337,315,652
PALCA,desnutricion global,nutricion normal (n),2005-08-01,86,66,57,43,143,109,252
PALOS BLANCOS,desnutricion global,nutricion normal (n),2005-08-01,199,181,146,121,345,302,647
PAMPA AULLAGAS,desnutricion global,nutricion normal (n),2005-08-01,17,19,15,18,32,37,69
PAMPA GRANDE,desnutricion global,nutricion normal (n),2005-08-01,68,58,56,39,124,97,221
PAPEL PAMPA,desnutricion global,nutricion normal (n),2005-08-01,23,31,22,21,45,52,97
PASORAPA,desnutricion global,nutricion normal (n),2005-08-01,39,44,63,43,102,87,189
PATACAMAYA,desnutricion global,nutricion normal (n),2005-08-01,224,193,127,113,351,306,657
PAZÑA,desnutricion global,nutricion normal (n),2005-08-01,25,21,27,24,52,45,97
PELECHUCO,desnutricion global,nutricion normal (n),2005-08-01,30,29,31,34,61,63,124
POCOATA,desnutricion global,nutricion normal (n),2005-08-01,116,114,83,82,199,196,395
POCONA,desnutricion global,nutricion normal (n),2005-08-01,91,87,53,60,144,147,291
POJO (CBBA),desnutricion global,nutricion normal (n),2005-08-01,70,113,80,69,150,182,332
POOPO,desnutricion global,nutricion normal (n),2005-08-01,22,24,15,14,37,38,75
PORCO,desnutricion global,nutricion normal (n),2005-08-01,53,55,27,41,80,96,176
POROMA,desnutricion global,nutricion normal (n),2005-08-01,161,158,140,119,301,277,578
PORONGO,desnutricion global,nutricion normal (n),2005-08-01,52,33,26,21,78,54,132
PORTACHUELO,desnutricion global,nutricion normal (n),2005-08-01,175,163,117,112,292,275,567
PORVENIR,desnutricion global,nutricion normal (n),2005-08-01,37,38,32,19,69,57,126
POSTRER VALLE,desnutricion global,nutricion normal (n),2005-08-01,15,19,15,18,30,37,67
POTOSI,desnutricion global,nutricion normal (n),2005-08-01,1060,778,371,335,1431,1113,2544
PRESTO,desnutricion global,nutricion normal (n),2005-08-01,82,69,119,94,201,163,364
PUCARA,desnutricion global,nutricion normal (n),2005-08-01,23,16,34,32,57,48,105
PUCARANI,desnutricion global,nutricion normal (n),2005-08-01,181,187,218,199,399,386,785
PUERTO ACOSTA,desnutricion global,nutricion normal (n),2005-08-01,113,102,155,167,268,269,537
PUERTO CARABUCO,desnutricion global,nutricion normal (n),2005-08-01,68,75,58,70,126,145,271
PUERTO GONZALO MORENO,desnutricion global,nutricion normal (n),2005-08-01,41,39,36,45,77,84,161
PUERTO PEREZ,desnutricion global,nutricion normal (n),2005-08-01,36,28,31,31,67,59,126
PUERTO RICO,desnutricion global,nutricion normal (n),2005-08-01,58,57,102,89,160,146,306
PUERTO SILES,desnutricion global,nutricion normal (n),2005-08-01,26,10,4,13,30,23,53
PUERTO VILLARROEL,desnutricion global,nutricion normal (n),2005-08-01,225,188,167,125,392,313,705
PUNA,desnutricion global,nutricion normal (n),2005-08-01,178,190,155,128,333,318,651
PUNATA,desnutricion global,nutricion normal (n),2005-08-01,239,173,52,55,291,228,519
QUIABAYA,desnutricion global,nutricion normal (n),2005-08-01,29,17,30,22,59,39,98
QUILLACOLLO,desnutricion global,nutricion normal (n),2005-08-01,380,339,119,120,499,459,958
QUIME,desnutricion global,nutricion normal (n),2005-08-01,74,78,66,63,140,141,281
QUIRUSILLAS,desnutricion global,nutricion normal (n),2005-08-01,6,11,6,12,12,23,35
RAVELO,desnutricion global,nutricion normal (n),2005-08-01,250,237,179,172,429,409,838
REYES,desnutricion global,nutricion normal (n),2005-08-01,125,133,164,164,289,297,586
RIBERALTA,desnutricion global,nutricion normal (n),2005-08-01,823,691,304,230,1127,921,2048
RURRENABAQUE,desnutricion global,nutricion normal (n),2005-08-01,107,110,45,32,152,142,294
SABAYA,desnutricion global,nutricion normal (n),2005-08-01,17,14,11,24,28,38,66
SACABA,desnutricion global,nutricion normal (n),2005-08-01,350,326,88,102,438,428,866
SACABAMBA,desnutricion global,nutricion normal (n),2005-08-01,30,29,30,23,60,52,112
SACACA,desnutricion global,nutricion normal (n),2005-08-01,193,185,215,188,408,373,781
SAIPINA,desnutricion global,nutricion normal (n),2005-08-01,30,34,19,24,49,58,107
SALINAS DE GARCI MENDOZA,desnutricion global,nutricion normal (n),2005-08-01,74,56,67,60,141,116,257
SAMAIPATA,desnutricion global,nutricion normal (n),2005-08-01,94,58,56,58,150,116,266
SAN AGUSTIN,desnutricion global,nutricion normal (n),2005-08-01,14,16,11,10,25,26,51
SAN ANDRES,desnutricion global,nutricion normal (n),2005-08-01,121,88,133,144,254,232,486
SAN ANDRES DE MACHACA,desnutricion global,nutricion normal (n),2005-08-01,21,24,22,23,43,47,90
SAN ANTONIO DE ESMORUCO,desnutricion global,nutricion normal (n),2005-08-01,9,15,13,6,22,21,43
SAN ANTONIO DE LOMERIO,desnutricion global,nutricion normal (n),2005-08-01,79,83,100,81,179,164,343
SAN BENITO,desnutricion global,nutricion normal (n),2005-08-01,58,68,37,43,95,111,206
SAN BORJA,desnutricion global,nutricion normal (n),2005-08-01,355,349,162,143,517,492,1009
SAN BUENA VENTURA,desnutricion global,nutricion normal (n),2005-08-01,80,72,59,54,139,126,265
SAN CARLOS,desnutricion global,nutricion normal (n),2005-08-01,218,207,105,90,323,297,620
SAN IGNACIO,desnutricion global,nutricion normal (n),2005-08-01,171,154,154,132,325,286,611
SAN IGNACIO DE VELASCO,desnutricion global,nutricion normal (n),2005-08-01,437,436,259,266,696,702,1398
SAN JAVIER(BNI),desnutricion global,nutricion normal (n),2005-08-01,21,26,30,29,51,55,106
SAN JAVIER(STC),desnutricion global,nutricion normal (n),2005-08-01,26,30,30,39,56,69,125
SAN JOAQUIN,desnutricion global,nutricion normal (n),2005-08-01,28,28,18,15,46,43,89
SAN JUAN DE YAPACANI,desnutricion global,nutricion normal (n),2005-08-01,119,121,110,73,229,194,423
SAN JULIAN,desnutricion global,nutricion normal (n),2005-08-01,179,111,209,182,388,293,681
SAN LORENZO(PND),desnutricion global,nutricion normal (n),2005-08-01,84,61,74,54,158,115,273
SAN LORENZO(TJA),desnutricion global,nutricion normal (n),2005-08-01,108,123,120,104,228,227,455
SAN LUCAS,desnutricion global,nutricion normal (n),2005-08-01,358,312,371,321,729,633,1362
SAN MIGUEL DE VELASCO,desnutricion global,nutricion normal (n),2005-08-01,138,129,134,113,272,242,514
SAN PABLO DE LIPEZ,desnutricion global,nutricion normal (n),2005-08-01,22,24,15,9,37,33,70
SAN PEDRO,desnutricion global,nutricion normal (n),2005-08-01,127,106,101,90,228,196,424
SAN PEDRO DE BUENA VISTA,desnutricion global,nutricion normal (n),2005-08-01,149,147,142,159,291,306,597
SAN PEDRO DE CURAHUARA,desnutricion global,nutricion normal (n),2005-08-01,39,39,48,51,87,90,177
SAN PEDRO DE QUEMES,desnutricion global,nutricion normal (n),2005-08-01,2,7,4,2,6,9,15
SAN PEDRO DE TIQUINA,desnutricion global,nutricion normal (n),2005-08-01,25,27,32,24,57,51,108
SAN PEDRO(PND),desnutricion global,nutricion normal (n),2005-08-01,27,29,41,51,68,80,148
SAN RAFAEL,desnutricion global,nutricion normal (n),2005-08-01,51,53,56,49,107,102,209
SAN RAMON,desnutricion global,nutricion normal (n),2005-08-01,45,27,84,21,129,48,177
SAN RAMON,desnutricion global,nutricion normal (n),2005-08-01,48,57,16,22,64,79,143
SANTA ANA,desnutricion global,nutricion normal (n),2005-08-01,109,95,39,50,148,145,293
SANTA CRUZ DE LA SIERRA,desnutricion global,nutricion normal (n),2005-08-01,4459,4257,1937,1821,6396,6078,12474
SANTA ROSA,desnutricion global,nutricion normal (n),2005-08-01,37,39,27,27,64,66,130
SANTA ROSA DEL SARA,desnutricion global,nutricion normal (n),2005-08-01,72,83,57,56,129,139,268
SANTIAGO DE CALLAPA,desnutricion global,nutricion normal (n),2005-08-01,33,34,15,19,48,53,101
SANTIAGO DE HUARI,desnutricion global,nutricion normal (n),2005-08-01,43,43,57,62,100,105,205
SANTIAGO DE MACHACA,desnutricion global,nutricion normal (n),2005-08-01,20,14,11,8,31,22,53
SANTIVAÑES,desnutricion global,nutricion normal (n),2005-08-01,59,62,57,38,116,100,216
SANTUARIO DE QUILLACAS,desnutricion global,nutricion normal (n),2005-08-01,6,8,12,9,18,17,35
SAPAHAQUI,desnutricion global,nutricion normal (n),2005-08-01,57,57,41,52,98,109,207
SENA,desnutricion global,nutricion normal (n),2005-08-01,27,27,26,37,53,64,117
SICA SICA (VILLA AROMA),desnutricion global,nutricion normal (n),2005-08-01,139,141,89,95,228,236,464
SICAYA,desnutricion global,nutricion normal (n),2005-08-01,40,21,27,19,67,40,107
SIPE SIPE,desnutricion global,nutricion normal (n),2005-08-01,311,325,210,227,521,552,1073
SOPACHUY,desnutricion global,nutricion normal (n),2005-08-01,75,58,91,58,166,116,282
SORACACHI,desnutricion global,nutricion normal (n),2005-08-01,45,41,35,26,80,67,147
SORATA,desnutricion global,nutricion normal (n),2005-08-01,112,102,134,107,246,209,455
SUCRE,desnutricion global,nutricion normal (n),2005-08-01,1406,1410,1104,1078,2510,2488,4998
TACACHI,desnutricion global,nutricion normal (n),2005-08-01,4,8,3,1,7,9,16
TACACOMA,desnutricion global,nutricion normal (n),2005-08-01,42,55,57,56,99,111,210
TACOBAMBA,desnutricion global,nutricion normal (n),2005-08-01,101,104,104,95,205,199,404
TACOPAYA,desnutricion global,nutricion normal (n),2005-08-01,86,80,146,128,232,208,440
TAHUA,desnutricion global,nutricion normal (n),2005-08-01,13,9,8,24,21,33,54
TAPACARI,desnutricion global,nutricion normal (n),2005-08-01,127,137,49,64,176,201,377
TARABUCO,desnutricion global,nutricion normal (n),2005-08-01,221,213,293,306,514,519,1033
TARACO,desnutricion global,nutricion normal (n),2005-08-01,29,18,26,36,55,54,109
TARATA,desnutricion global,nutricion normal (n),2005-08-01,52,51,12,14,64,65,129
TARIJA,desnutricion global,nutricion normal (n),2005-08-01,1071,985,593,621,1664,1606,3270
TARVITA,desnutricion global,nutricion normal (n),2005-08-01,58,66,52,43,110,109,219
TEOPONTE,desnutricion global,nutricion normal (n),2005-08-01,44,60,70,56,114,116,230
TIAWANACU,desnutricion global,nutricion normal (n),2005-08-01,68,64,47,35,115,99,214
TINGUIPAYA,desnutricion global,nutricion normal (n),2005-08-01,101,101,112,75,213,176,389
TIPUANI,desnutricion global,nutricion normal (n),2005-08-01,86,63,15,24,101,87,188
TIQUIPAYA,desnutricion global,nutricion normal (n),2005-08-01,262,204,134,150,396,354,750
TIRAQUE (CBBA),desnutricion global,nutricion normal (n),2005-08-01,272,203,136,111,408,314,722
TITO YUPANQUI (PARQUIPUJIO),desnutricion global,nutricion normal (n),2005-08-01,8,12,13,10,21,22,43
TOCO,desnutricion global,nutricion normal (n),2005-08-01,17,8,15,13,32,21,53
TODOS SANTOS,desnutricion global,nutricion normal (n),2005-08-01,1,1,0,1,1,2,3
TOLATA,desnutricion global,nutricion normal (n),2005-08-01,30,33,12,18,42,51,93
TOLEDO,desnutricion global,nutricion normal (n),2005-08-01,30,17,25,26,55,43,98
TOMAVE,desnutricion global,nutricion normal (n),2005-08-01,133,36,107,32,240,68,308
TOMINA,desnutricion global,nutricion normal (n),2005-08-01,111,98,120,126,231,224,455
TORO TORO,desnutricion global,nutricion normal (n),2005-08-01,121,109,81,98,202,207,409
TOTORA(CBBA),desnutricion global,nutricion normal (n),2005-08-01,90,67,57,45,147,112,259
TOTORA(ORR),desnutricion global,nutricion normal (n),2005-08-01,23,40,18,12,41,52,93
TRIGAL,desnutricion global,nutricion normal (n),2005-08-01,15,14,10,12,25,26,51
TRINIDAD,desnutricion global,nutricion normal (n),2005-08-01,626,561,376,343,1002,904,1906
TUPIZA,desnutricion global,nutricion normal (n),2005-08-01,328,292,302,285,630,577,1207
TURCO,desnutricion global,nutricion normal (n),2005-08-01,18,24,19,17,37,41,78
UMALA,desnutricion global,nutricion normal (n),2005-08-01,27,22,43,50,70,72,142
UNCIA,desnutricion global,nutricion normal (n),2005-08-01,51,48,17,12,68,60,128
URIONDO (A. CONCEPCION),desnutricion global,nutricion normal (n),2005-08-01,130,134,169,182,299,316,615
UYUNI,desnutricion global,nutricion normal (n),2005-08-01,379,330,281,276,660,606,1266
VACAS,desnutricion global,nutricion normal (n),2005-08-01,80,51,39,38,119,89,208
VALLEGRANDE,desnutricion global,nutricion normal (n),2005-08-01,119,112,78,91,197,203,400
VIACHA,desnutricion global,nutricion normal (n),2005-08-01,244,240,174,157,418,397,815
VILA VILA,desnutricion global,nutricion normal (n),2005-08-01,13,10,6,15,19,25,44
VILLA MONTES,desnutricion global,nutricion normal (n),2005-08-01,174,157,125,117,299,274,573
VILLA NUEVA (LOMA ALTA),desnutricion global,nutricion normal (n),2005-08-01,9,9,10,8,19,17,36
VILLA RIVERO,desnutricion global,nutricion normal (n),2005-08-01,37,27,27,13,64,40,104
VILLA SERRANO,desnutricion global,nutricion normal (n),2005-08-01,147,154,188,171,335,325,660
VILLA TUNARI,desnutricion global,nutricion normal (n),2005-08-01,359,391,358,329,717,720,1437
VILLA VACA GUZMAN (MUYUPAMPA),desnutricion global,nutricion normal (n),2005-08-01,104,98,169,201,273,299,572
VILLAZON,desnutricion global,nutricion normal (n),2005-08-01,312,264,221,217,533,481,1014
VINTO,desnutricion global,nutricion normal (n),2005-08-01,223,56,33,10,256,66,322
VITICHI,desnutricion global,nutricion normal (n),2005-08-01,43,80,55,49,98,129,227
WALDO BALLIVIAN,desnutricion global,nutricion normal (n),2005-08-01,12,15,9,14,21,29,50
WARNES,desnutricion global,nutricion normal (n),2005-08-01,326,308,254,220,580,528,1108
YACO,desnutricion global,nutricion normal (n),2005-08-01,18,23,25,31,43,54,97
YACUIBA,desnutricion global,nutricion normal (n),2005-08-01,280,329,169,164,449,493,942
YAMPARAEZ,desnutricion global,nutricion normal (n),2005-08-01,86,91,159,140,245,231,476
YANACACHI,desnutricion global,nutricion normal (n),2005-08-01,24,28,14,17,38,45,83
YAPACANI,desnutricion global,nutricion normal (n),2005-08-01,367,297,181,176,548,473,1021
YOCALLA,desnutricion global,nutricion normal (n),2005-08-01,28,16,29,41,57,57,114
YOTALA,desnutricion global,nutricion normal (n),2005-08-01,79,77,132,139,211,216,427
YUNCHARA,desnutricion global,nutricion normal (n),2005-08-01,44,42,58,72,102,114,216
ZUDAÑEZ,desnutricion global,nutricion normal (n),2005-08-01,60,39,72,66,132,105,237
ACACIO,desnutricion global,nutricion normal (n),2005-09-01,57,60,77,66,134,126,260
ACHACACHI,desnutricion global,nutricion normal (n),2005-09-01,335,332,408,405,743,737,1480
ACHOCALLA,desnutricion global,nutricion normal (n),2005-09-01,41,38,22,19,63,57,120
AIQUILE,desnutricion global,nutricion normal (n),2005-09-01,63,65,59,53,122,118,240
ALALAY,desnutricion global,nutricion normal (n),2005-09-01,29,43,26,20,55,63,118
ALCALA,desnutricion global,nutricion normal (n),2005-09-01,30,34,55,52,85,86,171
ANCORAIMES,desnutricion global,nutricion normal (n),2005-09-01,83,68,109,85,192,153,345
ANDAMARCA,desnutricion global,nutricion normal (n),2005-09-01,16,9,18,21,34,30,64
ANTEQUERA,desnutricion global,nutricion normal (n),2005-09-01,29,20,13,16,42,36,78
ANZALDO,desnutricion global,nutricion normal (n),2005-09-01,12,12,26,20,38,32,70
APOLO,desnutricion global,nutricion normal (n),2005-09-01,105,88,39,38,144,126,270
ARAMPAMPA,desnutricion global,nutricion normal (n),2005-09-01,40,58,53,57,93,115,208
ARANI,desnutricion global,nutricion normal (n),2005-09-01,62,52,26,14,88,66,154
ARBIETO,desnutricion global,nutricion normal (n),2005-09-01,35,27,20,20,55,47,102
ARQUE,desnutricion global,nutricion normal (n),2005-09-01,33,43,11,6,44,49,93
ATOCHA,desnutricion global,nutricion normal (n),2005-09-01,114,95,79,71,193,166,359
AUCAPATA,desnutricion global,nutricion normal (n),2005-09-01,34,24,13,12,47,36,83
AYATA,desnutricion global,nutricion normal (n),2005-09-01,79,78,91,74,170,152,322
AYO AYO,desnutricion global,nutricion normal (n),2005-09-01,23,40,21,11,44,51,95
AYOPAYA (V. DE INDEPENDENCIA),desnutricion global,nutricion normal (n),2005-09-01,111,114,78,104,189,218,407
AZURDUY,desnutricion global,nutricion normal (n),2005-09-01,229,174,226,173,455,347,802
BATALLAS,desnutricion global,nutricion normal (n),2005-09-01,81,66,31,38,112,104,216
BAURES,desnutricion global,nutricion normal (n),2005-09-01,31,32,25,28,56,60,116
BELEN DE ANDAMARCA,desnutricion global,nutricion normal (n),2005-09-01,4,9,0,0,4,9,13
BELEN DE URMIRI,desnutricion global,nutricion normal (n),2005-09-01,15,14,11,10,26,24,50
BELLA FLOR,desnutricion global,nutricion normal (n),2005-09-01,38,27,37,55,75,82,157
BERMEJO,desnutricion global,nutricion normal (n),2005-09-01,40,37,51,48,91,85,176
BETANZOS,desnutricion global,nutricion normal (n),2005-09-01,241,222,235,228,476,450,926
BOLIVAR,desnutricion global,nutricion normal (n),2005-09-01,34,51,54,40,88,91,179
BOLPEBRA,desnutricion global,nutricion normal (n),2005-09-01,16,16,20,15,36,31,67
BOYUIBE,desnutricion global,nutricion normal (n),2005-09-01,50,37,69,78,119,115,234
BUENA VISTA,desnutricion global,nutricion normal (n),2005-09-01,106,115,109,90,215,205,420
CABEZAS,desnutricion global,nutricion normal (n),2005-09-01,96,117,95,99,191,216,407
CAIROMA,desnutricion global,nutricion normal (n),2005-09-01,79,73,59,65,138,138,276
"CAIZA ""D""",desnutricion global,nutricion normal (n),2005-09-01,88,68,70,65,158,133,291
CAJUATA,desnutricion global,nutricion normal (n),2005-09-01,68,61,47,42,115,103,218
CALACOTO,desnutricion global,nutricion normal (n),2005-09-01,23,31,24,19,47,50,97
CALAMARCA,desnutricion global,nutricion normal (n),2005-09-01,97,110,67,79,164,189,353
CAMARGO,desnutricion global,nutricion normal (n),2005-09-01,157,131,104,89,261,220,481
CAMATAQUI (C. VILLA ABECIA),desnutricion global,nutricion normal (n),2005-09-01,36,25,32,37,68,62,130
CAMIRI,desnutricion global,nutricion normal (n),2005-09-01,235,207,181,148,416,355,771
CAPINOTA,desnutricion global,nutricion normal (n),2005-09-01,64,64,457,458,521,522,1043
CAQUIAVIRI,desnutricion global,nutricion normal (n),2005-09-01,75,79,57,44,132,123,255
CARACOLLO,desnutricion global,nutricion normal (n),2005-09-01,49,56,27,30,76,86,162
CARANAVI,desnutricion global,nutricion normal (n),2005-09-01,357,337,233,209,590,546,1136
CARANGAS,desnutricion global,nutricion normal (n),2005-09-01,0,3,0,0,0,3,3
CARAPARI,desnutricion global,nutricion normal (n),2005-09-01,60,63,73,64,133,127,260
CARIPUYO,desnutricion global,nutricion normal (n),2005-09-01,92,83,91,69,183,152,335
CATACORA,desnutricion global,nutricion normal (n),2005-09-01,3,2,2,0,5,2,7
CHACARILLA,desnutricion global,nutricion normal (n),2005-09-01,17,13,21,19,38,32,70
CHALLAPATA,desnutricion global,nutricion normal (n),2005-09-01,133,123,70,42,203,165,368
CHAQUI,desnutricion global,nutricion normal (n),2005-09-01,45,51,47,53,92,104,196
CHARAGUA,desnutricion global,nutricion normal (n),2005-09-01,169,161,164,182,333,343,676
CHARAÑA,desnutricion global,nutricion normal (n),2005-09-01,24,24,14,25,38,49,87
CHAYANTA,desnutricion global,nutricion normal (n),2005-09-01,76,75,64,62,140,137,277
CHIMORE,desnutricion global,nutricion normal (n),2005-09-01,72,55,43,47,115,102,217
CHIPAYA,desnutricion global,nutricion normal (n),2005-09-01,10,9,7,6,17,15,32
CHOQUE COTA,desnutricion global,nutricion normal (n),2005-09-01,8,7,13,9,21,16,37
CHULUMANI (V. DE LA LIBERTAD),desnutricion global,nutricion normal (n),2005-09-01,70,66,36,39,106,105,211
CHUMA,desnutricion global,nutricion normal (n),2005-09-01,50,58,34,57,84,115,199
CLIZA,desnutricion global,nutricion normal (n),2005-09-01,91,59,31,36,122,95,217
COBIJA,desnutricion global,nutricion normal (n),2005-09-01,280,247,222,220,502,467,969
COCHABAMBA,desnutricion global,nutricion normal (n),2005-09-01,1397,1347,617,580,2014,1927,3941
COIPASA,desnutricion global,nutricion normal (n),2005-09-01,8,1,6,2,14,3,17
COLCAPIRHUA,desnutricion global,nutricion normal (n),2005-09-01,197,190,138,115,335,305,640
"COLCHA ""K""",desnutricion global,nutricion normal (n),2005-09-01,89,99,60,67,149,166,315
COLLANA,desnutricion global,nutricion normal (n),2005-09-01,14,10,6,3,20,13,33
COLOMI,desnutricion global,nutricion normal (n),2005-09-01,103,86,83,65,186,151,337
COLPA BELGICA,desnutricion global,nutricion normal (n),2005-09-01,28,29,24,17,52,46,98
COLQUECHACA,desnutricion global,nutricion normal (n),2005-09-01,186,162,116,113,302,275,577
COLQUENCHA,desnutricion global,nutricion normal (n),2005-09-01,22,33,13,18,35,51,86
COLQUIRI,desnutricion global,nutricion normal (n),2005-09-01,100,86,43,54,143,140,283
COMANCHE,desnutricion global,nutricion normal (n),2005-09-01,40,30,35,25,75,55,130
COMARAPA,desnutricion global,nutricion normal (n),2005-09-01,74,94,93,76,167,170,337
COMBAYA,desnutricion global,nutricion normal (n),2005-09-01,12,15,23,26,35,41,76
CONCEPCION,desnutricion global,nutricion normal (n),2005-09-01,74,60,37,27,111,87,198
COPACABANA,desnutricion global,nutricion normal (n),2005-09-01,66,69,47,35,113,104,217
CORIPATA,desnutricion global,nutricion normal (n),2005-09-01,83,65,71,43,154,108,262
CORO CORO,desnutricion global,nutricion normal (n),2005-09-01,63,68,42,51,105,119,224
COROICO,desnutricion global,nutricion normal (n),2005-09-01,131,98,89,64,220,162,382
CORQUE,desnutricion global,nutricion normal (n),2005-09-01,28,15,24,22,52,37,89
COTAGAITA,desnutricion global,nutricion normal (n),2005-09-01,146,140,97,91,243,231,474
COTOCA,desnutricion global,nutricion normal (n),2005-09-01,205,163,47,41,252,204,456
CUATRO CAÑADAS,desnutricion global,nutricion normal (n),2005-09-01,74,60,82,69,156,129,285
CUCHUMUELA (V. G. VILLARROEL),desnutricion global,nutricion normal (n),2005-09-01,20,10,9,3,29,13,42
CUEVO,desnutricion global,nutricion normal (n),2005-09-01,18,30,37,49,55,79,134
CULPINA,desnutricion global,nutricion normal (n),2005-09-01,211,180,155,145,366,325,691
CURAHUARA DE CARANGAS,desnutricion global,nutricion normal (n),2005-09-01,19,16,23,10,42,26,68
CURVA,desnutricion global,nutricion normal (n),2005-09-01,4,2,5,1,9,3,12
DESAGUADERO,desnutricion global,nutricion normal (n),2005-09-01,22,13,8,14,30,27,57
EL ALTO,desnutricion global,nutricion normal (n),2005-09-01,3367,3229,1640,1752,5007,4981,9988
EL CHORO,desnutricion global,nutricion normal (n),2005-09-01,16,17,15,13,31,30,61
EL PUENTE(TJA),desnutricion global,nutricion normal (n),2005-09-01,55,42,82,75,137,117,254
EL TORNO,desnutricion global,nutricion normal (n),2005-09-01,173,182,98,90,271,272,543
EL VILLAR,desnutricion global,nutricion normal (n),2005-09-01,74,64,106,62,180,126,306
ENTRE RIOS,desnutricion global,nutricion normal (n),2005-09-01,148,153,136,127,284,280,564
ENTRE RIOS,desnutricion global,nutricion normal (n),2005-09-01,125,134,82,63,207,197,404
ESCARA,desnutricion global,nutricion normal (n),2005-09-01,3,3,1,3,4,6,10
EUCALIPTUS,desnutricion global,nutricion normal (n),2005-09-01,23,18,38,30,61,48,109
EUREKA (SANTOS MERCADO),desnutricion global,nutricion normal (n),2005-09-01,7,5,4,5,11,10,21
EXALTACION,desnutricion global,nutricion normal (n),2005-09-01,17,11,28,27,45,38,83
FERNANDEZ ALONSO,desnutricion global,nutricion normal (n),2005-09-01,140,138,148,162,288,300,588
FILADELFIA,desnutricion global,nutricion normal (n),2005-09-01,37,43,41,47,78,90,168
GENERAL SAAVEDRA,desnutricion global,nutricion normal (n),2005-09-01,206,180,224,191,430,371,801
GRAL. J.J. PEREZ (CHARAZANI),desnutricion global,nutricion normal (n),2005-09-01,60,78,65,70,125,148,273
GUANAY,desnutricion global,nutricion normal (n),2005-09-01,69,79,52,68,121,147,268
GUAQUI,desnutricion global,nutricion normal (n),2005-09-01,26,28,9,12,35,40,75
GUAYARAMERIN,desnutricion global,nutricion normal (n),2005-09-01,224,233,129,132,353,365,718
GUTIERREZ,desnutricion global,nutricion normal (n),2005-09-01,101,110,137,153,238,263,501
HUACARETA,desnutricion global,nutricion normal (n),2005-09-01,98,108,162,151,260,259,519
HUACAYA (VILLA DE HUACAYA),desnutricion global,nutricion normal (n),2005-09-01,33,34,39,47,72,81,153
HUACHACALLA,desnutricion global,nutricion normal (n),2005-09-01,6,5,4,1,10,6,16
HUANUNI,desnutricion global,nutricion normal (n),2005-09-01,136,120,53,49,189,169,358
HUARACAJE,desnutricion global,nutricion normal (n),2005-09-01,23,31,24,25,47,56,103
HUAYLLAMARCA,desnutricion global,nutricion normal (n),2005-09-01,55,63,30,35,85,98,183
ICHOCA,desnutricion global,nutricion normal (n),2005-09-01,32,30,29,16,61,46,107
ICLA,desnutricion global,nutricion normal (n),2005-09-01,67,79,108,94,175,173,348
INCAHUASI,desnutricion global,nutricion normal (n),2005-09-01,181,166,126,124,307,290,597
INGAVI (HUMAITA),desnutricion global,nutricion normal (n),2005-09-01,3,5,10,4,13,9,22
INQUISIVI,desnutricion global,nutricion normal (n),2005-09-01,76,80,59,81,135,161,296
IRUPANA (VILLA DE LANZA),desnutricion global,nutricion normal (n),2005-09-01,132,87,112,112,244,199,443
IXIAMAS,desnutricion global,nutricion normal (n),2005-09-01,97,50,54,51,151,101,252
JESUS DE MACHACA,desnutricion global,nutricion normal (n),2005-09-01,60,56,32,45,92,101,193
LA ASUNTA,desnutricion global,nutricion normal (n),2005-09-01,122,133,14,33,136,166,302
LA GUARDIA,desnutricion global,nutricion normal (n),2005-09-01,214,225,95,118,309,343,652
LA PAZ,desnutricion global,nutricion normal (n),2005-09-01,2912,2597,1584,1533,4496,4130,8626
LA RIVERA,desnutricion global,nutricion normal (n),2005-09-01,0,4,1,1,1,5,6
LAGUNILLAS,desnutricion global,nutricion normal (n),2005-09-01,70,56,81,82,151,138,289
LAJA,desnutricion global,nutricion normal (n),2005-09-01,118,113,67,75,185,188,373
LAS CARRERAS,desnutricion global,nutricion normal (n),2005-09-01,32,42,43,49,75,91,166
LICOMA PAMPA,desnutricion global,nutricion normal (n),2005-09-01,12,15,20,9,32,24,56
LLALLAGUA,desnutricion global,nutricion normal (n),2005-09-01,232,224,319,311,551,535,1086
LLICA,desnutricion global,nutricion normal (n),2005-09-01,25,37,29,25,54,62,116
LORETO,desnutricion global,nutricion normal (n),2005-09-01,21,19,26,26,47,45,92
LURIBAY,desnutricion global,nutricion normal (n),2005-09-01,125,103,89,98,214,201,415
MACHACAMARCA,desnutricion global,nutricion normal (n),2005-09-01,11,18,6,10,17,28,45
MACHARETI,desnutricion global,nutricion normal (n),2005-09-01,95,93,143,168,238,261,499
MAGDALENA,desnutricion global,nutricion normal (n),2005-09-01,60,60,33,43,93,103,196
MAIRANA,desnutricion global,nutricion normal (n),2005-09-01,60,68,33,28,93,96,189
MALLA,desnutricion global,nutricion normal (n),2005-09-01,24,14,43,28,67,42,109
MAPIRI,desnutricion global,nutricion normal (n),2005-09-01,97,89,62,47,159,136,295
MECAPACA,desnutricion global,nutricion normal (n),2005-09-01,61,74,44,45,105,119,224
MINEROS,desnutricion global,nutricion normal (n),2005-09-01,159,110,99,108,258,218,476
MIZQUE,desnutricion global,nutricion normal (n),2005-09-01,97,101,64,43,161,144,305
MOCOMOCO,desnutricion global,nutricion normal (n),2005-09-01,131,110,105,112,236,222,458
MOJINETE,desnutricion global,nutricion normal (n),2005-09-01,10,5,6,2,16,7,23
MOJOCOYA,desnutricion global,nutricion normal (n),2005-09-01,77,51,125,95,202,146,348
MONTEAGUDO,desnutricion global,nutricion normal (n),2005-09-01,273,198,267,252,540,450,990
MONTERO,desnutricion global,nutricion normal (n),2005-09-01,1071,982,629,671,1700,1653,3353
MORO MORO,desnutricion global,nutricion normal (n),2005-09-01,13,12,11,20,24,32,56
MOROCHATA,desnutricion global,nutricion normal (n),2005-09-01,148,133,93,101,241,234,475
NACEBE (SANTA ROSA DEL ABUNA),desnutricion global,nutricion normal (n),2005-09-01,8,6,11,12,19,18,37
NAZACARA DE PACAJES,desnutricion global,nutricion normal (n),2005-09-01,7,40,6,0,13,40,53
NUEVO MANOA (NUEVA ESPERANZA),desnutricion global,nutricion normal (n),2005-09-01,29,13,14,17,43,30,73
OCURI,desnutricion global,nutricion normal (n),2005-09-01,118,103,100,118,218,221,439
OKINAWA,desnutricion global,nutricion normal (n),2005-09-01,97,101,95,68,192,169,361
OMEREQUE,desnutricion global,nutricion normal (n),2005-09-01,68,51,37,40,105,91,196
ORURO,desnutricion global,nutricion normal (n),2005-09-01,1100,1084,659,660,1759,1744,3503
PADCAYA,desnutricion global,nutricion normal (n),2005-09-01,153,125,167,146,320,271,591
PADILLA,desnutricion global,nutricion normal (n),2005-09-01,143,116,190,150,333,266,599
PALCA,desnutricion global,nutricion normal (n),2005-09-01,90,66,29,35,119,101,220
PALOS BLANCOS,desnutricion global,nutricion normal (n),2005-09-01,195,164,115,130,310,294,604
PAMPA AULLAGAS,desnutricion global,nutricion normal (n),2005-09-01,19,19,20,12,39,31,70
PAMPA GRANDE,desnutricion global,nutricion normal (n),2005-09-01,58,47,54,49,112,96,208
PAPEL PAMPA,desnutricion global,nutricion normal (n),2005-09-01,32,40,16,16,48,56,104
PASORAPA,desnutricion global,nutricion normal (n),2005-09-01,24,27,40,46,64,73,137
PATACAMAYA,desnutricion global,nutricion normal (n),2005-09-01,203,193,173,104,376,297,673
PAZÑA,desnutricion global,nutricion normal (n),2005-09-01,20,29,27,39,47,68,115
PELECHUCO,desnutricion global,nutricion normal (n),2005-09-01,18,16,13,9,31,25,56
POCOATA,desnutricion global,nutricion normal (n),2005-09-01,124,136,123,126,247,262,509
POCONA,desnutricion global,nutricion normal (n),2005-09-01,58,35,34,37,92,72,164
POJO (CBBA),desnutricion global,nutricion normal (n),2005-09-01,109,139,152,141,261,280,541
POOPO,desnutricion global,nutricion normal (n),2005-09-01,27,29,24,22,51,51,102
PORCO,desnutricion global,nutricion normal (n),2005-09-01,18,16,8,3,26,19,45
POROMA,desnutricion global,nutricion normal (n),2005-09-01,171,153,177,171,348,324,672
PORONGO,desnutricion global,nutricion normal (n),2005-09-01,39,37,26,20,65,57,122
PORTACHUELO,desnutricion global,nutricion normal (n),2005-09-01,114,86,104,90,218,176,394
PORVENIR,desnutricion global,nutricion normal (n),2005-09-01,49,31,28,30,77,61,138
POSTRER VALLE,desnutricion global,nutricion normal (n),2005-09-01,13,14,8,10,21,24,45
POTOSI,desnutricion global,nutricion normal (n),2005-09-01,842,636,434,413,1276,1049,2325
PRESTO,desnutricion global,nutricion normal (n),2005-09-01,73,76,117,79,190,155,345
PUCARA,desnutricion global,nutricion normal (n),2005-09-01,14,5,13,4,27,9,36
PUCARANI,desnutricion global,nutricion normal (n),2005-09-01,214,194,209,209,423,403,826
PUERTO ACOSTA,desnutricion global,nutricion normal (n),2005-09-01,97,107,93,89,190,196,386
PUERTO CARABUCO,desnutricion global,nutricion normal (n),2005-09-01,69,58,77,78,146,136,282
PUERTO GONZALO MORENO,desnutricion global,nutricion normal (n),2005-09-01,23,32,27,25,50,57,107
PUERTO PEREZ,desnutricion global,nutricion normal (n),2005-09-01,42,32,64,40,106,72,178
PUERTO RICO,desnutricion global,nutricion normal (n),2005-09-01,72,71,77,76,149,147,296
PUERTO SILES,desnutricion global,nutricion normal (n),2005-09-01,6,3,10,12,16,15,31
PUERTO VILLARROEL,desnutricion global,nutricion normal (n),2005-09-01,193,153,183,148,376,301,677
PUNA,desnutricion global,nutricion normal (n),2005-09-01,192,181,169,171,361,352,713
PUNATA,desnutricion global,nutricion normal (n),2005-09-01,211,214,82,61,293,275,568
QUIABAYA,desnutricion global,nutricion normal (n),2005-09-01,17,18,22,19,39,37,76
QUILLACOLLO,desnutricion global,nutricion normal (n),2005-09-01,329,260,83,101,412,361,773
QUIME,desnutricion global,nutricion normal (n),2005-09-01,88,85,63,64,151,149,300
QUIRUSILLAS,desnutricion global,nutricion normal (n),2005-09-01,3,3,8,0,11,3,14
RAVELO,desnutricion global,nutricion normal (n),2005-09-01,191,196,206,192,397,388,785
REYES,desnutricion global,nutricion normal (n),2005-09-01,90,97,91,97,181,194,375
RIBERALTA,desnutricion global,nutricion normal (n),2005-09-01,797,614,321,270,1118,884,2002
RURRENABAQUE,desnutricion global,nutricion normal (n),2005-09-01,122,94,54,40,176,134,310
SABAYA,desnutricion global,nutricion normal (n),2005-09-01,24,16,22,16,46,32,78
SACABA,desnutricion global,nutricion normal (n),2005-09-01,479,406,192,206,671,612,1283
SACABAMBA,desnutricion global,nutricion normal (n),2005-09-01,29,30,25,25,54,55,109
SACACA,desnutricion global,nutricion normal (n),2005-09-01,137,118,152,143,289,261,550
SAIPINA,desnutricion global,nutricion normal (n),2005-09-01,24,24,32,24,56,48,104
SALINAS DE GARCI MENDOZA,desnutricion global,nutricion normal (n),2005-09-01,48,45,69,62,117,107,224
SAMAIPATA,desnutricion global,nutricion normal (n),2005-09-01,61,52,47,41,108,93,201
SAN AGUSTIN,desnutricion global,nutricion normal (n),2005-09-01,16,18,13,12,29,30,59
SAN ANDRES,desnutricion global,nutricion normal (n),2005-09-01,79,84,84,73,163,157,320
SAN ANDRES DE MACHACA,desnutricion global,nutricion normal (n),2005-09-01,32,21,15,36,47,57,104
SAN ANTONIO DE ESMORUCO,desnutricion global,nutricion normal (n),2005-09-01,9,9,12,8,21,17,38
SAN ANTONIO DE LOMERIO,desnutricion global,nutricion normal (n),2005-09-01,135,62,72,72,207,134,341
SAN BENITO,desnutricion global,nutricion normal (n),2005-09-01,53,59,27,26,80,85,165
SAN BORJA,desnutricion global,nutricion normal (n),2005-09-01,347,318,174,120,521,438,959
SAN BUENA VENTURA,desnutricion global,nutricion normal (n),2005-09-01,79,56,35,41,114,97,211
SAN CARLOS,desnutricion global,nutricion normal (n),2005-09-01,173,164,84,78,257,242,499
SAN IGNACIO,desnutricion global,nutricion normal (n),2005-09-01,183,147,110,105,293,252,545
SAN IGNACIO DE VELASCO,desnutricion global,nutricion normal (n),2005-09-01,442,419,373,350,815,769,1584
SAN JAVIER(BNI),desnutricion global,nutricion normal (n),2005-09-01,25,33,40,39,65,72,137
SAN JAVIER(STC),desnutricion global,nutricion normal (n),2005-09-01,47,54,9,4,56,58,114
SAN JOAQUIN,desnutricion global,nutricion normal (n),2005-09-01,24,34,35,30,59,64,123
SAN JOSE DE CHIQUITOS,desnutricion global,nutricion normal (n),2005-09-01,6,7,7,7,13,14,27
SAN JUAN DE YAPACANI,desnutricion global,nutricion normal (n),2005-09-01,110,99,71,76,181,175,356
SAN JULIAN,desnutricion global,nutricion normal (n),2005-09-01,96,82,126,132,222,214,436
SAN LORENZO(PND),desnutricion global,nutricion normal (n),2005-09-01,35,23,24,28,59,51,110
SAN LORENZO(TJA),desnutricion global,nutricion normal (n),2005-09-01,91,82,104,96,195,178,373
SAN LUCAS,desnutricion global,nutricion normal (n),2005-09-01,339,301,321,329,660,630,1290
SAN MIGUEL DE VELASCO,desnutricion global,nutricion normal (n),2005-09-01,90,66,50,62,140,128,268
SAN PABLO DE LIPEZ,desnutricion global,nutricion normal (n),2005-09-01,12,19,15,14,27,33,60
SAN PEDRO,desnutricion global,nutricion normal (n),2005-09-01,107,92,62,46,169,138,307
SAN PEDRO DE BUENA VISTA,desnutricion global,nutricion normal (n),2005-09-01,145,148,142,125,287,273,560
SAN PEDRO DE CURAHUARA,desnutricion global,nutricion normal (n),2005-09-01,40,21,13,14,53,35,88
SAN PEDRO DE QUEMES,desnutricion global,nutricion normal (n),2005-09-01,2,4,6,9,8,13,21
SAN PEDRO DE TIQUINA,desnutricion global,nutricion normal (n),2005-09-01,30,30,18,24,48,54,102
SAN PEDRO(PND),desnutricion global,nutricion normal (n),2005-09-01,8,5,13,16,21,21,42
SAN RAFAEL,desnutricion global,nutricion normal (n),2005-09-01,46,45,55,58,101,103,204
SAN RAMON,desnutricion global,nutricion normal (n),2005-09-01,33,31,20,12,53,43,96
SAN RAMON,desnutricion global,nutricion normal (n),2005-09-01,0,2,0,0,0,2,2
SANTA ANA,desnutricion global,nutricion normal (n),2005-09-01,109,90,50,47,159,137,296
SANTA CRUZ DE LA SIERRA,desnutricion global,nutricion normal (n),2005-09-01,4542,4069,1988,1849,6530,5918,12448
SANTA ROSA,desnutricion global,nutricion normal (n),2005-09-01,3,4,1,0,4,4,8
SANTA ROSA DEL SARA,desnutricion global,nutricion normal (n),2005-09-01,60,69,72,60,132,129,261
SANTIAGO DE CALLAPA,desnutricion global,nutricion normal (n),2005-09-01,41,41,21,88,62,129,191
SANTIAGO DE HUARI,desnutricion global,nutricion normal (n),2005-09-01,36,38,39,27,75,65,140
SANTIAGO DE MACHACA,desnutricion global,nutricion normal (n),2005-09-01,34,29,45,43,79,72,151
SANTIVAÑES,desnutricion global,nutricion normal (n),2005-09-01,34,45,40,25,74,70,144
SANTUARIO DE QUILLACAS,desnutricion global,nutricion normal (n),2005-09-01,16,16,33,31,49,47,96
SAPAHAQUI,desnutricion global,nutricion normal (n),2005-09-01,61,40,40,48,101,88,189
SENA,desnutricion global,nutricion normal (n),2005-09-01,48,39,57,52,105,91,196
SICA SICA (VILLA AROMA),desnutricion global,nutricion normal (n),2005-09-01,127,116,119,126,246,242,488
SICAYA,desnutricion global,nutricion normal (n),2005-09-01,27,15,7,7,34,22,56
SIPE SIPE,desnutricion global,nutricion normal (n),2005-09-01,284,266,193,201,477,467,944
SOPACHUY,desnutricion global,nutricion normal (n),2005-09-01,93,89,110,86,203,175,378
SORACACHI,desnutricion global,nutricion normal (n),2005-09-01,45,35,50,47,95,82,177
SORATA,desnutricion global,nutricion normal (n),2005-09-01,88,74,111,122,199,196,395
SUCRE,desnutricion global,nutricion normal (n),2005-09-01,1250,1220,1033,995,2283,2215,4498
TACACHI,desnutricion global,nutricion normal (n),2005-09-01,6,4,0,0,6,4,10
TACACOMA,desnutricion global,nutricion normal (n),2005-09-01,22,23,47,28,69,51,120
TACOBAMBA,desnutricion global,nutricion normal (n),2005-09-01,64,50,51,63,115,113,228
TACOPAYA,desnutricion global,nutricion normal (n),2005-09-01,71,62,95,70,166,132,298
TAHUA,desnutricion global,nutricion normal (n),2005-09-01,12,5,5,12,17,17,34
TAPACARI,desnutricion global,nutricion normal (n),2005-09-01,159,165,171,138,330,303,633
TARABUCO,desnutricion global,nutricion normal (n),2005-09-01,205,202,287,264,492,466,958
TARACO,desnutricion global,nutricion normal (n),2005-09-01,41,27,40,51,81,78,159
TARATA,desnutricion global,nutricion normal (n),2005-09-01,50,60,17,18,67,78,145
TARIJA,desnutricion global,nutricion normal (n),2005-09-01,920,897,597,577,1517,1474,2991
TARVITA,desnutricion global,nutricion normal (n),2005-09-01,219,173,269,221,488,394,882
TEOPONTE,desnutricion global,nutricion normal (n),2005-09-01,76,77,89,70,165,147,312
TIAWANACU,desnutricion global,nutricion normal (n),2005-09-01,78,63,70,57,148,120,268
TINGUIPAYA,desnutricion global,nutricion normal (n),2005-09-01,133,112,135,119,268,231,499
TIPUANI,desnutricion global,nutricion normal (n),2005-09-01,63,49,31,26,94,75,169
TIQUIPAYA,desnutricion global,nutricion normal (n),2005-09-01,195,161,70,60,265,221,486
TIRAQUE (CBBA),desnutricion global,nutricion normal (n),2005-09-01,247,190,177,137,424,327,751
TITO YUPANQUI (PARQUIPUJIO),desnutricion global,nutricion normal (n),2005-09-01,5,7,14,13,19,20,39
TOCO,desnutricion global,nutricion normal (n),2005-09-01,11,13,10,10,21,23,44
TODOS SANTOS,desnutricion global,nutricion normal (n),2005-09-01,0,3,2,3,2,6,8
TOLATA,desnutricion global,nutricion normal (n),2005-09-01,14,16,15,12,29,28,57
TOLEDO,desnutricion global,nutricion normal (n),2005-09-01,24,18,30,20,54,38,92
TOMAVE,desnutricion global,nutricion normal (n),2005-09-01,89,52,90,43,179,95,274
TOMINA,desnutricion global,nutricion normal (n),2005-09-01,105,94,123,125,228,219,447
TORO TORO,desnutricion global,nutricion normal (n),2005-09-01,105,111,136,144,241,255,496
TOTORA(CBBA),desnutricion global,nutricion normal (n),2005-09-01,55,67,28,26,83,93,176
TOTORA(ORR),desnutricion global,nutricion normal (n),2005-09-01,13,31,18,15,31,46,77
TRIGAL,desnutricion global,nutricion normal (n),2005-09-01,17,14,13,13,30,27,57
TRINIDAD,desnutricion global,nutricion normal (n),2005-09-01,619,472,289,279,908,751,1659
TUPIZA,desnutricion global,nutricion normal (n),2005-09-01,223,254,242,214,465,468,933
TURCO,desnutricion global,nutricion normal (n),2005-09-01,6,14,12,12,18,26,44
UMALA,desnutricion global,nutricion normal (n),2005-09-01,28,14,13,15,41,29,70
UNCIA,desnutricion global,nutricion normal (n),2005-09-01,82,102,54,40,136,142,278
URIONDO (A. CONCEPCION),desnutricion global,nutricion normal (n),2005-09-01,97,96,100,124,197,220,417
UYUNI,desnutricion global,nutricion normal (n),2005-09-01,225,211,175,143,400,354,754
VACAS,desnutricion global,nutricion normal (n),2005-09-01,67,66,39,41,106,107,213
VALLEGRANDE,desnutricion global,nutricion normal (n),2005-09-01,80,97,65,91,145,188,333
VIACHA,desnutricion global,nutricion normal (n),2005-09-01,184,172,114,96,298,268,566
VILA VILA,desnutricion global,nutricion normal (n),2005-09-01,23,29,10,5,33,34,67
VILLA MONTES,desnutricion global,nutricion normal (n),2005-09-01,139,139,132,130,271,269,540
VILLA NUEVA (LOMA ALTA),desnutricion global,nutricion normal (n),2005-09-01,30,28,29,28,59,56,115
VILLA RIVERO,desnutricion global,nutricion normal (n),2005-09-01,15,29,48,29,63,58,121
VILLA SERRANO,desnutricion global,nutricion normal (n),2005-09-01,124,137,148,172,272,309,581
VILLA TUNARI,desnutricion global,nutricion normal (n),2005-09-01,346,294,236,210,582,504,1086
VILLA VACA GUZMAN (MUYUPAMPA),desnutricion global,nutricion normal (n),2005-09-01,111,122,178,197,289,319,608
VILLAZON,desnutricion global,nutricion normal (n),2005-09-01,258,230,174,215,432,445,877
VINTO,desnutricion global,nutricion normal (n),2005-09-01,96,78,32,19,128,97,225
VITICHI,desnutricion global,nutricion normal (n),2005-09-01,58,87,79,98,137,185,322
WALDO BALLIVIAN,desnutricion global,nutricion normal (n),2005-09-01,7,13,0,3,7,16,23
WARNES,desnutricion global,nutricion normal (n),2005-09-01,445,386,226,230,671,616,1287
YACO,desnutricion global,nutricion normal (n),2005-09-01,27,28,12,8,39,36,75
YACUIBA,desnutricion global,nutricion normal (n),2005-09-01,288,254,195,199,483,453,936
YAMPARAEZ,desnutricion global,nutricion normal (n),2005-09-01,109,98,165,157,274,255,529
YANACACHI,desnutricion global,nutricion normal (n),2005-09-01,19,23,30,18,49,41,90
YAPACANI,desnutricion global,nutricion normal (n),2005-09-01,337,312,160,182,497,494,991
YOCALLA,desnutricion global,nutricion normal (n),2005-09-01,27,21,36,35,63,56,119
YOTALA,desnutricion global,nutricion normal (n),2005-09-01,92,85,114,115,206,200,406
YUNCHARA,desnutricion global,nutricion normal (n),2005-09-01,44,39,55,78,99,117,216
ZUDAÑEZ,desnutricion global,nutricion normal (n),2005-09-01,78,50,66,92,144,142,286
ACACIO,desnutricion global,nutricion normal (n),2005-10-01,65,66,92,76,157,142,299
ACHACACHI,desnutricion global,nutricion normal (n),2005-10-01,379,387,291,277,670,664,1334
ACHOCALLA,desnutricion global,nutricion normal (n),2005-10-01,52,63,19,12,71,75,146
AIQUILE,desnutricion global,nutricion normal (n),2005-10-01,68,61,48,26,116,87,203
ALALAY,desnutricion global,nutricion normal (n),2005-10-01,12,8,7,7,19,15,34
ALCALA,desnutricion global,nutricion normal (n),2005-10-01,26,34,61,59,87,93,180
ANCORAIMES,desnutricion global,nutricion normal (n),2005-10-01,81,79,73,94,154,173,327
ANDAMARCA,desnutricion global,nutricion normal (n),2005-10-01,25,27,47,51,72,78,150
ANTEQUERA,desnutricion global,nutricion normal (n),2005-10-01,16,15,15,16,31,31,62
ANZALDO,desnutricion global,nutricion normal (n),2005-10-01,19,29,25,32,44,61,105
APOLO,desnutricion global,nutricion normal (n),2005-10-01,108,100,75,79,183,179,362
ARAMPAMPA,desnutricion global,nutricion normal (n),2005-10-01,37,26,32,36,69,62,131
ARANI,desnutricion global,nutricion normal (n),2005-10-01,48,38,22,22,70,60,130
ARBIETO,desnutricion global,nutricion normal (n),2005-10-01,29,15,19,18,48,33,81
ARQUE,desnutricion global,nutricion normal (n),2005-10-01,53,63,39,36,92,99,191
ASCENCION DE GUARAYOS,desnutricion global,nutricion normal (n),2005-10-01,169,196,210,201,379,397,776
ATOCHA,desnutricion global,nutricion normal (n),2005-10-01,90,81,99,90,189,171,360
AUCAPATA,desnutricion global,nutricion normal (n),2005-10-01,36,19,18,13,54,32,86
AYATA,desnutricion global,nutricion normal (n),2005-10-01,42,34,28,27,70,61,131
AYO AYO,desnutricion global,nutricion normal (n),2005-10-01,45,47,33,18,78,65,143
AYOPAYA (V. DE INDEPENDENCIA),desnutricion global,nutricion normal (n),2005-10-01,140,118,101,105,241,223,464
AZURDUY,desnutricion global,nutricion normal (n),2005-10-01,141,128,115,89,256,217,473
BATALLAS,desnutricion global,nutricion normal (n),2005-10-01,95,88,46,31,141,119,260
BAURES,desnutricion global,nutricion normal (n),2005-10-01,43,37,24,41,67,78,145
BELEN DE ANDAMARCA,desnutricion global,nutricion normal (n),2005-10-01,3,2,6,10,9,12,21
BELEN DE URMIRI,desnutricion global,nutricion normal (n),2005-10-01,17,17,12,7,29,24,53
BELLA FLOR,desnutricion global,nutricion normal (n),2005-10-01,20,23,15,33,35,56,91
BERMEJO,desnutricion global,nutricion normal (n),2005-10-01,70,57,63,76,133,133,266
BETANZOS,desnutricion global,nutricion normal (n),2005-10-01,188,207,169,180,357,387,744
BOLIVAR,desnutricion global,nutricion normal (n),2005-10-01,27,35,27,30,54,65,119
BOLPEBRA,desnutricion global,nutricion normal (n),2005-10-01,15,24,21,14,36,38,74
BOYUIBE,desnutricion global,nutricion normal (n),2005-10-01,11,18,10,17,21,35,56
BUENA VISTA,desnutricion global,nutricion normal (n),2005-10-01,129,120,126,141,255,261,516
CABEZAS,desnutricion global,nutricion normal (n),2005-10-01,138,100,145,131,283,231,514
CAIROMA,desnutricion global,nutricion normal (n),2005-10-01,94,99,65,76,159,175,334
"CAIZA ""D""",desnutricion global,nutricion normal (n),2005-10-01,60,68,58,58,118,126,244
CAJUATA,desnutricion global,nutricion normal (n),2005-10-01,60,48,45,51,105,99,204
CALACOTO,desnutricion global,nutricion normal (n),2005-10-01,29,21,19,29,48,50,98
CALAMARCA,desnutricion global,nutricion normal (n),2005-10-01,93,113,82,66,175,179,354
CAMARGO,desnutricion global,nutricion normal (n),2005-10-01,126,153,87,96,213,249,462
CAMATAQUI (C. VILLA ABECIA),desnutricion global,nutricion normal (n),2005-10-01,37,27,36,41,73,68,141
CAMIRI,desnutricion global,nutricion normal (n),2005-10-01,233,246,246,227,479,473,952
CAPINOTA,desnutricion global,nutricion normal (n),2005-10-01,34,16,23,27,57,43,100
CAQUIAVIRI,desnutricion global,nutricion normal (n),2005-10-01,36,49,25,30,61,79,140
CARACOLLO,desnutricion global,nutricion normal (n),2005-10-01,115,115,87,82,202,197,399
CARANAVI,desnutricion global,nutricion normal (n),2005-10-01,412,362,272,263,684,625,1309
CARANGAS,desnutricion global,nutricion normal (n),2005-10-01,4,2,2,10,6,12,18
CARAPARI,desnutricion global,nutricion normal (n),2005-10-01,96,87,104,92,200,179,379
CARIPUYO,desnutricion global,nutricion normal (n),2005-10-01,52,65,89,59,141,124,265
CARMEN RIVERO TORREZ,desnutricion global,nutricion normal (n),2005-10-01,27,12,8,10,35,22,57
CATACORA,desnutricion global,nutricion normal (n),2005-10-01,0,0,2,0,2,0,2
CHACARILLA,desnutricion global,nutricion normal (n),2005-10-01,8,3,9,7,17,10,27
CHALLAPATA,desnutricion global,nutricion normal (n),2005-10-01,166,144,85,98,251,242,493
CHAQUI,desnutricion global,nutricion normal (n),2005-10-01,46,47,46,42,92,89,181
CHARAGUA,desnutricion global,nutricion normal (n),2005-10-01,157,141,134,146,291,287,578
CHARAÑA,desnutricion global,nutricion normal (n),2005-10-01,4,13,0,5,4,18,22
CHAYANTA,desnutricion global,nutricion normal (n),2005-10-01,86,64,80,86,166,150,316
CHIMORE,desnutricion global,nutricion normal (n),2005-10-01,62,52,32,37,94,89,183
CHIPAYA,desnutricion global,nutricion normal (n),2005-10-01,12,16,17,12,29,28,57
CHOQUE COTA,desnutricion global,nutricion normal (n),2005-10-01,5,2,4,2,9,4,13
CHULUMANI (V. DE LA LIBERTAD),desnutricion global,nutricion normal (n),2005-10-01,92,83,37,41,129,124,253
CHUMA,desnutricion global,nutricion normal (n),2005-10-01,37,41,29,24,66,65,131
CLIZA,desnutricion global,nutricion normal (n),2005-10-01,84,71,32,25,116,96,212
COBIJA,desnutricion global,nutricion normal (n),2005-10-01,215,183,114,136,329,319,648
COCHABAMBA,desnutricion global,nutricion normal (n),2005-10-01,1577,1451,840,691,2417,2142,4559
COIPASA,desnutricion global,nutricion normal (n),2005-10-01,1,2,5,5,6,7,13
COLCAPIRHUA,desnutricion global,nutricion normal (n),2005-10-01,248,264,163,108,411,372,783
"COLCHA ""K""",desnutricion global,nutricion normal (n),2005-10-01,68,78,57,76,125,154,279
COLLANA,desnutricion global,nutricion normal (n),2005-10-01,17,11,6,4,23,15,38
COLOMI,desnutricion global,nutricion normal (n),2005-10-01,91,74,48,40,139,114,253
COLPA BELGICA,desnutricion global,nutricion normal (n),2005-10-01,38,40,31,22,69,62,131
COLQUECHACA,desnutricion global,nutricion normal (n),2005-10-01,152,175,136,119,288,294,582
COLQUENCHA,desnutricion global,nutricion normal (n),2005-10-01,36,32,23,18,59,50,109
COLQUIRI,desnutricion global,nutricion normal (n),2005-10-01,125,116,76,80,201,196,397
COMANCHE,desnutricion global,nutricion normal (n),2005-10-01,9,19,10,18,19,37,56
COMARAPA,desnutricion global,nutricion normal (n),2005-10-01,87,81,85,86,172,167,339
COMBAYA,desnutricion global,nutricion normal (n),2005-10-01,22,17,18,21,40,38,78
CONCEPCION,desnutricion global,nutricion normal (n),2005-10-01,119,101,81,52,200,153,353
COPACABANA,desnutricion global,nutricion normal (n),2005-10-01,85,88,41,38,126,126,252
CORIPATA,desnutricion global,nutricion normal (n),2005-10-01,60,63,58,46,118,109,227
CORO CORO,desnutricion global,nutricion normal (n),2005-10-01,53,45,42,53,95,98,193
COROICO,desnutricion global,nutricion normal (n),2005-10-01,101,88,56,81,157,169,326
CORQUE,desnutricion global,nutricion normal (n),2005-10-01,37,33,36,24,73,57,130
COTAGAITA,desnutricion global,nutricion normal (n),2005-10-01,156,119,90,100,246,219,465
COTOCA,desnutricion global,nutricion normal (n),2005-10-01,230,209,90,82,320,291,611
CUATRO CAÑADAS,desnutricion global,nutricion normal (n),2005-10-01,63,63,52,47,115,110,225
CUCHUMUELA (V. G. VILLARROEL),desnutricion global,nutricion normal (n),2005-10-01,15,6,7,6,22,12,34
CUEVO,desnutricion global,nutricion normal (n),2005-10-01,21,25,33,28,54,53,107
CULPINA,desnutricion global,nutricion normal (n),2005-10-01,168,151,132,129,300,280,580
CURAHUARA DE CARANGAS,desnutricion global,nutricion normal (n),2005-10-01,26,26,34,22,60,48,108
CURVA,desnutricion global,nutricion normal (n),2005-10-01,2,1,1,0,3,1,4
DESAGUADERO,desnutricion global,nutricion normal (n),2005-10-01,38,18,25,21,63,39,102
EL ALTO,desnutricion global,nutricion normal (n),2005-10-01,3378,3122,1577,1525,4955,4647,9602
EL CHORO,desnutricion global,nutricion normal (n),2005-10-01,13,10,11,13,24,23,47
EL PUENTE(STC),desnutricion global,nutricion normal (n),2005-10-01,118,138,102,85,220,223,443
EL PUENTE(TJA),desnutricion global,nutricion normal (n),2005-10-01,62,61,114,85,176,146,322
EL TORNO,desnutricion global,nutricion normal (n),2005-10-01,148,184,78,70,226,254,480
EL VILLAR,desnutricion global,nutricion normal (n),2005-10-01,71,63,82,61,153,124,277
ENTRE RIOS,desnutricion global,nutricion normal (n),2005-10-01,174,138,136,115,310,253,563
ENTRE RIOS,desnutricion global,nutricion normal (n),2005-10-01,92,102,69,55,161,157,318
ESCARA,desnutricion global,nutricion normal (n),2005-10-01,1,1,2,0,3,1,4
EUCALIPTUS,desnutricion global,nutricion normal (n),2005-10-01,35,26,51,50,86,76,162
EUREKA (SANTOS MERCADO),desnutricion global,nutricion normal (n),2005-10-01,8,11,7,11,15,22,37
EXALTACION,desnutricion global,nutricion normal (n),2005-10-01,23,15,18,24,41,39,80
FERNANDEZ ALONSO,desnutricion global,nutricion normal (n),2005-10-01,119,128,156,163,275,291,566
FILADELFIA,desnutricion global,nutricion normal (n),2005-10-01,20,17,12,20,32,37,69
GENERAL SAAVEDRA,desnutricion global,nutricion normal (n),2005-10-01,150,121,152,158,302,279,581
GRAL. J.J. PEREZ (CHARAZANI),desnutricion global,nutricion normal (n),2005-10-01,58,54,34,27,92,81,173
GUANAY,desnutricion global,nutricion normal (n),2005-10-01,91,71,79,61,170,132,302
GUAQUI,desnutricion global,nutricion normal (n),2005-10-01,34,30,21,23,55,53,108
GUAYARAMERIN,desnutricion global,nutricion normal (n),2005-10-01,266,248,175,153,441,401,842
GUTIERREZ,desnutricion global,nutricion normal (n),2005-10-01,141,128,178,185,319,313,632
HUACARETA,desnutricion global,nutricion normal (n),2005-10-01,112,109,162,161,274,270,544
HUACAYA (VILLA DE HUACAYA),desnutricion global,nutricion normal (n),2005-10-01,38,18,45,45,83,63,146
HUACHACALLA,desnutricion global,nutricion normal (n),2005-10-01,10,4,6,5,16,9,25
HUANUNI,desnutricion global,nutricion normal (n),2005-10-01,131,116,67,56,198,172,370
HUARACAJE,desnutricion global,nutricion normal (n),2005-10-01,20,19,23,22,43,41,84
HUAYLLAMARCA,desnutricion global,nutricion normal (n),2005-10-01,39,37,24,27,63,64,127
ICHOCA,desnutricion global,nutricion normal (n),2005-10-01,23,23,23,21,46,44,90
ICLA,desnutricion global,nutricion normal (n),2005-10-01,84,100,127,110,211,210,421
INCAHUASI,desnutricion global,nutricion normal (n),2005-10-01,177,140,99,126,276,266,542
INGAVI (HUMAITA),desnutricion global,nutricion normal (n),2005-10-01,17,14,31,10,48,24,72
INQUISIVI,desnutricion global,nutricion normal (n),2005-10-01,103,100,68,62,171,162,333
IRUPANA (VILLA DE LANZA),desnutricion global,nutricion normal (n),2005-10-01,103,97,110,107,213,204,417
IXIAMAS,desnutricion global,nutricion normal (n),2005-10-01,85,63,82,62,167,125,292
JESUS DE MACHACA,desnutricion global,nutricion normal (n),2005-10-01,76,65,50,43,126,108,234
LA ASUNTA,desnutricion global,nutricion normal (n),2005-10-01,164,147,16,26,180,173,353
LA GUARDIA,desnutricion global,nutricion normal (n),2005-10-01,199,222,103,112,302,334,636
LA PAZ,desnutricion global,nutricion normal (n),2005-10-01,2785,2569,1549,1504,4334,4073,8407
LA RIVERA,desnutricion global,nutricion normal (n),2005-10-01,0,6,5,2,5,8,13
LAGUNILLAS,desnutricion global,nutricion normal (n),2005-10-01,67,53,80,103,147,156,303
LAJA,desnutricion global,nutricion normal (n),2005-10-01,131,93,59,53,190,146,336
LAS CARRERAS,desnutricion global,nutricion normal (n),2005-10-01,28,31,20,31,48,62,110
LICOMA PAMPA,desnutricion global,nutricion normal (n),2005-10-01,9,14,7,15,16,29,45
LLALLAGUA,desnutricion global,nutricion normal (n),2005-10-01,158,153,217,220,375,373,748
LLICA,desnutricion global,nutricion normal (n),2005-10-01,35,44,47,47,82,91,173
LORETO,desnutricion global,nutricion normal (n),2005-10-01,24,33,37,35,61,68,129
LURIBAY,desnutricion global,nutricion normal (n),2005-10-01,120,95,82,82,202,177,379
MACHACAMARCA,desnutricion global,nutricion normal (n),2005-10-01,13,15,16,9,29,24,53
MACHARETI,desnutricion global,nutricion normal (n),2005-10-01,96,92,177,196,273,288,561
MAGDALENA,desnutricion global,nutricion normal (n),2005-10-01,63,77,39,42,102,119,221
MAIRANA,desnutricion global,nutricion normal (n),2005-10-01,73,80,53,46,126,126,252
MALLA,desnutricion global,nutricion normal (n),2005-10-01,21,15,43,28,64,43,107
MAPIRI,desnutricion global,nutricion normal (n),2005-10-01,122,128,82,59,204,187,391
MECAPACA,desnutricion global,nutricion normal (n),2005-10-01,78,68,50,46,128,114,242
MINEROS,desnutricion global,nutricion normal (n),2005-10-01,138,130,96,100,234,230,464
MIZQUE,desnutricion global,nutricion normal (n),2005-10-01,119,101,173,153,292,254,546
MOCOMOCO,desnutricion global,nutricion normal (n),2005-10-01,99,76,64,70,163,146,309
MOJINETE,desnutricion global,nutricion normal (n),2005-10-01,9,8,8,8,17,16,33
MOJOCOYA,desnutricion global,nutricion normal (n),2005-10-01,81,55,119,76,200,131,331
MONTEAGUDO,desnutricion global,nutricion normal (n),2005-10-01,246,205,289,226,535,431,966
MONTERO,desnutricion global,nutricion normal (n),2005-10-01,1084,917,679,602,1763,1519,3282
MORO MORO,desnutricion global,nutricion normal (n),2005-10-01,22,26,41,38,63,64,127
MOROCHATA,desnutricion global,nutricion normal (n),2005-10-01,122,102,112,115,234,217,451
NACEBE (SANTA ROSA DEL ABUNA),desnutricion global,nutricion normal (n),2005-10-01,12,19,37,18,49,37,86
NAZACARA DE PACAJES,desnutricion global,nutricion normal (n),2005-10-01,3,0,6,0,9,0,9
NUEVO MANOA (NUEVA ESPERANZA),desnutricion global,nutricion normal (n),2005-10-01,23,9,7,12,30,21,51
OCURI,desnutricion global,nutricion normal (n),2005-10-01,114,93,95,80,209,173,382
OKINAWA,desnutricion global,nutricion normal (n),2005-10-01,101,80,88,72,189,152,341
OMEREQUE,desnutricion global,nutricion normal (n),2005-10-01,82,56,71,61,153,117,270
ORURO,desnutricion global,nutricion normal (n),2005-10-01,1230,1171,703,710,1933,1881,3814
PADCAYA,desnutricion global,nutricion normal (n),2005-10-01,114,116,148,141,262,257,519
PADILLA,desnutricion global,nutricion normal (n),2005-10-01,146,134,211,209,357,343,700
PALCA,desnutricion global,nutricion normal (n),2005-10-01,74,76,23,28,97,104,201
PALOS BLANCOS,desnutricion global,nutricion normal (n),2005-10-01,193,167,144,125,337,292,629
PAMPA AULLAGAS,desnutricion global,nutricion normal (n),2005-10-01,16,15,7,21,23,36,59
PAMPA GRANDE,desnutricion global,nutricion normal (n),2005-10-01,67,59,46,45,113,104,217
PAPEL PAMPA,desnutricion global,nutricion normal (n),2005-10-01,40,44,46,50,86,94,180
PASORAPA,desnutricion global,nutricion normal (n),2005-10-01,37,37,46,31,83,68,151
PATACAMAYA,desnutricion global,nutricion normal (n),2005-10-01,135,212,96,157,231,369,600
PAZÑA,desnutricion global,nutricion normal (n),2005-10-01,18,29,29,41,47,70,117
PELECHUCO,desnutricion global,nutricion normal (n),2005-10-01,29,18,23,15,52,33,85
POCOATA,desnutricion global,nutricion normal (n),2005-10-01,134,120,139,136,273,256,529
POCONA,desnutricion global,nutricion normal (n),2005-10-01,70,66,45,46,115,112,227
POJO (CBBA),desnutricion global,nutricion normal (n),2005-10-01,58,73,43,48,101,121,222
POOPO,desnutricion global,nutricion normal (n),2005-10-01,31,28,37,32,68,60,128
PORCO,desnutricion global,nutricion normal (n),2005-10-01,34,23,37,42,71,65,136
POROMA,desnutricion global,nutricion normal (n),2005-10-01,142,118,132,91,274,209,483
PORONGO,desnutricion global,nutricion normal (n),2005-10-01,44,25,20,15,64,40,104
PORTACHUELO,desnutricion global,nutricion normal (n),2005-10-01,131,135,103,89,234,224,458
PORVENIR,desnutricion global,nutricion normal (n),2005-10-01,32,39,33,28,65,67,132
POSTRER VALLE,desnutricion global,nutricion normal (n),2005-10-01,10,11,6,21,16,32,48
POTOSI,desnutricion global,nutricion normal (n),2005-10-01,894,731,473,398,1367,1129,2496
PRESTO,desnutricion global,nutricion normal (n),2005-10-01,77,74,98,74,175,148,323
PUCARA,desnutricion global,nutricion normal (n),2005-10-01,21,15,31,22,52,37,89
PUCARANI,desnutricion global,nutricion normal (n),2005-10-01,214,191,208,207,422,398,820
PUERTO ACOSTA,desnutricion global,nutricion normal (n),2005-10-01,129,118,145,126,274,244,518
PUERTO CARABUCO,desnutricion global,nutricion normal (n),2005-10-01,125,88,84,76,209,164,373
PUERTO GONZALO MORENO,desnutricion global,nutricion normal (n),2005-10-01,57,47,57,71,114,118,232
PUERTO PEREZ,desnutricion global,nutricion normal (n),2005-10-01,36,44,55,39,91,83,174
PUERTO QUIJARRO,desnutricion global,nutricion normal (n),2005-10-01,36,25,19,13,55,38,93
PUERTO RICO,desnutricion global,nutricion normal (n),2005-10-01,76,73,81,74,157,147,304
PUERTO SILES,desnutricion global,nutricion normal (n),2005-10-01,19,13,9,21,28,34,62
PUERTO SUAREZ,desnutricion global,nutricion normal (n),2005-10-01,72,49,10,14,82,63,145
PUERTO VILLARROEL,desnutricion global,nutricion normal (n),2005-10-01,296,248,192,160,488,408,896
PUNA,desnutricion global,nutricion normal (n),2005-10-01,192,170,169,131,361,301,662
PUNATA,desnutricion global,nutricion normal (n),2005-10-01,245,268,80,76,325,344,669
QUIABAYA,desnutricion global,nutricion normal (n),2005-10-01,9,9,12,15,21,24,45
QUILLACOLLO,desnutricion global,nutricion normal (n),2005-10-01,634,598,273,277,907,875,1782
QUIME,desnutricion global,nutricion normal (n),2005-10-01,95,76,55,69,150,145,295
QUIRUSILLAS,desnutricion global,nutricion normal (n),2005-10-01,6,2,6,9,12,11,23
RAVELO,desnutricion global,nutricion normal (n),2005-10-01,216,202,170,177,386,379,765
REYES,desnutricion global,nutricion normal (n),2005-10-01,72,102,70,86,142,188,330
RIBERALTA,desnutricion global,nutricion normal (n),2005-10-01,890,774,339,327,1229,1101,2330
ROBORE,desnutricion global,nutricion normal (n),2005-10-01,8,6,15,13,23,19,42
RURRENABAQUE,desnutricion global,nutricion normal (n),2005-10-01,52,67,50,45,102,112,214
SABAYA,desnutricion global,nutricion normal (n),2005-10-01,30,24,19,19,49,43,92
SACABA,desnutricion global,nutricion normal (n),2005-10-01,473,406,156,178,629,584,1213
SACABAMBA,desnutricion global,nutricion normal (n),2005-10-01,15,19,13,18,28,37,65
SACACA,desnutricion global,nutricion normal (n),2005-10-01,110,115,139,100,249,215,464
SAIPINA,desnutricion global,nutricion normal (n),2005-10-01,35,32,45,31,80,63,143
SALINAS DE GARCI MENDOZA,desnutricion global,nutricion normal (n),2005-10-01,59,59,87,92,146,151,297
SAMAIPATA,desnutricion global,nutricion normal (n),2005-10-01,87,72,69,51,156,123,279
SAN AGUSTIN,desnutricion global,nutricion normal (n),2005-10-01,9,16,17,10,26,26,52
SAN ANDRES,desnutricion global,nutricion normal (n),2005-10-01,80,74,81,70,161,144,305
SAN ANDRES DE MACHACA,desnutricion global,nutricion normal (n),2005-10-01,36,21,19,27,55,48,103
SAN ANTONIO DE ESMORUCO,desnutricion global,nutricion normal (n),2005-10-01,2,1,12,17,14,18,32
SAN ANTONIO DE LOMERIO,desnutricion global,nutricion normal (n),2005-10-01,9,11,10,9,19,20,39
SAN BENITO,desnutricion global,nutricion normal (n),2005-10-01,73,47,37,39,110,86,196
SAN BORJA,desnutricion global,nutricion normal (n),2005-10-01,309,303,240,192,549,495,1044
SAN BUENA VENTURA,desnutricion global,nutricion normal (n),2005-10-01,64,54,41,46,105,100,205
SAN CARLOS,desnutricion global,nutricion normal (n),2005-10-01,185,160,106,115,291,275,566
SAN IGNACIO,desnutricion global,nutricion normal (n),2005-10-01,185,117,147,92,332,209,541
SAN IGNACIO DE VELASCO,desnutricion global,nutricion normal (n),2005-10-01,414,348,274,244,688,592,1280
SAN JAVIER(BNI),desnutricion global,nutricion normal (n),2005-10-01,13,26,31,23,44,49,93
SAN JAVIER(STC),desnutricion global,nutricion normal (n),2005-10-01,43,40,22,17,65,57,122
SAN JOAQUIN,desnutricion global,nutricion normal (n),2005-10-01,12,10,11,13,23,23,46
SAN JOSE DE CHIQUITOS,desnutricion global,nutricion normal (n),2005-10-01,6,11,7,6,13,17,30
SAN JUAN DE YAPACANI,desnutricion global,nutricion normal (n),2005-10-01,127,110,108,91,235,201,436
SAN JULIAN,desnutricion global,nutricion normal (n),2005-10-01,148,124,137,157,285,281,566
SAN LORENZO(PND),desnutricion global,nutricion normal (n),2005-10-01,94,78,72,75,166,153,319
SAN LORENZO(TJA),desnutricion global,nutricion normal (n),2005-10-01,124,120,108,110,232,230,462
SAN LUCAS,desnutricion global,nutricion normal (n),2005-10-01,336,287,339,301,675,588,1263
SAN MIGUEL DE VELASCO,desnutricion global,nutricion normal (n),2005-10-01,137,115,105,96,242,211,453
SAN PABLO DE LIPEZ,desnutricion global,nutricion normal (n),2005-10-01,7,15,10,12,17,27,44
SAN PEDRO,desnutricion global,nutricion normal (n),2005-10-01,106,100,102,115,208,215,423
SAN PEDRO DE BUENA VISTA,desnutricion global,nutricion normal (n),2005-10-01,138,133,142,106,280,239,519
SAN PEDRO DE CURAHUARA,desnutricion global,nutricion normal (n),2005-10-01,55,42,60,98,115,140,255
SAN PEDRO DE QUEMES,desnutricion global,nutricion normal (n),2005-10-01,1,5,1,2,2,7,9
SAN PEDRO DE TIQUINA,desnutricion global,nutricion normal (n),2005-10-01,41,36,23,24,64,60,124
SAN PEDRO(PND),desnutricion global,nutricion normal (n),2005-10-01,30,42,47,49,77,91,168
SAN RAFAEL,desnutricion global,nutricion normal (n),2005-10-01,40,41,57,39,97,80,177
SAN RAMON,desnutricion global,nutricion normal (n),2005-10-01,20,17,17,9,37,26,63
SANTA ANA,desnutricion global,nutricion normal (n),2005-10-01,138,128,117,104,255,232,487
SANTA CRUZ DE LA SIERRA,desnutricion global,nutricion normal (n),2005-10-01,4613,4094,2246,2052,6859,6146,13005
SANTA ROSA,desnutricion global,nutricion normal (n),2005-10-01,37,48,48,72,85,120,205
SANTA ROSA DEL SARA,desnutricion global,nutricion normal (n),2005-10-01,70,86,66,75,136,161,297
SANTIAGO DE CALLAPA,desnutricion global,nutricion normal (n),2005-10-01,20,31,27,34,47,65,112
SANTIAGO DE HUARI,desnutricion global,nutricion normal (n),2005-10-01,34,47,50,39,84,86,170
SANTIAGO DE MACHACA,desnutricion global,nutricion normal (n),2005-10-01,23,21,13,12,36,33,69
SANTIVAÑES,desnutricion global,nutricion normal (n),2005-10-01,36,52,44,29,80,81,161
SANTUARIO DE QUILLACAS,desnutricion global,nutricion normal (n),2005-10-01,16,7,21,15,37,22,59
SAPAHAQUI,desnutricion global,nutricion normal (n),2005-10-01,76,55,66,62,142,117,259
SENA,desnutricion global,nutricion normal (n),2005-10-01,26,29,23,20,49,49,98
SICA SICA (VILLA AROMA),desnutricion global,nutricion normal (n),2005-10-01,79,75,73,69,152,144,296
SICAYA,desnutricion global,nutricion normal (n),2005-10-01,10,3,6,1,16,4,20
SIPE SIPE,desnutricion global,nutricion normal (n),2005-10-01,294,302,235,235,529,537,1066
SOPACHUY,desnutricion global,nutricion normal (n),2005-10-01,69,75,78,54,147,129,276
SORACACHI,desnutricion global,nutricion normal (n),2005-10-01,49,64,78,59,127,123,250
SORATA,desnutricion global,nutricion normal (n),2005-10-01,127,154,148,159,275,313,588
SUCRE,desnutricion global,nutricion normal (n),2005-10-01,1260,1280,1031,968,2291,2248,4539
TACACHI,desnutricion global,nutricion normal (n),2005-10-01,3,6,5,1,8,7,15
TACACOMA,desnutricion global,nutricion normal (n),2005-10-01,47,45,36,38,83,83,166
TACOPAYA,desnutricion global,nutricion normal (n),2005-10-01,108,96,112,107,220,203,423
TAHUA,desnutricion global,nutricion normal (n),2005-10-01,6,7,17,23,23,30,53
TAPACARI,desnutricion global,nutricion normal (n),2005-10-01,119,115,74,91,193,206,399
TARABUCO,desnutricion global,nutricion normal (n),2005-10-01,202,197,306,267,508,464,972
TARACO,desnutricion global,nutricion normal (n),2005-10-01,32,29,31,52,63,81,144
TARATA,desnutricion global,nutricion normal (n),2005-10-01,40,42,13,10,53,52,105
TARIJA,desnutricion global,nutricion normal (n),2005-10-01,987,845,508,529,1495,1374,2869
TARVITA,desnutricion global,nutricion normal (n),2005-10-01,92,58,29,53,121,111,232
TEOPONTE,desnutricion global,nutricion normal (n),2005-10-01,43,41,50,37,93,78,171
TIAWANACU,desnutricion global,nutricion normal (n),2005-10-01,69,73,45,39,114,112,226
TINGUIPAYA,desnutricion global,nutricion normal (n),2005-10-01,88,101,190,90,278,191,469
TIPUANI,desnutricion global,nutricion normal (n),2005-10-01,72,59,26,30,98,89,187
TIQUIPAYA,desnutricion global,nutricion normal (n),2005-10-01,272,234,207,152,479,386,865
TIRAQUE (CBBA),desnutricion global,nutricion normal (n),2005-10-01,254,190,193,156,447,346,793
TITO YUPANQUI (PARQUIPUJIO),desnutricion global,nutricion normal (n),2005-10-01,9,14,14,4,23,18,41
TOCO,desnutricion global,nutricion normal (n),2005-10-01,21,7,9,5,30,12,42
TODOS SANTOS,desnutricion global,nutricion normal (n),2005-10-01,2,3,2,0,4,3,7
TOLATA,desnutricion global,nutricion normal (n),2005-10-01,8,14,8,8,16,22,38
TOLEDO,desnutricion global,nutricion normal (n),2005-10-01,54,42,38,37,92,79,171
TOMAVE,desnutricion global,nutricion normal (n),2005-10-01,88,54,46,31,134,85,219
TOMINA,desnutricion global,nutricion normal (n),2005-10-01,136,101,136,129,272,230,502
TORO TORO,desnutricion global,nutricion normal (n),2005-10-01,95,85,80,80,175,165,340
TOTORA(CBBA),desnutricion global,nutricion normal (n),2005-10-01,71,66,35,36,106,102,208
TOTORA(ORR),desnutricion global,nutricion normal (n),2005-10-01,23,27,18,18,41,45,86
TRIGAL,desnutricion global,nutricion normal (n),2005-10-01,13,13,8,9,21,22,43
TRINIDAD,desnutricion global,nutricion normal (n),2005-10-01,522,443,301,194,823,637,1460
TUPIZA,desnutricion global,nutricion normal (n),2005-10-01,235,228,225,201,460,429,889
TURCO,desnutricion global,nutricion normal (n),2005-10-01,11,9,12,9,23,18,41
UMALA,desnutricion global,nutricion normal (n),2005-10-01,31,31,35,35,66,66,132
UNCIA,desnutricion global,nutricion normal (n),2005-10-01,111,107,66,69,177,176,353
URIONDO (A. CONCEPCION),desnutricion global,nutricion normal (n),2005-10-01,130,107,123,135,253,242,495
URUBICHA,desnutricion global,nutricion normal (n),2005-10-01,93,107,172,150,265,257,522
UYUNI,desnutricion global,nutricion normal (n),2005-10-01,35,25,23,15,58,40,98
VACAS,desnutricion global,nutricion normal (n),2005-10-01,77,82,59,55,136,137,273
VALLEGRANDE,desnutricion global,nutricion normal (n),2005-10-01,124,126,86,90,210,216,426
VIACHA,desnutricion global,nutricion normal (n),2005-10-01,214,166,92,96,306,262,568
VILA VILA,desnutricion global,nutricion normal (n),2005-10-01,21,21,26,31,47,52,99
VILLA MONTES,desnutricion global,nutricion normal (n),2005-10-01,194,190,138,184,332,374,706
VILLA NUEVA (LOMA ALTA),desnutricion global,nutricion normal (n),2005-10-01,12,11,9,8,21,19,40
VILLA RIVERO,desnutricion global,nutricion normal (n),2005-10-01,34,38,21,18,55,56,111
VILLA SERRANO,desnutricion global,nutricion normal (n),2005-10-01,139,139,155,158,294,297,591
VILLA TUNARI,desnutricion global,nutricion normal (n),2005-10-01,383,379,351,313,734,692,1426
VILLA VACA GUZMAN (MUYUPAMPA),desnutricion global,nutricion normal (n),2005-10-01,101,106,153,189,254,295,549
VILLAZON,desnutricion global,nutricion normal (n),2005-10-01,215,188,122,172,337,360,697
VINTO,desnutricion global,nutricion normal (n),2005-10-01,183,87,30,26,213,113,326
VITICHI,desnutricion global,nutricion normal (n),2005-10-01,84,124,106,61,190,185,375
WALDO BALLIVIAN,desnutricion global,nutricion normal (n),2005-10-01,7,11,1,3,8,14,22
WARNES,desnutricion global,nutricion normal (n),2005-10-01,474,383,302,307,776,690,1466
YACO,desnutricion global,nutricion normal (n),2005-10-01,26,22,37,29,63,51,114
YACUIBA,desnutricion global,nutricion normal (n),2005-10-01,251,264,192,165,443,429,872
YAMPARAEZ,desnutricion global,nutricion normal (n),2005-10-01,103,98,164,158,267,256,523
YANACACHI,desnutricion global,nutricion normal (n),2005-10-01,31,36,19,12,50,48,98
YAPACANI,desnutricion global,nutricion normal (n),2005-10-01,337,311,200,185,537,496,1033
YOCALLA,desnutricion global,nutricion normal (n),2005-10-01,24,19,28,30,52,49,101
YOTALA,desnutricion global,nutricion normal (n),2005-10-01,92,80,121,134,213,214,427
YUNCHARA,desnutricion global,nutricion normal (n),2005-10-01,33,29,53,51,86,80,166
ZUDAÑEZ,desnutricion global,nutricion normal (n),2005-10-01,70,56,69,65,139,121,260
ACACIO,desnutricion global,nutricion normal (n),2005-11-01,71,77,70,85,141,162,303
ACHACACHI,desnutricion global,nutricion normal (n),2005-11-01,268,285,272,311,540,596,1136
ACHOCALLA,desnutricion global,nutricion normal (n),2005-11-01,49,45,12,14,61,59,120
AIQUILE,desnutricion global,nutricion normal (n),2005-11-01,86,64,47,50,133,114,247
ALALAY,desnutricion global,nutricion normal (n),2005-11-01,20,23,36,27,56,50,106
ALCALA,desnutricion global,nutricion normal (n),2005-11-01,34,32,52,52,86,84,170
ANCORAIMES,desnutricion global,nutricion normal (n),2005-11-01,66,88,92,86,158,174,332
ANDAMARCA,desnutricion global,nutricion normal (n),2005-11-01,13,23,44,61,57,84,141
ANTEQUERA,desnutricion global,nutricion normal (n),2005-11-01,12,7,13,16,25,23,48
ANZALDO,desnutricion global,nutricion normal (n),2005-11-01,7,3,16,17,23,20,43
APOLO,desnutricion global,nutricion normal (n),2005-11-01,117,113,141,139,258,252,510
ARAMPAMPA,desnutricion global,nutricion normal (n),2005-11-01,50,58,48,61,98,119,217
ARANI,desnutricion global,nutricion normal (n),2005-11-01,24,32,22,24,46,56,102
ARBIETO,desnutricion global,nutricion normal (n),2005-11-01,49,19,22,23,71,42,113
ARQUE,desnutricion global,nutricion normal (n),2005-11-01,72,77,29,23,101,100,201
ASCENCION DE GUARAYOS,desnutricion global,nutricion normal (n),2005-11-01,0,0,2,0,2,0,2
ATOCHA,desnutricion global,nutricion normal (n),2005-11-01,91,91,59,64,150,155,305
AUCAPATA,desnutricion global,nutricion normal (n),2005-11-01,30,14,11,8,41,22,63
AYATA,desnutricion global,nutricion normal (n),2005-11-01,85,60,60,72,145,132,277
AYO AYO,desnutricion global,nutricion normal (n),2005-11-01,43,48,19,12,62,60,122
AYOPAYA (V. DE INDEPENDENCIA),desnutricion global,nutricion normal (n),2005-11-01,140,140,85,88,225,228,453
AZURDUY,desnutricion global,nutricion normal (n),2005-11-01,219,187,255,183,474,370,844
BATALLAS,desnutricion global,nutricion normal (n),2005-11-01,78,69,32,31,110,100,210
BAURES,desnutricion global,nutricion normal (n),2005-11-01,41,44,18,24,59,68,127
BELEN DE ANDAMARCA,desnutricion global,nutricion normal (n),2005-11-01,2,5,1,1,3,6,9
BELEN DE URMIRI,desnutricion global,nutricion normal (n),2005-11-01,14,20,12,11,26,31,57
BELLA FLOR,desnutricion global,nutricion normal (n),2005-11-01,19,21,29,31,48,52,100
BERMEJO,desnutricion global,nutricion normal (n),2005-11-01,52,63,52,56,104,119,223
BETANZOS,desnutricion global,nutricion normal (n),2005-11-01,222,220,207,183,429,403,832
BOLIVAR,desnutricion global,nutricion normal (n),2005-11-01,43,47,50,48,93,95,188
BOLPEBRA,desnutricion global,nutricion normal (n),2005-11-01,15,11,19,21,34,32,66
BOYUIBE,desnutricion global,nutricion normal (n),2005-11-01,35,20,33,23,68,43,111
BUENA VISTA,desnutricion global,nutricion normal (n),2005-11-01,150,148,129,108,279,256,535
CABEZAS,desnutricion global,nutricion normal (n),2005-11-01,146,116,116,111,262,227,489
CAIROMA,desnutricion global,nutricion normal (n),2005-11-01,95,77,57,55,152,132,284
"CAIZA ""D""",desnutricion global,nutricion normal (n),2005-11-01,102,89,122,110,224,199,423
CAJUATA,desnutricion global,nutricion normal (n),2005-11-01,57,36,29,33,86,69,155
CALACOTO,desnutricion global,nutricion normal (n),2005-11-01,36,35,33,41,69,76,145
CALAMARCA,desnutricion global,nutricion normal (n),2005-11-01,97,108,61,58,158,166,324
CAMARGO,desnutricion global,nutricion normal (n),2005-11-01,140,148,106,97,246,245,491
CAMATAQUI (C. VILLA ABECIA),desnutricion global,nutricion normal (n),2005-11-01,35,21,27,30,62,51,113
CAMIRI,desnutricion global,nutricion normal (n),2005-11-01,332,294,248,215,580,509,1089
CAPINOTA,desnutricion global,nutricion normal (n),2005-11-01,93,74,38,56,131,130,261
CAQUIAVIRI,desnutricion global,nutricion normal (n),2005-11-01,85,86,52,50,137,136,273
CARACOLLO,desnutricion global,nutricion normal (n),2005-11-01,106,99,34,38,140,137,277
CARANAVI,desnutricion global,nutricion normal (n),2005-11-01,412,330,244,221,656,551,1207
CARANGAS,desnutricion global,nutricion normal (n),2005-11-01,1,3,1,0,2,3,5
CARAPARI,desnutricion global,nutricion normal (n),2005-11-01,83,104,107,97,190,201,391
CARIPUYO,desnutricion global,nutricion normal (n),2005-11-01,100,99,107,86,207,185,392
CATACORA,desnutricion global,nutricion normal (n),2005-11-01,3,1,3,0,6,1,7
CHACARILLA,desnutricion global,nutricion normal (n),2005-11-01,13,7,16,25,29,32,61
CHALLAPATA,desnutricion global,nutricion normal (n),2005-11-01,151,153,113,112,264,265,529
CHAQUI,desnutricion global,nutricion normal (n),2005-11-01,69,55,72,64,141,119,260
CHARAGUA,desnutricion global,nutricion normal (n),2005-11-01,163,180,123,124,286,304,590
CHARAÑA,desnutricion global,nutricion normal (n),2005-11-01,30,17,21,19,51,36,87
CHAYANTA,desnutricion global,nutricion normal (n),2005-11-01,79,73,53,69,132,142,274
CHIMORE,desnutricion global,nutricion normal (n),2005-11-01,59,50,37,67,96,117,213
CHIPAYA,desnutricion global,nutricion normal (n),2005-11-01,13,17,14,13,27,30,57
CHOQUE COTA,desnutricion global,nutricion normal (n),2005-11-01,12,8,16,9,28,17,45
CHULUMANI (V. DE LA LIBERTAD),desnutricion global,nutricion normal (n),2005-11-01,72,58,34,28,106,86,192
CHUMA,desnutricion global,nutricion normal (n),2005-11-01,50,64,28,30,78,94,172
CLIZA,desnutricion global,nutricion normal (n),2005-11-01,90,71,34,30,124,101,225
COBIJA,desnutricion global,nutricion normal (n),2005-11-01,276,218,150,150,426,368,794
COCHABAMBA,desnutricion global,nutricion normal (n),2005-11-01,1831,1728,911,765,2742,2493,5235
COIPASA,desnutricion global,nutricion normal (n),2005-11-01,3,5,6,5,9,10,19
COLCAPIRHUA,desnutricion global,nutricion normal (n),2005-11-01,216,220,108,74,324,294,618
"COLCHA ""K""",desnutricion global,nutricion normal (n),2005-11-01,92,109,72,94,164,203,367
COLLANA,desnutricion global,nutricion normal (n),2005-11-01,6,1,5,0,11,1,12
COLOMI,desnutricion global,nutricion normal (n),2005-11-01,172,127,70,71,242,198,440
COLPA BELGICA,desnutricion global,nutricion normal (n),2005-11-01,40,42,40,24,80,66,146
COLQUECHACA,desnutricion global,nutricion normal (n),2005-11-01,141,139,90,98,231,237,468
COLQUENCHA,desnutricion global,nutricion normal (n),2005-11-01,27,30,5,10,32,40,72
COLQUIRI,desnutricion global,nutricion normal (n),2005-11-01,115,105,77,73,192,178,370
COMANCHE,desnutricion global,nutricion normal (n),2005-11-01,14,6,4,9,18,15,33
COMARAPA,desnutricion global,nutricion normal (n),2005-11-01,83,117,83,92,166,209,375
COMBAYA,desnutricion global,nutricion normal (n),2005-11-01,13,8,21,7,34,15,49
CONCEPCION,desnutricion global,nutricion normal (n),2005-11-01,110,91,93,74,203,165,368
COPACABANA,desnutricion global,nutricion normal (n),2005-11-01,61,75,35,31,96,106,202
CORIPATA,desnutricion global,nutricion normal (n),2005-11-01,84,98,83,78,167,176,343
CORO CORO,desnutricion global,nutricion normal (n),2005-11-01,77,50,27,35,104,85,189
COROICO,desnutricion global,nutricion normal (n),2005-11-01,155,97,59,68,214,165,379
CORQUE,desnutricion global,nutricion normal (n),2005-11-01,46,41,67,56,113,97,210
COTAGAITA,desnutricion global,nutricion normal (n),2005-11-01,150,142,98,87,248,229,477
COTOCA,desnutricion global,nutricion normal (n),2005-11-01,313,243,86,89,399,332,731
CUATRO CAÑADAS,desnutricion global,nutricion normal (n),2005-11-01,75,49,55,56,130,105,235
CUCHUMUELA (V. G. VILLARROEL),desnutricion global,nutricion normal (n),2005-11-01,16,11,9,6,25,17,42
CUEVO,desnutricion global,nutricion normal (n),2005-11-01,23,37,29,30,52,67,119
CULPINA,desnutricion global,nutricion normal (n),2005-11-01,241,220,177,174,418,394,812
CURAHUARA DE CARANGAS,desnutricion global,nutricion normal (n),2005-11-01,22,24,18,12,40,36,76
CURVA,desnutricion global,nutricion normal (n),2005-11-01,11,5,13,7,24,12,36
DESAGUADERO,desnutricion global,nutricion normal (n),2005-11-01,15,17,25,24,40,41,81
EL ALTO,desnutricion global,nutricion normal (n),2005-11-01,3868,3699,1814,1816,5682,5515,11197
EL CHORO,desnutricion global,nutricion normal (n),2005-11-01,20,10,21,22,41,32,73
EL PUENTE(STC),desnutricion global,nutricion normal (n),2005-11-01,99,141,98,91,197,232,429
EL PUENTE(TJA),desnutricion global,nutricion normal (n),2005-11-01,55,75,133,103,188,178,366
EL TORNO,desnutricion global,nutricion normal (n),2005-11-01,233,253,160,136,393,389,782
EL VILLAR,desnutricion global,nutricion normal (n),2005-11-01,70,53,103,70,173,123,296
ENTRE RIOS,desnutricion global,nutricion normal (n),2005-11-01,198,166,158,148,356,314,670
ENTRE RIOS,desnutricion global,nutricion normal (n),2005-11-01,140,149,95,68,235,217,452
ESCARA,desnutricion global,nutricion normal (n),2005-11-01,1,0,1,0,2,0,2
EUCALIPTUS,desnutricion global,nutricion normal (n),2005-11-01,47,30,52,42,99,72,171
EUREKA (SANTOS MERCADO),desnutricion global,nutricion normal (n),2005-11-01,16,28,22,26,38,54,92
EXALTACION,desnutricion global,nutricion normal (n),2005-11-01,30,20,32,30,62,50,112
FERNANDEZ ALONSO,desnutricion global,nutricion normal (n),2005-11-01,172,122,143,188,315,310,625
FILADELFIA,desnutricion global,nutricion normal (n),2005-11-01,37,67,55,60,92,127,219
GENERAL SAAVEDRA,desnutricion global,nutricion normal (n),2005-11-01,192,130,197,190,389,320,709
GRAL. J.J. PEREZ (CHARAZANI),desnutricion global,nutricion normal (n),2005-11-01,85,92,79,82,164,174,338
GUANAY,desnutricion global,nutricion normal (n),2005-11-01,104,104,84,55,188,159,347
GUAQUI,desnutricion global,nutricion normal (n),2005-11-01,30,20,15,20,45,40,85
GUAYARAMERIN,desnutricion global,nutricion normal (n),2005-11-01,255,255,142,160,397,415,812
GUTIERREZ,desnutricion global,nutricion normal (n),2005-11-01,98,103,149,151,247,254,501
HUACARETA,desnutricion global,nutricion normal (n),2005-11-01,108,99,93,115,201,214,415
HUACAYA (VILLA DE HUACAYA),desnutricion global,nutricion normal (n),2005-11-01,42,36,42,50,84,86,170
HUACHACALLA,desnutricion global,nutricion normal (n),2005-11-01,11,7,7,6,18,13,31
HUANUNI,desnutricion global,nutricion normal (n),2005-11-01,173,142,53,53,226,195,421
HUARACAJE,desnutricion global,nutricion normal (n),2005-11-01,43,30,50,31,93,61,154
HUAYLLAMARCA,desnutricion global,nutricion normal (n),2005-11-01,41,34,31,28,72,62,134
ICHOCA,desnutricion global,nutricion normal (n),2005-11-01,45,40,29,16,74,56,130
ICLA,desnutricion global,nutricion normal (n),2005-11-01,102,104,129,141,231,245,476
INCAHUASI,desnutricion global,nutricion normal (n),2005-11-01,220,206,135,156,355,362,717
INGAVI (HUMAITA),desnutricion global,nutricion normal (n),2005-11-01,1,1,2,1,3,2,5
INQUISIVI,desnutricion global,nutricion normal (n),2005-11-01,75,72,41,41,116,113,229
IRUPANA (VILLA DE LANZA),desnutricion global,nutricion normal (n),2005-11-01,136,115,98,95,234,210,444
IXIAMAS,desnutricion global,nutricion normal (n),2005-11-01,62,54,64,45,126,99,225
JESUS DE MACHACA,desnutricion global,nutricion normal (n),2005-11-01,81,69,21,19,102,88,190
LA ASUNTA,desnutricion global,nutricion normal (n),2005-11-01,167,141,43,46,210,187,397
LA GUARDIA,desnutricion global,nutricion normal (n),2005-11-01,262,243,113,95,375,338,713
LA PAZ,desnutricion global,nutricion normal (n),2005-11-01,3376,2947,1732,1686,5108,4633,9741
LA RIVERA,desnutricion global,nutricion normal (n),2005-11-01,0,4,4,3,4,7,11
LAGUNILLAS,desnutricion global,nutricion normal (n),2005-11-01,80,68,98,85,178,153,331
LAJA,desnutricion global,nutricion normal (n),2005-11-01,101,119,47,68,148,187,335
LAS CARRERAS,desnutricion global,nutricion normal (n),2005-11-01,37,48,38,43,75,91,166
LICOMA PAMPA,desnutricion global,nutricion normal (n),2005-11-01,14,16,10,14,24,30,54
LLALLAGUA,desnutricion global,nutricion normal (n),2005-11-01,257,263,345,388,602,651,1253
LLICA,desnutricion global,nutricion normal (n),2005-11-01,38,31,32,35,70,66,136
LORETO,desnutricion global,nutricion normal (n),2005-11-01,19,19,25,20,44,39,83
LURIBAY,desnutricion global,nutricion normal (n),2005-11-01,119,112,109,83,228,195,423
MACHACAMARCA,desnutricion global,nutricion normal (n),2005-11-01,24,25,20,8,44,33,77
MACHARETI,desnutricion global,nutricion normal (n),2005-11-01,81,90,122,160,203,250,453
MAGDALENA,desnutricion global,nutricion normal (n),2005-11-01,79,68,45,49,124,117,241
MAIRANA,desnutricion global,nutricion normal (n),2005-11-01,88,96,53,52,141,148,289
MALLA,desnutricion global,nutricion normal (n),2005-11-01,25,22,44,35,69,57,126
MAPIRI,desnutricion global,nutricion normal (n),2005-11-01,111,109,68,54,179,163,342
MECAPACA,desnutricion global,nutricion normal (n),2005-11-01,80,77,77,63,157,140,297
MINEROS,desnutricion global,nutricion normal (n),2005-11-01,156,161,142,120,298,281,579
MIZQUE,desnutricion global,nutricion normal (n),2005-11-01,96,76,76,74,172,150,322
MOCOMOCO,desnutricion global,nutricion normal (n),2005-11-01,112,98,70,68,182,166,348
MOJINETE,desnutricion global,nutricion normal (n),2005-11-01,10,8,17,13,27,21,48
MOJOCOYA,desnutricion global,nutricion normal (n),2005-11-01,79,74,112,91,191,165,356
MONTEAGUDO,desnutricion global,nutricion normal (n),2005-11-01,244,236,281,208,525,444,969
MONTERO,desnutricion global,nutricion normal (n),2005-11-01,1327,1084,843,810,2170,1894,4064
MORO MORO,desnutricion global,nutricion normal (n),2005-11-01,22,14,31,9,53,23,76
MOROCHATA,desnutricion global,nutricion normal (n),2005-11-01,121,116,86,92,207,208,415
NACEBE (SANTA ROSA DEL ABUNA),desnutricion global,nutricion normal (n),2005-11-01,11,8,11,6,22,14,36
NAZACARA DE PACAJES,desnutricion global,nutricion normal (n),2005-11-01,2,2,5,1,7,3,10
NUEVO MANOA (NUEVA ESPERANZA),desnutricion global,nutricion normal (n),2005-11-01,19,10,24,20,43,30,73
OCURI,desnutricion global,nutricion normal (n),2005-11-01,108,103,96,81,204,184,388
OKINAWA,desnutricion global,nutricion normal (n),2005-11-01,108,111,97,98,205,209,414
OMEREQUE,desnutricion global,nutricion normal (n),2005-11-01,57,45,20,26,77,71,148
ORURO,desnutricion global,nutricion normal (n),2005-11-01,1374,1264,757,742,2131,2006,4137
PADCAYA,desnutricion global,nutricion normal (n),2005-11-01,146,125,154,146,300,271,571
PADILLA,desnutricion global,nutricion normal (n),2005-11-01,145,142,189,183,334,325,659
PAILON,desnutricion global,nutricion normal (n),2005-11-01,7,14,6,13,13,27,40
PALCA,desnutricion global,nutricion normal (n),2005-11-01,73,94,24,34,97,128,225
PALOS BLANCOS,desnutricion global,nutricion normal (n),2005-11-01,198,200,148,126,346,326,672
PAMPA AULLAGAS,desnutricion global,nutricion normal (n),2005-11-01,23,13,9,14,32,27,59
PAMPA GRANDE,desnutricion global,nutricion normal (n),2005-11-01,65,43,47,44,112,87,199
PAPEL PAMPA,desnutricion global,nutricion normal (n),2005-11-01,11,18,12,17,23,35,58
PASORAPA,desnutricion global,nutricion normal (n),2005-11-01,34,39,41,37,75,76,151
PATACAMAYA,desnutricion global,nutricion normal (n),2005-11-01,159,159,79,91,238,250,488
PAZÑA,desnutricion global,nutricion normal (n),2005-11-01,21,32,34,27,55,59,114
PELECHUCO,desnutricion global,nutricion normal (n),2005-11-01,27,22,21,21,48,43,91
POCOATA,desnutricion global,nutricion normal (n),2005-11-01,146,147,120,93,266,240,506
POCONA,desnutricion global,nutricion normal (n),2005-11-01,33,43,19,25,52,68,120
POJO (CBBA),desnutricion global,nutricion normal (n),2005-11-01,78,123,88,86,166,209,375
POOPO,desnutricion global,nutricion normal (n),2005-11-01,16,30,32,27,48,57,105
PORCO,desnutricion global,nutricion normal (n),2005-11-01,80,93,58,57,138,150,288
POROMA,desnutricion global,nutricion normal (n),2005-11-01,159,176,202,160,361,336,697
PORONGO,desnutricion global,nutricion normal (n),2005-11-01,42,21,8,15,50,36,86
PORTACHUELO,desnutricion global,nutricion normal (n),2005-11-01,147,134,134,126,281,260,541
PORVENIR,desnutricion global,nutricion normal (n),2005-11-01,38,31,27,22,65,53,118
POSTRER VALLE,desnutricion global,nutricion normal (n),2005-11-01,11,18,6,10,17,28,45
POTOSI,desnutricion global,nutricion normal (n),2005-11-01,1132,765,396,347,1528,1112,2640
PRESTO,desnutricion global,nutricion normal (n),2005-11-01,103,96,120,132,223,228,451
PUCARA,desnutricion global,nutricion normal (n),2005-11-01,15,6,11,7,26,13,39
PUCARANI,desnutricion global,nutricion normal (n),2005-11-01,198,175,196,174,394,349,743
PUERTO ACOSTA,desnutricion global,nutricion normal (n),2005-11-01,90,123,115,112,205,235,440
PUERTO CARABUCO,desnutricion global,nutricion normal (n),2005-11-01,82,85,62,75,144,160,304
PUERTO GONZALO MORENO,desnutricion global,nutricion normal (n),2005-11-01,45,42,31,33,76,75,151
PUERTO PEREZ,desnutricion global,nutricion normal (n),2005-11-01,43,42,51,44,94,86,180
PUERTO RICO,desnutricion global,nutricion normal (n),2005-11-01,84,89,93,97,177,186,363
PUERTO SILES,desnutricion global,nutricion normal (n),2005-11-01,27,20,24,31,51,51,102
PUERTO SUAREZ,desnutricion global,nutricion normal (n),2005-11-01,58,60,17,9,75,69,144
PUERTO VILLARROEL,desnutricion global,nutricion normal (n),2005-11-01,311,255,234,180,545,435,980
PUNA,desnutricion global,nutricion normal (n),2005-11-01,212,189,146,150,358,339,697
PUNATA,desnutricion global,nutricion normal (n),2005-11-01,266,347,96,97,362,444,806
QUIABAYA,desnutricion global,nutricion normal (n),2005-11-01,26,20,15,20,41,40,81
QUILLACOLLO,desnutricion global,nutricion normal (n),2005-11-01,583,522,241,185,824,707,1531
QUIME,desnutricion global,nutricion normal (n),2005-11-01,72,77,62,58,134,135,269
QUIRUSILLAS,desnutricion global,nutricion normal (n),2005-11-01,9,1,11,17,20,18,38
RAVELO,desnutricion global,nutricion normal (n),2005-11-01,187,188,209,174,396,362,758
REYES,desnutricion global,nutricion normal (n),2005-11-01,84,80,67,56,151,136,287
RIBERALTA,desnutricion global,nutricion normal (n),2005-11-01,856,740,300,297,1156,1037,2193
ROBORE,desnutricion global,nutricion normal (n),2005-11-01,6,6,11,9,17,15,32
RURRENABAQUE,desnutricion global,nutricion normal (n),2005-11-01,86,102,68,52,154,154,308
SABAYA,desnutricion global,nutricion normal (n),2005-11-01,23,12,17,30,40,42,82
SACABA,desnutricion global,nutricion normal (n),2005-11-01,872,772,350,350,1222,1122,2344
SACABAMBA,desnutricion global,nutricion normal (n),2005-11-01,33,33,16,19,49,52,101
SACACA,desnutricion global,nutricion normal (n),2005-11-01,133,135,175,140,308,275,583
SAIPINA,desnutricion global,nutricion normal (n),2005-11-01,29,29,28,30,57,59,116
SALINAS DE GARCI MENDOZA,desnutricion global,nutricion normal (n),2005-11-01,70,74,84,73,154,147,301
SAMAIPATA,desnutricion global,nutricion normal (n),2005-11-01,95,58,48,47,143,105,248
SAN AGUSTIN,desnutricion global,nutricion normal (n),2005-11-01,24,15,13,21,37,36,73
SAN ANDRES,desnutricion global,nutricion normal (n),2005-11-01,78,84,80,87,158,171,329
SAN ANDRES DE MACHACA,desnutricion global,nutricion normal (n),2005-11-01,41,31,43,35,84,66,150
SAN ANTONIO DE ESMORUCO,desnutricion global,nutricion normal (n),2005-11-01,8,11,13,14,21,25,46
SAN ANTONIO DE LOMERIO,desnutricion global,nutricion normal (n),2005-11-01,61,46,74,68,135,114,249
SAN BENITO,desnutricion global,nutricion normal (n),2005-11-01,69,79,32,18,101,97,198
SAN BORJA,desnutricion global,nutricion normal (n),2005-11-01,378,321,199,169,577,490,1067
SAN BUENA VENTURA,desnutricion global,nutricion normal (n),2005-11-01,48,66,45,44,93,110,203
SAN CARLOS,desnutricion global,nutricion normal (n),2005-11-01,200,185,105,92,305,277,582
SAN IGNACIO,desnutricion global,nutricion normal (n),2005-11-01,204,172,148,114,352,286,638
SAN IGNACIO DE VELASCO,desnutricion global,nutricion normal (n),2005-11-01,457,405,349,330,806,735,1541
SAN JAVIER(BNI),desnutricion global,nutricion normal (n),2005-11-01,36,45,48,42,84,87,171
SAN JAVIER(STC),desnutricion global,nutricion normal (n),2005-11-01,49,30,24,19,73,49,122
SAN JOAQUIN,desnutricion global,nutricion normal (n),2005-11-01,22,24,26,13,48,37,85
SAN JOSE DE CHIQUITOS,desnutricion global,nutricion normal (n),2005-11-01,2,1,2,3,4,4,8
SAN JUAN DE YAPACANI,desnutricion global,nutricion normal (n),2005-11-01,146,108,105,93,251,201,452
SAN JULIAN,desnutricion global,nutricion normal (n),2005-11-01,177,203,230,228,407,431,838
SAN LORENZO(PND),desnutricion global,nutricion normal (n),2005-11-01,32,27,25,13,57,40,97
SAN LORENZO(TJA),desnutricion global,nutricion normal (n),2005-11-01,130,118,105,98,235,216,451
SAN LUCAS,desnutricion global,nutricion normal (n),2005-11-01,367,305,385,334,752,639,1391
SAN MIGUEL DE VELASCO,desnutricion global,nutricion normal (n),2005-11-01,127,94,82,103,209,197,406
SAN PABLO DE LIPEZ,desnutricion global,nutricion normal (n),2005-11-01,16,30,20,8,36,38,74
SAN PEDRO,desnutricion global,nutricion normal (n),2005-11-01,127,104,66,74,193,178,371
SAN PEDRO DE BUENA VISTA,desnutricion global,nutricion normal (n),2005-11-01,124,139,207,154,331,293,624
SAN PEDRO DE CURAHUARA,desnutricion global,nutricion normal (n),2005-11-01,68,63,71,74,139,137,276
SAN PEDRO DE QUEMES,desnutricion global,nutricion normal (n),2005-11-01,5,10,7,10,12,20,32
SAN PEDRO DE TIQUINA,desnutricion global,nutricion normal (n),2005-11-01,35,31,30,30,65,61,126
SAN PEDRO(PND),desnutricion global,nutricion normal (n),2005-11-01,4,2,11,15,15,17,32
SAN RAFAEL,desnutricion global,nutricion normal (n),2005-11-01,57,41,57,66,114,107,221
SAN RAMON,desnutricion global,nutricion normal (n),2005-11-01,24,22,14,10,38,32,70
SAN RAMON,desnutricion global,nutricion normal (n),2005-11-01,27,37,17,13,44,50,94
SANTA ANA,desnutricion global,nutricion normal (n),2005-11-01,90,99,46,41,136,140,276
SANTA CRUZ DE LA SIERRA,desnutricion global,nutricion normal (n),2005-11-01,5513,4874,2675,2626,8188,7500,15688
SANTA ROSA,desnutricion global,nutricion normal (n),2005-11-01,72,67,87,108,159,175,334
SANTA ROSA DEL SARA,desnutricion global,nutricion normal (n),2005-11-01,77,95,102,80,179,175,354
SANTIAGO DE CALLAPA,desnutricion global,nutricion normal (n),2005-11-01,18,22,16,13,34,35,69
SANTIAGO DE HUARI,desnutricion global,nutricion normal (n),2005-11-01,55,37,56,59,111,96,207
SANTIAGO DE MACHACA,desnutricion global,nutricion normal (n),2005-11-01,27,17,12,5,39,22,61
SANTIVAÑES,desnutricion global,nutricion normal (n),2005-11-01,56,57,59,31,115,88,203
SANTUARIO DE QUILLACAS,desnutricion global,nutricion normal (n),2005-11-01,12,12,17,16,29,28,57
SAPAHAQUI,desnutricion global,nutricion normal (n),2005-11-01,68,64,53,52,121,116,237
SENA,desnutricion global,nutricion normal (n),2005-11-01,33,31,33,35,66,66,132
SICA SICA (VILLA AROMA),desnutricion global,nutricion normal (n),2005-11-01,134,141,100,100,234,241,475
SICAYA,desnutricion global,nutricion normal (n),2005-11-01,15,9,17,10,32,19,51
SIPE SIPE,desnutricion global,nutricion normal (n),2005-11-01,425,382,324,293,749,675,1424
SOPACHUY,desnutricion global,nutricion normal (n),2005-11-01,97,93,104,57,201,150,351
SORACACHI,desnutricion global,nutricion normal (n),2005-11-01,64,53,40,44,104,97,201
SORATA,desnutricion global,nutricion normal (n),2005-11-01,89,104,96,78,185,182,367
SUCRE,desnutricion global,nutricion normal (n),2005-11-01,1340,1275,1092,1063,2432,2338,4770
TACACHI,desnutricion global,nutricion normal (n),2005-11-01,5,9,2,8,7,17,24
TACACOMA,desnutricion global,nutricion normal (n),2005-11-01,46,33,41,34,87,67,154
TACOBAMBA,desnutricion global,nutricion normal (n),2005-11-01,150,150,144,111,294,261,555
TACOPAYA,desnutricion global,nutricion normal (n),2005-11-01,133,96,93,106,226,202,428
TAHUA,desnutricion global,nutricion normal (n),2005-11-01,9,8,9,8,18,16,34
TAPACARI,desnutricion global,nutricion normal (n),2005-11-01,151,125,132,111,283,236,519
TARABUCO,desnutricion global,nutricion normal (n),2005-11-01,201,213,290,274,491,487,978
TARACO,desnutricion global,nutricion normal (n),2005-11-01,50,29,26,34,76,63,139
TARATA,desnutricion global,nutricion normal (n),2005-11-01,39,28,9,12,48,40,88
TARIJA,desnutricion global,nutricion normal (n),2005-11-01,1070,989,603,566,1673,1555,3228
TARVITA,desnutricion global,nutricion normal (n),2005-11-01,204,180,201,154,405,334,739
TEOPONTE,desnutricion global,nutricion normal (n),2005-11-01,56,51,51,44,107,95,202
TIAWANACU,desnutricion global,nutricion normal (n),2005-11-01,92,103,81,71,173,174,347
TINGUIPAYA,desnutricion global,nutricion normal (n),2005-11-01,94,105,115,68,209,173,382
TIPUANI,desnutricion global,nutricion normal (n),2005-11-01,86,56,39,24,125,80,205
TIQUIPAYA,desnutricion global,nutricion normal (n),2005-11-01,255,238,72,68,327,306,633
TIRAQUE (CBBA),desnutricion global,nutricion normal (n),2005-11-01,276,220,167,200,443,420,863
TITO YUPANQUI (PARQUIPUJIO),desnutricion global,nutricion normal (n),2005-11-01,6,13,10,9,16,22,38
TOCO,desnutricion global,nutricion normal (n),2005-11-01,9,5,14,15,23,20,43
TODOS SANTOS,desnutricion global,nutricion normal (n),2005-11-01,0,1,1,2,1,3,4
TOLATA,desnutricion global,nutricion normal (n),2005-11-01,17,15,13,7,30,22,52
TOLEDO,desnutricion global,nutricion normal (n),2005-11-01,45,29,43,54,88,83,171
TOMAVE,desnutricion global,nutricion normal (n),2005-11-01,95,64,111,49,206,113,319
TOMINA,desnutricion global,nutricion normal (n),2005-11-01,112,111,123,123,235,234,469
TORO TORO,desnutricion global,nutricion normal (n),2005-11-01,66,66,49,84,115,150,265
TOTORA(CBBA),desnutricion global,nutricion normal (n),2005-11-01,78,62,41,36,119,98,217
TOTORA(ORR),desnutricion global,nutricion normal (n),2005-11-01,28,39,31,41,59,80,139
TRIGAL,desnutricion global,nutricion normal (n),2005-11-01,22,16,21,25,43,41,84
TRINIDAD,desnutricion global,nutricion normal (n),2005-11-01,676,604,420,342,1096,946,2042
TUPIZA,desnutricion global,nutricion normal (n),2005-11-01,247,249,266,239,513,488,1001
TURCO,desnutricion global,nutricion normal (n),2005-11-01,25,17,13,17,38,34,72
UMALA,desnutricion global,nutricion normal (n),2005-11-01,18,25,13,18,31,43,74
UNCIA,desnutricion global,nutricion normal (n),2005-11-01,117,105,78,70,195,175,370
URIONDO (A. CONCEPCION),desnutricion global,nutricion normal (n),2005-11-01,130,110,143,156,273,266,539
URUBICHA,desnutricion global,nutricion normal (n),2005-11-01,1,0,2,0,3,0,3
UYUNI,desnutricion global,nutricion normal (n),2005-11-01,337,304,239,267,576,571,1147
VACAS,desnutricion global,nutricion normal (n),2005-11-01,92,90,47,68,139,158,297
VALLEGRANDE,desnutricion global,nutricion normal (n),2005-11-01,131,116,93,89,224,205,429
VIACHA,desnutricion global,nutricion normal (n),2005-11-01,206,188,105,81,311,269,580
VILA VILA,desnutricion global,nutricion normal (n),2005-11-01,13,18,21,26,34,44,78
VILLA MONTES,desnutricion global,nutricion normal (n),2005-11-01,203,194,139,161,342,355,697
VILLA NUEVA (LOMA ALTA),desnutricion global,nutricion normal (n),2005-11-01,21,22,18,18,39,40,79
VILLA RIVERO,desnutricion global,nutricion normal (n),2005-11-01,22,36,20,11,42,47,89
VILLA SERRANO,desnutricion global,nutricion normal (n),2005-11-01,156,132,175,174,331,306,637
VILLA TUNARI,desnutricion global,nutricion normal (n),2005-11-01,440,449,400,349,840,798,1638
VILLA VACA GUZMAN (MUYUPAMPA),desnutricion global,nutricion normal (n),2005-11-01,134,145,220,230,354,375,729
VILLAZON,desnutricion global,nutricion normal (n),2005-11-01,272,253,181,209,453,462,915
VINTO,desnutricion global,nutricion normal (n),2005-11-01,133,46,87,26,220,72,292
VITICHI,desnutricion global,nutricion normal (n),2005-11-01,62,60,61,68,123,128,251
WALDO BALLIVIAN,desnutricion global,nutricion normal (n),2005-11-01,15,14,9,8,24,22,46
WARNES,desnutricion global,nutricion normal (n),2005-11-01,546,515,369,358,915,873,1788
YACO,desnutricion global,nutricion normal (n),2005-11-01,39,35,35,27,74,62,136
YACUIBA,desnutricion global,nutricion normal (n),2005-11-01,247,271,177,135,424,406,830
YAMPARAEZ,desnutricion global,nutricion normal (n),2005-11-01,109,121,190,169,299,290,589
YANACACHI,desnutricion global,nutricion normal (n),2005-11-01,38,33,32,31,70,64,134
YAPACANI,desnutricion global,nutricion normal (n),2005-11-01,374,385,204,189,578,574,1152
YOCALLA,desnutricion global,nutricion normal (n),2005-11-01,22,12,20,14,42,26,68
YOTALA,desnutricion global,nutricion normal (n),2005-11-01,94,84,102,129,196,213,409
YUNCHARA,desnutricion global,nutricion normal (n),2005-11-01,34,41,54,59,88,100,188
ZUDAÑEZ,desnutricion global,nutricion normal (n),2005-11-01,95,60,106,95,201,155,356
ACACIO,desnutricion global,nutricion normal (n),2005-12-01,57,66,65,72,122,138,260
ACHACACHI,desnutricion global,nutricion normal (n),2005-12-01,252,227,238,232,490,459,949
ACHOCALLA,desnutricion global,nutricion normal (n),2005-12-01,39,38,12,6,51,44,95
AIQUILE,desnutricion global,nutricion normal (n),2005-12-01,41,29,37,17,78,46,124
ALALAY,desnutricion global,nutricion normal (n),2005-12-01,4,6,0,1,4,7,11
ALCALA,desnutricion global,nutricion normal (n),2005-12-01,45,34,41,24,86,58,144
ANCORAIMES,desnutricion global,nutricion normal (n),2005-12-01,48,32,16,21,64,53,117
ANDAMARCA,desnutricion global,nutricion normal (n),2005-12-01,12,13,11,12,23,25,48
ANTEQUERA,desnutricion global,nutricion normal (n),2005-12-01,13,10,9,4,22,14,36
ANZALDO,desnutricion global,nutricion normal (n),2005-12-01,19,12,16,9,35,21,56
APOLO,desnutricion global,nutricion normal (n),2005-12-01,97,101,78,99,175,200,375
ARAMPAMPA,desnutricion global,nutricion normal (n),2005-12-01,58,47,61,73,119,120,239
ARANI,desnutricion global,nutricion normal (n),2005-12-01,42,57,22,22,64,79,143
ARBIETO,desnutricion global,nutricion normal (n),2005-12-01,32,17,10,12,42,29,71
ARQUE,desnutricion global,nutricion normal (n),2005-12-01,69,62,58,34,127,96,223
ATOCHA,desnutricion global,nutricion normal (n),2005-12-01,110,89,72,69,182,158,340
AUCAPATA,desnutricion global,nutricion normal (n),2005-12-01,35,32,22,10,57,42,99
AYATA,desnutricion global,nutricion normal (n),2005-12-01,54,73,51,42,105,115,220
AYO AYO,desnutricion global,nutricion normal (n),2005-12-01,37,27,21,22,58,49,107
AYOPAYA (V. DE INDEPENDENCIA),desnutricion global,nutricion normal (n),2005-12-01,163,157,105,84,268,241,509
AZURDUY,desnutricion global,nutricion normal (n),2005-12-01,191,180,202,170,393,350,743
BATALLAS,desnutricion global,nutricion normal (n),2005-12-01,80,67,26,34,106,101,207
BAURES,desnutricion global,nutricion normal (n),2005-12-01,23,23,21,20,44,43,87
BELEN DE ANDAMARCA,desnutricion global,nutricion normal (n),2005-12-01,7,4,4,3,11,7,18
BELEN DE URMIRI,desnutricion global,nutricion normal (n),2005-12-01,15,13,12,6,27,19,46
BELLA FLOR,desnutricion global,nutricion normal (n),2005-12-01,22,27,48,43,70,70,140
BERMEJO,desnutricion global,nutricion normal (n),2005-12-01,27,38,31,25,58,63,121
BETANZOS,desnutricion global,nutricion normal (n),2005-12-01,181,171,167,149,348,320,668
BOLIVAR,desnutricion global,nutricion normal (n),2005-12-01,38,37,37,28,75,65,140
BOLPEBRA,desnutricion global,nutricion normal (n),2005-12-01,0,4,9,7,9,11,20
BOYUIBE,desnutricion global,nutricion normal (n),2005-12-01,20,13,22,15,42,28,70
BUENA VISTA,desnutricion global,nutricion normal (n),2005-12-01,110,108,115,88,225,196,421
CABEZAS,desnutricion global,nutricion normal (n),2005-12-01,44,43,31,18,75,61,136
CAIROMA,desnutricion global,nutricion normal (n),2005-12-01,80,73,56,80,136,153,289
"CAIZA ""D""",desnutricion global,nutricion normal (n),2005-12-01,45,36,36,49,81,85,166
CAJUATA,desnutricion global,nutricion normal (n),2005-12-01,52,45,21,20,73,65,138
CALACOTO,desnutricion global,nutricion normal (n),2005-12-01,40,30,28,34,68,64,132
CALAMARCA,desnutricion global,nutricion normal (n),2005-12-01,90,100,66,59,156,159,315
CAMARGO,desnutricion global,nutricion normal (n),2005-12-01,137,144,111,106,248,250,498
CAMATAQUI (C. VILLA ABECIA),desnutricion global,nutricion normal (n),2005-12-01,29,21,30,29,59,50,109
CAMIRI,desnutricion global,nutricion normal (n),2005-12-01,208,174,271,227,479,401,880
CAPINOTA,desnutricion global,nutricion normal (n),2005-12-01,81,77,69,59,150,136,286
CAQUIAVIRI,desnutricion global,nutricion normal (n),2005-12-01,47,59,27,14,74,73,147
CARACOLLO,desnutricion global,nutricion normal (n),2005-12-01,44,70,49,62,93,132,225
CARANAVI,desnutricion global,nutricion normal (n),2005-12-01,324,261,187,167,511,428,939
CARANGAS,desnutricion global,nutricion normal (n),2005-12-01,1,1,5,4,6,5,11
CARAPARI,desnutricion global,nutricion normal (n),2005-12-01,84,78,69,69,153,147,300
CARIPUYO,desnutricion global,nutricion normal (n),2005-12-01,42,42,40,42,82,84,166
CATACORA,desnutricion global,nutricion normal (n),2005-12-01,1,3,0,0,1,3,4
CHACARILLA,desnutricion global,nutricion normal (n),2005-12-01,8,6,7,14,15,20,35
CHALLAPATA,desnutricion global,nutricion normal (n),2005-12-01,117,106,81,54,198,160,358
CHAQUI,desnutricion global,nutricion normal (n),2005-12-01,33,26,34,50,67,76,143
CHARAGUA,desnutricion global,nutricion normal (n),2005-12-01,132,113,132,104,264,217,481
CHARAÑA,desnutricion global,nutricion normal (n),2005-12-01,24,31,9,12,33,43,76
CHAYANTA,desnutricion global,nutricion normal (n),2005-12-01,89,91,54,81,143,172,315
CHIMORE,desnutricion global,nutricion normal (n),2005-12-01,60,47,35,27,95,74,169
CHIPAYA,desnutricion global,nutricion normal (n),2005-12-01,13,2,6,1,19,3,22
CHOQUE COTA,desnutricion global,nutricion normal (n),2005-12-01,4,4,0,3,4,7,11
CHULUMANI (V. DE LA LIBERTAD),desnutricion global,nutricion normal (n),2005-12-01,37,45,14,18,51,63,114
CHUMA,desnutricion global,nutricion normal (n),2005-12-01,36,40,26,40,62,80,142
CLIZA,desnutricion global,nutricion normal (n),2005-12-01,62,77,42,23,104,100,204
COBIJA,desnutricion global,nutricion normal (n),2005-12-01,251,187,112,117,363,304,667
COCHABAMBA,desnutricion global,nutricion normal (n),2005-12-01,1547,1363,550,490,2097,1853,3950
COIPASA,desnutricion global,nutricion normal (n),2005-12-01,3,0,2,2,5,2,7
COLCAPIRHUA,desnutricion global,nutricion normal (n),2005-12-01,166,164,71,44,237,208,445
"COLCHA ""K""",desnutricion global,nutricion normal (n),2005-12-01,91,75,87,92,178,167,345
COLLANA,desnutricion global,nutricion normal (n),2005-12-01,11,10,10,5,21,15,36
COLOMI,desnutricion global,nutricion normal (n),2005-12-01,84,80,71,62,155,142,297
COLPA BELGICA,desnutricion global,nutricion normal (n),2005-12-01,44,42,25,35,69,77,146
COLQUECHACA,desnutricion global,nutricion normal (n),2005-12-01,97,92,116,121,213,213,426
COLQUENCHA,desnutricion global,nutricion normal (n),2005-12-01,33,45,21,17,54,62,116
COLQUIRI,desnutricion global,nutricion normal (n),2005-12-01,132,115,83,91,215,206,421
COMANCHE,desnutricion global,nutricion normal (n),2005-12-01,12,12,10,10,22,22,44
COMARAPA,desnutricion global,nutricion normal (n),2005-12-01,64,69,40,43,104,112,216
COMBAYA,desnutricion global,nutricion normal (n),2005-12-01,15,14,9,7,24,21,45
CONCEPCION,desnutricion global,nutricion normal (n),2005-12-01,44,34,283,71,327,105,432
COPACABANA,desnutricion global,nutricion normal (n),2005-12-01,30,39,13,6,43,45,88
CORIPATA,desnutricion global,nutricion normal (n),2005-12-01,74,66,48,49,122,115,237
CORO CORO,desnutricion global,nutricion normal (n),2005-12-01,46,51,26,23,72,74,146
COROICO,desnutricion global,nutricion normal (n),2005-12-01,88,73,46,39,134,112,246
CORQUE,desnutricion global,nutricion normal (n),2005-12-01,25,21,23,11,48,32,80
COTAGAITA,desnutricion global,nutricion normal (n),2005-12-01,145,150,116,113,261,263,524
COTOCA,desnutricion global,nutricion normal (n),2005-12-01,215,163,72,51,287,214,501
CUATRO CAÑADAS,desnutricion global,nutricion normal (n),2005-12-01,41,37,39,45,80,82,162
CUCHUMUELA (V. G. VILLARROEL),desnutricion global,nutricion normal (n),2005-12-01,4,2,1,1,5,3,8
CUEVO,desnutricion global,nutricion normal (n),2005-12-01,17,24,25,25,42,49,91
CULPINA,desnutricion global,nutricion normal (n),2005-12-01,207,182,167,161,374,343,717
CURAHUARA DE CARANGAS,desnutricion global,nutricion normal (n),2005-12-01,14,20,25,20,39,40,79
CURVA,desnutricion global,nutricion normal (n),2005-12-01,19,20,42,25,61,45,106
DESAGUADERO,desnutricion global,nutricion normal (n),2005-12-01,15,13,21,8,36,21,57
EL ALTO,desnutricion global,nutricion normal (n),2005-12-01,2745,2569,1129,1128,3874,3697,7571
EL CHORO,desnutricion global,nutricion normal (n),2005-12-01,10,14,6,6,16,20,36
EL PUENTE(TJA),desnutricion global,nutricion normal (n),2005-12-01,31,45,77,70,108,115,223
EL TORNO,desnutricion global,nutricion normal (n),2005-12-01,146,171,61,56,207,227,434
EL VILLAR,desnutricion global,nutricion normal (n),2005-12-01,67,60,86,53,153,113,266
ENTRE RIOS,desnutricion global,nutricion normal (n),2005-12-01,139,104,106,91,245,195,440
ENTRE RIOS,desnutricion global,nutricion normal (n),2005-12-01,128,112,124,73,252,185,437
ESCARA,desnutricion global,nutricion normal (n),2005-12-01,1,0,1,0,2,0,2
EUCALIPTUS,desnutricion global,nutricion normal (n),2005-12-01,24,22,23,18,47,40,87
EUREKA (SANTOS MERCADO),desnutricion global,nutricion normal (n),2005-12-01,11,13,11,11,22,24,46
EXALTACION,desnutricion global,nutricion normal (n),2005-12-01,9,9,8,11,17,20,37
FERNANDEZ ALONSO,desnutricion global,nutricion normal (n),2005-12-01,104,96,99,95,203,191,394
FILADELFIA,desnutricion global,nutricion normal (n),2005-12-01,31,56,44,40,75,96,171
GENERAL SAAVEDRA,desnutricion global,nutricion normal (n),2005-12-01,148,113,157,164,305,277,582
GRAL. J.J. PEREZ (CHARAZANI),desnutricion global,nutricion normal (n),2005-12-01,37,37,29,28,66,65,131
GUANAY,desnutricion global,nutricion normal (n),2005-12-01,80,71,66,26,146,97,243
GUAQUI,desnutricion global,nutricion normal (n),2005-12-01,20,13,18,5,38,18,56
GUAYARAMERIN,desnutricion global,nutricion normal (n),2005-12-01,208,202,103,100,311,302,613
GUTIERREZ,desnutricion global,nutricion normal (n),2005-12-01,98,134,145,134,243,268,511
HUACARETA,desnutricion global,nutricion normal (n),2005-12-01,89,76,91,82,180,158,338
HUACAYA (VILLA DE HUACAYA),desnutricion global,nutricion normal (n),2005-12-01,31,38,40,47,71,85,156
HUACHACALLA,desnutricion global,nutricion normal (n),2005-12-01,5,7,4,2,9,9,18
HUANUNI,desnutricion global,nutricion normal (n),2005-12-01,136,128,63,41,199,169,368
HUARACAJE,desnutricion global,nutricion normal (n),2005-12-01,22,21,22,17,44,38,82
HUAYLLAMARCA,desnutricion global,nutricion normal (n),2005-12-01,26,27,20,20,46,47,93
ICHOCA,desnutricion global,nutricion normal (n),2005-12-01,10,6,5,4,15,10,25
ICLA,desnutricion global,nutricion normal (n),2005-12-01,90,118,159,120,249,238,487
INCAHUASI,desnutricion global,nutricion normal (n),2005-12-01,166,174,128,129,294,303,597
INGAVI (HUMAITA),desnutricion global,nutricion normal (n),2005-12-01,11,1,10,5,21,6,27
INQUISIVI,desnutricion global,nutricion normal (n),2005-12-01,100,103,73,76,173,179,352
IRUPANA (VILLA DE LANZA),desnutricion global,nutricion normal (n),2005-12-01,97,85,77,63,174,148,322
IXIAMAS,desnutricion global,nutricion normal (n),2005-12-01,81,54,63,46,144,100,244
JESUS DE MACHACA,desnutricion global,nutricion normal (n),2005-12-01,41,47,33,31,74,78,152
LA ASUNTA,desnutricion global,nutricion normal (n),2005-12-01,96,84,52,27,148,111,259
LA GUARDIA,desnutricion global,nutricion normal (n),2005-12-01,195,202,125,107,320,309,629
LA PAZ,desnutricion global,nutricion normal (n),2005-12-01,2315,2213,1018,1086,3333,3299,6632
LA RIVERA,desnutricion global,nutricion normal (n),2005-12-01,0,4,1,2,1,6,7
LAGUNILLAS,desnutricion global,nutricion normal (n),2005-12-01,48,55,64,67,112,122,234
LAJA,desnutricion global,nutricion normal (n),2005-12-01,114,92,34,48,148,140,288
LAS CARRERAS,desnutricion global,nutricion normal (n),2005-12-01,43,55,53,53,96,108,204
LICOMA PAMPA,desnutricion global,nutricion normal (n),2005-12-01,9,8,14,12,23,20,43
LLALLAGUA,desnutricion global,nutricion normal (n),2005-12-01,173,166,124,142,297,308,605
LLICA,desnutricion global,nutricion normal (n),2005-12-01,27,17,22,23,49,40,89
LORETO,desnutricion global,nutricion normal (n),2005-12-01,24,28,30,28,54,56,110
LURIBAY,desnutricion global,nutricion normal (n),2005-12-01,100,79,106,105,206,184,390
MACHACAMARCA,desnutricion global,nutricion normal (n),2005-12-01,7,8,4,6,11,14,25
MACHARETI,desnutricion global,nutricion normal (n),2005-12-01,80,87,117,122,197,209,406
MAGDALENA,desnutricion global,nutricion normal (n),2005-12-01,15,17,8,22,23,39,62
MAIRANA,desnutricion global,nutricion normal (n),2005-12-01,53,73,29,18,82,91,173
MALLA,desnutricion global,nutricion normal (n),2005-12-01,12,9,30,17,42,26,68
MAPIRI,desnutricion global,nutricion normal (n),2005-12-01,130,114,50,31,180,145,325
MECAPACA,desnutricion global,nutricion normal (n),2005-12-01,49,38,29,34,78,72,150
MINEROS,desnutricion global,nutricion normal (n),2005-12-01,122,122,102,113,224,235,459
MIZQUE,desnutricion global,nutricion normal (n),2005-12-01,84,67,53,53,137,120,257
MOCOMOCO,desnutricion global,nutricion normal (n),2005-12-01,45,42,59,31,104,73,177
MOJINETE,desnutricion global,nutricion normal (n),2005-12-01,5,6,2,3,7,9,16
MOJOCOYA,desnutricion global,nutricion normal (n),2005-12-01,78,58,119,94,197,152,349
MONTEAGUDO,desnutricion global,nutricion normal (n),2005-12-01,203,184,237,157,440,341,781
MONTERO,desnutricion global,nutricion normal (n),2005-12-01,909,803,598,524,1507,1327,2834
MORO MORO,desnutricion global,nutricion normal (n),2005-12-01,21,11,19,8,40,19,59
MOROCHATA,desnutricion global,nutricion normal (n),2005-12-01,109,100,104,103,213,203,416
NACEBE (SANTA ROSA DEL ABUNA),desnutricion global,nutricion normal (n),2005-12-01,22,17,21,12,43,29,72
NAZACARA DE PACAJES,desnutricion global,nutricion normal (n),2005-12-01,4,3,8,3,12,6,18
NUEVO MANOA (NUEVA ESPERANZA),desnutricion global,nutricion normal (n),2005-12-01,33,15,22,16,55,31,86
OCURI,desnutricion global,nutricion normal (n),2005-12-01,82,86,117,96,199,182,381
OKINAWA,desnutricion global,nutricion normal (n),2005-12-01,99,109,91,76,190,185,375
OMEREQUE,desnutricion global,nutricion normal (n),2005-12-01,21,28,29,25,50,53,103
ORURO,desnutricion global,nutricion normal (n),2005-12-01,869,824,463,429,1332,1253,2585
PADCAYA,desnutricion global,nutricion normal (n),2005-12-01,87,102,91,85,178,187,365
PADILLA,desnutricion global,nutricion normal (n),2005-12-01,133,136,175,188,308,324,632
PALCA,desnutricion global,nutricion normal (n),2005-12-01,88,63,24,18,112,81,193
PALOS BLANCOS,desnutricion global,nutricion normal (n),2005-12-01,188,146,90,109,278,255,533
PAMPA AULLAGAS,desnutricion global,nutricion normal (n),2005-12-01,13,17,6,17,19,34,53
PAMPA GRANDE,desnutricion global,nutricion normal (n),2005-12-01,48,50,31,37,79,87,166
PAPEL PAMPA,desnutricion global,nutricion normal (n),2005-12-01,12,10,12,8,24,18,42
PASORAPA,desnutricion global,nutricion normal (n),2005-12-01,21,16,46,31,67,47,114
PATACAMAYA,desnutricion global,nutricion normal (n),2005-12-01,72,112,26,30,98,142,240
PAZÑA,desnutricion global,nutricion normal (n),2005-12-01,29,36,25,26,54,62,116
PELECHUCO,desnutricion global,nutricion normal (n),2005-12-01,16,21,12,18,28,39,67
POCOATA,desnutricion global,nutricion normal (n),2005-12-01,82,88,121,108,203,196,399
POCONA,desnutricion global,nutricion normal (n),2005-12-01,90,71,33,40,123,111,234
POJO (CBBA),desnutricion global,nutricion normal (n),2005-12-01,50,64,26,35,76,99,175
POOPO,desnutricion global,nutricion normal (n),2005-12-01,18,22,13,13,31,35,66
PORCO,desnutricion global,nutricion normal (n),2005-12-01,73,54,22,30,95,84,179
POROMA,desnutricion global,nutricion normal (n),2005-12-01,117,95,106,87,223,182,405
PORONGO,desnutricion global,nutricion normal (n),2005-12-01,27,9,17,13,44,22,66
PORTACHUELO,desnutricion global,nutricion normal (n),2005-12-01,126,100,122,123,248,223,471
PORVENIR,desnutricion global,nutricion normal (n),2005-12-01,32,43,25,27,57,70,127
POSTRER VALLE,desnutricion global,nutricion normal (n),2005-12-01,8,11,6,9,14,20,34
POTOSI,desnutricion global,nutricion normal (n),2005-12-01,786,562,259,209,1045,771,1816
PRESTO,desnutricion global,nutricion normal (n),2005-12-01,51,71,100,102,151,173,324
PUCARA,desnutricion global,nutricion normal (n),2005-12-01,15,14,21,16,36,30,66
PUCARANI,desnutricion global,nutricion normal (n),2005-12-01,144,135,69,76,213,211,424
PUERTO ACOSTA,desnutricion global,nutricion normal (n),2005-12-01,79,63,66,84,145,147,292
PUERTO CARABUCO,desnutricion global,nutricion normal (n),2005-12-01,96,51,65,62,161,113,274
PUERTO GONZALO MORENO,desnutricion global,nutricion normal (n),2005-12-01,43,16,37,47,80,63,143
PUERTO PEREZ,desnutricion global,nutricion normal (n),2005-12-01,40,34,67,59,107,93,200
PUERTO RICO,desnutricion global,nutricion normal (n),2005-12-01,31,27,14,19,45,46,91
PUERTO VILLARROEL,desnutricion global,nutricion normal (n),2005-12-01,217,138,139,106,356,244,600
PUNA,desnutricion global,nutricion normal (n),2005-12-01,114,104,104,110,218,214,432
PUNATA,desnutricion global,nutricion normal (n),2005-12-01,230,261,98,107,328,368,696
QUIABAYA,desnutricion global,nutricion normal (n),2005-12-01,4,6,7,8,11,14,25
QUILLACOLLO,desnutricion global,nutricion normal (n),2005-12-01,571,601,201,209,772,810,1582
QUIME,desnutricion global,nutricion normal (n),2005-12-01,44,53,40,45,84,98,182
QUIRUSILLAS,desnutricion global,nutricion normal (n),2005-12-01,4,4,1,3,5,7,12
RAVELO,desnutricion global,nutricion normal (n),2005-12-01,164,157,166,167,330,324,654
REYES,desnutricion global,nutricion normal (n),2005-12-01,53,63,55,52,108,115,223
RIBERALTA,desnutricion global,nutricion normal (n),2005-12-01,742,625,316,266,1058,891,1949
RURRENABAQUE,desnutricion global,nutricion normal (n),2005-12-01,85,84,53,36,138,120,258
SABAYA,desnutricion global,nutricion normal (n),2005-12-01,23,12,24,30,47,42,89
SACABA,desnutricion global,nutricion normal (n),2005-12-01,519,457,173,178,692,635,1327
SACABAMBA,desnutricion global,nutricion normal (n),2005-12-01,14,19,9,4,23,23,46
SACACA,desnutricion global,nutricion normal (n),2005-12-01,102,83,116,106,218,189,407
SAIPINA,desnutricion global,nutricion normal (n),2005-12-01,16,18,31,24,47,42,89
SALINAS DE GARCI MENDOZA,desnutricion global,nutricion normal (n),2005-12-01,35,50,50,28,85,78,163
SAMAIPATA,desnutricion global,nutricion normal (n),2005-12-01,73,38,33,32,106,70,176
SAN AGUSTIN,desnutricion global,nutricion normal (n),2005-12-01,20,14,24,26,44,40,84
SAN ANDRES,desnutricion global,nutricion normal (n),2005-12-01,52,58,45,47,97,105,202
SAN ANDRES DE MACHACA,desnutricion global,nutricion normal (n),2005-12-01,14,12,8,7,22,19,41
SAN ANTONIO DE ESMORUCO,desnutricion global,nutricion normal (n),2005-12-01,1,4,4,4,5,8,13
SAN ANTONIO DE LOMERIO,desnutricion global,nutricion normal (n),2005-12-01,43,37,44,50,87,87,174
SAN BENITO,desnutricion global,nutricion normal (n),2005-12-01,85,85,42,70,127,155,282
SAN BORJA,desnutricion global,nutricion normal (n),2005-12-01,315,340,144,105,459,445,904
SAN BUENA VENTURA,desnutricion global,nutricion normal (n),2005-12-01,52,50,53,43,105,93,198
SAN CARLOS,desnutricion global,nutricion normal (n),2005-12-01,134,146,70,64,204,210,414
SAN IGNACIO,desnutricion global,nutricion normal (n),2005-12-01,123,106,62,65,185,171,356
SAN IGNACIO DE VELASCO,desnutricion global,nutricion normal (n),2005-12-01,363,353,278,241,641,594,1235
SAN JAVIER(BNI),desnutricion global,nutricion normal (n),2005-12-01,14,33,14,21,28,54,82
SAN JAVIER(STC),desnutricion global,nutricion normal (n),2005-12-01,5,6,1,0,6,6,12
SAN JOAQUIN,desnutricion global,nutricion normal (n),2005-12-01,11,6,22,42,33,48,81
SAN JUAN DE YAPACANI,desnutricion global,nutricion normal (n),2005-12-01,94,69,43,50,137,119,256
SAN JULIAN,desnutricion global,nutricion normal (n),2005-12-01,109,81,104,97,213,178,391
SAN LORENZO(PND),desnutricion global,nutricion normal (n),2005-12-01,44,41,47,44,91,85,176
SAN LORENZO(TJA),desnutricion global,nutricion normal (n),2005-12-01,70,96,75,68,145,164,309
SAN LUCAS,desnutricion global,nutricion normal (n),2005-12-01,282,266,266,248,548,514,1062
SAN MIGUEL DE VELASCO,desnutricion global,nutricion normal (n),2005-12-01,61,60,85,72,146,132,278
SAN PABLO DE LIPEZ,desnutricion global,nutricion normal (n),2005-12-01,18,19,21,21,39,40,79
SAN PEDRO,desnutricion global,nutricion normal (n),2005-12-01,118,104,93,90,211,194,405
SAN PEDRO DE BUENA VISTA,desnutricion global,nutricion normal (n),2005-12-01,81,87,100,67,181,154,335
SAN PEDRO DE CURAHUARA,desnutricion global,nutricion normal (n),2005-12-01,41,38,17,12,58,50,108
SAN PEDRO DE QUEMES,desnutricion global,nutricion normal (n),2005-12-01,2,5,9,9,11,14,25
SAN PEDRO DE TIQUINA,desnutricion global,nutricion normal (n),2005-12-01,22,16,18,20,40,36,76
SAN PEDRO(PND),desnutricion global,nutricion normal (n),2005-12-01,24,25,39,39,63,64,127
SAN RAFAEL,desnutricion global,nutricion normal (n),2005-12-01,27,19,18,18,45,37,82
SAN RAMON,desnutricion global,nutricion normal (n),2005-12-01,22,20,23,9,45,29,74
SAN RAMON,desnutricion global,nutricion normal (n),2005-12-01,39,28,21,9,60,37,97
SANTA ANA,desnutricion global,nutricion normal (n),2005-12-01,85,86,56,45,141,131,272
SANTA CRUZ DE LA SIERRA,desnutricion global,nutricion normal (n),2005-12-01,4182,3715,2026,2010,6208,5725,11933
SANTA ROSA,desnutricion global,nutricion normal (n),2005-12-01,43,47,26,39,69,86,155
SANTA ROSA DEL SARA,desnutricion global,nutricion normal (n),2005-12-01,67,85,67,57,134,142,276
SANTIAGO DE CALLAPA,desnutricion global,nutricion normal (n),2005-12-01,8,10,13,18,21,28,49
SANTIAGO DE HUARI,desnutricion global,nutricion normal (n),2005-12-01,38,32,31,27,69,59,128
SANTIAGO DE MACHACA,desnutricion global,nutricion normal (n),2005-12-01,21,28,36,16,57,44,101
SANTIVAÑES,desnutricion global,nutricion normal (n),2005-12-01,52,40,48,25,100,65,165
SANTUARIO DE QUILLACAS,desnutricion global,nutricion normal (n),2005-12-01,6,6,10,12,16,18,34
SAPAHAQUI,desnutricion global,nutricion normal (n),2005-12-01,52,46,55,46,107,92,199
SENA,desnutricion global,nutricion normal (n),2005-12-01,36,18,15,19,51,37,88
SICA SICA (VILLA AROMA),desnutricion global,nutricion normal (n),2005-12-01,52,50,36,38,88,88,176
SICAYA,desnutricion global,nutricion normal (n),2005-12-01,15,8,6,1,21,9,30
SIPE SIPE,desnutricion global,nutricion normal (n),2005-12-01,175,158,71,60,246,218,464
SOPACHUY,desnutricion global,nutricion normal (n),2005-12-01,38,27,37,39,75,66,141
SORACACHI,desnutricion global,nutricion normal (n),2005-12-01,39,32,38,46,77,78,155
SORATA,desnutricion global,nutricion normal (n),2005-12-01,80,87,73,76,153,163,316
SUCRE,desnutricion global,nutricion normal (n),2005-12-01,777,723,495,536,1272,1259,2531
TACACHI,desnutricion global,nutricion normal (n),2005-12-01,7,6,5,1,12,7,19
TACACOMA,desnutricion global,nutricion normal (n),2005-12-01,13,15,7,11,20,26,46
TACOBAMBA,desnutricion global,nutricion normal (n),2005-12-01,45,49,33,30,78,79,157
TACOPAYA,desnutricion global,nutricion normal (n),2005-12-01,122,79,95,103,217,182,399
TAHUA,desnutricion global,nutricion normal (n),2005-12-01,10,11,11,18,21,29,50
TAPACARI,desnutricion global,nutricion normal (n),2005-12-01,95,108,48,45,143,153,296
TARABUCO,desnutricion global,nutricion normal (n),2005-12-01,228,207,294,312,522,519,1041
TARACO,desnutricion global,nutricion normal (n),2005-12-01,34,25,23,38,57,63,120
TARATA,desnutricion global,nutricion normal (n),2005-12-01,35,22,8,6,43,28,71
TARIJA,desnutricion global,nutricion normal (n),2005-12-01,872,755,415,417,1287,1172,2459
TARVITA,desnutricion global,nutricion normal (n),2005-12-01,46,59,72,79,118,138,256
TEOPONTE,desnutricion global,nutricion normal (n),2005-12-01,34,48,27,33,61,81,142
TIAWANACU,desnutricion global,nutricion normal (n),2005-12-01,31,45,23,18,54,63,117
TINGUIPAYA,desnutricion global,nutricion normal (n),2005-12-01,70,78,100,73,170,151,321
TIPUANI,desnutricion global,nutricion normal (n),2005-12-01,57,66,18,20,75,86,161
TIQUIPAYA,desnutricion global,nutricion normal (n),2005-12-01,216,177,78,107,294,284,578
TIRAQUE (CBBA),desnutricion global,nutricion normal (n),2005-12-01,259,199,131,137,390,336,726
TITO YUPANQUI (PARQUIPUJIO),desnutricion global,nutricion normal (n),2005-12-01,7,8,7,9,14,17,31
TOCO,desnutricion global,nutricion normal (n),2005-12-01,5,4,5,4,10,8,18
TODOS SANTOS,desnutricion global,nutricion normal (n),2005-12-01,3,1,2,2,5,3,8
TOLATA,desnutricion global,nutricion normal (n),2005-12-01,18,18,2,5,20,23,43
TOLEDO,desnutricion global,nutricion normal (n),2005-12-01,34,23,22,31,56,54,110
TOMAVE,desnutricion global,nutricion normal (n),2005-12-01,93,54,81,45,174,99,273
TOMINA,desnutricion global,nutricion normal (n),2005-12-01,114,105,102,130,216,235,451
TORO TORO,desnutricion global,nutricion normal (n),2005-12-01,104,116,108,101,212,217,429
TOTORA(CBBA),desnutricion global,nutricion normal (n),2005-12-01,52,40,31,18,83,58,141
TOTORA(ORR),desnutricion global,nutricion normal (n),2005-12-01,23,29,11,10,34,39,73
TRIGAL,desnutricion global,nutricion normal (n),2005-12-01,16,15,12,12,28,27,55
TRINIDAD,desnutricion global,nutricion normal (n),2005-12-01,497,376,288,228,785,604,1389
TUPIZA,desnutricion global,nutricion normal (n),2005-12-01,249,242,247,248,496,490,986
TURCO,desnutricion global,nutricion normal (n),2005-12-01,8,2,9,6,17,8,25
UMALA,desnutricion global,nutricion normal (n),2005-12-01,20,15,31,27,51,42,93
UNCIA,desnutricion global,nutricion normal (n),2005-12-01,107,92,77,64,184,156,340
URIONDO (A. CONCEPCION),desnutricion global,nutricion normal (n),2005-12-01,115,83,89,71,204,154,358
UYUNI,desnutricion global,nutricion normal (n),2005-12-01,187,139,131,121,318,260,578
VACAS,desnutricion global,nutricion normal (n),2005-12-01,40,56,34,29,74,85,159
VALLEGRANDE,desnutricion global,nutricion normal (n),2005-12-01,105,89,71,68,176,157,333
VIACHA,desnutricion global,nutricion normal (n),2005-12-01,184,163,62,87,246,250,496
VILA VILA,desnutricion global,nutricion normal (n),2005-12-01,8,12,6,4,14,16,30
VILLA MONTES,desnutricion global,nutricion normal (n),2005-12-01,121,139,105,119,226,258,484
VILLA NUEVA (LOMA ALTA),desnutricion global,nutricion normal (n),2005-12-01,7,3,3,2,10,5,15
VILLA RIVERO,desnutricion global,nutricion normal (n),2005-12-01,23,28,13,14,36,42,78
VILLA SERRANO,desnutricion global,nutricion normal (n),2005-12-01,135,134,171,187,306,321,627
VILLA TUNARI,desnutricion global,nutricion normal (n),2005-12-01,394,362,297,264,691,626,1317
VILLA VACA GUZMAN (MUYUPAMPA),desnutricion global,nutricion normal (n),2005-12-01,91,112,145,141,236,253,489
VILLAZON,desnutricion global,nutricion normal (n),2005-12-01,210,176,145,168,355,344,699
VINTO,desnutricion global,nutricion normal (n),2005-12-01,138,130,34,20,172,150,322
VITICHI,desnutricion global,nutricion normal (n),2005-12-01,23,54,33,48,56,102,158
WALDO BALLIVIAN,desnutricion global,nutricion normal (n),2005-12-01,5,5,1,4,6,9,15
WARNES,desnutricion global,nutricion normal (n),2005-12-01,361,312,222,211,583,523,1106
YACO,desnutricion global,nutricion normal (n),2005-12-01,18,23,10,10,28,33,61
YACUIBA,desnutricion global,nutricion normal (n),2005-12-01,292,283,182,160,474,443,917
YAMPARAEZ,desnutricion global,nutricion normal (n),2005-12-01,96,93,169,157,265,250,515
YANACACHI,desnutricion global,nutricion normal (n),2005-12-01,23,24,18,19,41,43,84
YAPACANI,desnutricion global,nutricion normal (n),2005-12-01,316,300,171,159,487,459,946
YOCALLA,desnutricion global,nutricion normal (n),2005-12-01,21,17,20,13,41,30,71
YOTALA,desnutricion global,nutricion normal (n),2005-12-01,59,62,88,96,147,158,305
YUNCHARA,desnutricion global,nutricion normal (n),2005-12-01,30,39,58,61,88,100,188
ZUDAÑEZ,desnutricion global,nutricion normal (n),2005-12-01,86,53,85,83,171,136,307
