municipality,group,variable,month,< de 2 años-H,< de 2 años-M,2 a 4 años-H,2 a 4 años-M,TOTAL-H,TOTAL-M,TOTAL
ACACIO,desnutricion global,sobrepeso (s),2005-01-01,1,5,0,0,1,5,6
ACHACACHI,desnutricion global,sobrepeso (s),2005-01-01,22,25,6,229,28,254,282
AIQUILE,desnutricion global,sobrepeso (s),2005-01-01,6,5,0,1,6,6,12
ALALAY,desnutricion global,sobrepeso (s),2005-01-01,5,9,15,3,20,12,32
ALCALA,desnutricion global,sobrepeso (s),2005-01-01,9,6,1,2,10,8,18
ANCORAIMES,desnutricion global,sobrepeso (s),2005-01-01,2,4,2,3,4,7,11
ANDAMARCA,desnutricion global,sobrepeso (s),2005-01-01,2,0,1,1,3,1,4
ANTEQUERA,desnutricion global,sobrepeso (s),2005-01-01,0,2,0,0,0,2,2
APOLO,desnutricion global,sobrepeso (s),2005-01-01,13,3,1,2,14,5,19
ARAMPAMPA,desnutricion global,sobrepeso (s),2005-01-01,0,1,0,0,0,1,1
ARANI,desnutricion global,sobrepeso (s),2005-01-01,6,3,1,1,7,4,11
ARBIETO,desnutricion global,sobrepeso (s),2005-01-01,2,3,0,0,2,3,5
ARQUE,desnutricion global,sobrepeso (s),2005-01-01,0,1,0,0,0,1,1
ATOCHA,desnutricion global,sobrepeso (s),2005-01-01,33,26,3,4,36,30,66
AUCAPATA,desnutricion global,sobrepeso (s),2005-01-01,6,4,1,1,7,5,12
AYATA,desnutricion global,sobrepeso (s),2005-01-01,7,3,3,0,10,3,13
AYO AYO,desnutricion global,sobrepeso (s),2005-01-01,10,9,0,2,10,11,21
AYOPAYA (V. DE INDEPENDENCIA),desnutricion global,sobrepeso (s),2005-01-01,6,14,2,7,8,21,29
AZURDUY,desnutricion global,sobrepeso (s),2005-01-01,18,4,3,0,21,4,25
BATALLAS,desnutricion global,sobrepeso (s),2005-01-01,11,8,4,2,15,10,25
BAURES,desnutricion global,sobrepeso (s),2005-01-01,17,0,8,0,25,0,25
BELEN DE ANDAMARCA,desnutricion global,sobrepeso (s),2005-01-01,0,0,1,0,1,0,1
BELEN DE URMIRI,desnutricion global,sobrepeso (s),2005-01-01,0,1,0,1,0,2,2
BELLA FLOR,desnutricion global,sobrepeso (s),2005-01-01,1,0,1,1,2,1,3
BERMEJO,desnutricion global,sobrepeso (s),2005-01-01,19,9,7,0,26,9,35
BETANZOS,desnutricion global,sobrepeso (s),2005-01-01,17,9,1,1,18,10,28
BOLIVAR,desnutricion global,sobrepeso (s),2005-01-01,3,7,1,1,4,8,12
BOYUIBE,desnutricion global,sobrepeso (s),2005-01-01,6,3,0,1,6,4,10
BUENA VISTA,desnutricion global,sobrepeso (s),2005-01-01,43,31,10,6,53,37,90
CABEZAS,desnutricion global,sobrepeso (s),2005-01-01,29,14,11,5,40,19,59
CAIROMA,desnutricion global,sobrepeso (s),2005-01-01,3,4,0,1,3,5,8
"CAIZA ""D""",desnutricion global,sobrepeso (s),2005-01-01,10,7,1,6,11,13,24
CAJUATA,desnutricion global,sobrepeso (s),2005-01-01,24,12,0,0,24,12,36
CALACOTO,desnutricion global,sobrepeso (s),2005-01-01,3,1,0,0,3,1,4
CALAMARCA,desnutricion global,sobrepeso (s),2005-01-01,5,4,0,0,5,4,9
CAMARGO,desnutricion global,sobrepeso (s),2005-01-01,7,7,2,1,9,8,17
CAMATAQUI (C. VILLA ABECIA),desnutricion global,sobrepeso (s),2005-01-01,7,3,0,1,7,4,11
CAMIRI,desnutricion global,sobrepeso (s),2005-01-01,71,54,20,7,91,61,152
CAPINOTA,desnutricion global,sobrepeso (s),2005-01-01,16,22,4,7,20,29,49
CAQUIAVIRI,desnutricion global,sobrepeso (s),2005-01-01,3,7,2,2,5,9,14
CARACOLLO,desnutricion global,sobrepeso (s),2005-01-01,11,16,0,0,11,16,27
CARANAVI,desnutricion global,sobrepeso (s),2005-01-01,93,21,6,0,99,21,120
CARAPARI,desnutricion global,sobrepeso (s),2005-01-01,22,27,3,2,25,29,54
CATACORA,desnutricion global,sobrepeso (s),2005-01-01,1,1,0,0,1,1,2
CHALLAPATA,desnutricion global,sobrepeso (s),2005-01-01,7,6,1,0,8,6,14
CHAQUI,desnutricion global,sobrepeso (s),2005-01-01,1,1,0,0,1,1,2
CHARAGUA,desnutricion global,sobrepeso (s),2005-01-01,30,34,19,10,49,44,93
CHARAÑA,desnutricion global,sobrepeso (s),2005-01-01,1,0,0,0,1,0,1
CHAYANTA,desnutricion global,sobrepeso (s),2005-01-01,28,7,1,4,29,11,40
CHIMORE,desnutricion global,sobrepeso (s),2005-01-01,22,18,6,3,28,21,49
CHIPAYA,desnutricion global,sobrepeso (s),2005-01-01,4,5,0,0,4,5,9
CHULUMANI (V. DE LA LIBERTAD),desnutricion global,sobrepeso (s),2005-01-01,5,10,8,1,13,11,24
CHUMA,desnutricion global,sobrepeso (s),2005-01-01,4,4,0,0,4,4,8
CLIZA,desnutricion global,sobrepeso (s),2005-01-01,30,34,3,9,33,43,76
COBIJA,desnutricion global,sobrepeso (s),2005-01-01,84,45,9,2,93,47,140
COCHABAMBA,desnutricion global,sobrepeso (s),2005-01-01,371,291,58,62,429,353,782
COIPASA,desnutricion global,sobrepeso (s),2005-01-01,1,0,0,0,1,0,1
COLCAPIRHUA,desnutricion global,sobrepeso (s),2005-01-01,15,16,2,1,17,17,34
"COLCHA ""K""",desnutricion global,sobrepeso (s),2005-01-01,2,2,0,2,2,4,6
COLOMI,desnutricion global,sobrepeso (s),2005-01-01,11,14,1,1,12,15,27
COLPA BELGICA,desnutricion global,sobrepeso (s),2005-01-01,17,4,0,2,17,6,23
COLQUECHACA,desnutricion global,sobrepeso (s),2005-01-01,10,4,1,1,11,5,16
COLQUENCHA,desnutricion global,sobrepeso (s),2005-01-01,2,4,3,2,5,6,11
COLQUIRI,desnutricion global,sobrepeso (s),2005-01-01,14,15,6,8,20,23,43
COMARAPA,desnutricion global,sobrepeso (s),2005-01-01,44,44,17,17,61,61,122
COMBAYA,desnutricion global,sobrepeso (s),2005-01-01,0,2,1,0,1,2,3
CONCEPCION,desnutricion global,sobrepeso (s),2005-01-01,28,0,1,0,29,0,29
COPACABANA,desnutricion global,sobrepeso (s),2005-01-01,19,11,3,1,22,12,34
CORIPATA,desnutricion global,sobrepeso (s),2005-01-01,14,11,0,0,14,11,25
CORO CORO,desnutricion global,sobrepeso (s),2005-01-01,0,5,0,0,0,5,5
COROICO,desnutricion global,sobrepeso (s),2005-01-01,4,2,0,1,4,3,7
CORQUE,desnutricion global,sobrepeso (s),2005-01-01,5,2,0,0,5,2,7
COTAGAITA,desnutricion global,sobrepeso (s),2005-01-01,7,4,6,0,13,4,17
COTOCA,desnutricion global,sobrepeso (s),2005-01-01,57,33,0,3,57,36,93
CUATRO CAÑADAS,desnutricion global,sobrepeso (s),2005-01-01,15,0,15,0,30,0,30
CUCHUMUELA (V. G. VILLARROEL),desnutricion global,sobrepeso (s),2005-01-01,5,0,1,0,6,0,6
CUEVO,desnutricion global,sobrepeso (s),2005-01-01,8,6,2,3,10,9,19
CULPINA,desnutricion global,sobrepeso (s),2005-01-01,17,16,9,9,26,25,51
CURAHUARA DE CARANGAS,desnutricion global,sobrepeso (s),2005-01-01,1,3,0,0,1,3,4
DESAGUADERO,desnutricion global,sobrepeso (s),2005-01-01,0,1,0,1,0,2,2
EL ALTO,desnutricion global,sobrepeso (s),2005-01-01,441,484,99,85,540,569,1109
EL CHORO,desnutricion global,sobrepeso (s),2005-01-01,1,1,0,0,1,1,2
EL PUENTE(TJA),desnutricion global,sobrepeso (s),2005-01-01,7,4,4,3,11,7,18
EL TORNO,desnutricion global,sobrepeso (s),2005-01-01,58,34,8,7,66,41,107
EL VILLAR,desnutricion global,sobrepeso (s),2005-01-01,7,2,2,0,9,2,11
ENTRE RIOS,desnutricion global,sobrepeso (s),2005-01-01,44,32,14,9,58,41,99
ENTRE RIOS,desnutricion global,sobrepeso (s),2005-01-01,30,20,4,3,34,23,57
EUCALIPTUS,desnutricion global,sobrepeso (s),2005-01-01,4,5,0,0,4,5,9
EUREKA (SANTOS MERCADO),desnutricion global,sobrepeso (s),2005-01-01,0,0,2,0,2,0,2
EXALTACION,desnutricion global,sobrepeso (s),2005-01-01,15,2,10,4,25,6,31
FERNANDEZ ALONSO,desnutricion global,sobrepeso (s),2005-01-01,65,32,28,23,93,55,148
FILADELFIA,desnutricion global,sobrepeso (s),2005-01-01,2,3,0,4,2,7,9
GENERAL SAAVEDRA,desnutricion global,sobrepeso (s),2005-01-01,65,2,37,2,102,4,106
GRAL. J.J. PEREZ (CHARAZANI),desnutricion global,sobrepeso (s),2005-01-01,6,4,0,0,6,4,10
GUANAY,desnutricion global,sobrepeso (s),2005-01-01,23,14,1,1,24,15,39
GUAQUI,desnutricion global,sobrepeso (s),2005-01-01,1,2,1,2,2,4,6
GUTIERREZ,desnutricion global,sobrepeso (s),2005-01-01,44,39,27,21,71,60,131
HUACARETA,desnutricion global,sobrepeso (s),2005-01-01,9,10,3,2,12,12,24
HUACAYA (VILLA DE HUACAYA),desnutricion global,sobrepeso (s),2005-01-01,4,2,1,0,5,2,7
HUACHACALLA,desnutricion global,sobrepeso (s),2005-01-01,1,3,1,1,2,4,6
HUANUNI,desnutricion global,sobrepeso (s),2005-01-01,54,55,2,2,56,57,113
HUARACAJE,desnutricion global,sobrepeso (s),2005-01-01,4,2,2,1,6,3,9
HUAYLLAMARCA,desnutricion global,sobrepeso (s),2005-01-01,2,3,0,0,2,3,5
ICHOCA,desnutricion global,sobrepeso (s),2005-01-01,0,2,0,1,0,3,3
ICLA,desnutricion global,sobrepeso (s),2005-01-01,5,12,0,3,5,15,20
INCAHUASI,desnutricion global,sobrepeso (s),2005-01-01,14,18,2,1,16,19,35
INQUISIVI,desnutricion global,sobrepeso (s),2005-01-01,5,8,3,1,8,9,17
IRUPANA (VILLA DE LANZA),desnutricion global,sobrepeso (s),2005-01-01,27,12,23,15,50,27,77
IXIAMAS,desnutricion global,sobrepeso (s),2005-01-01,16,12,2,1,18,13,31
JESUS DE MACHACA,desnutricion global,sobrepeso (s),2005-01-01,2,0,0,0,2,0,2
LA ASUNTA,desnutricion global,sobrepeso (s),2005-01-01,25,22,1,1,26,23,49
LA GUARDIA,desnutricion global,sobrepeso (s),2005-01-01,73,37,8,11,81,48,129
LA PAZ,desnutricion global,sobrepeso (s),2005-01-01,472,390,125,119,597,509,1106
LAGUNILLAS,desnutricion global,sobrepeso (s),2005-01-01,18,13,4,2,22,15,37
LAJA,desnutricion global,sobrepeso (s),2005-01-01,12,10,1,1,13,11,24
LAS CARRERAS,desnutricion global,sobrepeso (s),2005-01-01,6,5,3,3,9,8,17
LLALLAGUA,desnutricion global,sobrepeso (s),2005-01-01,37,40,6,5,43,45,88
LLICA,desnutricion global,sobrepeso (s),2005-01-01,1,1,0,0,1,1,2
LORETO,desnutricion global,sobrepeso (s),2005-01-01,4,4,2,0,6,4,10
LURIBAY,desnutricion global,sobrepeso (s),2005-01-01,7,3,0,0,7,3,10
MACHACAMARCA,desnutricion global,sobrepeso (s),2005-01-01,3,8,0,0,3,8,11
MACHARETI,desnutricion global,sobrepeso (s),2005-01-01,35,28,9,7,44,35,79
MAGDALENA,desnutricion global,sobrepeso (s),2005-01-01,14,7,2,1,16,8,24
MAIRANA,desnutricion global,sobrepeso (s),2005-01-01,53,0,8,0,61,0,61
MALLA,desnutricion global,sobrepeso (s),2005-01-01,1,1,0,0,1,1,2
MAPIRI,desnutricion global,sobrepeso (s),2005-01-01,35,13,4,1,39,14,53
MINEROS,desnutricion global,sobrepeso (s),2005-01-01,41,39,13,7,54,46,100
MIZQUE,desnutricion global,sobrepeso (s),2005-01-01,8,2,1,2,9,4,13
MOCOMOCO,desnutricion global,sobrepeso (s),2005-01-01,8,3,4,2,12,5,17
MOJINETE,desnutricion global,sobrepeso (s),2005-01-01,1,1,0,0,1,1,2
MOJOCOYA,desnutricion global,sobrepeso (s),2005-01-01,9,18,2,0,11,18,29
MONTEAGUDO,desnutricion global,sobrepeso (s),2005-01-01,39,37,5,3,44,40,84
MONTERO,desnutricion global,sobrepeso (s),2005-01-01,342,61,100,13,442,74,516
MORO MORO,desnutricion global,sobrepeso (s),2005-01-01,7,2,2,2,9,4,13
MOROCHATA,desnutricion global,sobrepeso (s),2005-01-01,5,5,1,2,6,7,13
OCURI,desnutricion global,sobrepeso (s),2005-01-01,3,1,0,2,3,3,6
OKINAWA,desnutricion global,sobrepeso (s),2005-01-01,20,14,6,7,26,21,47
OMEREQUE,desnutricion global,sobrepeso (s),2005-01-01,1,4,0,0,1,4,5
ORURO,desnutricion global,sobrepeso (s),2005-01-01,197,169,54,24,251,193,444
PADCAYA,desnutricion global,sobrepeso (s),2005-01-01,20,19,12,7,32,26,58
PADILLA,desnutricion global,sobrepeso (s),2005-01-01,10,14,1,2,11,16,27
PAILON,desnutricion global,sobrepeso (s),2005-01-01,0,67,48,0,48,67,115
PALOS BLANCOS,desnutricion global,sobrepeso (s),2005-01-01,25,26,7,0,32,26,58
PAMPA AULLAGAS,desnutricion global,sobrepeso (s),2005-01-01,4,2,0,0,4,2,6
PAMPA GRANDE,desnutricion global,sobrepeso (s),2005-01-01,6,6,2,1,8,7,15
PAPEL PAMPA,desnutricion global,sobrepeso (s),2005-01-01,1,0,0,0,1,0,1
PASORAPA,desnutricion global,sobrepeso (s),2005-01-01,5,2,0,0,5,2,7
PATACAMAYA,desnutricion global,sobrepeso (s),2005-01-01,12,12,1,0,13,12,25
PAZÑA,desnutricion global,sobrepeso (s),2005-01-01,2,6,2,2,4,8,12
PELECHUCO,desnutricion global,sobrepeso (s),2005-01-01,1,1,0,1,1,2,3
POCOATA,desnutricion global,sobrepeso (s),2005-01-01,9,11,2,1,11,12,23
POCONA,desnutricion global,sobrepeso (s),2005-01-01,4,4,0,0,4,4,8
POJO (CBBA),desnutricion global,sobrepeso (s),2005-01-01,17,10,1,1,18,11,29
POOPO,desnutricion global,sobrepeso (s),2005-01-01,1,0,0,0,1,0,1
PORCO,desnutricion global,sobrepeso (s),2005-01-01,2,4,1,0,3,4,7
POROMA,desnutricion global,sobrepeso (s),2005-01-01,15,7,2,0,17,7,24
PORONGO,desnutricion global,sobrepeso (s),2005-01-01,11,6,3,2,14,8,22
PORTACHUELO,desnutricion global,sobrepeso (s),2005-01-01,53,40,10,9,63,49,112
PORVENIR,desnutricion global,sobrepeso (s),2005-01-01,4,1,2,3,6,4,10
POSTRER VALLE,desnutricion global,sobrepeso (s),2005-01-01,2,0,0,1,2,1,3
POTOSI,desnutricion global,sobrepeso (s),2005-01-01,54,30,6,6,60,36,96
PRESTO,desnutricion global,sobrepeso (s),2005-01-01,9,8,0,0,9,8,17
PUCARA,desnutricion global,sobrepeso (s),2005-01-01,2,0,0,0,2,0,2
PUCARANI,desnutricion global,sobrepeso (s),2005-01-01,17,17,1,2,18,19,37
PUERTO ACOSTA,desnutricion global,sobrepeso (s),2005-01-01,6,5,5,6,11,11,22
PUERTO CARABUCO,desnutricion global,sobrepeso (s),2005-01-01,7,5,1,1,8,6,14
PUERTO GONZALO MORENO,desnutricion global,sobrepeso (s),2005-01-01,3,2,0,0,3,2,5
PUERTO PEREZ,desnutricion global,sobrepeso (s),2005-01-01,6,0,1,0,7,0,7
PUERTO RICO,desnutricion global,sobrepeso (s),2005-01-01,11,5,7,6,18,11,29
PUERTO SILES,desnutricion global,sobrepeso (s),2005-01-01,0,2,0,0,0,2,2
PUERTO VILLARROEL,desnutricion global,sobrepeso (s),2005-01-01,96,83,27,14,123,97,220
PUNA,desnutricion global,sobrepeso (s),2005-01-01,10,10,2,2,12,12,24
PUNATA,desnutricion global,sobrepeso (s),2005-01-01,22,7,16,11,38,18,56
QUIABAYA,desnutricion global,sobrepeso (s),2005-01-01,2,4,1,0,3,4,7
QUILLACOLLO,desnutricion global,sobrepeso (s),2005-01-01,25,38,17,3,42,41,83
QUIME,desnutricion global,sobrepeso (s),2005-01-01,9,10,9,12,18,22,40
QUIRUSILLAS,desnutricion global,sobrepeso (s),2005-01-01,6,3,0,1,6,4,10
RAVELO,desnutricion global,sobrepeso (s),2005-01-01,2,1,0,1,2,2,4
REYES,desnutricion global,sobrepeso (s),2005-01-01,41,33,7,4,48,37,85
RIBERALTA,desnutricion global,sobrepeso (s),2005-01-01,62,26,11,5,73,31,104
ROBORE,desnutricion global,sobrepeso (s),2005-01-01,0,29,7,0,7,29,36
RURRENABAQUE,desnutricion global,sobrepeso (s),2005-01-01,13,16,4,4,17,20,37
SABAYA,desnutricion global,sobrepeso (s),2005-01-01,2,2,0,0,2,2,4
SACABA,desnutricion global,sobrepeso (s),2005-01-01,33,26,6,3,39,29,68
SAIPINA,desnutricion global,sobrepeso (s),2005-01-01,25,18,14,5,39,23,62
SALINAS DE GARCI MENDOZA,desnutricion global,sobrepeso (s),2005-01-01,1,9,1,1,2,10,12
SAMAIPATA,desnutricion global,sobrepeso (s),2005-01-01,18,0,8,0,26,0,26
SAN AGUSTIN,desnutricion global,sobrepeso (s),2005-01-01,0,2,0,0,0,2,2
SAN ANDRES,desnutricion global,sobrepeso (s),2005-01-01,16,8,7,3,23,11,34
SAN ANDRES DE MACHACA,desnutricion global,sobrepeso (s),2005-01-01,4,3,0,3,4,6,10
SAN ANTONIO DE ESMORUCO,desnutricion global,sobrepeso (s),2005-01-01,1,0,0,0,1,0,1
SAN ANTONIO DE LOMERIO,desnutricion global,sobrepeso (s),2005-01-01,11,5,3,9,14,14,28
SAN BENITO,desnutricion global,sobrepeso (s),2005-01-01,4,5,0,0,4,5,9
SAN BORJA,desnutricion global,sobrepeso (s),2005-01-01,61,63,12,12,73,75,148
SAN BUENA VENTURA,desnutricion global,sobrepeso (s),2005-01-01,15,11,0,0,15,11,26
SAN CARLOS,desnutricion global,sobrepeso (s),2005-01-01,46,22,23,15,69,37,106
SAN IGNACIO,desnutricion global,sobrepeso (s),2005-01-01,23,13,9,11,32,24,56
SAN IGNACIO DE VELASCO,desnutricion global,sobrepeso (s),2005-01-01,105,65,13,12,118,77,195
SAN JAVIER(BNI),desnutricion global,sobrepeso (s),2005-01-01,3,0,0,0,3,0,3
SAN JAVIER(STC),desnutricion global,sobrepeso (s),2005-01-01,26,0,3,0,29,0,29
SAN JOAQUIN,desnutricion global,sobrepeso (s),2005-01-01,14,7,1,2,15,9,24
SAN JOSE DE CHIQUITOS,desnutricion global,sobrepeso (s),2005-01-01,15,15,1,2,16,17,33
SAN JUAN DE YAPACANI,desnutricion global,sobrepeso (s),2005-01-01,22,13,8,0,30,13,43
SAN JULIAN,desnutricion global,sobrepeso (s),2005-01-01,68,2,13,0,81,2,83
SAN LORENZO(PND),desnutricion global,sobrepeso (s),2005-01-01,2,1,0,0,2,1,3
SAN LORENZO(TJA),desnutricion global,sobrepeso (s),2005-01-01,17,19,5,2,22,21,43
SAN LUCAS,desnutricion global,sobrepeso (s),2005-01-01,13,14,9,6,22,20,42
SAN MIGUEL DE VELASCO,desnutricion global,sobrepeso (s),2005-01-01,12,16,3,1,15,17,32
SAN PEDRO,desnutricion global,sobrepeso (s),2005-01-01,39,28,6,4,45,32,77
SAN PEDRO DE BUENA VISTA,desnutricion global,sobrepeso (s),2005-01-01,13,10,4,0,17,10,27
SAN PEDRO DE CURAHUARA,desnutricion global,sobrepeso (s),2005-01-01,7,7,0,0,7,7,14
SAN PEDRO DE QUEMES,desnutricion global,sobrepeso (s),2005-01-01,1,0,0,0,1,0,1
SAN PEDRO DE TIQUINA,desnutricion global,sobrepeso (s),2005-01-01,4,4,0,0,4,4,8
SAN PEDRO(PND),desnutricion global,sobrepeso (s),2005-01-01,4,5,0,0,4,5,9
SAN RAFAEL,desnutricion global,sobrepeso (s),2005-01-01,1,4,0,2,1,6,7
SAN RAMON,desnutricion global,sobrepeso (s),2005-01-01,7,6,3,0,10,6,16
SAN RAMON,desnutricion global,sobrepeso (s),2005-01-01,40,0,3,0,43,0,43
SANTA ANA,desnutricion global,sobrepeso (s),2005-01-01,73,55,16,25,89,80,169
SANTA CRUZ DE LA SIERRA,desnutricion global,sobrepeso (s),2005-01-01,1075,660,268,158,1343,818,2161
SANTA ROSA,desnutricion global,sobrepeso (s),2005-01-01,10,9,3,4,13,13,26
SANTA ROSA DEL SARA,desnutricion global,sobrepeso (s),2005-01-01,25,12,9,13,34,25,59
SANTIAGO DE CALLAPA,desnutricion global,sobrepeso (s),2005-01-01,1,1,0,0,1,1,2
SANTIAGO DE HUARI,desnutricion global,sobrepeso (s),2005-01-01,4,4,2,0,6,4,10
SANTIAGO DE MACHACA,desnutricion global,sobrepeso (s),2005-01-01,1,0,0,0,1,0,1
SANTIVAÑES,desnutricion global,sobrepeso (s),2005-01-01,2,3,1,0,3,3,6
SANTUARIO DE QUILLACAS,desnutricion global,sobrepeso (s),2005-01-01,2,1,0,0,2,1,3
SAPAHAQUI,desnutricion global,sobrepeso (s),2005-01-01,6,3,0,1,6,4,10
SENA,desnutricion global,sobrepeso (s),2005-01-01,0,1,1,5,1,6,7
SICA SICA (VILLA AROMA),desnutricion global,sobrepeso (s),2005-01-01,6,6,2,0,8,6,14
SICAYA,desnutricion global,sobrepeso (s),2005-01-01,1,0,0,0,1,0,1
SIPE SIPE,desnutricion global,sobrepeso (s),2005-01-01,38,32,2,1,40,33,73
SOPACHUY,desnutricion global,sobrepeso (s),2005-01-01,4,4,0,0,4,4,8
SORACACHI,desnutricion global,sobrepeso (s),2005-01-01,6,2,0,0,6,2,8
SORATA,desnutricion global,sobrepeso (s),2005-01-01,11,14,1,4,12,18,30
SUCRE,desnutricion global,sobrepeso (s),2005-01-01,150,121,19,21,169,142,311
TACACOMA,desnutricion global,sobrepeso (s),2005-01-01,12,10,2,3,14,13,27
TACOBAMBA,desnutricion global,sobrepeso (s),2005-01-01,1,2,0,0,1,2,3
TACOPAYA,desnutricion global,sobrepeso (s),2005-01-01,3,1,0,1,3,2,5
TAPACARI,desnutricion global,sobrepeso (s),2005-01-01,2,2,0,0,2,2,4
TARABUCO,desnutricion global,sobrepeso (s),2005-01-01,24,27,1,3,25,30,55
TARACO,desnutricion global,sobrepeso (s),2005-01-01,2,0,0,0,2,0,2
TARATA,desnutricion global,sobrepeso (s),2005-01-01,12,10,3,1,15,11,26
TARIJA,desnutricion global,sobrepeso (s),2005-01-01,365,250,37,48,402,298,700
TARVITA,desnutricion global,sobrepeso (s),2005-01-01,25,14,2,1,27,15,42
TEOPONTE,desnutricion global,sobrepeso (s),2005-01-01,18,7,12,10,30,17,47
TIAWANACU,desnutricion global,sobrepeso (s),2005-01-01,6,10,2,2,8,12,20
TINGUIPAYA,desnutricion global,sobrepeso (s),2005-01-01,8,2,3,1,11,3,14
TIPUANI,desnutricion global,sobrepeso (s),2005-01-01,8,10,0,0,8,10,18
TIQUIPAYA,desnutricion global,sobrepeso (s),2005-01-01,18,17,3,4,21,21,42
TIRAQUE (CBBA),desnutricion global,sobrepeso (s),2005-01-01,64,65,12,12,76,77,153
TITO YUPANQUI (PARQUIPUJIO),desnutricion global,sobrepeso (s),2005-01-01,0,1,0,0,0,1,1
TOCO,desnutricion global,sobrepeso (s),2005-01-01,5,2,0,0,5,2,7
TOLATA,desnutricion global,sobrepeso (s),2005-01-01,3,4,0,0,3,4,7
TOLEDO,desnutricion global,sobrepeso (s),2005-01-01,4,0,0,0,4,0,4
TOMAVE,desnutricion global,sobrepeso (s),2005-01-01,8,7,1,0,9,7,16
TOMINA,desnutricion global,sobrepeso (s),2005-01-01,17,15,3,0,20,15,35
TORO TORO,desnutricion global,sobrepeso (s),2005-01-01,0,2,0,0,0,2,2
TOTORA(CBBA),desnutricion global,sobrepeso (s),2005-01-01,10,4,1,0,11,4,15
TRIGAL,desnutricion global,sobrepeso (s),2005-01-01,3,2,0,0,3,2,5
TRINIDAD,desnutricion global,sobrepeso (s),2005-01-01,160,126,28,47,188,173,361
TUPIZA,desnutricion global,sobrepeso (s),2005-01-01,52,39,9,3,61,42,103
TURCO,desnutricion global,sobrepeso (s),2005-01-01,5,3,0,0,5,3,8
UMALA,desnutricion global,sobrepeso (s),2005-01-01,6,3,8,7,14,10,24
UNCIA,desnutricion global,sobrepeso (s),2005-01-01,12,15,2,2,14,17,31
URIONDO (A. CONCEPCION),desnutricion global,sobrepeso (s),2005-01-01,25,19,4,4,29,23,52
UYUNI,desnutricion global,sobrepeso (s),2005-01-01,11,11,6,0,17,11,28
VACAS,desnutricion global,sobrepeso (s),2005-01-01,2,2,1,1,3,3,6
VALLEGRANDE,desnutricion global,sobrepeso (s),2005-01-01,26,9,27,0,53,9,62
VILA VILA,desnutricion global,sobrepeso (s),2005-01-01,1,2,1,0,2,2,4
VILLA MONTES,desnutricion global,sobrepeso (s),2005-01-01,41,36,23,18,64,54,118
VILLA RIVERO,desnutricion global,sobrepeso (s),2005-01-01,5,9,0,1,5,10,15
VILLA SERRANO,desnutricion global,sobrepeso (s),2005-01-01,10,10,0,1,10,11,21
VILLA TUNARI,desnutricion global,sobrepeso (s),2005-01-01,42,27,11,3,53,30,83
VILLA VACA GUZMAN (MUYUPAMPA),desnutricion global,sobrepeso (s),2005-01-01,29,12,6,2,35,14,49
VILLAZON,desnutricion global,sobrepeso (s),2005-01-01,61,43,4,9,65,52,117
VINTO,desnutricion global,sobrepeso (s),2005-01-01,23,0,3,0,26,0,26
VITICHI,desnutricion global,sobrepeso (s),2005-01-01,3,8,1,1,4,9,13
WALDO BALLIVIAN,desnutricion global,sobrepeso (s),2005-01-01,1,0,0,1,1,1,2
WARNES,desnutricion global,sobrepeso (s),2005-01-01,48,30,8,4,56,34,90
YACO,desnutricion global,sobrepeso (s),2005-01-01,1,2,0,0,1,2,3
YACUIBA,desnutricion global,sobrepeso (s),2005-01-01,95,77,6,6,101,83,184
YAMPARAEZ,desnutricion global,sobrepeso (s),2005-01-01,15,12,0,3,15,15,30
YANACACHI,desnutricion global,sobrepeso (s),2005-01-01,6,3,0,0,6,3,9
YAPACANI,desnutricion global,sobrepeso (s),2005-01-01,89,69,7,6,96,75,171
YOTALA,desnutricion global,sobrepeso (s),2005-01-01,13,18,4,5,17,23,40
YUNCHARA,desnutricion global,sobrepeso (s),2005-01-01,1,0,0,1,1,1,2
ZUDAÑEZ,desnutricion global,sobrepeso (s),2005-01-01,22,12,0,2,22,14,36
ACACIO,desnutricion global,sobrepeso (s),2005-02-01,2,3,0,0,2,3,5
ACHACACHI,desnutricion global,sobrepeso (s),2005-02-01,33,33,12,9,45,42,87
AIQUILE,desnutricion global,sobrepeso (s),2005-02-01,17,3,1,2,18,5,23
ALCALA,desnutricion global,sobrepeso (s),2005-02-01,5,8,0,0,5,8,13
ANCORAIMES,desnutricion global,sobrepeso (s),2005-02-01,3,1,2,0,5,1,6
ANTEQUERA,desnutricion global,sobrepeso (s),2005-02-01,3,3,0,0,3,3,6
APOLO,desnutricion global,sobrepeso (s),2005-02-01,4,1,4,1,8,2,10
ARAMPAMPA,desnutricion global,sobrepeso (s),2005-02-01,3,1,0,0,3,1,4
ARANI,desnutricion global,sobrepeso (s),2005-02-01,5,1,1,1,6,2,8
ARBIETO,desnutricion global,sobrepeso (s),2005-02-01,7,2,0,0,7,2,9
ARQUE,desnutricion global,sobrepeso (s),2005-02-01,4,2,0,0,4,2,6
ATOCHA,desnutricion global,sobrepeso (s),2005-02-01,11,8,1,3,12,11,23
AUCAPATA,desnutricion global,sobrepeso (s),2005-02-01,5,9,0,0,5,9,14
AYATA,desnutricion global,sobrepeso (s),2005-02-01,5,3,0,0,5,3,8
AYO AYO,desnutricion global,sobrepeso (s),2005-02-01,4,4,1,0,5,4,9
AYOPAYA (V. DE INDEPENDENCIA),desnutricion global,sobrepeso (s),2005-02-01,14,8,3,1,17,9,26
AZURDUY,desnutricion global,sobrepeso (s),2005-02-01,8,6,2,0,10,6,16
BATALLAS,desnutricion global,sobrepeso (s),2005-02-01,9,7,0,2,9,9,18
BAURES,desnutricion global,sobrepeso (s),2005-02-01,10,0,0,0,10,0,10
BELEN DE ANDAMARCA,desnutricion global,sobrepeso (s),2005-02-01,0,1,0,0,0,1,1
BELEN DE URMIRI,desnutricion global,sobrepeso (s),2005-02-01,0,3,0,0,0,3,3
BELLA FLOR,desnutricion global,sobrepeso (s),2005-02-01,1,1,0,0,1,1,2
BERMEJO,desnutricion global,sobrepeso (s),2005-02-01,12,6,8,4,20,10,30
BETANZOS,desnutricion global,sobrepeso (s),2005-02-01,16,12,2,0,18,12,30
BOLIVAR,desnutricion global,sobrepeso (s),2005-02-01,0,1,0,0,0,1,1
BOLPEBRA,desnutricion global,sobrepeso (s),2005-02-01,0,1,0,0,0,1,1
BOYUIBE,desnutricion global,sobrepeso (s),2005-02-01,3,5,1,1,4,6,10
BUENA VISTA,desnutricion global,sobrepeso (s),2005-02-01,38,20,6,6,44,26,70
CABEZAS,desnutricion global,sobrepeso (s),2005-02-01,30,27,6,6,36,33,69
CAIROMA,desnutricion global,sobrepeso (s),2005-02-01,7,3,0,2,7,5,12
"CAIZA ""D""",desnutricion global,sobrepeso (s),2005-02-01,8,6,0,0,8,6,14
CAJUATA,desnutricion global,sobrepeso (s),2005-02-01,28,17,5,1,33,18,51
CALACOTO,desnutricion global,sobrepeso (s),2005-02-01,1,3,0,0,1,3,4
CALAMARCA,desnutricion global,sobrepeso (s),2005-02-01,12,10,1,2,13,12,25
CAMARGO,desnutricion global,sobrepeso (s),2005-02-01,14,14,2,0,16,14,30
CAMATAQUI (C. VILLA ABECIA),desnutricion global,sobrepeso (s),2005-02-01,3,3,1,1,4,4,8
CAMIRI,desnutricion global,sobrepeso (s),2005-02-01,72,53,10,7,82,60,142
CAPINOTA,desnutricion global,sobrepeso (s),2005-02-01,22,12,8,6,30,18,48
CAQUIAVIRI,desnutricion global,sobrepeso (s),2005-02-01,8,7,2,3,10,10,20
CARACOLLO,desnutricion global,sobrepeso (s),2005-02-01,16,7,3,1,19,8,27
CARANAVI,desnutricion global,sobrepeso (s),2005-02-01,71,33,12,8,83,41,124
CARAPARI,desnutricion global,sobrepeso (s),2005-02-01,13,24,3,3,16,27,43
CARIPUYO,desnutricion global,sobrepeso (s),2005-02-01,0,0,0,1,0,1,1
CHALLAPATA,desnutricion global,sobrepeso (s),2005-02-01,11,12,3,2,14,14,28
CHAQUI,desnutricion global,sobrepeso (s),2005-02-01,2,2,0,0,2,2,4
CHARAGUA,desnutricion global,sobrepeso (s),2005-02-01,43,33,11,19,54,52,106
CHAYANTA,desnutricion global,sobrepeso (s),2005-02-01,28,3,5,5,33,8,41
CHIMORE,desnutricion global,sobrepeso (s),2005-02-01,21,17,4,5,25,22,47
CHULUMANI (V. DE LA LIBERTAD),desnutricion global,sobrepeso (s),2005-02-01,16,9,0,2,16,11,27
CHUMA,desnutricion global,sobrepeso (s),2005-02-01,7,4,0,1,7,5,12
CLIZA,desnutricion global,sobrepeso (s),2005-02-01,27,26,7,2,34,28,62
COBIJA,desnutricion global,sobrepeso (s),2005-02-01,52,53,4,3,56,56,112
COCHABAMBA,desnutricion global,sobrepeso (s),2005-02-01,355,267,43,38,398,305,703
COLCAPIRHUA,desnutricion global,sobrepeso (s),2005-02-01,17,16,1,2,18,18,36
"COLCHA ""K""",desnutricion global,sobrepeso (s),2005-02-01,4,9,0,1,4,10,14
COLLANA,desnutricion global,sobrepeso (s),2005-02-01,1,0,0,0,1,0,1
COLOMI,desnutricion global,sobrepeso (s),2005-02-01,14,13,3,0,17,13,30
COLPA BELGICA,desnutricion global,sobrepeso (s),2005-02-01,11,7,0,0,11,7,18
COLQUECHACA,desnutricion global,sobrepeso (s),2005-02-01,8,4,2,0,10,4,14
COLQUENCHA,desnutricion global,sobrepeso (s),2005-02-01,6,6,1,2,7,8,15
COLQUIRI,desnutricion global,sobrepeso (s),2005-02-01,15,9,2,1,17,10,27
COMARAPA,desnutricion global,sobrepeso (s),2005-02-01,50,61,9,11,59,72,131
COMBAYA,desnutricion global,sobrepeso (s),2005-02-01,1,2,0,0,1,2,3
CONCEPCION,desnutricion global,sobrepeso (s),2005-02-01,7,0,8,0,15,0,15
COPACABANA,desnutricion global,sobrepeso (s),2005-02-01,8,3,1,1,9,4,13
CORIPATA,desnutricion global,sobrepeso (s),2005-02-01,39,25,1,0,40,25,65
CORO CORO,desnutricion global,sobrepeso (s),2005-02-01,3,2,0,0,3,2,5
COROICO,desnutricion global,sobrepeso (s),2005-02-01,1,0,0,0,1,0,1
CORQUE,desnutricion global,sobrepeso (s),2005-02-01,3,2,1,1,4,3,7
COTAGAITA,desnutricion global,sobrepeso (s),2005-02-01,3,3,0,0,3,3,6
COTOCA,desnutricion global,sobrepeso (s),2005-02-01,48,23,5,2,53,25,78
CUATRO CAÑADAS,desnutricion global,sobrepeso (s),2005-02-01,23,2,3,5,26,7,33
CUCHUMUELA (V. G. VILLARROEL),desnutricion global,sobrepeso (s),2005-02-01,2,0,1,0,3,0,3
CUEVO,desnutricion global,sobrepeso (s),2005-02-01,1,0,0,0,1,0,1
CULPINA,desnutricion global,sobrepeso (s),2005-02-01,22,21,7,6,29,27,56
CURAHUARA DE CARANGAS,desnutricion global,sobrepeso (s),2005-02-01,1,3,0,1,1,4,5
CURVA,desnutricion global,sobrepeso (s),2005-02-01,0,2,0,0,0,2,2
DESAGUADERO,desnutricion global,sobrepeso (s),2005-02-01,1,0,0,0,1,0,1
EL ALTO,desnutricion global,sobrepeso (s),2005-02-01,401,417,96,90,497,507,1004
EL CHORO,desnutricion global,sobrepeso (s),2005-02-01,3,0,0,0,3,0,3
EL PUENTE(TJA),desnutricion global,sobrepeso (s),2005-02-01,7,4,1,3,8,7,15
EL TORNO,desnutricion global,sobrepeso (s),2005-02-01,57,31,9,4,66,35,101
EL VILLAR,desnutricion global,sobrepeso (s),2005-02-01,7,1,3,0,10,1,11
ENTRE RIOS,desnutricion global,sobrepeso (s),2005-02-01,42,27,14,2,56,29,85
ENTRE RIOS,desnutricion global,sobrepeso (s),2005-02-01,29,22,3,3,32,25,57
EUCALIPTUS,desnutricion global,sobrepeso (s),2005-02-01,4,2,1,1,5,3,8
EUREKA (SANTOS MERCADO),desnutricion global,sobrepeso (s),2005-02-01,0,0,2,0,2,0,2
EXALTACION,desnutricion global,sobrepeso (s),2005-02-01,8,6,3,4,11,10,21
FERNANDEZ ALONSO,desnutricion global,sobrepeso (s),2005-02-01,49,25,38,34,87,59,146
FILADELFIA,desnutricion global,sobrepeso (s),2005-02-01,5,2,0,0,5,2,7
GENERAL SAAVEDRA,desnutricion global,sobrepeso (s),2005-02-01,34,0,12,0,46,0,46
GRAL. J.J. PEREZ (CHARAZANI),desnutricion global,sobrepeso (s),2005-02-01,9,4,0,1,9,5,14
GUANAY,desnutricion global,sobrepeso (s),2005-02-01,20,18,8,11,28,29,57
GUAQUI,desnutricion global,sobrepeso (s),2005-02-01,2,3,1,0,3,3,6
GUTIERREZ,desnutricion global,sobrepeso (s),2005-02-01,33,35,12,11,45,46,91
HUACARETA,desnutricion global,sobrepeso (s),2005-02-01,7,13,8,2,15,15,30
HUACAYA (VILLA DE HUACAYA),desnutricion global,sobrepeso (s),2005-02-01,6,3,0,0,6,3,9
HUACHACALLA,desnutricion global,sobrepeso (s),2005-02-01,1,1,1,0,2,1,3
HUANUNI,desnutricion global,sobrepeso (s),2005-02-01,39,26,2,6,41,32,73
HUARACAJE,desnutricion global,sobrepeso (s),2005-02-01,6,1,4,0,10,1,11
HUAYLLAMARCA,desnutricion global,sobrepeso (s),2005-02-01,1,0,0,1,1,1,2
ICHOCA,desnutricion global,sobrepeso (s),2005-02-01,1,2,0,1,1,3,4
ICLA,desnutricion global,sobrepeso (s),2005-02-01,5,10,1,1,6,11,17
INCAHUASI,desnutricion global,sobrepeso (s),2005-02-01,17,18,0,1,17,19,36
INQUISIVI,desnutricion global,sobrepeso (s),2005-02-01,11,7,0,0,11,7,18
IRUPANA (VILLA DE LANZA),desnutricion global,sobrepeso (s),2005-02-01,11,11,5,4,16,15,31
IXIAMAS,desnutricion global,sobrepeso (s),2005-02-01,17,11,1,2,18,13,31
JESUS DE MACHACA,desnutricion global,sobrepeso (s),2005-02-01,4,2,5,0,9,2,11
LA ASUNTA,desnutricion global,sobrepeso (s),2005-02-01,21,24,1,1,22,25,47
LA GUARDIA,desnutricion global,sobrepeso (s),2005-02-01,80,55,9,2,89,57,146
LA PAZ,desnutricion global,sobrepeso (s),2005-02-01,458,419,118,90,576,509,1085
LAGUNILLAS,desnutricion global,sobrepeso (s),2005-02-01,10,14,7,7,17,21,38
LAJA,desnutricion global,sobrepeso (s),2005-02-01,18,12,5,5,23,17,40
LAS CARRERAS,desnutricion global,sobrepeso (s),2005-02-01,10,2,2,3,12,5,17
LICOMA PAMPA,desnutricion global,sobrepeso (s),2005-02-01,2,1,0,0,2,1,3
LLALLAGUA,desnutricion global,sobrepeso (s),2005-02-01,34,26,17,8,51,34,85
LLICA,desnutricion global,sobrepeso (s),2005-02-01,2,2,0,0,2,2,4
LORETO,desnutricion global,sobrepeso (s),2005-02-01,4,3,4,1,8,4,12
LURIBAY,desnutricion global,sobrepeso (s),2005-02-01,7,6,0,1,7,7,14
MACHACAMARCA,desnutricion global,sobrepeso (s),2005-02-01,3,5,1,0,4,5,9
MACHARETI,desnutricion global,sobrepeso (s),2005-02-01,28,17,9,2,37,19,56
MAGDALENA,desnutricion global,sobrepeso (s),2005-02-01,10,7,3,2,13,9,22
MAIRANA,desnutricion global,sobrepeso (s),2005-02-01,38,2,6,1,44,3,47
MAPIRI,desnutricion global,sobrepeso (s),2005-02-01,19,15,4,4,23,19,42
MINEROS,desnutricion global,sobrepeso (s),2005-02-01,78,1,16,0,94,1,95
MIZQUE,desnutricion global,sobrepeso (s),2005-02-01,31,25,34,25,65,50,115
MOCOMOCO,desnutricion global,sobrepeso (s),2005-02-01,6,4,5,5,11,9,20
MOJINETE,desnutricion global,sobrepeso (s),2005-02-01,1,2,0,0,1,2,3
MOJOCOYA,desnutricion global,sobrepeso (s),2005-02-01,8,11,2,1,10,12,22
MONTEAGUDO,desnutricion global,sobrepeso (s),2005-02-01,83,43,3,8,86,51,137
MONTERO,desnutricion global,sobrepeso (s),2005-02-01,223,99,87,39,310,138,448
MORO MORO,desnutricion global,sobrepeso (s),2005-02-01,3,0,2,1,5,1,6
MOROCHATA,desnutricion global,sobrepeso (s),2005-02-01,3,13,0,2,3,15,18
NACEBE (SANTA ROSA DEL ABUNA),desnutricion global,sobrepeso (s),2005-02-01,2,1,1,0,3,1,4
OCURI,desnutricion global,sobrepeso (s),2005-02-01,5,5,4,0,9,5,14
OKINAWA,desnutricion global,sobrepeso (s),2005-02-01,20,19,3,1,23,20,43
OMEREQUE,desnutricion global,sobrepeso (s),2005-02-01,1,0,1,0,2,0,2
ORURO,desnutricion global,sobrepeso (s),2005-02-01,168,165,56,27,224,192,416
PADCAYA,desnutricion global,sobrepeso (s),2005-02-01,25,18,13,13,38,31,69
PADILLA,desnutricion global,sobrepeso (s),2005-02-01,13,17,3,1,16,18,34
PAILON,desnutricion global,sobrepeso (s),2005-02-01,0,65,9,0,9,65,74
PALOS BLANCOS,desnutricion global,sobrepeso (s),2005-02-01,34,26,7,5,41,31,72
PAMPA AULLAGAS,desnutricion global,sobrepeso (s),2005-02-01,10,5,0,0,10,5,15
PAMPA GRANDE,desnutricion global,sobrepeso (s),2005-02-01,9,6,2,0,11,6,17
PAPEL PAMPA,desnutricion global,sobrepeso (s),2005-02-01,2,2,0,0,2,2,4
PASORAPA,desnutricion global,sobrepeso (s),2005-02-01,6,4,0,1,6,5,11
PATACAMAYA,desnutricion global,sobrepeso (s),2005-02-01,10,11,4,1,14,12,26
PAZÑA,desnutricion global,sobrepeso (s),2005-02-01,2,4,1,2,3,6,9
PELECHUCO,desnutricion global,sobrepeso (s),2005-02-01,2,1,1,0,3,1,4
POCOATA,desnutricion global,sobrepeso (s),2005-02-01,13,21,2,1,15,22,37
POCONA,desnutricion global,sobrepeso (s),2005-02-01,8,5,1,0,9,5,14
POJO (CBBA),desnutricion global,sobrepeso (s),2005-02-01,11,7,1,0,12,7,19
POOPO,desnutricion global,sobrepeso (s),2005-02-01,4,0,0,0,4,0,4
PORCO,desnutricion global,sobrepeso (s),2005-02-01,5,10,1,0,6,10,16
POROMA,desnutricion global,sobrepeso (s),2005-02-01,10,8,0,1,10,9,19
PORONGO,desnutricion global,sobrepeso (s),2005-02-01,15,10,1,0,16,10,26
PORTACHUELO,desnutricion global,sobrepeso (s),2005-02-01,44,24,12,10,56,34,90
PORVENIR,desnutricion global,sobrepeso (s),2005-02-01,7,5,1,0,8,5,13
POSTRER VALLE,desnutricion global,sobrepeso (s),2005-02-01,2,1,0,1,2,2,4
POTOSI,desnutricion global,sobrepeso (s),2005-02-01,57,37,4,2,61,39,100
PRESTO,desnutricion global,sobrepeso (s),2005-02-01,9,7,0,2,9,9,18
PUCARA,desnutricion global,sobrepeso (s),2005-02-01,8,0,0,0,8,0,8
PUCARANI,desnutricion global,sobrepeso (s),2005-02-01,15,28,1,1,16,29,45
PUERTO ACOSTA,desnutricion global,sobrepeso (s),2005-02-01,4,5,1,0,5,5,10
PUERTO CARABUCO,desnutricion global,sobrepeso (s),2005-02-01,3,5,0,4,3,9,12
PUERTO GONZALO MORENO,desnutricion global,sobrepeso (s),2005-02-01,14,5,1,0,15,5,20
PUERTO PEREZ,desnutricion global,sobrepeso (s),2005-02-01,3,2,0,0,3,2,5
PUERTO RICO,desnutricion global,sobrepeso (s),2005-02-01,7,7,1,0,8,7,15
PUERTO SILES,desnutricion global,sobrepeso (s),2005-02-01,0,4,1,0,1,4,5
PUERTO VILLARROEL,desnutricion global,sobrepeso (s),2005-02-01,50,42,14,13,64,55,119
PUNA,desnutricion global,sobrepeso (s),2005-02-01,7,9,0,0,7,9,16
PUNATA,desnutricion global,sobrepeso (s),2005-02-01,24,14,9,10,33,24,57
QUILLACOLLO,desnutricion global,sobrepeso (s),2005-02-01,22,85,3,5,25,90,115
QUIME,desnutricion global,sobrepeso (s),2005-02-01,5,3,0,5,5,8,13
QUIRUSILLAS,desnutricion global,sobrepeso (s),2005-02-01,6,3,0,0,6,3,9
RAVELO,desnutricion global,sobrepeso (s),2005-02-01,4,3,0,0,4,3,7
REYES,desnutricion global,sobrepeso (s),2005-02-01,20,11,7,1,27,12,39
RIBERALTA,desnutricion global,sobrepeso (s),2005-02-01,69,47,20,15,89,62,151
ROBORE,desnutricion global,sobrepeso (s),2005-02-01,7,28,12,4,19,32,51
RURRENABAQUE,desnutricion global,sobrepeso (s),2005-02-01,27,24,2,2,29,26,55
SABAYA,desnutricion global,sobrepeso (s),2005-02-01,3,1,0,3,3,4,7
SACABA,desnutricion global,sobrepeso (s),2005-02-01,6,7,2,0,8,7,15
SACABAMBA,desnutricion global,sobrepeso (s),2005-02-01,2,0,0,0,2,0,2
SACACA,desnutricion global,sobrepeso (s),2005-02-01,3,1,0,0,3,1,4
SAIPINA,desnutricion global,sobrepeso (s),2005-02-01,19,21,6,8,25,29,54
SALINAS DE GARCI MENDOZA,desnutricion global,sobrepeso (s),2005-02-01,2,8,0,2,2,10,12
SAMAIPATA,desnutricion global,sobrepeso (s),2005-02-01,28,0,16,0,44,0,44
SAN ANDRES,desnutricion global,sobrepeso (s),2005-02-01,13,13,3,3,16,16,32
SAN ANDRES DE MACHACA,desnutricion global,sobrepeso (s),2005-02-01,6,4,1,1,7,5,12
SAN ANTONIO DE LOMERIO,desnutricion global,sobrepeso (s),2005-02-01,9,8,3,3,12,11,23
SAN BENITO,desnutricion global,sobrepeso (s),2005-02-01,14,9,2,1,16,10,26
SAN BORJA,desnutricion global,sobrepeso (s),2005-02-01,51,52,6,3,57,55,112
SAN BUENA VENTURA,desnutricion global,sobrepeso (s),2005-02-01,10,8,1,1,11,9,20
SAN CARLOS,desnutricion global,sobrepeso (s),2005-02-01,29,41,12,14,41,55,96
SAN IGNACIO,desnutricion global,sobrepeso (s),2005-02-01,10,10,2,4,12,14,26
SAN IGNACIO DE VELASCO,desnutricion global,sobrepeso (s),2005-02-01,80,66,12,13,92,79,171
SAN JAVIER(BNI),desnutricion global,sobrepeso (s),2005-02-01,2,2,4,1,6,3,9
SAN JAVIER(STC),desnutricion global,sobrepeso (s),2005-02-01,18,0,5,0,23,0,23
SAN JOAQUIN,desnutricion global,sobrepeso (s),2005-02-01,16,13,3,2,19,15,34
SAN JOSE DE CHIQUITOS,desnutricion global,sobrepeso (s),2005-02-01,17,9,0,2,17,11,28
SAN JUAN DE YAPACANI,desnutricion global,sobrepeso (s),2005-02-01,18,16,1,3,19,19,38
SAN JULIAN,desnutricion global,sobrepeso (s),2005-02-01,69,37,14,3,83,40,123
SAN LORENZO(PND),desnutricion global,sobrepeso (s),2005-02-01,6,5,2,0,8,5,13
SAN LORENZO(TJA),desnutricion global,sobrepeso (s),2005-02-01,10,13,4,10,14,23,37
SAN LUCAS,desnutricion global,sobrepeso (s),2005-02-01,12,13,2,0,14,13,27
SAN MIGUEL DE VELASCO,desnutricion global,sobrepeso (s),2005-02-01,9,7,2,1,11,8,19
SAN PABLO DE LIPEZ,desnutricion global,sobrepeso (s),2005-02-01,1,0,0,0,1,0,1
SAN PEDRO,desnutricion global,sobrepeso (s),2005-02-01,36,30,12,1,48,31,79
SAN PEDRO DE BUENA VISTA,desnutricion global,sobrepeso (s),2005-02-01,9,12,8,12,17,24,41
SAN PEDRO DE CURAHUARA,desnutricion global,sobrepeso (s),2005-02-01,1,3,1,0,2,3,5
SAN PEDRO DE QUEMES,desnutricion global,sobrepeso (s),2005-02-01,0,1,0,0,0,1,1
SAN PEDRO DE TIQUINA,desnutricion global,sobrepeso (s),2005-02-01,6,4,0,1,6,5,11
SAN PEDRO(PND),desnutricion global,sobrepeso (s),2005-02-01,2,3,1,1,3,4,7
SAN RAFAEL,desnutricion global,sobrepeso (s),2005-02-01,5,6,1,1,6,7,13
SAN RAMON,desnutricion global,sobrepeso (s),2005-02-01,14,17,5,4,19,21,40
SAN RAMON,desnutricion global,sobrepeso (s),2005-02-01,17,5,2,0,19,5,24
SANTA ANA,desnutricion global,sobrepeso (s),2005-02-01,50,51,9,8,59,59,118
SANTA CRUZ DE LA SIERRA,desnutricion global,sobrepeso (s),2005-02-01,1053,704,269,183,1322,887,2209
SANTA ROSA,desnutricion global,sobrepeso (s),2005-02-01,13,13,2,5,15,18,33
SANTA ROSA DEL SARA,desnutricion global,sobrepeso (s),2005-02-01,22,17,11,19,33,36,69
SANTIAGO DE CALLAPA,desnutricion global,sobrepeso (s),2005-02-01,1,1,1,1,2,2,4
SANTIAGO DE HUARI,desnutricion global,sobrepeso (s),2005-02-01,4,4,0,3,4,7,11
SANTIAGO DE MACHACA,desnutricion global,sobrepeso (s),2005-02-01,1,0,0,0,1,0,1
SANTIVAÑES,desnutricion global,sobrepeso (s),2005-02-01,0,1,1,0,1,1,2
SANTUARIO DE QUILLACAS,desnutricion global,sobrepeso (s),2005-02-01,1,1,1,0,2,1,3
SAPAHAQUI,desnutricion global,sobrepeso (s),2005-02-01,6,10,0,1,6,11,17
SENA,desnutricion global,sobrepeso (s),2005-02-01,7,4,3,1,10,5,15
SICA SICA (VILLA AROMA),desnutricion global,sobrepeso (s),2005-02-01,11,19,2,0,13,19,32
SIPE SIPE,desnutricion global,sobrepeso (s),2005-02-01,43,39,7,3,50,42,92
SOPACHUY,desnutricion global,sobrepeso (s),2005-02-01,2,3,1,0,3,3,6
SORACACHI,desnutricion global,sobrepeso (s),2005-02-01,3,4,1,0,4,4,8
SORATA,desnutricion global,sobrepeso (s),2005-02-01,12,6,2,7,14,13,27
SUCRE,desnutricion global,sobrepeso (s),2005-02-01,144,135,35,41,179,176,355
TACACOMA,desnutricion global,sobrepeso (s),2005-02-01,8,4,0,1,8,5,13
TACOBAMBA,desnutricion global,sobrepeso (s),2005-02-01,2,4,0,0,2,4,6
TACOPAYA,desnutricion global,sobrepeso (s),2005-02-01,0,0,0,2,0,2,2
TAHUA,desnutricion global,sobrepeso (s),2005-02-01,0,0,1,0,1,0,1
TAPACARI,desnutricion global,sobrepeso (s),2005-02-01,5,5,0,0,5,5,10
TARABUCO,desnutricion global,sobrepeso (s),2005-02-01,21,27,0,4,21,31,52
TARACO,desnutricion global,sobrepeso (s),2005-02-01,2,5,0,0,2,5,7
TARATA,desnutricion global,sobrepeso (s),2005-02-01,9,8,1,1,10,9,19
TARIJA,desnutricion global,sobrepeso (s),2005-02-01,339,249,48,49,387,298,685
TARVITA,desnutricion global,sobrepeso (s),2005-02-01,8,9,0,0,8,9,17
TEOPONTE,desnutricion global,sobrepeso (s),2005-02-01,15,12,9,6,24,18,42
TIAWANACU,desnutricion global,sobrepeso (s),2005-02-01,9,6,3,1,12,7,19
TINGUIPAYA,desnutricion global,sobrepeso (s),2005-02-01,7,4,0,1,7,5,12
TIPUANI,desnutricion global,sobrepeso (s),2005-02-01,19,14,0,0,19,14,33
TIQUIPAYA,desnutricion global,sobrepeso (s),2005-02-01,18,16,3,26,21,42,63
TIRAQUE (CBBA),desnutricion global,sobrepeso (s),2005-02-01,50,53,10,7,60,60,120
TITO YUPANQUI (PARQUIPUJIO),desnutricion global,sobrepeso (s),2005-02-01,0,1,0,0,0,1,1
TOCO,desnutricion global,sobrepeso (s),2005-02-01,0,0,1,1,1,1,2
TOLATA,desnutricion global,sobrepeso (s),2005-02-01,6,4,1,1,7,5,12
TOLEDO,desnutricion global,sobrepeso (s),2005-02-01,2,0,0,0,2,0,2
TOMAVE,desnutricion global,sobrepeso (s),2005-02-01,2,1,1,0,3,1,4
TOMINA,desnutricion global,sobrepeso (s),2005-02-01,22,12,1,1,23,13,36
TORO TORO,desnutricion global,sobrepeso (s),2005-02-01,8,9,0,1,8,10,18
TOTORA(CBBA),desnutricion global,sobrepeso (s),2005-02-01,15,14,0,0,15,14,29
TRIGAL,desnutricion global,sobrepeso (s),2005-02-01,7,3,3,1,10,4,14
TRINIDAD,desnutricion global,sobrepeso (s),2005-02-01,145,109,21,13,166,122,288
TUPIZA,desnutricion global,sobrepeso (s),2005-02-01,69,39,7,5,76,44,120
TURCO,desnutricion global,sobrepeso (s),2005-02-01,5,2,0,0,5,2,7
UMALA,desnutricion global,sobrepeso (s),2005-02-01,4,1,0,1,4,2,6
UNCIA,desnutricion global,sobrepeso (s),2005-02-01,8,6,0,0,8,6,14
URIONDO (A. CONCEPCION),desnutricion global,sobrepeso (s),2005-02-01,15,7,1,3,16,10,26
UYUNI,desnutricion global,sobrepeso (s),2005-02-01,17,9,2,2,19,11,30
VACAS,desnutricion global,sobrepeso (s),2005-02-01,3,1,0,1,3,2,5
VALLEGRANDE,desnutricion global,sobrepeso (s),2005-02-01,29,10,8,4,37,14,51
VILA VILA,desnutricion global,sobrepeso (s),2005-02-01,4,2,2,0,6,2,8
VILLA MONTES,desnutricion global,sobrepeso (s),2005-02-01,31,27,5,13,36,40,76
VILLA NUEVA (LOMA ALTA),desnutricion global,sobrepeso (s),2005-02-01,1,0,0,0,1,0,1
VILLA RIVERO,desnutricion global,sobrepeso (s),2005-02-01,24,4,0,0,24,4,28
VILLA SERRANO,desnutricion global,sobrepeso (s),2005-02-01,17,16,0,2,17,18,35
VILLA TUNARI,desnutricion global,sobrepeso (s),2005-02-01,28,23,6,2,34,25,59
VILLA VACA GUZMAN (MUYUPAMPA),desnutricion global,sobrepeso (s),2005-02-01,17,14,3,0,20,14,34
VILLAZON,desnutricion global,sobrepeso (s),2005-02-01,43,35,12,3,55,38,93
VITICHI,desnutricion global,sobrepeso (s),2005-02-01,1,1,0,0,1,1,2
WARNES,desnutricion global,sobrepeso (s),2005-02-01,58,41,16,11,74,52,126
YACO,desnutricion global,sobrepeso (s),2005-02-01,2,4,0,1,2,5,7
YACUIBA,desnutricion global,sobrepeso (s),2005-02-01,110,104,14,18,124,122,246
YAMPARAEZ,desnutricion global,sobrepeso (s),2005-02-01,19,15,0,2,19,17,36
YANACACHI,desnutricion global,sobrepeso (s),2005-02-01,3,3,0,0,3,3,6
YAPACANI,desnutricion global,sobrepeso (s),2005-02-01,69,64,7,2,76,66,142
YOCALLA,desnutricion global,sobrepeso (s),2005-02-01,3,3,1,0,4,3,7
YOTALA,desnutricion global,sobrepeso (s),2005-02-01,17,20,3,5,20,25,45
YUNCHARA,desnutricion global,sobrepeso (s),2005-02-01,5,4,0,1,5,5,10
ZUDAÑEZ,desnutricion global,sobrepeso (s),2005-02-01,15,12,2,0,17,12,29
ACACIO,desnutricion global,sobrepeso (s),2005-03-01,0,1,0,0,0,1,1
ACHACACHI,desnutricion global,sobrepeso (s),2005-03-01,32,19,15,11,47,30,77
AIQUILE,desnutricion global,sobrepeso (s),2005-03-01,29,7,2,1,31,8,39
ALALAY,desnutricion global,sobrepeso (s),2005-03-01,1,3,9,1,10,4,14
ALCALA,desnutricion global,sobrepeso (s),2005-03-01,2,5,1,2,3,7,10
ANCORAIMES,desnutricion global,sobrepeso (s),2005-03-01,6,5,1,0,7,5,12
ANDAMARCA,desnutricion global,sobrepeso (s),2005-03-01,0,1,0,0,0,1,1
ANTEQUERA,desnutricion global,sobrepeso (s),2005-03-01,2,2,1,0,3,2,5
ANZALDO,desnutricion global,sobrepeso (s),2005-03-01,2,1,0,0,2,1,3
APOLO,desnutricion global,sobrepeso (s),2005-03-01,9,3,1,0,10,3,13
ARAMPAMPA,desnutricion global,sobrepeso (s),2005-03-01,1,0,0,0,1,0,1
ARANI,desnutricion global,sobrepeso (s),2005-03-01,4,12,1,1,5,13,18
ARBIETO,desnutricion global,sobrepeso (s),2005-03-01,2,0,0,3,2,3,5
ARQUE,desnutricion global,sobrepeso (s),2005-03-01,1,0,0,0,1,0,1
ATOCHA,desnutricion global,sobrepeso (s),2005-03-01,5,5,1,0,6,5,11
AUCAPATA,desnutricion global,sobrepeso (s),2005-03-01,8,3,0,3,8,6,14
AYATA,desnutricion global,sobrepeso (s),2005-03-01,12,5,1,0,13,5,18
AYO AYO,desnutricion global,sobrepeso (s),2005-03-01,1,7,1,0,2,7,9
AYOPAYA (V. DE INDEPENDENCIA),desnutricion global,sobrepeso (s),2005-03-01,11,9,1,4,12,13,25
AZURDUY,desnutricion global,sobrepeso (s),2005-03-01,15,6,2,1,17,7,24
BATALLAS,desnutricion global,sobrepeso (s),2005-03-01,15,5,2,1,17,6,23
BAURES,desnutricion global,sobrepeso (s),2005-03-01,9,0,1,0,10,0,10
BELEN DE ANDAMARCA,desnutricion global,sobrepeso (s),2005-03-01,0,1,0,0,0,1,1
BELEN DE URMIRI,desnutricion global,sobrepeso (s),2005-03-01,3,0,0,0,3,0,3
BELLA FLOR,desnutricion global,sobrepeso (s),2005-03-01,2,2,0,0,2,2,4
BERMEJO,desnutricion global,sobrepeso (s),2005-03-01,19,14,3,3,22,17,39
BETANZOS,desnutricion global,sobrepeso (s),2005-03-01,13,10,1,3,14,13,27
BOLIVAR,desnutricion global,sobrepeso (s),2005-03-01,0,0,0,1,0,1,1
BOLPEBRA,desnutricion global,sobrepeso (s),2005-03-01,1,0,0,0,1,0,1
BOYUIBE,desnutricion global,sobrepeso (s),2005-03-01,8,8,6,3,14,11,25
BUENA VISTA,desnutricion global,sobrepeso (s),2005-03-01,51,42,10,10,61,52,113
CABEZAS,desnutricion global,sobrepeso (s),2005-03-01,16,14,4,1,20,15,35
CAIROMA,desnutricion global,sobrepeso (s),2005-03-01,6,6,0,0,6,6,12
"CAIZA ""D""",desnutricion global,sobrepeso (s),2005-03-01,3,11,2,2,5,13,18
CAJUATA,desnutricion global,sobrepeso (s),2005-03-01,10,19,12,7,22,26,48
CALAMARCA,desnutricion global,sobrepeso (s),2005-03-01,10,3,0,0,10,3,13
CAMARGO,desnutricion global,sobrepeso (s),2005-03-01,18,12,3,2,21,14,35
CAMATAQUI (C. VILLA ABECIA),desnutricion global,sobrepeso (s),2005-03-01,4,5,1,2,5,7,12
CAMIRI,desnutricion global,sobrepeso (s),2005-03-01,71,44,16,16,87,60,147
CAPINOTA,desnutricion global,sobrepeso (s),2005-03-01,7,10,3,1,10,11,21
CAQUIAVIRI,desnutricion global,sobrepeso (s),2005-03-01,19,12,5,8,24,20,44
CARACOLLO,desnutricion global,sobrepeso (s),2005-03-01,23,18,2,3,25,21,46
CARANAVI,desnutricion global,sobrepeso (s),2005-03-01,111,78,9,13,120,91,211
CARAPARI,desnutricion global,sobrepeso (s),2005-03-01,6,7,4,2,10,9,19
CARIPUYO,desnutricion global,sobrepeso (s),2005-03-01,0,1,0,0,0,1,1
CATACORA,desnutricion global,sobrepeso (s),2005-03-01,0,1,0,0,0,1,1
CHALLAPATA,desnutricion global,sobrepeso (s),2005-03-01,8,7,2,2,10,9,19
CHAQUI,desnutricion global,sobrepeso (s),2005-03-01,7,6,2,0,9,6,15
CHARAGUA,desnutricion global,sobrepeso (s),2005-03-01,77,52,18,11,95,63,158
CHAYANTA,desnutricion global,sobrepeso (s),2005-03-01,26,5,3,3,29,8,37
CHIMORE,desnutricion global,sobrepeso (s),2005-03-01,25,12,5,1,30,13,43
CHIPAYA,desnutricion global,sobrepeso (s),2005-03-01,1,2,0,0,1,2,3
CHOQUE COTA,desnutricion global,sobrepeso (s),2005-03-01,0,1,0,0,0,1,1
CHULUMANI (V. DE LA LIBERTAD),desnutricion global,sobrepeso (s),2005-03-01,8,6,3,2,11,8,19
CHUMA,desnutricion global,sobrepeso (s),2005-03-01,8,7,0,2,8,9,17
CLIZA,desnutricion global,sobrepeso (s),2005-03-01,21,29,10,5,31,34,65
COBIJA,desnutricion global,sobrepeso (s),2005-03-01,43,41,3,4,46,45,91
COCHABAMBA,desnutricion global,sobrepeso (s),2005-03-01,476,390,65,55,541,445,986
COIPASA,desnutricion global,sobrepeso (s),2005-03-01,1,1,0,0,1,1,2
COLCAPIRHUA,desnutricion global,sobrepeso (s),2005-03-01,24,24,11,0,35,24,59
"COLCHA ""K""",desnutricion global,sobrepeso (s),2005-03-01,3,8,0,2,3,10,13
COLOMI,desnutricion global,sobrepeso (s),2005-03-01,13,11,5,2,18,13,31
COLPA BELGICA,desnutricion global,sobrepeso (s),2005-03-01,17,5,1,4,18,9,27
COLQUECHACA,desnutricion global,sobrepeso (s),2005-03-01,14,8,1,1,15,9,24
COLQUENCHA,desnutricion global,sobrepeso (s),2005-03-01,4,1,0,0,4,1,5
COLQUIRI,desnutricion global,sobrepeso (s),2005-03-01,10,9,1,2,11,11,22
COMANCHE,desnutricion global,sobrepeso (s),2005-03-01,3,2,0,0,3,2,5
COMARAPA,desnutricion global,sobrepeso (s),2005-03-01,64,61,13,20,77,81,158
COMBAYA,desnutricion global,sobrepeso (s),2005-03-01,1,3,1,1,2,4,6
CONCEPCION,desnutricion global,sobrepeso (s),2005-03-01,3,0,7,0,10,0,10
COPACABANA,desnutricion global,sobrepeso (s),2005-03-01,18,5,5,3,23,8,31
CORIPATA,desnutricion global,sobrepeso (s),2005-03-01,36,30,3,0,39,30,69
CORO CORO,desnutricion global,sobrepeso (s),2005-03-01,3,3,1,0,4,3,7
COROICO,desnutricion global,sobrepeso (s),2005-03-01,1,0,0,0,1,0,1
CORQUE,desnutricion global,sobrepeso (s),2005-03-01,2,2,2,1,4,3,7
COTAGAITA,desnutricion global,sobrepeso (s),2005-03-01,4,9,3,1,7,10,17
COTOCA,desnutricion global,sobrepeso (s),2005-03-01,59,38,3,1,62,39,101
CUATRO CAÑADAS,desnutricion global,sobrepeso (s),2005-03-01,26,10,10,0,36,10,46
CUCHUMUELA (V. G. VILLARROEL),desnutricion global,sobrepeso (s),2005-03-01,4,0,0,0,4,0,4
CUEVO,desnutricion global,sobrepeso (s),2005-03-01,5,6,3,0,8,6,14
CULPINA,desnutricion global,sobrepeso (s),2005-03-01,21,18,0,0,21,18,39
CURAHUARA DE CARANGAS,desnutricion global,sobrepeso (s),2005-03-01,1,2,0,0,1,2,3
CURVA,desnutricion global,sobrepeso (s),2005-03-01,2,3,0,1,2,4,6
DESAGUADERO,desnutricion global,sobrepeso (s),2005-03-01,3,3,2,0,5,3,8
EL ALTO,desnutricion global,sobrepeso (s),2005-03-01,482,531,135,123,617,654,1271
EL CHORO,desnutricion global,sobrepeso (s),2005-03-01,1,0,0,0,1,0,1
EL PUENTE(TJA),desnutricion global,sobrepeso (s),2005-03-01,12,8,2,0,14,8,22
EL TORNO,desnutricion global,sobrepeso (s),2005-03-01,82,46,14,9,96,55,151
EL VILLAR,desnutricion global,sobrepeso (s),2005-03-01,2,1,5,0,7,1,8
ENTRE RIOS,desnutricion global,sobrepeso (s),2005-03-01,32,24,6,10,38,34,72
ENTRE RIOS,desnutricion global,sobrepeso (s),2005-03-01,56,38,12,3,68,41,109
EUCALIPTUS,desnutricion global,sobrepeso (s),2005-03-01,8,0,1,1,9,1,10
EUREKA (SANTOS MERCADO),desnutricion global,sobrepeso (s),2005-03-01,1,1,0,0,1,1,2
EXALTACION,desnutricion global,sobrepeso (s),2005-03-01,3,4,4,15,7,19,26
FERNANDEZ ALONSO,desnutricion global,sobrepeso (s),2005-03-01,60,34,29,27,89,61,150
FILADELFIA,desnutricion global,sobrepeso (s),2005-03-01,2,2,0,0,2,2,4
GENERAL SAAVEDRA,desnutricion global,sobrepeso (s),2005-03-01,59,0,33,0,92,0,92
GRAL. J.J. PEREZ (CHARAZANI),desnutricion global,sobrepeso (s),2005-03-01,9,8,1,3,10,11,21
GUANAY,desnutricion global,sobrepeso (s),2005-03-01,13,16,5,2,18,18,36
GUAQUI,desnutricion global,sobrepeso (s),2005-03-01,6,3,2,2,8,5,13
GUAYARAMERIN,desnutricion global,sobrepeso (s),2005-03-01,1,0,0,0,1,0,1
GUTIERREZ,desnutricion global,sobrepeso (s),2005-03-01,50,45,15,16,65,61,126
HUACARETA,desnutricion global,sobrepeso (s),2005-03-01,13,13,8,4,21,17,38
HUACAYA (VILLA DE HUACAYA),desnutricion global,sobrepeso (s),2005-03-01,4,3,1,0,5,3,8
HUACHACALLA,desnutricion global,sobrepeso (s),2005-03-01,1,0,0,0,1,0,1
HUANUNI,desnutricion global,sobrepeso (s),2005-03-01,27,22,3,1,30,23,53
HUARACAJE,desnutricion global,sobrepeso (s),2005-03-01,8,2,3,0,11,2,13
HUAYLLAMARCA,desnutricion global,sobrepeso (s),2005-03-01,2,0,0,1,2,1,3
ICHOCA,desnutricion global,sobrepeso (s),2005-03-01,0,0,0,1,0,1,1
ICLA,desnutricion global,sobrepeso (s),2005-03-01,6,15,1,1,7,16,23
INCAHUASI,desnutricion global,sobrepeso (s),2005-03-01,26,31,4,3,30,34,64
INQUISIVI,desnutricion global,sobrepeso (s),2005-03-01,9,10,0,0,9,10,19
IRUPANA (VILLA DE LANZA),desnutricion global,sobrepeso (s),2005-03-01,17,13,7,10,24,23,47
IXIAMAS,desnutricion global,sobrepeso (s),2005-03-01,18,18,1,0,19,18,37
JESUS DE MACHACA,desnutricion global,sobrepeso (s),2005-03-01,7,1,0,0,7,1,8
LA ASUNTA,desnutricion global,sobrepeso (s),2005-03-01,17,17,0,0,17,17,34
LA GUARDIA,desnutricion global,sobrepeso (s),2005-03-01,78,56,13,14,91,70,161
LA PAZ,desnutricion global,sobrepeso (s),2005-03-01,571,566,208,177,779,743,1522
LAGUNILLAS,desnutricion global,sobrepeso (s),2005-03-01,18,15,11,6,29,21,50
LAJA,desnutricion global,sobrepeso (s),2005-03-01,10,6,2,4,12,10,22
LAS CARRERAS,desnutricion global,sobrepeso (s),2005-03-01,12,3,2,5,14,8,22
LICOMA PAMPA,desnutricion global,sobrepeso (s),2005-03-01,0,2,0,0,0,2,2
LLALLAGUA,desnutricion global,sobrepeso (s),2005-03-01,66,50,6,6,72,56,128
LLICA,desnutricion global,sobrepeso (s),2005-03-01,2,0,0,1,2,1,3
LORETO,desnutricion global,sobrepeso (s),2005-03-01,6,2,4,4,10,6,16
LURIBAY,desnutricion global,sobrepeso (s),2005-03-01,3,8,2,2,5,10,15
MACHACAMARCA,desnutricion global,sobrepeso (s),2005-03-01,3,3,1,0,4,3,7
MACHARETI,desnutricion global,sobrepeso (s),2005-03-01,24,21,6,9,30,30,60
MAGDALENA,desnutricion global,sobrepeso (s),2005-03-01,12,9,14,5,26,14,40
MAIRANA,desnutricion global,sobrepeso (s),2005-03-01,51,0,9,0,60,0,60
MALLA,desnutricion global,sobrepeso (s),2005-03-01,3,0,1,0,4,0,4
MAPIRI,desnutricion global,sobrepeso (s),2005-03-01,21,21,1,4,22,25,47
MINEROS,desnutricion global,sobrepeso (s),2005-03-01,189,0,63,0,252,0,252
MIZQUE,desnutricion global,sobrepeso (s),2005-03-01,28,18,25,9,53,27,80
MOCOMOCO,desnutricion global,sobrepeso (s),2005-03-01,12,6,8,11,20,17,37
MOJINETE,desnutricion global,sobrepeso (s),2005-03-01,2,0,0,0,2,0,2
MOJOCOYA,desnutricion global,sobrepeso (s),2005-03-01,9,7,5,0,14,7,21
MONTEAGUDO,desnutricion global,sobrepeso (s),2005-03-01,71,57,22,12,93,69,162
MONTERO,desnutricion global,sobrepeso (s),2005-03-01,398,130,147,49,545,179,724
MORO MORO,desnutricion global,sobrepeso (s),2005-03-01,5,0,1,0,6,0,6
MOROCHATA,desnutricion global,sobrepeso (s),2005-03-01,18,25,2,2,20,27,47
NACEBE (SANTA ROSA DEL ABUNA),desnutricion global,sobrepeso (s),2005-03-01,0,1,0,0,0,1,1
OCURI,desnutricion global,sobrepeso (s),2005-03-01,13,10,4,3,17,13,30
OKINAWA,desnutricion global,sobrepeso (s),2005-03-01,31,22,4,6,35,28,63
OMEREQUE,desnutricion global,sobrepeso (s),2005-03-01,12,5,1,0,13,5,18
ORURO,desnutricion global,sobrepeso (s),2005-03-01,189,184,52,34,241,218,459
PADCAYA,desnutricion global,sobrepeso (s),2005-03-01,26,19,16,11,42,30,72
PADILLA,desnutricion global,sobrepeso (s),2005-03-01,13,20,2,1,15,21,36
PAILON,desnutricion global,sobrepeso (s),2005-03-01,0,54,6,1,6,55,61
PALOS BLANCOS,desnutricion global,sobrepeso (s),2005-03-01,71,37,14,10,85,47,132
PAMPA AULLAGAS,desnutricion global,sobrepeso (s),2005-03-01,3,3,0,0,3,3,6
PAMPA GRANDE,desnutricion global,sobrepeso (s),2005-03-01,11,7,3,5,14,12,26
PAPEL PAMPA,desnutricion global,sobrepeso (s),2005-03-01,1,2,0,0,1,2,3
PASORAPA,desnutricion global,sobrepeso (s),2005-03-01,5,8,0,0,5,8,13
PATACAMAYA,desnutricion global,sobrepeso (s),2005-03-01,1,1,0,1,1,2,3
PAZÑA,desnutricion global,sobrepeso (s),2005-03-01,2,4,2,2,4,6,10
PELECHUCO,desnutricion global,sobrepeso (s),2005-03-01,5,0,2,2,7,2,9
POCOATA,desnutricion global,sobrepeso (s),2005-03-01,6,11,2,1,8,12,20
POCONA,desnutricion global,sobrepeso (s),2005-03-01,6,11,0,0,6,11,17
POJO (CBBA),desnutricion global,sobrepeso (s),2005-03-01,14,19,2,0,16,19,35
POOPO,desnutricion global,sobrepeso (s),2005-03-01,2,1,1,0,3,1,4
PORCO,desnutricion global,sobrepeso (s),2005-03-01,4,11,2,0,6,11,17
POROMA,desnutricion global,sobrepeso (s),2005-03-01,10,11,1,2,11,13,24
PORONGO,desnutricion global,sobrepeso (s),2005-03-01,10,5,0,1,10,6,16
PORTACHUELO,desnutricion global,sobrepeso (s),2005-03-01,49,36,18,18,67,54,121
PORVENIR,desnutricion global,sobrepeso (s),2005-03-01,8,7,0,0,8,7,15
POSTRER VALLE,desnutricion global,sobrepeso (s),2005-03-01,2,4,0,1,2,5,7
POTOSI,desnutricion global,sobrepeso (s),2005-03-01,71,45,0,2,71,47,118
PRESTO,desnutricion global,sobrepeso (s),2005-03-01,7,4,1,3,8,7,15
PUCARA,desnutricion global,sobrepeso (s),2005-03-01,2,0,0,0,2,0,2
PUCARANI,desnutricion global,sobrepeso (s),2005-03-01,12,19,3,4,15,23,38
PUERTO ACOSTA,desnutricion global,sobrepeso (s),2005-03-01,12,11,3,6,15,17,32
PUERTO CARABUCO,desnutricion global,sobrepeso (s),2005-03-01,5,10,0,2,5,12,17
PUERTO GONZALO MORENO,desnutricion global,sobrepeso (s),2005-03-01,3,3,0,0,3,3,6
PUERTO PEREZ,desnutricion global,sobrepeso (s),2005-03-01,1,1,1,0,2,1,3
PUERTO RICO,desnutricion global,sobrepeso (s),2005-03-01,8,3,2,1,10,4,14
PUERTO SILES,desnutricion global,sobrepeso (s),2005-03-01,1,1,0,0,1,1,2
PUERTO VILLARROEL,desnutricion global,sobrepeso (s),2005-03-01,67,81,17,22,84,103,187
PUNA,desnutricion global,sobrepeso (s),2005-03-01,9,13,2,2,11,15,26
PUNATA,desnutricion global,sobrepeso (s),2005-03-01,24,21,12,6,36,27,63
QUIABAYA,desnutricion global,sobrepeso (s),2005-03-01,8,4,0,0,8,4,12
QUILLACOLLO,desnutricion global,sobrepeso (s),2005-03-01,82,76,24,16,106,92,198
QUIME,desnutricion global,sobrepeso (s),2005-03-01,2,3,0,0,2,3,5
QUIRUSILLAS,desnutricion global,sobrepeso (s),2005-03-01,6,0,0,0,6,0,6
RAVELO,desnutricion global,sobrepeso (s),2005-03-01,11,3,1,0,12,3,15
REYES,desnutricion global,sobrepeso (s),2005-03-01,17,18,9,4,26,22,48
RIBERALTA,desnutricion global,sobrepeso (s),2005-03-01,119,54,7,10,126,64,190
ROBORE,desnutricion global,sobrepeso (s),2005-03-01,21,17,7,5,28,22,50
RURRENABAQUE,desnutricion global,sobrepeso (s),2005-03-01,27,27,1,0,28,27,55
SABAYA,desnutricion global,sobrepeso (s),2005-03-01,5,0,0,1,5,1,6
SACABA,desnutricion global,sobrepeso (s),2005-03-01,28,35,3,1,31,36,67
SACACA,desnutricion global,sobrepeso (s),2005-03-01,4,4,1,0,5,4,9
SAIPINA,desnutricion global,sobrepeso (s),2005-03-01,32,28,13,8,45,36,81
SALINAS DE GARCI MENDOZA,desnutricion global,sobrepeso (s),2005-03-01,3,4,2,2,5,6,11
SAMAIPATA,desnutricion global,sobrepeso (s),2005-03-01,24,0,7,0,31,0,31
SAN AGUSTIN,desnutricion global,sobrepeso (s),2005-03-01,4,2,0,3,4,5,9
SAN ANDRES,desnutricion global,sobrepeso (s),2005-03-01,22,14,9,5,31,19,50
SAN ANDRES DE MACHACA,desnutricion global,sobrepeso (s),2005-03-01,5,5,0,1,5,6,11
SAN ANTONIO DE LOMERIO,desnutricion global,sobrepeso (s),2005-03-01,10,9,3,3,13,12,25
SAN BENITO,desnutricion global,sobrepeso (s),2005-03-01,4,4,1,1,5,5,10
SAN BORJA,desnutricion global,sobrepeso (s),2005-03-01,61,60,10,9,71,69,140
SAN BUENA VENTURA,desnutricion global,sobrepeso (s),2005-03-01,8,10,0,1,8,11,19
SAN CARLOS,desnutricion global,sobrepeso (s),2005-03-01,42,21,16,8,58,29,87
SAN IGNACIO,desnutricion global,sobrepeso (s),2005-03-01,26,16,8,6,34,22,56
SAN IGNACIO DE VELASCO,desnutricion global,sobrepeso (s),2005-03-01,89,71,9,10,98,81,179
SAN JAVIER(BNI),desnutricion global,sobrepeso (s),2005-03-01,16,3,14,2,30,5,35
SAN JAVIER(STC),desnutricion global,sobrepeso (s),2005-03-01,31,0,10,0,41,0,41
SAN JOAQUIN,desnutricion global,sobrepeso (s),2005-03-01,11,15,4,3,15,18,33
SAN JOSE DE CHIQUITOS,desnutricion global,sobrepeso (s),2005-03-01,11,15,4,6,15,21,36
SAN JUAN DE YAPACANI,desnutricion global,sobrepeso (s),2005-03-01,24,23,4,2,28,25,53
SAN JULIAN,desnutricion global,sobrepeso (s),2005-03-01,55,38,17,12,72,50,122
SAN LORENZO(PND),desnutricion global,sobrepeso (s),2005-03-01,7,8,1,1,8,9,17
SAN LORENZO(TJA),desnutricion global,sobrepeso (s),2005-03-01,27,20,19,6,46,26,72
SAN LUCAS,desnutricion global,sobrepeso (s),2005-03-01,22,21,7,8,29,29,58
SAN MIGUEL DE VELASCO,desnutricion global,sobrepeso (s),2005-03-01,30,20,6,7,36,27,63
SAN PABLO DE LIPEZ,desnutricion global,sobrepeso (s),2005-03-01,1,0,0,0,1,0,1
SAN PEDRO,desnutricion global,sobrepeso (s),2005-03-01,38,31,5,5,43,36,79
SAN PEDRO DE BUENA VISTA,desnutricion global,sobrepeso (s),2005-03-01,8,7,4,4,12,11,23
SAN PEDRO DE CURAHUARA,desnutricion global,sobrepeso (s),2005-03-01,2,3,1,1,3,4,7
SAN PEDRO DE TIQUINA,desnutricion global,sobrepeso (s),2005-03-01,4,3,0,0,4,3,7
SAN RAFAEL,desnutricion global,sobrepeso (s),2005-03-01,2,5,0,0,2,5,7
SAN RAMON,desnutricion global,sobrepeso (s),2005-03-01,23,20,7,0,30,20,50
SAN RAMON,desnutricion global,sobrepeso (s),2005-03-01,20,10,5,0,25,10,35
SANTA ANA,desnutricion global,sobrepeso (s),2005-03-01,128,26,4,1,132,27,159
SANTA CRUZ DE LA SIERRA,desnutricion global,sobrepeso (s),2005-03-01,1164,883,792,349,1956,1232,3188
SANTA ROSA,desnutricion global,sobrepeso (s),2005-03-01,15,11,6,2,21,13,34
SANTA ROSA DEL SARA,desnutricion global,sobrepeso (s),2005-03-01,19,6,13,11,32,17,49
SANTIAGO DE CALLAPA,desnutricion global,sobrepeso (s),2005-03-01,3,4,0,1,3,5,8
SANTIAGO DE HUARI,desnutricion global,sobrepeso (s),2005-03-01,3,3,0,0,3,3,6
SANTIAGO DE MACHACA,desnutricion global,sobrepeso (s),2005-03-01,2,2,2,0,4,2,6
SANTIVAÑES,desnutricion global,sobrepeso (s),2005-03-01,4,1,1,1,5,2,7
SANTUARIO DE QUILLACAS,desnutricion global,sobrepeso (s),2005-03-01,3,1,1,0,4,1,5
SAPAHAQUI,desnutricion global,sobrepeso (s),2005-03-01,1,3,0,1,1,4,5
SENA,desnutricion global,sobrepeso (s),2005-03-01,5,8,3,2,8,10,18
SICA SICA (VILLA AROMA),desnutricion global,sobrepeso (s),2005-03-01,12,12,1,4,13,16,29
SICAYA,desnutricion global,sobrepeso (s),2005-03-01,0,0,1,0,1,0,1
SIPE SIPE,desnutricion global,sobrepeso (s),2005-03-01,44,48,12,7,56,55,111
SOPACHUY,desnutricion global,sobrepeso (s),2005-03-01,3,2,0,0,3,2,5
SORACACHI,desnutricion global,sobrepeso (s),2005-03-01,3,4,0,0,3,4,7
SORATA,desnutricion global,sobrepeso (s),2005-03-01,4,7,2,2,6,9,15
SUCRE,desnutricion global,sobrepeso (s),2005-03-01,266,238,67,69,333,307,640
TACACOMA,desnutricion global,sobrepeso (s),2005-03-01,8,12,0,0,8,12,20
TACOBAMBA,desnutricion global,sobrepeso (s),2005-03-01,19,13,2,1,21,14,35
TACOPAYA,desnutricion global,sobrepeso (s),2005-03-01,7,0,0,1,7,1,8
TAHUA,desnutricion global,sobrepeso (s),2005-03-01,1,2,0,0,1,2,3
TAPACARI,desnutricion global,sobrepeso (s),2005-03-01,6,11,6,1,12,12,24
TARABUCO,desnutricion global,sobrepeso (s),2005-03-01,21,33,2,5,23,38,61
TARACO,desnutricion global,sobrepeso (s),2005-03-01,4,2,1,1,5,3,8
TARATA,desnutricion global,sobrepeso (s),2005-03-01,10,5,2,0,12,5,17
TARIJA,desnutricion global,sobrepeso (s),2005-03-01,597,402,89,111,686,513,1199
TARVITA,desnutricion global,sobrepeso (s),2005-03-01,15,10,2,1,17,11,28
TEOPONTE,desnutricion global,sobrepeso (s),2005-03-01,19,7,11,10,30,17,47
TIAWANACU,desnutricion global,sobrepeso (s),2005-03-01,8,9,4,6,12,15,27
TINGUIPAYA,desnutricion global,sobrepeso (s),2005-03-01,5,5,0,0,5,5,10
TIPUANI,desnutricion global,sobrepeso (s),2005-03-01,11,13,2,0,13,13,26
TIQUIPAYA,desnutricion global,sobrepeso (s),2005-03-01,12,14,0,1,12,15,27
TIRAQUE (CBBA),desnutricion global,sobrepeso (s),2005-03-01,51,61,7,11,58,72,130
TITO YUPANQUI (PARQUIPUJIO),desnutricion global,sobrepeso (s),2005-03-01,0,1,0,0,0,1,1
TOCO,desnutricion global,sobrepeso (s),2005-03-01,4,2,3,2,7,4,11
TOLATA,desnutricion global,sobrepeso (s),2005-03-01,5,7,1,1,6,8,14
TOLEDO,desnutricion global,sobrepeso (s),2005-03-01,1,1,2,1,3,2,5
TOMAVE,desnutricion global,sobrepeso (s),2005-03-01,7,5,1,1,8,6,14
TOMINA,desnutricion global,sobrepeso (s),2005-03-01,21,15,18,27,39,42,81
TORO TORO,desnutricion global,sobrepeso (s),2005-03-01,4,3,1,1,5,4,9
TOTORA(CBBA),desnutricion global,sobrepeso (s),2005-03-01,8,10,1,2,9,12,21
TOTORA(ORR),desnutricion global,sobrepeso (s),2005-03-01,0,1,0,0,0,1,1
TRIGAL,desnutricion global,sobrepeso (s),2005-03-01,6,5,2,1,8,6,14
TRINIDAD,desnutricion global,sobrepeso (s),2005-03-01,166,123,21,23,187,146,333
TUPIZA,desnutricion global,sobrepeso (s),2005-03-01,159,39,7,8,166,47,213
TURCO,desnutricion global,sobrepeso (s),2005-03-01,6,2,0,0,6,2,8
UMALA,desnutricion global,sobrepeso (s),2005-03-01,4,5,5,3,9,8,17
UNCIA,desnutricion global,sobrepeso (s),2005-03-01,2,8,1,1,3,9,12
URIONDO (A. CONCEPCION),desnutricion global,sobrepeso (s),2005-03-01,38,10,13,7,51,17,68
UYUNI,desnutricion global,sobrepeso (s),2005-03-01,46,33,10,4,56,37,93
VACAS,desnutricion global,sobrepeso (s),2005-03-01,4,0,0,0,4,0,4
VALLEGRANDE,desnutricion global,sobrepeso (s),2005-03-01,35,31,18,13,53,44,97
VILA VILA,desnutricion global,sobrepeso (s),2005-03-01,3,2,1,0,4,2,6
VILLA MONTES,desnutricion global,sobrepeso (s),2005-03-01,47,47,13,16,60,63,123
VILLA RIVERO,desnutricion global,sobrepeso (s),2005-03-01,6,5,1,1,7,6,13
VILLA SERRANO,desnutricion global,sobrepeso (s),2005-03-01,23,12,5,6,28,18,46
VILLA TUNARI,desnutricion global,sobrepeso (s),2005-03-01,53,44,7,8,60,52,112
VILLA VACA GUZMAN (MUYUPAMPA),desnutricion global,sobrepeso (s),2005-03-01,32,15,1,2,33,17,50
VILLAZON,desnutricion global,sobrepeso (s),2005-03-01,62,48,13,7,75,55,130
VINTO,desnutricion global,sobrepeso (s),2005-03-01,8,0,0,0,8,0,8
VITICHI,desnutricion global,sobrepeso (s),2005-03-01,8,14,3,2,11,16,27
WALDO BALLIVIAN,desnutricion global,sobrepeso (s),2005-03-01,3,1,0,0,3,1,4
WARNES,desnutricion global,sobrepeso (s),2005-03-01,113,88,23,12,136,100,236
YACO,desnutricion global,sobrepeso (s),2005-03-01,1,1,0,0,1,1,2
YACUIBA,desnutricion global,sobrepeso (s),2005-03-01,173,107,21,15,194,122,316
YAMPARAEZ,desnutricion global,sobrepeso (s),2005-03-01,13,10,1,4,14,14,28
YANACACHI,desnutricion global,sobrepeso (s),2005-03-01,4,3,3,3,7,6,13
YAPACANI,desnutricion global,sobrepeso (s),2005-03-01,95,107,11,15,106,122,228
YOCALLA,desnutricion global,sobrepeso (s),2005-03-01,4,3,1,2,5,5,10
YOTALA,desnutricion global,sobrepeso (s),2005-03-01,13,18,5,7,18,25,43
YUNCHARA,desnutricion global,sobrepeso (s),2005-03-01,5,7,8,12,13,19,32
ZUDAÑEZ,desnutricion global,sobrepeso (s),2005-03-01,7,6,0,0,7,6,13
ACACIO,desnutricion global,sobrepeso (s),2005-04-01,2,2,0,1,2,3,5
ACHACACHI,desnutricion global,sobrepeso (s),2005-04-01,41,36,15,13,56,49,105
ACHOCALLA,desnutricion global,sobrepeso (s),2005-04-01,9,4,0,3,9,7,16
AIQUILE,desnutricion global,sobrepeso (s),2005-04-01,20,2,1,3,21,5,26
ALALAY,desnutricion global,sobrepeso (s),2005-04-01,4,0,0,0,4,0,4
ALCALA,desnutricion global,sobrepeso (s),2005-04-01,1,3,0,0,1,3,4
ANCORAIMES,desnutricion global,sobrepeso (s),2005-04-01,4,3,2,1,6,4,10
ANZALDO,desnutricion global,sobrepeso (s),2005-04-01,2,3,0,2,2,5,7
APOLO,desnutricion global,sobrepeso (s),2005-04-01,10,7,2,4,12,11,23
ARAMPAMPA,desnutricion global,sobrepeso (s),2005-04-01,3,4,0,0,3,4,7
ARANI,desnutricion global,sobrepeso (s),2005-04-01,9,6,2,0,11,6,17
ARBIETO,desnutricion global,sobrepeso (s),2005-04-01,5,6,2,1,7,7,14
ARQUE,desnutricion global,sobrepeso (s),2005-04-01,1,2,0,0,1,2,3
ATOCHA,desnutricion global,sobrepeso (s),2005-04-01,10,4,5,2,15,6,21
AUCAPATA,desnutricion global,sobrepeso (s),2005-04-01,2,1,0,0,2,1,3
AYATA,desnutricion global,sobrepeso (s),2005-04-01,9,4,0,0,9,4,13
AYO AYO,desnutricion global,sobrepeso (s),2005-04-01,0,1,0,0,0,1,1
AYOPAYA (V. DE INDEPENDENCIA),desnutricion global,sobrepeso (s),2005-04-01,21,15,1,0,22,15,37
AZURDUY,desnutricion global,sobrepeso (s),2005-04-01,16,14,6,0,22,14,36
BATALLAS,desnutricion global,sobrepeso (s),2005-04-01,11,5,1,0,12,5,17
BAURES,desnutricion global,sobrepeso (s),2005-04-01,5,5,0,0,5,5,10
BELEN DE URMIRI,desnutricion global,sobrepeso (s),2005-04-01,4,3,0,1,4,4,8
BERMEJO,desnutricion global,sobrepeso (s),2005-04-01,25,15,3,7,28,22,50
BETANZOS,desnutricion global,sobrepeso (s),2005-04-01,18,21,0,0,18,21,39
BOLIVAR,desnutricion global,sobrepeso (s),2005-04-01,0,4,2,0,2,4,6
BOLPEBRA,desnutricion global,sobrepeso (s),2005-04-01,2,3,0,0,2,3,5
BOYUIBE,desnutricion global,sobrepeso (s),2005-04-01,10,13,0,6,10,19,29
BUENA VISTA,desnutricion global,sobrepeso (s),2005-04-01,28,30,15,16,43,46,89
CABEZAS,desnutricion global,sobrepeso (s),2005-04-01,17,16,5,3,22,19,41
CAIROMA,desnutricion global,sobrepeso (s),2005-04-01,9,7,2,3,11,10,21
"CAIZA ""D""",desnutricion global,sobrepeso (s),2005-04-01,4,6,0,0,4,6,10
CAJUATA,desnutricion global,sobrepeso (s),2005-04-01,18,16,2,0,20,16,36
CALACOTO,desnutricion global,sobrepeso (s),2005-04-01,1,2,0,0,1,2,3
CALAMARCA,desnutricion global,sobrepeso (s),2005-04-01,6,3,1,1,7,4,11
CAMARGO,desnutricion global,sobrepeso (s),2005-04-01,10,13,4,1,14,14,28
CAMATAQUI (C. VILLA ABECIA),desnutricion global,sobrepeso (s),2005-04-01,2,0,1,0,3,0,3
CAMIRI,desnutricion global,sobrepeso (s),2005-04-01,81,53,24,16,105,69,174
CAPINOTA,desnutricion global,sobrepeso (s),2005-04-01,3,3,1,0,4,3,7
CAQUIAVIRI,desnutricion global,sobrepeso (s),2005-04-01,6,6,0,0,6,6,12
CARACOLLO,desnutricion global,sobrepeso (s),2005-04-01,15,14,3,2,18,16,34
CARANAVI,desnutricion global,sobrepeso (s),2005-04-01,96,59,9,14,105,73,178
CARAPARI,desnutricion global,sobrepeso (s),2005-04-01,32,25,7,7,39,32,71
CARIPUYO,desnutricion global,sobrepeso (s),2005-04-01,5,8,1,0,6,8,14
CHALLAPATA,desnutricion global,sobrepeso (s),2005-04-01,6,7,2,0,8,7,15
CHAQUI,desnutricion global,sobrepeso (s),2005-04-01,6,3,1,1,7,4,11
CHARAGUA,desnutricion global,sobrepeso (s),2005-04-01,67,49,7,15,74,64,138
CHAYANTA,desnutricion global,sobrepeso (s),2005-04-01,12,2,1,4,13,6,19
CHIMORE,desnutricion global,sobrepeso (s),2005-04-01,26,14,3,1,29,15,44
CHIPAYA,desnutricion global,sobrepeso (s),2005-04-01,2,4,0,0,2,4,6
CHULUMANI (V. DE LA LIBERTAD),desnutricion global,sobrepeso (s),2005-04-01,5,1,0,0,5,1,6
CHUMA,desnutricion global,sobrepeso (s),2005-04-01,4,8,0,1,4,9,13
CLIZA,desnutricion global,sobrepeso (s),2005-04-01,26,20,11,5,37,25,62
COBIJA,desnutricion global,sobrepeso (s),2005-04-01,50,39,21,6,71,45,116
COCHABAMBA,desnutricion global,sobrepeso (s),2005-04-01,367,309,71,75,438,384,822
COIPASA,desnutricion global,sobrepeso (s),2005-04-01,1,0,0,0,1,0,1
COLCAPIRHUA,desnutricion global,sobrepeso (s),2005-04-01,22,19,5,6,27,25,52
"COLCHA ""K""",desnutricion global,sobrepeso (s),2005-04-01,3,5,1,3,4,8,12
COLOMI,desnutricion global,sobrepeso (s),2005-04-01,9,25,0,6,9,31,40
COLPA BELGICA,desnutricion global,sobrepeso (s),2005-04-01,12,4,1,4,13,8,21
COLQUECHACA,desnutricion global,sobrepeso (s),2005-04-01,9,5,3,1,12,6,18
COLQUENCHA,desnutricion global,sobrepeso (s),2005-04-01,4,0,0,0,4,0,4
COLQUIRI,desnutricion global,sobrepeso (s),2005-04-01,14,6,1,0,15,6,21
COMANCHE,desnutricion global,sobrepeso (s),2005-04-01,0,1,0,0,0,1,1
COMARAPA,desnutricion global,sobrepeso (s),2005-04-01,55,68,20,25,75,93,168
COMBAYA,desnutricion global,sobrepeso (s),2005-04-01,2,0,1,0,3,0,3
CONCEPCION,desnutricion global,sobrepeso (s),2005-04-01,7,0,2,1,9,1,10
COPACABANA,desnutricion global,sobrepeso (s),2005-04-01,17,10,3,1,20,11,31
CORIPATA,desnutricion global,sobrepeso (s),2005-04-01,10,14,0,0,10,14,24
CORO CORO,desnutricion global,sobrepeso (s),2005-04-01,5,0,0,0,5,0,5
CORQUE,desnutricion global,sobrepeso (s),2005-04-01,1,2,0,0,1,2,3
COTAGAITA,desnutricion global,sobrepeso (s),2005-04-01,4,8,1,2,5,10,15
COTOCA,desnutricion global,sobrepeso (s),2005-04-01,46,18,16,14,62,32,94
CUATRO CAÑADAS,desnutricion global,sobrepeso (s),2005-04-01,14,8,8,3,22,11,33
CUCHUMUELA (V. G. VILLARROEL),desnutricion global,sobrepeso (s),2005-04-01,1,1,0,0,1,1,2
CUEVO,desnutricion global,sobrepeso (s),2005-04-01,8,14,3,3,11,17,28
CULPINA,desnutricion global,sobrepeso (s),2005-04-01,12,7,0,2,12,9,21
CURAHUARA DE CARANGAS,desnutricion global,sobrepeso (s),2005-04-01,2,4,0,0,2,4,6
CURVA,desnutricion global,sobrepeso (s),2005-04-01,1,0,0,0,1,0,1
DESAGUADERO,desnutricion global,sobrepeso (s),2005-04-01,6,1,1,4,7,5,12
EL ALTO,desnutricion global,sobrepeso (s),2005-04-01,518,512,202,156,720,668,1388
EL CHORO,desnutricion global,sobrepeso (s),2005-04-01,0,0,0,1,0,1,1
EL PUENTE(TJA),desnutricion global,sobrepeso (s),2005-04-01,6,8,0,1,6,9,15
EL TORNO,desnutricion global,sobrepeso (s),2005-04-01,72,32,17,9,89,41,130
EL VILLAR,desnutricion global,sobrepeso (s),2005-04-01,5,1,3,0,8,1,9
ENTRE RIOS,desnutricion global,sobrepeso (s),2005-04-01,46,23,13,16,59,39,98
ENTRE RIOS,desnutricion global,sobrepeso (s),2005-04-01,31,27,14,6,45,33,78
EUCALIPTUS,desnutricion global,sobrepeso (s),2005-04-01,4,5,2,1,6,6,12
EUREKA (SANTOS MERCADO),desnutricion global,sobrepeso (s),2005-04-01,1,0,0,0,1,0,1
EXALTACION,desnutricion global,sobrepeso (s),2005-04-01,10,6,0,4,10,10,20
FERNANDEZ ALONSO,desnutricion global,sobrepeso (s),2005-04-01,52,35,30,26,82,61,143
FILADELFIA,desnutricion global,sobrepeso (s),2005-04-01,3,0,0,0,3,0,3
GENERAL SAAVEDRA,desnutricion global,sobrepeso (s),2005-04-01,34,0,13,0,47,0,47
GRAL. J.J. PEREZ (CHARAZANI),desnutricion global,sobrepeso (s),2005-04-01,7,7,3,0,10,7,17
GUANAY,desnutricion global,sobrepeso (s),2005-04-01,11,8,1,0,12,8,20
GUAQUI,desnutricion global,sobrepeso (s),2005-04-01,4,3,5,4,9,7,16
GUAYARAMERIN,desnutricion global,sobrepeso (s),2005-04-01,9,12,1,0,10,12,22
GUTIERREZ,desnutricion global,sobrepeso (s),2005-04-01,36,35,12,14,48,49,97
HUACARETA,desnutricion global,sobrepeso (s),2005-04-01,13,24,14,12,27,36,63
HUACAYA (VILLA DE HUACAYA),desnutricion global,sobrepeso (s),2005-04-01,5,4,2,0,7,4,11
HUACHACALLA,desnutricion global,sobrepeso (s),2005-04-01,1,0,0,0,1,0,1
HUANUNI,desnutricion global,sobrepeso (s),2005-04-01,13,13,0,0,13,13,26
HUARACAJE,desnutricion global,sobrepeso (s),2005-04-01,11,3,5,0,16,3,19
HUAYLLAMARCA,desnutricion global,sobrepeso (s),2005-04-01,2,2,0,0,2,2,4
ICHOCA,desnutricion global,sobrepeso (s),2005-04-01,6,4,5,3,11,7,18
ICLA,desnutricion global,sobrepeso (s),2005-04-01,4,13,1,1,5,14,19
INCAHUASI,desnutricion global,sobrepeso (s),2005-04-01,18,19,2,0,20,19,39
INGAVI (HUMAITA),desnutricion global,sobrepeso (s),2005-04-01,1,0,1,0,2,0,2
INQUISIVI,desnutricion global,sobrepeso (s),2005-04-01,17,18,4,3,21,21,42
IRUPANA (VILLA DE LANZA),desnutricion global,sobrepeso (s),2005-04-01,13,7,2,5,15,12,27
IXIAMAS,desnutricion global,sobrepeso (s),2005-04-01,13,6,2,1,15,7,22
JESUS DE MACHACA,desnutricion global,sobrepeso (s),2005-04-01,3,2,1,0,4,2,6
LA ASUNTA,desnutricion global,sobrepeso (s),2005-04-01,10,16,0,1,10,17,27
LA GUARDIA,desnutricion global,sobrepeso (s),2005-04-01,69,45,11,14,80,59,139
LA PAZ,desnutricion global,sobrepeso (s),2005-04-01,602,536,253,219,855,755,1610
LAGUNILLAS,desnutricion global,sobrepeso (s),2005-04-01,14,14,4,4,18,18,36
LAJA,desnutricion global,sobrepeso (s),2005-04-01,17,9,4,5,21,14,35
LAS CARRERAS,desnutricion global,sobrepeso (s),2005-04-01,7,3,5,4,12,7,19
LICOMA PAMPA,desnutricion global,sobrepeso (s),2005-04-01,2,0,0,0,2,0,2
LLALLAGUA,desnutricion global,sobrepeso (s),2005-04-01,37,42,17,10,54,52,106
LLICA,desnutricion global,sobrepeso (s),2005-04-01,0,1,1,0,1,1,2
LORETO,desnutricion global,sobrepeso (s),2005-04-01,4,3,5,3,9,6,15
LURIBAY,desnutricion global,sobrepeso (s),2005-04-01,3,4,2,8,5,12,17
MACHACAMARCA,desnutricion global,sobrepeso (s),2005-04-01,3,2,4,0,7,2,9
MACHARETI,desnutricion global,sobrepeso (s),2005-04-01,29,23,17,5,46,28,74
MAGDALENA,desnutricion global,sobrepeso (s),2005-04-01,11,9,2,2,13,11,24
MAIRANA,desnutricion global,sobrepeso (s),2005-04-01,41,0,9,0,50,0,50
MALLA,desnutricion global,sobrepeso (s),2005-04-01,3,3,1,0,4,3,7
MAPIRI,desnutricion global,sobrepeso (s),2005-04-01,24,14,1,3,25,17,42
MECAPACA,desnutricion global,sobrepeso (s),2005-04-01,15,5,3,4,18,9,27
MINEROS,desnutricion global,sobrepeso (s),2005-04-01,37,32,20,14,57,46,103
MIZQUE,desnutricion global,sobrepeso (s),2005-04-01,16,18,26,24,42,42,84
MOCOMOCO,desnutricion global,sobrepeso (s),2005-04-01,9,3,2,0,11,3,14
MOJINETE,desnutricion global,sobrepeso (s),2005-04-01,11,0,1,0,12,0,12
MOJOCOYA,desnutricion global,sobrepeso (s),2005-04-01,13,10,3,1,16,11,27
MONTEAGUDO,desnutricion global,sobrepeso (s),2005-04-01,52,35,9,9,61,44,105
MONTERO,desnutricion global,sobrepeso (s),2005-04-01,315,126,129,44,444,170,614
MORO MORO,desnutricion global,sobrepeso (s),2005-04-01,3,3,0,0,3,3,6
MOROCHATA,desnutricion global,sobrepeso (s),2005-04-01,10,17,2,4,12,21,33
NACEBE (SANTA ROSA DEL ABUNA),desnutricion global,sobrepeso (s),2005-04-01,1,4,0,0,1,4,5
NUEVO MANOA (NUEVA ESPERANZA),desnutricion global,sobrepeso (s),2005-04-01,1,0,0,0,1,0,1
OCURI,desnutricion global,sobrepeso (s),2005-04-01,17,25,21,21,38,46,84
OKINAWA,desnutricion global,sobrepeso (s),2005-04-01,20,14,7,5,27,19,46
OMEREQUE,desnutricion global,sobrepeso (s),2005-04-01,13,7,7,1,20,8,28
ORURO,desnutricion global,sobrepeso (s),2005-04-01,195,161,62,38,257,199,456
PADCAYA,desnutricion global,sobrepeso (s),2005-04-01,22,15,12,19,34,34,68
PADILLA,desnutricion global,sobrepeso (s),2005-04-01,17,18,4,4,21,22,43
PAILON,desnutricion global,sobrepeso (s),2005-04-01,1,79,21,0,22,79,101
PALCA,desnutricion global,sobrepeso (s),2005-04-01,5,6,0,0,5,6,11
PALOS BLANCOS,desnutricion global,sobrepeso (s),2005-04-01,32,21,4,2,36,23,59
PAMPA AULLAGAS,desnutricion global,sobrepeso (s),2005-04-01,3,2,1,1,4,3,7
PAMPA GRANDE,desnutricion global,sobrepeso (s),2005-04-01,8,7,1,0,9,7,16
PAPEL PAMPA,desnutricion global,sobrepeso (s),2005-04-01,2,2,2,0,4,2,6
PASORAPA,desnutricion global,sobrepeso (s),2005-04-01,4,1,0,0,4,1,5
PATACAMAYA,desnutricion global,sobrepeso (s),2005-04-01,6,6,0,0,6,6,12
PAZÑA,desnutricion global,sobrepeso (s),2005-04-01,1,1,4,0,5,1,6
PELECHUCO,desnutricion global,sobrepeso (s),2005-04-01,4,2,0,0,4,2,6
POCOATA,desnutricion global,sobrepeso (s),2005-04-01,8,17,1,2,9,19,28
POCONA,desnutricion global,sobrepeso (s),2005-04-01,13,3,2,1,15,4,19
POJO (CBBA),desnutricion global,sobrepeso (s),2005-04-01,13,14,3,3,16,17,33
POOPO,desnutricion global,sobrepeso (s),2005-04-01,1,1,0,0,1,1,2
PORCO,desnutricion global,sobrepeso (s),2005-04-01,2,10,0,2,2,12,14
POROMA,desnutricion global,sobrepeso (s),2005-04-01,1,7,2,0,3,7,10
PORONGO,desnutricion global,sobrepeso (s),2005-04-01,12,4,2,0,14,4,18
PORTACHUELO,desnutricion global,sobrepeso (s),2005-04-01,41,31,22,16,63,47,110
PORVENIR,desnutricion global,sobrepeso (s),2005-04-01,3,0,0,0,3,0,3
POSTRER VALLE,desnutricion global,sobrepeso (s),2005-04-01,4,1,2,3,6,4,10
POTOSI,desnutricion global,sobrepeso (s),2005-04-01,54,40,8,3,62,43,105
PRESTO,desnutricion global,sobrepeso (s),2005-04-01,3,3,0,0,3,3,6
PUCARA,desnutricion global,sobrepeso (s),2005-04-01,5,0,0,0,5,0,5
PUCARANI,desnutricion global,sobrepeso (s),2005-04-01,24,19,8,3,32,22,54
PUERTO ACOSTA,desnutricion global,sobrepeso (s),2005-04-01,3,4,1,0,4,4,8
PUERTO CARABUCO,desnutricion global,sobrepeso (s),2005-04-01,15,14,4,2,19,16,35
PUERTO GONZALO MORENO,desnutricion global,sobrepeso (s),2005-04-01,4,8,0,1,4,9,13
PUERTO PEREZ,desnutricion global,sobrepeso (s),2005-04-01,4,2,1,0,5,2,7
PUERTO RICO,desnutricion global,sobrepeso (s),2005-04-01,5,4,0,2,5,6,11
PUERTO SILES,desnutricion global,sobrepeso (s),2005-04-01,2,1,0,0,2,1,3
PUERTO VILLARROEL,desnutricion global,sobrepeso (s),2005-04-01,68,72,20,12,88,84,172
PUNA,desnutricion global,sobrepeso (s),2005-04-01,8,10,0,0,8,10,18
PUNATA,desnutricion global,sobrepeso (s),2005-04-01,14,11,3,3,17,14,31
QUILLACOLLO,desnutricion global,sobrepeso (s),2005-04-01,39,27,9,3,48,30,78
QUIME,desnutricion global,sobrepeso (s),2005-04-01,0,5,2,0,2,5,7
QUIRUSILLAS,desnutricion global,sobrepeso (s),2005-04-01,8,2,1,4,9,6,15
RAVELO,desnutricion global,sobrepeso (s),2005-04-01,10,4,1,0,11,4,15
REYES,desnutricion global,sobrepeso (s),2005-04-01,43,29,13,4,56,33,89
RIBERALTA,desnutricion global,sobrepeso (s),2005-04-01,67,54,12,8,79,62,141
ROBORE,desnutricion global,sobrepeso (s),2005-04-01,21,15,8,6,29,21,50
RURRENABAQUE,desnutricion global,sobrepeso (s),2005-04-01,20,9,8,2,28,11,39
SABAYA,desnutricion global,sobrepeso (s),2005-04-01,2,4,1,2,3,6,9
SACABA,desnutricion global,sobrepeso (s),2005-04-01,21,42,3,3,24,45,69
SACABAMBA,desnutricion global,sobrepeso (s),2005-04-01,0,2,0,0,0,2,2
SACACA,desnutricion global,sobrepeso (s),2005-04-01,3,5,0,1,3,6,9
SAIPINA,desnutricion global,sobrepeso (s),2005-04-01,19,19,7,11,26,30,56
SALINAS DE GARCI MENDOZA,desnutricion global,sobrepeso (s),2005-04-01,6,7,5,0,11,7,18
SAMAIPATA,desnutricion global,sobrepeso (s),2005-04-01,44,0,22,0,66,0,66
SAN AGUSTIN,desnutricion global,sobrepeso (s),2005-04-01,1,3,0,0,1,3,4
SAN ANDRES,desnutricion global,sobrepeso (s),2005-04-01,16,7,1,2,17,9,26
SAN ANDRES DE MACHACA,desnutricion global,sobrepeso (s),2005-04-01,5,2,2,3,7,5,12
SAN ANTONIO DE ESMORUCO,desnutricion global,sobrepeso (s),2005-04-01,0,1,1,0,1,1,2
SAN ANTONIO DE LOMERIO,desnutricion global,sobrepeso (s),2005-04-01,8,8,5,3,13,11,24
SAN BENITO,desnutricion global,sobrepeso (s),2005-04-01,7,2,0,0,7,2,9
SAN BORJA,desnutricion global,sobrepeso (s),2005-04-01,77,77,16,19,93,96,189
SAN BUENA VENTURA,desnutricion global,sobrepeso (s),2005-04-01,11,4,2,2,13,6,19
SAN CARLOS,desnutricion global,sobrepeso (s),2005-04-01,34,35,14,12,48,47,95
SAN IGNACIO,desnutricion global,sobrepeso (s),2005-04-01,22,8,8,3,30,11,41
SAN IGNACIO DE VELASCO,desnutricion global,sobrepeso (s),2005-04-01,75,51,11,5,86,56,142
SAN JAVIER(BNI),desnutricion global,sobrepeso (s),2005-04-01,3,4,1,0,4,4,8
SAN JAVIER(STC),desnutricion global,sobrepeso (s),2005-04-01,8,0,0,0,8,0,8
SAN JOAQUIN,desnutricion global,sobrepeso (s),2005-04-01,11,5,3,0,14,5,19
SAN JOSE DE CHIQUITOS,desnutricion global,sobrepeso (s),2005-04-01,21,13,16,4,37,17,54
SAN JUAN DE YAPACANI,desnutricion global,sobrepeso (s),2005-04-01,27,18,4,4,31,22,53
SAN JULIAN,desnutricion global,sobrepeso (s),2005-04-01,82,77,21,20,103,97,200
SAN LORENZO(PND),desnutricion global,sobrepeso (s),2005-04-01,17,11,7,3,24,14,38
SAN LORENZO(TJA),desnutricion global,sobrepeso (s),2005-04-01,27,14,4,7,31,21,52
SAN LUCAS,desnutricion global,sobrepeso (s),2005-04-01,23,18,1,1,24,19,43
SAN MIGUEL DE VELASCO,desnutricion global,sobrepeso (s),2005-04-01,12,13,1,1,13,14,27
SAN PEDRO,desnutricion global,sobrepeso (s),2005-04-01,25,18,6,6,31,24,55
SAN PEDRO DE BUENA VISTA,desnutricion global,sobrepeso (s),2005-04-01,11,8,3,1,14,9,23
SAN PEDRO DE CURAHUARA,desnutricion global,sobrepeso (s),2005-04-01,4,1,2,2,6,3,9
SAN PEDRO DE TIQUINA,desnutricion global,sobrepeso (s),2005-04-01,6,3,1,2,7,5,12
SAN RAFAEL,desnutricion global,sobrepeso (s),2005-04-01,3,3,3,1,6,4,10
SAN RAMON,desnutricion global,sobrepeso (s),2005-04-01,14,9,6,0,20,9,29
SAN RAMON,desnutricion global,sobrepeso (s),2005-04-01,16,14,1,1,17,15,32
SANTA ANA,desnutricion global,sobrepeso (s),2005-04-01,72,28,26,12,98,40,138
SANTA CRUZ DE LA SIERRA,desnutricion global,sobrepeso (s),2005-04-01,1085,692,465,371,1550,1063,2613
SANTA ROSA,desnutricion global,sobrepeso (s),2005-04-01,28,20,8,11,36,31,67
SANTA ROSA DEL SARA,desnutricion global,sobrepeso (s),2005-04-01,13,12,8,9,21,21,42
SANTIAGO DE CALLAPA,desnutricion global,sobrepeso (s),2005-04-01,3,1,0,0,3,1,4
SANTIAGO DE HUARI,desnutricion global,sobrepeso (s),2005-04-01,4,3,4,0,8,3,11
SANTIAGO DE MACHACA,desnutricion global,sobrepeso (s),2005-04-01,1,1,0,0,1,1,2
SANTIVAÑES,desnutricion global,sobrepeso (s),2005-04-01,3,1,2,2,5,3,8
SANTUARIO DE QUILLACAS,desnutricion global,sobrepeso (s),2005-04-01,1,0,0,0,1,0,1
SAPAHAQUI,desnutricion global,sobrepeso (s),2005-04-01,4,4,0,1,4,5,9
SENA,desnutricion global,sobrepeso (s),2005-04-01,7,15,11,3,18,18,36
SICA SICA (VILLA AROMA),desnutricion global,sobrepeso (s),2005-04-01,10,15,2,5,12,20,32
SICAYA,desnutricion global,sobrepeso (s),2005-04-01,1,1,0,0,1,1,2
SIPE SIPE,desnutricion global,sobrepeso (s),2005-04-01,44,44,12,9,56,53,109
SOPACHUY,desnutricion global,sobrepeso (s),2005-04-01,7,3,0,0,7,3,10
SORACACHI,desnutricion global,sobrepeso (s),2005-04-01,5,8,0,2,5,10,15
SORATA,desnutricion global,sobrepeso (s),2005-04-01,20,13,1,1,21,14,35
SUCRE,desnutricion global,sobrepeso (s),2005-04-01,212,204,65,67,277,271,548
TACACOMA,desnutricion global,sobrepeso (s),2005-04-01,7,6,1,0,8,6,14
TACOBAMBA,desnutricion global,sobrepeso (s),2005-04-01,14,7,1,1,15,8,23
TACOPAYA,desnutricion global,sobrepeso (s),2005-04-01,3,0,0,1,3,1,4
TAHUA,desnutricion global,sobrepeso (s),2005-04-01,1,3,0,0,1,3,4
TAPACARI,desnutricion global,sobrepeso (s),2005-04-01,1,5,2,0,3,5,8
TARABUCO,desnutricion global,sobrepeso (s),2005-04-01,20,32,3,5,23,37,60
TARACO,desnutricion global,sobrepeso (s),2005-04-01,4,3,0,0,4,3,7
TARATA,desnutricion global,sobrepeso (s),2005-04-01,9,7,1,1,10,8,18
TARIJA,desnutricion global,sobrepeso (s),2005-04-01,383,283,86,76,469,359,828
TARVITA,desnutricion global,sobrepeso (s),2005-04-01,2,0,0,1,2,1,3
TEOPONTE,desnutricion global,sobrepeso (s),2005-04-01,19,22,8,4,27,26,53
TIAWANACU,desnutricion global,sobrepeso (s),2005-04-01,5,5,2,0,7,5,12
TINGUIPAYA,desnutricion global,sobrepeso (s),2005-04-01,3,2,0,1,3,3,6
TIPUANI,desnutricion global,sobrepeso (s),2005-04-01,12,3,0,1,12,4,16
TIQUIPAYA,desnutricion global,sobrepeso (s),2005-04-01,21,19,5,2,26,21,47
TIRAQUE (CBBA),desnutricion global,sobrepeso (s),2005-04-01,64,66,11,4,75,70,145
TITO YUPANQUI (PARQUIPUJIO),desnutricion global,sobrepeso (s),2005-04-01,1,0,0,0,1,0,1
TOCO,desnutricion global,sobrepeso (s),2005-04-01,2,3,0,1,2,4,6
TOLATA,desnutricion global,sobrepeso (s),2005-04-01,2,2,1,1,3,3,6
TOLEDO,desnutricion global,sobrepeso (s),2005-04-01,3,0,0,0,3,0,3
TOMAVE,desnutricion global,sobrepeso (s),2005-04-01,14,3,0,0,14,3,17
TOMINA,desnutricion global,sobrepeso (s),2005-04-01,10,7,1,0,11,7,18
TORO TORO,desnutricion global,sobrepeso (s),2005-04-01,4,7,1,0,5,7,12
TOTORA(CBBA),desnutricion global,sobrepeso (s),2005-04-01,9,11,2,0,11,11,22
TRIGAL,desnutricion global,sobrepeso (s),2005-04-01,3,1,0,0,3,1,4
TRINIDAD,desnutricion global,sobrepeso (s),2005-04-01,129,106,21,15,150,121,271
TUPIZA,desnutricion global,sobrepeso (s),2005-04-01,49,48,16,4,65,52,117
TURCO,desnutricion global,sobrepeso (s),2005-04-01,3,2,0,0,3,2,5
UMALA,desnutricion global,sobrepeso (s),2005-04-01,3,5,9,15,12,20,32
UNCIA,desnutricion global,sobrepeso (s),2005-04-01,9,10,2,2,11,12,23
URIONDO (A. CONCEPCION),desnutricion global,sobrepeso (s),2005-04-01,57,16,13,3,70,19,89
UYUNI,desnutricion global,sobrepeso (s),2005-04-01,25,22,7,2,32,24,56
VACAS,desnutricion global,sobrepeso (s),2005-04-01,3,3,2,0,5,3,8
VALLEGRANDE,desnutricion global,sobrepeso (s),2005-04-01,19,21,14,15,33,36,69
VIACHA,desnutricion global,sobrepeso (s),2005-04-01,38,22,4,7,42,29,71
VILA VILA,desnutricion global,sobrepeso (s),2005-04-01,6,2,3,2,9,4,13
VILLA MONTES,desnutricion global,sobrepeso (s),2005-04-01,60,41,17,23,77,64,141
VILLA NUEVA (LOMA ALTA),desnutricion global,sobrepeso (s),2005-04-01,3,1,0,0,3,1,4
VILLA RIVERO,desnutricion global,sobrepeso (s),2005-04-01,3,9,0,0,3,9,12
VILLA SERRANO,desnutricion global,sobrepeso (s),2005-04-01,15,11,2,5,17,16,33
VILLA TUNARI,desnutricion global,sobrepeso (s),2005-04-01,60,51,5,7,65,58,123
VILLA VACA GUZMAN (MUYUPAMPA),desnutricion global,sobrepeso (s),2005-04-01,24,16,15,5,39,21,60
VILLAZON,desnutricion global,sobrepeso (s),2005-04-01,56,55,6,5,62,60,122
VINTO,desnutricion global,sobrepeso (s),2005-04-01,4,2,2,0,6,2,8
VITICHI,desnutricion global,sobrepeso (s),2005-04-01,6,3,1,0,7,3,10
WALDO BALLIVIAN,desnutricion global,sobrepeso (s),2005-04-01,2,0,0,0,2,0,2
WARNES,desnutricion global,sobrepeso (s),2005-04-01,84,64,12,13,96,77,173
YACO,desnutricion global,sobrepeso (s),2005-04-01,2,1,0,0,2,1,3
YACUIBA,desnutricion global,sobrepeso (s),2005-04-01,104,110,18,9,122,119,241
YAMPARAEZ,desnutricion global,sobrepeso (s),2005-04-01,9,16,3,3,12,19,31
YANACACHI,desnutricion global,sobrepeso (s),2005-04-01,0,1,0,0,0,1,1
YAPACANI,desnutricion global,sobrepeso (s),2005-04-01,100,94,12,14,112,108,220
YOCALLA,desnutricion global,sobrepeso (s),2005-04-01,2,2,0,0,2,2,4
YOTALA,desnutricion global,sobrepeso (s),2005-04-01,16,10,5,5,21,15,36
YUNCHARA,desnutricion global,sobrepeso (s),2005-04-01,6,2,1,0,7,2,9
ZUDAÑEZ,desnutricion global,sobrepeso (s),2005-04-01,11,5,1,1,12,6,18
ACACIO,desnutricion global,sobrepeso (s),2005-05-01,3,3,0,0,3,3,6
ACHACACHI,desnutricion global,sobrepeso (s),2005-05-01,14,10,4,7,18,17,35
ACHOCALLA,desnutricion global,sobrepeso (s),2005-05-01,6,1,1,1,7,2,9
AIQUILE,desnutricion global,sobrepeso (s),2005-05-01,6,4,3,1,9,5,14
ALALAY,desnutricion global,sobrepeso (s),2005-05-01,1,0,1,0,2,0,2
ALCALA,desnutricion global,sobrepeso (s),2005-05-01,3,3,1,1,4,4,8
ANCORAIMES,desnutricion global,sobrepeso (s),2005-05-01,7,6,1,1,8,7,15
ANDAMARCA,desnutricion global,sobrepeso (s),2005-05-01,1,2,1,0,2,2,4
ANTEQUERA,desnutricion global,sobrepeso (s),2005-05-01,4,2,0,0,4,2,6
ANZALDO,desnutricion global,sobrepeso (s),2005-05-01,1,0,2,6,3,6,9
APOLO,desnutricion global,sobrepeso (s),2005-05-01,11,9,3,1,14,10,24
ARAMPAMPA,desnutricion global,sobrepeso (s),2005-05-01,1,3,0,0,1,3,4
ARANI,desnutricion global,sobrepeso (s),2005-05-01,8,7,1,0,9,7,16
ARBIETO,desnutricion global,sobrepeso (s),2005-05-01,9,1,0,0,9,1,10
ARQUE,desnutricion global,sobrepeso (s),2005-05-01,3,0,0,0,3,0,3
ATOCHA,desnutricion global,sobrepeso (s),2005-05-01,10,9,7,2,17,11,28
AUCAPATA,desnutricion global,sobrepeso (s),2005-05-01,4,3,1,0,5,3,8
AYATA,desnutricion global,sobrepeso (s),2005-05-01,11,0,0,0,11,0,11
AYO AYO,desnutricion global,sobrepeso (s),2005-05-01,2,0,1,0,3,0,3
AYOPAYA (V. DE INDEPENDENCIA),desnutricion global,sobrepeso (s),2005-05-01,17,16,4,2,21,18,39
AZURDUY,desnutricion global,sobrepeso (s),2005-05-01,13,17,5,1,18,18,36
BATALLAS,desnutricion global,sobrepeso (s),2005-05-01,4,4,0,0,4,4,8
BAURES,desnutricion global,sobrepeso (s),2005-05-01,2,4,1,0,3,4,7
BELEN DE ANDAMARCA,desnutricion global,sobrepeso (s),2005-05-01,0,1,0,0,0,1,1
BELEN DE URMIRI,desnutricion global,sobrepeso (s),2005-05-01,2,2,0,2,2,4,6
BELLA FLOR,desnutricion global,sobrepeso (s),2005-05-01,2,3,0,0,2,3,5
BERMEJO,desnutricion global,sobrepeso (s),2005-05-01,15,9,4,1,19,10,29
BETANZOS,desnutricion global,sobrepeso (s),2005-05-01,21,24,3,3,24,27,51
BOLIVAR,desnutricion global,sobrepeso (s),2005-05-01,2,0,0,0,2,0,2
BOLPEBRA,desnutricion global,sobrepeso (s),2005-05-01,6,2,1,0,7,2,9
BOYUIBE,desnutricion global,sobrepeso (s),2005-05-01,5,7,3,1,8,8,16
BUENA VISTA,desnutricion global,sobrepeso (s),2005-05-01,48,26,6,10,54,36,90
CABEZAS,desnutricion global,sobrepeso (s),2005-05-01,21,19,1,1,22,20,42
CAIROMA,desnutricion global,sobrepeso (s),2005-05-01,9,8,0,1,9,9,18
"CAIZA ""D""",desnutricion global,sobrepeso (s),2005-05-01,9,11,2,2,11,13,24
CAJUATA,desnutricion global,sobrepeso (s),2005-05-01,18,15,2,1,20,16,36
CALACOTO,desnutricion global,sobrepeso (s),2005-05-01,1,0,0,0,1,0,1
CALAMARCA,desnutricion global,sobrepeso (s),2005-05-01,6,6,0,0,6,6,12
CAMARGO,desnutricion global,sobrepeso (s),2005-05-01,18,20,1,0,19,20,39
CAMATAQUI (C. VILLA ABECIA),desnutricion global,sobrepeso (s),2005-05-01,1,2,0,0,1,2,3
CAMIRI,desnutricion global,sobrepeso (s),2005-05-01,86,65,22,11,108,76,184
CAPINOTA,desnutricion global,sobrepeso (s),2005-05-01,0,0,1,2,1,2,3
CAQUIAVIRI,desnutricion global,sobrepeso (s),2005-05-01,12,2,1,2,13,4,17
CARACOLLO,desnutricion global,sobrepeso (s),2005-05-01,2,18,1,0,3,18,21
CARANAVI,desnutricion global,sobrepeso (s),2005-05-01,91,70,14,6,105,76,181
CARAPARI,desnutricion global,sobrepeso (s),2005-05-01,27,27,13,2,40,29,69
CARIPUYO,desnutricion global,sobrepeso (s),2005-05-01,1,2,0,0,1,2,3
CATACORA,desnutricion global,sobrepeso (s),2005-05-01,1,1,0,0,1,1,2
CHALLAPATA,desnutricion global,sobrepeso (s),2005-05-01,13,9,0,1,13,10,23
CHAQUI,desnutricion global,sobrepeso (s),2005-05-01,3,1,0,0,3,1,4
CHARAGUA,desnutricion global,sobrepeso (s),2005-05-01,41,41,7,7,48,48,96
CHARAÑA,desnutricion global,sobrepeso (s),2005-05-01,1,1,0,0,1,1,2
CHAYANTA,desnutricion global,sobrepeso (s),2005-05-01,4,6,0,0,4,6,10
CHIMORE,desnutricion global,sobrepeso (s),2005-05-01,28,16,1,1,29,17,46
CHIPAYA,desnutricion global,sobrepeso (s),2005-05-01,1,1,0,0,1,1,2
CHOQUE COTA,desnutricion global,sobrepeso (s),2005-05-01,1,0,0,0,1,0,1
CHULUMANI (V. DE LA LIBERTAD),desnutricion global,sobrepeso (s),2005-05-01,16,8,2,2,18,10,28
CHUMA,desnutricion global,sobrepeso (s),2005-05-01,2,3,0,0,2,3,5
CLIZA,desnutricion global,sobrepeso (s),2005-05-01,39,28,15,8,54,36,90
COBIJA,desnutricion global,sobrepeso (s),2005-05-01,59,56,6,15,65,71,136
COCHABAMBA,desnutricion global,sobrepeso (s),2005-05-01,291,238,51,35,342,273,615
COLCAPIRHUA,desnutricion global,sobrepeso (s),2005-05-01,16,18,3,0,19,18,37
"COLCHA ""K""",desnutricion global,sobrepeso (s),2005-05-01,8,7,1,0,9,7,16
COLLANA,desnutricion global,sobrepeso (s),2005-05-01,1,1,1,1,2,2,4
COLOMI,desnutricion global,sobrepeso (s),2005-05-01,19,21,3,2,22,23,45
COLPA BELGICA,desnutricion global,sobrepeso (s),2005-05-01,17,8,5,0,22,8,30
COLQUECHACA,desnutricion global,sobrepeso (s),2005-05-01,7,5,0,1,7,6,13
COLQUENCHA,desnutricion global,sobrepeso (s),2005-05-01,5,4,0,0,5,4,9
COLQUIRI,desnutricion global,sobrepeso (s),2005-05-01,10,9,0,0,10,9,19
COMARAPA,desnutricion global,sobrepeso (s),2005-05-01,58,54,12,13,70,67,137
CONCEPCION,desnutricion global,sobrepeso (s),2005-05-01,3,2,0,1,3,3,6
COPACABANA,desnutricion global,sobrepeso (s),2005-05-01,9,4,2,0,11,4,15
CORIPATA,desnutricion global,sobrepeso (s),2005-05-01,37,34,3,2,40,36,76
CORO CORO,desnutricion global,sobrepeso (s),2005-05-01,3,0,2,0,5,0,5
COROICO,desnutricion global,sobrepeso (s),2005-05-01,4,0,0,0,4,0,4
CORQUE,desnutricion global,sobrepeso (s),2005-05-01,3,3,2,0,5,3,8
COTAGAITA,desnutricion global,sobrepeso (s),2005-05-01,12,7,6,0,18,7,25
COTOCA,desnutricion global,sobrepeso (s),2005-05-01,45,22,8,4,53,26,79
CUATRO CAÑADAS,desnutricion global,sobrepeso (s),2005-05-01,9,2,4,1,13,3,16
CUCHUMUELA (V. G. VILLARROEL),desnutricion global,sobrepeso (s),2005-05-01,3,0,0,0,3,0,3
CUEVO,desnutricion global,sobrepeso (s),2005-05-01,1,5,1,0,2,5,7
CULPINA,desnutricion global,sobrepeso (s),2005-05-01,19,8,2,4,21,12,33
CURAHUARA DE CARANGAS,desnutricion global,sobrepeso (s),2005-05-01,5,9,2,0,7,9,16
CURVA,desnutricion global,sobrepeso (s),2005-05-01,0,1,0,0,0,1,1
DESAGUADERO,desnutricion global,sobrepeso (s),2005-05-01,1,2,1,1,2,3,5
EL ALTO,desnutricion global,sobrepeso (s),2005-05-01,416,377,155,132,571,509,1080
EL CHORO,desnutricion global,sobrepeso (s),2005-05-01,1,0,0,0,1,0,1
EL PUENTE(STC),desnutricion global,sobrepeso (s),2005-05-01,22,21,3,0,25,21,46
EL PUENTE(TJA),desnutricion global,sobrepeso (s),2005-05-01,12,8,1,1,13,9,22
EL TORNO,desnutricion global,sobrepeso (s),2005-05-01,53,37,5,5,58,42,100
EL VILLAR,desnutricion global,sobrepeso (s),2005-05-01,2,0,4,0,6,0,6
ENTRE RIOS,desnutricion global,sobrepeso (s),2005-05-01,32,28,3,7,35,35,70
ENTRE RIOS,desnutricion global,sobrepeso (s),2005-05-01,53,42,4,4,57,46,103
EUCALIPTUS,desnutricion global,sobrepeso (s),2005-05-01,5,4,1,1,6,5,11
EUREKA (SANTOS MERCADO),desnutricion global,sobrepeso (s),2005-05-01,1,1,1,2,2,3,5
EXALTACION,desnutricion global,sobrepeso (s),2005-05-01,5,4,1,2,6,6,12
FERNANDEZ ALONSO,desnutricion global,sobrepeso (s),2005-05-01,39,44,49,46,88,90,178
FILADELFIA,desnutricion global,sobrepeso (s),2005-05-01,5,10,3,3,8,13,21
GENERAL SAAVEDRA,desnutricion global,sobrepeso (s),2005-05-01,35,9,17,4,52,13,65
GRAL. J.J. PEREZ (CHARAZANI),desnutricion global,sobrepeso (s),2005-05-01,11,6,1,0,12,6,18
GUANAY,desnutricion global,sobrepeso (s),2005-05-01,10,5,6,0,16,5,21
GUAQUI,desnutricion global,sobrepeso (s),2005-05-01,0,3,0,0,0,3,3
GUAYARAMERIN,desnutricion global,sobrepeso (s),2005-05-01,67,55,6,10,73,65,138
GUTIERREZ,desnutricion global,sobrepeso (s),2005-05-01,31,26,15,9,46,35,81
HUACARETA,desnutricion global,sobrepeso (s),2005-05-01,11,6,7,6,18,12,30
HUACAYA (VILLA DE HUACAYA),desnutricion global,sobrepeso (s),2005-05-01,3,3,0,0,3,3,6
HUACHACALLA,desnutricion global,sobrepeso (s),2005-05-01,2,1,0,0,2,1,3
HUANUNI,desnutricion global,sobrepeso (s),2005-05-01,15,12,0,0,15,12,27
HUARACAJE,desnutricion global,sobrepeso (s),2005-05-01,3,4,5,0,8,4,12
HUAYLLAMARCA,desnutricion global,sobrepeso (s),2005-05-01,3,2,1,2,4,4,8
ICHOCA,desnutricion global,sobrepeso (s),2005-05-01,3,6,0,0,3,6,9
ICLA,desnutricion global,sobrepeso (s),2005-05-01,5,10,2,1,7,11,18
INCAHUASI,desnutricion global,sobrepeso (s),2005-05-01,23,15,1,5,24,20,44
INQUISIVI,desnutricion global,sobrepeso (s),2005-05-01,17,14,7,15,24,29,53
IRUPANA (VILLA DE LANZA),desnutricion global,sobrepeso (s),2005-05-01,15,9,5,1,20,10,30
IXIAMAS,desnutricion global,sobrepeso (s),2005-05-01,24,12,9,9,33,21,54
JESUS DE MACHACA,desnutricion global,sobrepeso (s),2005-05-01,3,0,0,0,3,0,3
LA ASUNTA,desnutricion global,sobrepeso (s),2005-05-01,17,16,0,0,17,16,33
LA GUARDIA,desnutricion global,sobrepeso (s),2005-05-01,69,42,19,10,88,52,140
LA PAZ,desnutricion global,sobrepeso (s),2005-05-01,484,484,157,158,641,642,1283
LAGUNILLAS,desnutricion global,sobrepeso (s),2005-05-01,14,19,8,5,22,24,46
LAJA,desnutricion global,sobrepeso (s),2005-05-01,14,5,2,2,16,7,23
LAS CARRERAS,desnutricion global,sobrepeso (s),2005-05-01,3,4,0,1,3,5,8
LLALLAGUA,desnutricion global,sobrepeso (s),2005-05-01,36,51,25,25,61,76,137
LORETO,desnutricion global,sobrepeso (s),2005-05-01,5,7,2,1,7,8,15
LURIBAY,desnutricion global,sobrepeso (s),2005-05-01,7,3,0,0,7,3,10
MACHACAMARCA,desnutricion global,sobrepeso (s),2005-05-01,4,2,0,1,4,3,7
MACHARETI,desnutricion global,sobrepeso (s),2005-05-01,27,30,18,10,45,40,85
MAGDALENA,desnutricion global,sobrepeso (s),2005-05-01,15,15,0,2,15,17,32
MAIRANA,desnutricion global,sobrepeso (s),2005-05-01,22,10,3,1,25,11,36
MALLA,desnutricion global,sobrepeso (s),2005-05-01,4,2,0,0,4,2,6
MAPIRI,desnutricion global,sobrepeso (s),2005-05-01,23,11,4,2,27,13,40
MECAPACA,desnutricion global,sobrepeso (s),2005-05-01,4,3,0,0,4,3,7
MINEROS,desnutricion global,sobrepeso (s),2005-05-01,51,40,18,16,69,56,125
MIZQUE,desnutricion global,sobrepeso (s),2005-05-01,3,3,0,1,3,4,7
MOCOMOCO,desnutricion global,sobrepeso (s),2005-05-01,10,7,3,3,13,10,23
MOJINETE,desnutricion global,sobrepeso (s),2005-05-01,1,0,0,1,1,1,2
MOJOCOYA,desnutricion global,sobrepeso (s),2005-05-01,10,7,2,3,12,10,22
MONTEAGUDO,desnutricion global,sobrepeso (s),2005-05-01,80,57,16,19,96,76,172
MONTERO,desnutricion global,sobrepeso (s),2005-05-01,251,229,75,75,326,304,630
MORO MORO,desnutricion global,sobrepeso (s),2005-05-01,3,0,0,0,3,0,3
MOROCHATA,desnutricion global,sobrepeso (s),2005-05-01,9,7,0,2,9,9,18
NACEBE (SANTA ROSA DEL ABUNA),desnutricion global,sobrepeso (s),2005-05-01,11,11,10,14,21,25,46
OCURI,desnutricion global,sobrepeso (s),2005-05-01,4,3,3,2,7,5,12
OKINAWA,desnutricion global,sobrepeso (s),2005-05-01,16,11,3,2,19,13,32
OMEREQUE,desnutricion global,sobrepeso (s),2005-05-01,10,9,4,0,14,9,23
ORURO,desnutricion global,sobrepeso (s),2005-05-01,188,198,41,32,229,230,459
PADCAYA,desnutricion global,sobrepeso (s),2005-05-01,30,19,19,17,49,36,85
PADILLA,desnutricion global,sobrepeso (s),2005-05-01,13,12,7,2,20,14,34
PAILON,desnutricion global,sobrepeso (s),2005-05-01,3,62,16,0,19,62,81
PALCA,desnutricion global,sobrepeso (s),2005-05-01,7,5,1,1,8,6,14
PALOS BLANCOS,desnutricion global,sobrepeso (s),2005-05-01,31,40,16,6,47,46,93
PAMPA AULLAGAS,desnutricion global,sobrepeso (s),2005-05-01,1,3,0,0,1,3,4
PAMPA GRANDE,desnutricion global,sobrepeso (s),2005-05-01,5,10,4,4,9,14,23
PAPEL PAMPA,desnutricion global,sobrepeso (s),2005-05-01,0,1,1,0,1,1,2
PASORAPA,desnutricion global,sobrepeso (s),2005-05-01,3,3,0,0,3,3,6
PATACAMAYA,desnutricion global,sobrepeso (s),2005-05-01,16,28,0,2,16,30,46
PAZÑA,desnutricion global,sobrepeso (s),2005-05-01,3,4,1,0,4,4,8
PELECHUCO,desnutricion global,sobrepeso (s),2005-05-01,1,2,0,0,1,2,3
POCOATA,desnutricion global,sobrepeso (s),2005-05-01,10,10,3,3,13,13,26
POCONA,desnutricion global,sobrepeso (s),2005-05-01,5,2,0,1,5,3,8
POJO (CBBA),desnutricion global,sobrepeso (s),2005-05-01,18,9,1,0,19,9,28
POOPO,desnutricion global,sobrepeso (s),2005-05-01,1,0,0,0,1,0,1
PORCO,desnutricion global,sobrepeso (s),2005-05-01,3,4,1,1,4,5,9
POROMA,desnutricion global,sobrepeso (s),2005-05-01,2,12,0,2,2,14,16
PORONGO,desnutricion global,sobrepeso (s),2005-05-01,4,2,0,0,4,2,6
PORTACHUELO,desnutricion global,sobrepeso (s),2005-05-01,39,27,10,6,49,33,82
PORVENIR,desnutricion global,sobrepeso (s),2005-05-01,1,2,0,0,1,2,3
POSTRER VALLE,desnutricion global,sobrepeso (s),2005-05-01,6,11,1,0,7,11,18
POTOSI,desnutricion global,sobrepeso (s),2005-05-01,58,65,13,15,71,80,151
PRESTO,desnutricion global,sobrepeso (s),2005-05-01,4,5,0,0,4,5,9
PUCARANI,desnutricion global,sobrepeso (s),2005-05-01,12,15,2,0,14,15,29
PUERTO ACOSTA,desnutricion global,sobrepeso (s),2005-05-01,4,4,0,0,4,4,8
PUERTO CARABUCO,desnutricion global,sobrepeso (s),2005-05-01,18,14,2,3,20,17,37
PUERTO GONZALO MORENO,desnutricion global,sobrepeso (s),2005-05-01,10,3,1,0,11,3,14
PUERTO PEREZ,desnutricion global,sobrepeso (s),2005-05-01,4,2,1,0,5,2,7
PUERTO RICO,desnutricion global,sobrepeso (s),2005-05-01,8,5,1,2,9,7,16
PUERTO SILES,desnutricion global,sobrepeso (s),2005-05-01,3,6,1,1,4,7,11
PUERTO VILLARROEL,desnutricion global,sobrepeso (s),2005-05-01,62,73,15,11,77,84,161
PUNA,desnutricion global,sobrepeso (s),2005-05-01,16,2,5,0,21,2,23
PUNATA,desnutricion global,sobrepeso (s),2005-05-01,6,6,4,2,10,8,18
QUILLACOLLO,desnutricion global,sobrepeso (s),2005-05-01,18,15,6,5,24,20,44
QUIME,desnutricion global,sobrepeso (s),2005-05-01,4,5,1,0,5,5,10
QUIRUSILLAS,desnutricion global,sobrepeso (s),2005-05-01,5,0,0,0,5,0,5
RAVELO,desnutricion global,sobrepeso (s),2005-05-01,9,12,3,2,12,14,26
REYES,desnutricion global,sobrepeso (s),2005-05-01,29,24,6,2,35,26,61
RIBERALTA,desnutricion global,sobrepeso (s),2005-05-01,53,24,11,2,64,26,90
ROBORE,desnutricion global,sobrepeso (s),2005-05-01,9,12,2,2,11,14,25
RURRENABAQUE,desnutricion global,sobrepeso (s),2005-05-01,10,10,2,2,12,12,24
SABAYA,desnutricion global,sobrepeso (s),2005-05-01,3,2,0,0,3,2,5
SACABA,desnutricion global,sobrepeso (s),2005-05-01,22,30,4,0,26,30,56
SACABAMBA,desnutricion global,sobrepeso (s),2005-05-01,1,2,0,0,1,2,3
SAIPINA,desnutricion global,sobrepeso (s),2005-05-01,36,26,21,9,57,35,92
SALINAS DE GARCI MENDOZA,desnutricion global,sobrepeso (s),2005-05-01,7,8,0,2,7,10,17
SAMAIPATA,desnutricion global,sobrepeso (s),2005-05-01,19,2,5,0,24,2,26
SAN AGUSTIN,desnutricion global,sobrepeso (s),2005-05-01,1,0,0,0,1,0,1
SAN ANDRES,desnutricion global,sobrepeso (s),2005-05-01,21,11,2,0,23,11,34
SAN ANDRES DE MACHACA,desnutricion global,sobrepeso (s),2005-05-01,2,6,0,3,2,9,11
SAN ANTONIO DE ESMORUCO,desnutricion global,sobrepeso (s),2005-05-01,2,0,0,0,2,0,2
SAN ANTONIO DE LOMERIO,desnutricion global,sobrepeso (s),2005-05-01,6,10,1,2,7,12,19
SAN BENITO,desnutricion global,sobrepeso (s),2005-05-01,2,0,0,0,2,0,2
SAN BORJA,desnutricion global,sobrepeso (s),2005-05-01,64,63,8,8,72,71,143
SAN BUENA VENTURA,desnutricion global,sobrepeso (s),2005-05-01,2,14,3,1,5,15,20
SAN CARLOS,desnutricion global,sobrepeso (s),2005-05-01,35,27,17,14,52,41,93
SAN IGNACIO,desnutricion global,sobrepeso (s),2005-05-01,19,10,8,2,27,12,39
SAN IGNACIO DE VELASCO,desnutricion global,sobrepeso (s),2005-05-01,74,50,9,9,83,59,142
SAN JAVIER(BNI),desnutricion global,sobrepeso (s),2005-05-01,0,2,1,0,1,2,3
SAN JAVIER(STC),desnutricion global,sobrepeso (s),2005-05-01,27,2,5,0,32,2,34
SAN JOAQUIN,desnutricion global,sobrepeso (s),2005-05-01,10,9,3,0,13,9,22
SAN JOSE DE CHIQUITOS,desnutricion global,sobrepeso (s),2005-05-01,18,19,15,14,33,33,66
SAN JUAN DE YAPACANI,desnutricion global,sobrepeso (s),2005-05-01,23,11,4,5,27,16,43
SAN JULIAN,desnutricion global,sobrepeso (s),2005-05-01,27,16,6,0,33,16,49
SAN LORENZO(PND),desnutricion global,sobrepeso (s),2005-05-01,7,9,5,2,12,11,23
SAN LORENZO(TJA),desnutricion global,sobrepeso (s),2005-05-01,20,10,2,1,22,11,33
SAN LUCAS,desnutricion global,sobrepeso (s),2005-05-01,15,24,2,6,17,30,47
SAN MIGUEL DE VELASCO,desnutricion global,sobrepeso (s),2005-05-01,17,12,3,1,20,13,33
SAN PEDRO,desnutricion global,sobrepeso (s),2005-05-01,34,31,3,0,37,31,68
SAN PEDRO DE BUENA VISTA,desnutricion global,sobrepeso (s),2005-05-01,5,5,5,6,10,11,21
SAN PEDRO DE CURAHUARA,desnutricion global,sobrepeso (s),2005-05-01,3,1,0,1,3,2,5
SAN PEDRO DE TIQUINA,desnutricion global,sobrepeso (s),2005-05-01,3,4,0,0,3,4,7
SAN RAFAEL,desnutricion global,sobrepeso (s),2005-05-01,4,5,4,0,8,5,13
SAN RAMON,desnutricion global,sobrepeso (s),2005-05-01,22,9,4,3,26,12,38
SANTA ANA,desnutricion global,sobrepeso (s),2005-05-01,43,41,2,3,45,44,89
SANTA CRUZ DE LA SIERRA,desnutricion global,sobrepeso (s),2005-05-01,1159,788,533,359,1692,1147,2839
SANTA ROSA,desnutricion global,sobrepeso (s),2005-05-01,24,24,3,7,27,31,58
SANTA ROSA DEL SARA,desnutricion global,sobrepeso (s),2005-05-01,15,20,9,9,24,29,53
SANTIAGO DE CALLAPA,desnutricion global,sobrepeso (s),2005-05-01,2,1,0,1,2,2,4
SANTIAGO DE HUARI,desnutricion global,sobrepeso (s),2005-05-01,4,5,7,2,11,7,18
SANTIAGO DE MACHACA,desnutricion global,sobrepeso (s),2005-05-01,2,2,0,0,2,2,4
SANTIVAÑES,desnutricion global,sobrepeso (s),2005-05-01,1,3,1,1,2,4,6
SANTUARIO DE QUILLACAS,desnutricion global,sobrepeso (s),2005-05-01,4,3,2,0,6,3,9
SAPAHAQUI,desnutricion global,sobrepeso (s),2005-05-01,3,3,0,0,3,3,6
SENA,desnutricion global,sobrepeso (s),2005-05-01,6,5,2,1,8,6,14
SICA SICA (VILLA AROMA),desnutricion global,sobrepeso (s),2005-05-01,9,7,0,0,9,7,16
SIPE SIPE,desnutricion global,sobrepeso (s),2005-05-01,43,52,22,13,65,65,130
SOPACHUY,desnutricion global,sobrepeso (s),2005-05-01,5,2,0,0,5,2,7
SORACACHI,desnutricion global,sobrepeso (s),2005-05-01,6,8,0,0,6,8,14
SORATA,desnutricion global,sobrepeso (s),2005-05-01,5,5,1,1,6,6,12
SUCRE,desnutricion global,sobrepeso (s),2005-05-01,176,191,58,85,234,276,510
TACACOMA,desnutricion global,sobrepeso (s),2005-05-01,13,9,1,0,14,9,23
TACOPAYA,desnutricion global,sobrepeso (s),2005-05-01,3,1,0,0,3,1,4
TAHUA,desnutricion global,sobrepeso (s),2005-05-01,2,1,0,0,2,1,3
TAPACARI,desnutricion global,sobrepeso (s),2005-05-01,36,5,2,10,38,15,53
TARABUCO,desnutricion global,sobrepeso (s),2005-05-01,24,37,8,39,32,76,108
TARACO,desnutricion global,sobrepeso (s),2005-05-01,5,6,0,0,5,6,11
TARATA,desnutricion global,sobrepeso (s),2005-05-01,8,6,3,1,11,7,18
TARIJA,desnutricion global,sobrepeso (s),2005-05-01,288,226,49,47,337,273,610
TARVITA,desnutricion global,sobrepeso (s),2005-05-01,17,9,3,1,20,10,30
TEOPONTE,desnutricion global,sobrepeso (s),2005-05-01,30,19,10,14,40,33,73
TIAWANACU,desnutricion global,sobrepeso (s),2005-05-01,7,18,3,6,10,24,34
TINGUIPAYA,desnutricion global,sobrepeso (s),2005-05-01,6,3,2,1,8,4,12
TIPUANI,desnutricion global,sobrepeso (s),2005-05-01,15,13,1,0,16,13,29
TIQUIPAYA,desnutricion global,sobrepeso (s),2005-05-01,3,6,2,0,5,6,11
TIRAQUE (CBBA),desnutricion global,sobrepeso (s),2005-05-01,43,52,6,7,49,59,108
TITO YUPANQUI (PARQUIPUJIO),desnutricion global,sobrepeso (s),2005-05-01,0,1,0,0,0,1,1
TOCO,desnutricion global,sobrepeso (s),2005-05-01,2,2,4,0,6,2,8
TOLATA,desnutricion global,sobrepeso (s),2005-05-01,8,0,0,0,8,0,8
TOLEDO,desnutricion global,sobrepeso (s),2005-05-01,1,1,0,0,1,1,2
TOMAVE,desnutricion global,sobrepeso (s),2005-05-01,10,0,2,0,12,0,12
TOMINA,desnutricion global,sobrepeso (s),2005-05-01,9,6,0,1,9,7,16
TORO TORO,desnutricion global,sobrepeso (s),2005-05-01,6,6,1,0,7,6,13
TOTORA(CBBA),desnutricion global,sobrepeso (s),2005-05-01,4,6,0,0,4,6,10
TOTORA(ORR),desnutricion global,sobrepeso (s),2005-05-01,3,2,0,0,3,2,5
TRIGAL,desnutricion global,sobrepeso (s),2005-05-01,5,2,0,1,5,3,8
TRINIDAD,desnutricion global,sobrepeso (s),2005-05-01,140,110,38,29,178,139,317
TUPIZA,desnutricion global,sobrepeso (s),2005-05-01,52,50,10,11,62,61,123
TURCO,desnutricion global,sobrepeso (s),2005-05-01,7,3,0,0,7,3,10
UMALA,desnutricion global,sobrepeso (s),2005-05-01,0,1,0,0,0,1,1
UNCIA,desnutricion global,sobrepeso (s),2005-05-01,20,39,10,15,30,54,84
URIONDO (A. CONCEPCION),desnutricion global,sobrepeso (s),2005-05-01,50,45,13,14,63,59,122
UYUNI,desnutricion global,sobrepeso (s),2005-05-01,3,4,1,0,4,4,8
VACAS,desnutricion global,sobrepeso (s),2005-05-01,4,0,1,2,5,2,7
VALLEGRANDE,desnutricion global,sobrepeso (s),2005-05-01,30,36,25,10,55,46,101
VIACHA,desnutricion global,sobrepeso (s),2005-05-01,26,21,3,2,29,23,52
VILA VILA,desnutricion global,sobrepeso (s),2005-05-01,5,3,4,5,9,8,17
VILLA MONTES,desnutricion global,sobrepeso (s),2005-05-01,39,41,11,10,50,51,101
VILLA NUEVA (LOMA ALTA),desnutricion global,sobrepeso (s),2005-05-01,1,2,0,0,1,2,3
VILLA RIVERO,desnutricion global,sobrepeso (s),2005-05-01,4,9,0,3,4,12,16
VILLA SERRANO,desnutricion global,sobrepeso (s),2005-05-01,20,9,1,5,21,14,35
VILLA TUNARI,desnutricion global,sobrepeso (s),2005-05-01,51,38,14,15,65,53,118
VILLA VACA GUZMAN (MUYUPAMPA),desnutricion global,sobrepeso (s),2005-05-01,32,19,6,3,38,22,60
VILLAZON,desnutricion global,sobrepeso (s),2005-05-01,45,40,6,6,51,46,97
VINTO,desnutricion global,sobrepeso (s),2005-05-01,3,0,0,0,3,0,3
VITICHI,desnutricion global,sobrepeso (s),2005-05-01,13,8,1,1,14,9,23
WARNES,desnutricion global,sobrepeso (s),2005-05-01,83,71,16,12,99,83,182
YACO,desnutricion global,sobrepeso (s),2005-05-01,2,3,0,1,2,4,6
YACUIBA,desnutricion global,sobrepeso (s),2005-05-01,148,95,21,17,169,112,281
YAMPARAEZ,desnutricion global,sobrepeso (s),2005-05-01,8,10,0,5,8,15,23
YANACACHI,desnutricion global,sobrepeso (s),2005-05-01,1,1,0,1,1,2,3
YAPACANI,desnutricion global,sobrepeso (s),2005-05-01,76,81,14,15,90,96,186
YOTALA,desnutricion global,sobrepeso (s),2005-05-01,12,11,5,5,17,16,33
YUNCHARA,desnutricion global,sobrepeso (s),2005-05-01,3,0,0,1,3,1,4
ZUDAÑEZ,desnutricion global,sobrepeso (s),2005-05-01,5,11,2,0,7,11,18
ACACIO,desnutricion global,sobrepeso (s),2005-06-01,3,3,0,0,3,3,6
ACHACACHI,desnutricion global,sobrepeso (s),2005-06-01,13,19,14,9,27,28,55
ACHOCALLA,desnutricion global,sobrepeso (s),2005-06-01,7,3,1,1,8,4,12
AIQUILE,desnutricion global,sobrepeso (s),2005-06-01,3,2,2,0,5,2,7
ALCALA,desnutricion global,sobrepeso (s),2005-06-01,1,4,0,0,1,4,5
ANCORAIMES,desnutricion global,sobrepeso (s),2005-06-01,6,1,0,0,6,1,7
ANTEQUERA,desnutricion global,sobrepeso (s),2005-06-01,4,1,1,1,5,2,7
APOLO,desnutricion global,sobrepeso (s),2005-06-01,4,10,1,0,5,10,15
ARAMPAMPA,desnutricion global,sobrepeso (s),2005-06-01,8,4,1,0,9,4,13
ARANI,desnutricion global,sobrepeso (s),2005-06-01,7,6,2,1,9,7,16
ARBIETO,desnutricion global,sobrepeso (s),2005-06-01,6,3,0,0,6,3,9
ARQUE,desnutricion global,sobrepeso (s),2005-06-01,2,5,0,0,2,5,7
ATOCHA,desnutricion global,sobrepeso (s),2005-06-01,21,10,5,5,26,15,41
AUCAPATA,desnutricion global,sobrepeso (s),2005-06-01,1,3,0,0,1,3,4
AYATA,desnutricion global,sobrepeso (s),2005-06-01,6,4,0,1,6,5,11
AYO AYO,desnutricion global,sobrepeso (s),2005-06-01,2,1,0,0,2,1,3
AYOPAYA (V. DE INDEPENDENCIA),desnutricion global,sobrepeso (s),2005-06-01,18,8,1,0,19,8,27
AZURDUY,desnutricion global,sobrepeso (s),2005-06-01,21,14,17,7,38,21,59
BATALLAS,desnutricion global,sobrepeso (s),2005-06-01,6,2,0,0,6,2,8
BAURES,desnutricion global,sobrepeso (s),2005-06-01,4,9,2,0,6,9,15
BELEN DE URMIRI,desnutricion global,sobrepeso (s),2005-06-01,2,1,0,0,2,1,3
BELLA FLOR,desnutricion global,sobrepeso (s),2005-06-01,1,2,0,0,1,2,3
BERMEJO,desnutricion global,sobrepeso (s),2005-06-01,17,11,4,0,21,11,32
BETANZOS,desnutricion global,sobrepeso (s),2005-06-01,17,12,4,2,21,14,35
BOLIVAR,desnutricion global,sobrepeso (s),2005-06-01,0,3,1,0,1,3,4
BOLPEBRA,desnutricion global,sobrepeso (s),2005-06-01,1,1,0,0,1,1,2
BOYUIBE,desnutricion global,sobrepeso (s),2005-06-01,15,14,2,8,17,22,39
BUENA VISTA,desnutricion global,sobrepeso (s),2005-06-01,48,46,19,14,67,60,127
CABEZAS,desnutricion global,sobrepeso (s),2005-06-01,31,31,11,14,42,45,87
CAIROMA,desnutricion global,sobrepeso (s),2005-06-01,22,3,1,0,23,3,26
"CAIZA ""D""",desnutricion global,sobrepeso (s),2005-06-01,4,5,2,1,6,6,12
CAJUATA,desnutricion global,sobrepeso (s),2005-06-01,17,15,5,2,22,17,39
CALACOTO,desnutricion global,sobrepeso (s),2005-06-01,1,1,0,0,1,1,2
CALAMARCA,desnutricion global,sobrepeso (s),2005-06-01,4,2,0,0,4,2,6
CAMARGO,desnutricion global,sobrepeso (s),2005-06-01,15,14,4,1,19,15,34
CAMATAQUI (C. VILLA ABECIA),desnutricion global,sobrepeso (s),2005-06-01,7,4,3,2,10,6,16
CAMIRI,desnutricion global,sobrepeso (s),2005-06-01,136,86,24,18,160,104,264
CAPINOTA,desnutricion global,sobrepeso (s),2005-06-01,16,16,2,2,18,18,36
CAQUIAVIRI,desnutricion global,sobrepeso (s),2005-06-01,8,6,0,2,8,8,16
CARACOLLO,desnutricion global,sobrepeso (s),2005-06-01,14,3,0,1,14,4,18
CARANAVI,desnutricion global,sobrepeso (s),2005-06-01,108,85,23,10,131,95,226
CARAPARI,desnutricion global,sobrepeso (s),2005-06-01,36,39,8,3,44,42,86
CARIPUYO,desnutricion global,sobrepeso (s),2005-06-01,8,2,0,0,8,2,10
CHALLAPATA,desnutricion global,sobrepeso (s),2005-06-01,5,6,2,0,7,6,13
CHAQUI,desnutricion global,sobrepeso (s),2005-06-01,6,10,1,0,7,10,17
CHARAGUA,desnutricion global,sobrepeso (s),2005-06-01,55,57,10,11,65,68,133
CHARAÑA,desnutricion global,sobrepeso (s),2005-06-01,0,0,0,1,0,1,1
CHAYANTA,desnutricion global,sobrepeso (s),2005-06-01,14,16,4,4,18,20,38
CHIMORE,desnutricion global,sobrepeso (s),2005-06-01,15,25,0,0,15,25,40
CHIPAYA,desnutricion global,sobrepeso (s),2005-06-01,2,1,0,0,2,1,3
CHULUMANI (V. DE LA LIBERTAD),desnutricion global,sobrepeso (s),2005-06-01,7,8,0,0,7,8,15
CHUMA,desnutricion global,sobrepeso (s),2005-06-01,1,3,0,0,1,3,4
CLIZA,desnutricion global,sobrepeso (s),2005-06-01,62,4,13,1,75,5,80
COBIJA,desnutricion global,sobrepeso (s),2005-06-01,213,81,10,10,223,91,314
COCHABAMBA,desnutricion global,sobrepeso (s),2005-06-01,382,280,56,45,438,325,763
COLCAPIRHUA,desnutricion global,sobrepeso (s),2005-06-01,58,45,9,5,67,50,117
"COLCHA ""K""",desnutricion global,sobrepeso (s),2005-06-01,7,13,2,4,9,17,26
COLLANA,desnutricion global,sobrepeso (s),2005-06-01,0,1,1,0,1,1,2
COLOMI,desnutricion global,sobrepeso (s),2005-06-01,24,18,1,0,25,18,43
COLPA BELGICA,desnutricion global,sobrepeso (s),2005-06-01,13,9,9,7,22,16,38
COLQUECHACA,desnutricion global,sobrepeso (s),2005-06-01,12,7,3,4,15,11,26
COLQUENCHA,desnutricion global,sobrepeso (s),2005-06-01,8,0,4,1,12,1,13
COLQUIRI,desnutricion global,sobrepeso (s),2005-06-01,19,9,2,1,21,10,31
COMARAPA,desnutricion global,sobrepeso (s),2005-06-01,67,67,14,20,81,87,168
COMBAYA,desnutricion global,sobrepeso (s),2005-06-01,0,4,0,0,0,4,4
CONCEPCION,desnutricion global,sobrepeso (s),2005-06-01,6,0,1,0,7,0,7
COPACABANA,desnutricion global,sobrepeso (s),2005-06-01,8,8,1,1,9,9,18
CORIPATA,desnutricion global,sobrepeso (s),2005-06-01,29,28,7,9,36,37,73
CORO CORO,desnutricion global,sobrepeso (s),2005-06-01,4,0,0,0,4,0,4
COROICO,desnutricion global,sobrepeso (s),2005-06-01,5,2,1,0,6,2,8
CORQUE,desnutricion global,sobrepeso (s),2005-06-01,4,4,2,1,6,5,11
COTAGAITA,desnutricion global,sobrepeso (s),2005-06-01,11,7,2,0,13,7,20
COTOCA,desnutricion global,sobrepeso (s),2005-06-01,70,52,9,7,79,59,138
CUATRO CAÑADAS,desnutricion global,sobrepeso (s),2005-06-01,42,8,9,3,51,11,62
CUCHUMUELA (V. G. VILLARROEL),desnutricion global,sobrepeso (s),2005-06-01,4,0,0,2,4,2,6
CUEVO,desnutricion global,sobrepeso (s),2005-06-01,7,6,3,0,10,6,16
CULPINA,desnutricion global,sobrepeso (s),2005-06-01,19,18,1,2,20,20,40
CURAHUARA DE CARANGAS,desnutricion global,sobrepeso (s),2005-06-01,5,2,1,0,6,2,8
DESAGUADERO,desnutricion global,sobrepeso (s),2005-06-01,1,0,1,0,2,0,2
EL ALTO,desnutricion global,sobrepeso (s),2005-06-01,514,554,128,125,642,679,1321
EL CHORO,desnutricion global,sobrepeso (s),2005-06-01,0,1,0,0,0,1,1
EL PUENTE(TJA),desnutricion global,sobrepeso (s),2005-06-01,9,6,1,1,10,7,17
EL TORNO,desnutricion global,sobrepeso (s),2005-06-01,89,57,16,9,105,66,171
EL VILLAR,desnutricion global,sobrepeso (s),2005-06-01,4,2,2,0,6,2,8
ENTRE RIOS,desnutricion global,sobrepeso (s),2005-06-01,53,42,7,4,60,46,106
ENTRE RIOS,desnutricion global,sobrepeso (s),2005-06-01,43,37,7,9,50,46,96
EUCALIPTUS,desnutricion global,sobrepeso (s),2005-06-01,4,3,3,0,7,3,10
EUREKA (SANTOS MERCADO),desnutricion global,sobrepeso (s),2005-06-01,0,0,0,1,0,1,1
EXALTACION,desnutricion global,sobrepeso (s),2005-06-01,7,6,0,0,7,6,13
FERNANDEZ ALONSO,desnutricion global,sobrepeso (s),2005-06-01,46,32,20,16,66,48,114
FILADELFIA,desnutricion global,sobrepeso (s),2005-06-01,3,3,0,0,3,3,6
GENERAL SAAVEDRA,desnutricion global,sobrepeso (s),2005-06-01,34,38,15,14,49,52,101
GRAL. J.J. PEREZ (CHARAZANI),desnutricion global,sobrepeso (s),2005-06-01,6,6,2,0,8,6,14
GUANAY,desnutricion global,sobrepeso (s),2005-06-01,17,12,4,2,21,14,35
GUAQUI,desnutricion global,sobrepeso (s),2005-06-01,4,5,1,4,5,9,14
GUAYARAMERIN,desnutricion global,sobrepeso (s),2005-06-01,106,99,6,7,112,106,218
GUTIERREZ,desnutricion global,sobrepeso (s),2005-06-01,23,23,17,5,40,28,68
HUACARETA,desnutricion global,sobrepeso (s),2005-06-01,11,10,5,3,16,13,29
HUACAYA (VILLA DE HUACAYA),desnutricion global,sobrepeso (s),2005-06-01,4,5,2,1,6,6,12
HUANUNI,desnutricion global,sobrepeso (s),2005-06-01,13,25,0,2,13,27,40
HUARACAJE,desnutricion global,sobrepeso (s),2005-06-01,4,7,3,0,7,7,14
HUAYLLAMARCA,desnutricion global,sobrepeso (s),2005-06-01,2,2,0,0,2,2,4
ICHOCA,desnutricion global,sobrepeso (s),2005-06-01,1,5,0,5,1,10,11
ICLA,desnutricion global,sobrepeso (s),2005-06-01,1,5,0,1,1,6,7
INCAHUASI,desnutricion global,sobrepeso (s),2005-06-01,30,23,1,3,31,26,57
INGAVI (HUMAITA),desnutricion global,sobrepeso (s),2005-06-01,2,5,1,0,3,5,8
INQUISIVI,desnutricion global,sobrepeso (s),2005-06-01,9,9,1,2,10,11,21
IRUPANA (VILLA DE LANZA),desnutricion global,sobrepeso (s),2005-06-01,13,7,2,4,15,11,26
IXIAMAS,desnutricion global,sobrepeso (s),2005-06-01,23,11,4,2,27,13,40
JESUS DE MACHACA,desnutricion global,sobrepeso (s),2005-06-01,6,1,0,0,6,1,7
LA ASUNTA,desnutricion global,sobrepeso (s),2005-06-01,21,20,0,1,21,21,42
LA GUARDIA,desnutricion global,sobrepeso (s),2005-06-01,94,50,22,17,116,67,183
LA PAZ,desnutricion global,sobrepeso (s),2005-06-01,670,603,258,206,928,809,1737
LAGUNILLAS,desnutricion global,sobrepeso (s),2005-06-01,23,16,7,4,30,20,50
LAJA,desnutricion global,sobrepeso (s),2005-06-01,11,17,1,2,12,19,31
LAS CARRERAS,desnutricion global,sobrepeso (s),2005-06-01,7,3,1,1,8,4,12
LICOMA PAMPA,desnutricion global,sobrepeso (s),2005-06-01,1,0,0,0,1,0,1
LLALLAGUA,desnutricion global,sobrepeso (s),2005-06-01,34,35,15,13,49,48,97
LLICA,desnutricion global,sobrepeso (s),2005-06-01,0,0,1,0,1,0,1
LORETO,desnutricion global,sobrepeso (s),2005-06-01,8,3,7,2,15,5,20
LURIBAY,desnutricion global,sobrepeso (s),2005-06-01,5,6,1,0,6,6,12
MACHACAMARCA,desnutricion global,sobrepeso (s),2005-06-01,1,6,1,0,2,6,8
MACHARETI,desnutricion global,sobrepeso (s),2005-06-01,28,31,19,18,47,49,96
MAGDALENA,desnutricion global,sobrepeso (s),2005-06-01,20,15,4,1,24,16,40
MAIRANA,desnutricion global,sobrepeso (s),2005-06-01,32,29,11,5,43,34,77
MALLA,desnutricion global,sobrepeso (s),2005-06-01,1,2,0,0,1,2,3
MAPIRI,desnutricion global,sobrepeso (s),2005-06-01,33,14,4,6,37,20,57
MECAPACA,desnutricion global,sobrepeso (s),2005-06-01,4,2,0,1,4,3,7
MINEROS,desnutricion global,sobrepeso (s),2005-06-01,53,50,21,18,74,68,142
MIZQUE,desnutricion global,sobrepeso (s),2005-06-01,8,2,3,2,11,4,15
MOCOMOCO,desnutricion global,sobrepeso (s),2005-06-01,5,6,1,0,6,6,12
MOJINETE,desnutricion global,sobrepeso (s),2005-06-01,2,0,1,0,3,0,3
MOJOCOYA,desnutricion global,sobrepeso (s),2005-06-01,8,5,1,1,9,6,15
MONTEAGUDO,desnutricion global,sobrepeso (s),2005-06-01,85,65,39,21,124,86,210
MONTERO,desnutricion global,sobrepeso (s),2005-06-01,364,320,115,109,479,429,908
MORO MORO,desnutricion global,sobrepeso (s),2005-06-01,6,2,0,0,6,2,8
MOROCHATA,desnutricion global,sobrepeso (s),2005-06-01,11,12,1,5,12,17,29
NACEBE (SANTA ROSA DEL ABUNA),desnutricion global,sobrepeso (s),2005-06-01,1,1,0,0,1,1,2
OCURI,desnutricion global,sobrepeso (s),2005-06-01,9,7,3,6,12,13,25
OKINAWA,desnutricion global,sobrepeso (s),2005-06-01,23,11,5,7,28,18,46
OMEREQUE,desnutricion global,sobrepeso (s),2005-06-01,8,4,0,0,8,4,12
ORURO,desnutricion global,sobrepeso (s),2005-06-01,238,231,52,30,290,261,551
PADCAYA,desnutricion global,sobrepeso (s),2005-06-01,47,19,17,19,64,38,102
PADILLA,desnutricion global,sobrepeso (s),2005-06-01,17,17,7,1,24,18,42
PALCA,desnutricion global,sobrepeso (s),2005-06-01,3,3,0,0,3,3,6
PALOS BLANCOS,desnutricion global,sobrepeso (s),2005-06-01,52,29,10,3,62,32,94
PAMPA AULLAGAS,desnutricion global,sobrepeso (s),2005-06-01,3,6,0,0,3,6,9
PAMPA GRANDE,desnutricion global,sobrepeso (s),2005-06-01,4,9,4,1,8,10,18
PAPEL PAMPA,desnutricion global,sobrepeso (s),2005-06-01,2,1,0,1,2,2,4
PASORAPA,desnutricion global,sobrepeso (s),2005-06-01,7,5,0,0,7,5,12
PATACAMAYA,desnutricion global,sobrepeso (s),2005-06-01,1,1,0,0,1,1,2
PAZÑA,desnutricion global,sobrepeso (s),2005-06-01,3,3,0,3,3,6,9
PELECHUCO,desnutricion global,sobrepeso (s),2005-06-01,2,4,0,0,2,4,6
POCOATA,desnutricion global,sobrepeso (s),2005-06-01,5,13,3,1,8,14,22
POCONA,desnutricion global,sobrepeso (s),2005-06-01,18,12,4,3,22,15,37
POJO (CBBA),desnutricion global,sobrepeso (s),2005-06-01,23,10,3,1,26,11,37
POOPO,desnutricion global,sobrepeso (s),2005-06-01,4,0,1,0,5,0,5
PORCO,desnutricion global,sobrepeso (s),2005-06-01,6,7,1,0,7,7,14
POROMA,desnutricion global,sobrepeso (s),2005-06-01,10,10,1,1,11,11,22
PORONGO,desnutricion global,sobrepeso (s),2005-06-01,8,6,10,2,18,8,26
PORTACHUELO,desnutricion global,sobrepeso (s),2005-06-01,73,70,23,15,96,85,181
PORVENIR,desnutricion global,sobrepeso (s),2005-06-01,1,2,1,0,2,2,4
POSTRER VALLE,desnutricion global,sobrepeso (s),2005-06-01,2,7,1,5,3,12,15
POTOSI,desnutricion global,sobrepeso (s),2005-06-01,109,75,13,6,122,81,203
PRESTO,desnutricion global,sobrepeso (s),2005-06-01,5,4,2,0,7,4,11
PUCARA,desnutricion global,sobrepeso (s),2005-06-01,3,0,1,0,4,0,4
PUCARANI,desnutricion global,sobrepeso (s),2005-06-01,16,6,3,2,19,8,27
PUERTO ACOSTA,desnutricion global,sobrepeso (s),2005-06-01,5,2,4,1,9,3,12
PUERTO CARABUCO,desnutricion global,sobrepeso (s),2005-06-01,14,18,10,10,24,28,52
PUERTO GONZALO MORENO,desnutricion global,sobrepeso (s),2005-06-01,2,6,0,0,2,6,8
PUERTO PEREZ,desnutricion global,sobrepeso (s),2005-06-01,3,1,0,0,3,1,4
PUERTO QUIJARRO,desnutricion global,sobrepeso (s),2005-06-01,15,13,1,0,16,13,29
PUERTO RICO,desnutricion global,sobrepeso (s),2005-06-01,11,10,2,0,13,10,23
PUERTO SILES,desnutricion global,sobrepeso (s),2005-06-01,2,4,0,6,2,10,12
PUERTO SUAREZ,desnutricion global,sobrepeso (s),2005-06-01,4,2,0,0,4,2,6
PUERTO VILLARROEL,desnutricion global,sobrepeso (s),2005-06-01,74,86,11,6,85,92,177
PUNA,desnutricion global,sobrepeso (s),2005-06-01,13,11,1,0,14,11,25
PUNATA,desnutricion global,sobrepeso (s),2005-06-01,6,9,2,3,8,12,20
QUILLACOLLO,desnutricion global,sobrepeso (s),2005-06-01,30,18,0,3,30,21,51
QUIME,desnutricion global,sobrepeso (s),2005-06-01,5,3,3,2,8,5,13
QUIRUSILLAS,desnutricion global,sobrepeso (s),2005-06-01,7,1,1,0,8,1,9
RAVELO,desnutricion global,sobrepeso (s),2005-06-01,9,24,2,0,11,24,35
REYES,desnutricion global,sobrepeso (s),2005-06-01,48,33,15,10,63,43,106
RIBERALTA,desnutricion global,sobrepeso (s),2005-06-01,84,32,11,5,95,37,132
RURRENABAQUE,desnutricion global,sobrepeso (s),2005-06-01,10,10,1,1,11,11,22
SABAYA,desnutricion global,sobrepeso (s),2005-06-01,2,3,0,0,2,3,5
SACABA,desnutricion global,sobrepeso (s),2005-06-01,58,83,13,9,71,92,163
SACABAMBA,desnutricion global,sobrepeso (s),2005-06-01,2,0,1,0,3,0,3
SACACA,desnutricion global,sobrepeso (s),2005-06-01,4,2,1,1,5,3,8
SAIPINA,desnutricion global,sobrepeso (s),2005-06-01,41,36,19,19,60,55,115
SALINAS DE GARCI MENDOZA,desnutricion global,sobrepeso (s),2005-06-01,13,8,5,1,18,9,27
SAMAIPATA,desnutricion global,sobrepeso (s),2005-06-01,32,15,18,5,50,20,70
SAN AGUSTIN,desnutricion global,sobrepeso (s),2005-06-01,4,0,0,0,4,0,4
SAN ANDRES,desnutricion global,sobrepeso (s),2005-06-01,13,12,3,3,16,15,31
SAN ANDRES DE MACHACA,desnutricion global,sobrepeso (s),2005-06-01,1,3,0,1,1,4,5
SAN ANTONIO DE LOMERIO,desnutricion global,sobrepeso (s),2005-06-01,1,2,1,0,2,2,4
SAN BENITO,desnutricion global,sobrepeso (s),2005-06-01,3,0,1,2,4,2,6
SAN BORJA,desnutricion global,sobrepeso (s),2005-06-01,120,119,12,10,132,129,261
SAN BUENA VENTURA,desnutricion global,sobrepeso (s),2005-06-01,8,8,3,1,11,9,20
SAN CARLOS,desnutricion global,sobrepeso (s),2005-06-01,41,47,15,8,56,55,111
SAN IGNACIO,desnutricion global,sobrepeso (s),2005-06-01,19,9,7,2,26,11,37
SAN IGNACIO DE VELASCO,desnutricion global,sobrepeso (s),2005-06-01,88,71,15,10,103,81,184
SAN JAVIER(BNI),desnutricion global,sobrepeso (s),2005-06-01,4,2,1,0,5,2,7
SAN JAVIER(STC),desnutricion global,sobrepeso (s),2005-06-01,17,7,2,0,19,7,26
SAN JOAQUIN,desnutricion global,sobrepeso (s),2005-06-01,14,7,2,0,16,7,23
SAN JUAN DE YAPACANI,desnutricion global,sobrepeso (s),2005-06-01,27,29,5,2,32,31,63
SAN JULIAN,desnutricion global,sobrepeso (s),2005-06-01,50,41,18,9,68,50,118
SAN LORENZO(PND),desnutricion global,sobrepeso (s),2005-06-01,8,13,10,4,18,17,35
SAN LORENZO(TJA),desnutricion global,sobrepeso (s),2005-06-01,35,28,23,12,58,40,98
SAN LUCAS,desnutricion global,sobrepeso (s),2005-06-01,19,19,3,1,22,20,42
SAN MATIAS,desnutricion global,sobrepeso (s),2005-06-01,19,15,2,0,21,15,36
SAN MIGUEL DE VELASCO,desnutricion global,sobrepeso (s),2005-06-01,14,9,3,1,17,10,27
SAN PABLO DE LIPEZ,desnutricion global,sobrepeso (s),2005-06-01,1,0,0,0,1,0,1
SAN PEDRO,desnutricion global,sobrepeso (s),2005-06-01,49,42,7,2,56,44,100
SAN PEDRO DE BUENA VISTA,desnutricion global,sobrepeso (s),2005-06-01,9,2,8,5,17,7,24
SAN PEDRO DE CURAHUARA,desnutricion global,sobrepeso (s),2005-06-01,10,2,0,6,10,8,18
SAN PEDRO DE QUEMES,desnutricion global,sobrepeso (s),2005-06-01,1,2,0,0,1,2,3
SAN PEDRO DE TIQUINA,desnutricion global,sobrepeso (s),2005-06-01,7,4,1,3,8,7,15
SAN PEDRO(PND),desnutricion global,sobrepeso (s),2005-06-01,0,5,2,0,2,5,7
SAN RAFAEL,desnutricion global,sobrepeso (s),2005-06-01,6,4,3,0,9,4,13
SANTA ANA,desnutricion global,sobrepeso (s),2005-06-01,65,60,8,4,73,64,137
SANTA CRUZ DE LA SIERRA,desnutricion global,sobrepeso (s),2005-06-01,1542,1076,526,407,2068,1483,3551
SANTA ROSA,desnutricion global,sobrepeso (s),2005-06-01,34,35,18,5,52,40,92
SANTA ROSA DEL SARA,desnutricion global,sobrepeso (s),2005-06-01,16,15,7,9,23,24,47
SANTIAGO DE CALLAPA,desnutricion global,sobrepeso (s),2005-06-01,4,0,0,0,4,0,4
SANTIAGO DE HUARI,desnutricion global,sobrepeso (s),2005-06-01,1,0,1,0,2,0,2
SANTIAGO DE MACHACA,desnutricion global,sobrepeso (s),2005-06-01,0,5,0,0,0,5,5
SANTIVAÑES,desnutricion global,sobrepeso (s),2005-06-01,2,3,0,1,2,4,6
SANTUARIO DE QUILLACAS,desnutricion global,sobrepeso (s),2005-06-01,2,1,0,0,2,1,3
SAPAHAQUI,desnutricion global,sobrepeso (s),2005-06-01,3,1,0,0,3,1,4
SENA,desnutricion global,sobrepeso (s),2005-06-01,4,5,1,2,5,7,12
SICA SICA (VILLA AROMA),desnutricion global,sobrepeso (s),2005-06-01,11,5,2,0,13,5,18
SICAYA,desnutricion global,sobrepeso (s),2005-06-01,1,0,0,0,1,0,1
SIPE SIPE,desnutricion global,sobrepeso (s),2005-06-01,60,54,11,5,71,59,130
SOPACHUY,desnutricion global,sobrepeso (s),2005-06-01,3,3,0,0,3,3,6
SORACACHI,desnutricion global,sobrepeso (s),2005-06-01,5,5,2,2,7,7,14
SORATA,desnutricion global,sobrepeso (s),2005-06-01,5,11,0,0,5,11,16
SUCRE,desnutricion global,sobrepeso (s),2005-06-01,246,237,57,52,303,289,592
TACACOMA,desnutricion global,sobrepeso (s),2005-06-01,10,5,1,1,11,6,17
TACOBAMBA,desnutricion global,sobrepeso (s),2005-06-01,21,10,5,3,26,13,39
TACOPAYA,desnutricion global,sobrepeso (s),2005-06-01,5,1,0,0,5,1,6
TAPACARI,desnutricion global,sobrepeso (s),2005-06-01,2,10,1,1,3,11,14
TARABUCO,desnutricion global,sobrepeso (s),2005-06-01,29,26,9,12,38,38,76
TARACO,desnutricion global,sobrepeso (s),2005-06-01,6,4,0,3,6,7,13
TARATA,desnutricion global,sobrepeso (s),2005-06-01,8,7,1,0,9,7,16
TARIJA,desnutricion global,sobrepeso (s),2005-06-01,420,361,94,76,514,437,951
TARVITA,desnutricion global,sobrepeso (s),2005-06-01,2,2,0,0,2,2,4
TEOPONTE,desnutricion global,sobrepeso (s),2005-06-01,14,12,20,13,34,25,59
TIAWANACU,desnutricion global,sobrepeso (s),2005-06-01,4,2,1,2,5,4,9
TINGUIPAYA,desnutricion global,sobrepeso (s),2005-06-01,7,4,2,3,9,7,16
TIPUANI,desnutricion global,sobrepeso (s),2005-06-01,35,15,0,0,35,15,50
TIQUIPAYA,desnutricion global,sobrepeso (s),2005-06-01,7,9,0,1,7,10,17
TIRAQUE (CBBA),desnutricion global,sobrepeso (s),2005-06-01,58,72,9,10,67,82,149
TOCO,desnutricion global,sobrepeso (s),2005-06-01,2,2,0,0,2,2,4
TODOS SANTOS,desnutricion global,sobrepeso (s),2005-06-01,1,0,0,0,1,0,1
TOLATA,desnutricion global,sobrepeso (s),2005-06-01,4,7,0,1,4,8,12
TOMAVE,desnutricion global,sobrepeso (s),2005-06-01,9,1,0,0,9,1,10
TOMINA,desnutricion global,sobrepeso (s),2005-06-01,6,11,1,3,7,14,21
TORO TORO,desnutricion global,sobrepeso (s),2005-06-01,14,13,3,6,17,19,36
TOTORA(CBBA),desnutricion global,sobrepeso (s),2005-06-01,5,9,0,1,5,10,15
TOTORA(ORR),desnutricion global,sobrepeso (s),2005-06-01,2,4,0,0,2,4,6
TRIGAL,desnutricion global,sobrepeso (s),2005-06-01,5,4,3,2,8,6,14
TRINIDAD,desnutricion global,sobrepeso (s),2005-06-01,204,176,39,18,243,194,437
TUPIZA,desnutricion global,sobrepeso (s),2005-06-01,58,50,8,19,66,69,135
TURCO,desnutricion global,sobrepeso (s),2005-06-01,3,3,0,0,3,3,6
UMALA,desnutricion global,sobrepeso (s),2005-06-01,0,1,0,0,0,1,1
UNCIA,desnutricion global,sobrepeso (s),2005-06-01,28,21,15,8,43,29,72
URIONDO (A. CONCEPCION),desnutricion global,sobrepeso (s),2005-06-01,40,25,14,11,54,36,90
UYUNI,desnutricion global,sobrepeso (s),2005-06-01,42,34,12,10,54,44,98
VACAS,desnutricion global,sobrepeso (s),2005-06-01,3,1,0,0,3,1,4
VALLEGRANDE,desnutricion global,sobrepeso (s),2005-06-01,38,27,12,8,50,35,85
VIACHA,desnutricion global,sobrepeso (s),2005-06-01,25,21,5,5,30,26,56
VILA VILA,desnutricion global,sobrepeso (s),2005-06-01,3,1,1,0,4,1,5
VILLA MONTES,desnutricion global,sobrepeso (s),2005-06-01,54,54,9,9,63,63,126
VILLA NUEVA (LOMA ALTA),desnutricion global,sobrepeso (s),2005-06-01,4,1,0,0,4,1,5
VILLA RIVERO,desnutricion global,sobrepeso (s),2005-06-01,5,6,1,0,6,6,12
VILLA SERRANO,desnutricion global,sobrepeso (s),2005-06-01,11,17,2,4,13,21,34
VILLA TUNARI,desnutricion global,sobrepeso (s),2005-06-01,62,51,7,4,69,55,124
VILLA VACA GUZMAN (MUYUPAMPA),desnutricion global,sobrepeso (s),2005-06-01,25,23,5,11,30,34,64
VILLAZON,desnutricion global,sobrepeso (s),2005-06-01,49,54,12,4,61,58,119
VINTO,desnutricion global,sobrepeso (s),2005-06-01,0,2,0,0,0,2,2
VITICHI,desnutricion global,sobrepeso (s),2005-06-01,4,5,2,0,6,5,11
WALDO BALLIVIAN,desnutricion global,sobrepeso (s),2005-06-01,4,1,1,1,5,2,7
WARNES,desnutricion global,sobrepeso (s),2005-06-01,134,112,13,19,147,131,278
YACO,desnutricion global,sobrepeso (s),2005-06-01,3,4,0,0,3,4,7
YACUIBA,desnutricion global,sobrepeso (s),2005-06-01,212,165,25,23,237,188,425
YAMPARAEZ,desnutricion global,sobrepeso (s),2005-06-01,6,11,0,4,6,15,21
YAPACANI,desnutricion global,sobrepeso (s),2005-06-01,155,164,14,16,169,180,349
YOCALLA,desnutricion global,sobrepeso (s),2005-06-01,6,1,0,0,6,1,7
YOTALA,desnutricion global,sobrepeso (s),2005-06-01,11,10,4,5,15,15,30
YUNCHARA,desnutricion global,sobrepeso (s),2005-06-01,7,8,5,3,12,11,23
ZUDAÑEZ,desnutricion global,sobrepeso (s),2005-06-01,5,7,3,0,8,7,15
ACACIO,desnutricion global,sobrepeso (s),2005-07-01,2,1,0,0,2,1,3
ACHACACHI,desnutricion global,sobrepeso (s),2005-07-01,20,19,10,6,30,25,55
ACHOCALLA,desnutricion global,sobrepeso (s),2005-07-01,2,2,0,0,2,2,4
AIQUILE,desnutricion global,sobrepeso (s),2005-07-01,11,3,1,4,12,7,19
ALALAY,desnutricion global,sobrepeso (s),2005-07-01,2,4,2,0,4,4,8
ALCALA,desnutricion global,sobrepeso (s),2005-07-01,3,3,0,0,3,3,6
ANCORAIMES,desnutricion global,sobrepeso (s),2005-07-01,6,3,3,1,9,4,13
ANTEQUERA,desnutricion global,sobrepeso (s),2005-07-01,3,0,1,1,4,1,5
ANZALDO,desnutricion global,sobrepeso (s),2005-07-01,0,0,1,0,1,0,1
APOLO,desnutricion global,sobrepeso (s),2005-07-01,15,20,3,3,18,23,41
ARAMPAMPA,desnutricion global,sobrepeso (s),2005-07-01,1,4,1,0,2,4,6
ARANI,desnutricion global,sobrepeso (s),2005-07-01,5,3,1,0,6,3,9
ARBIETO,desnutricion global,sobrepeso (s),2005-07-01,4,2,1,1,5,3,8
ARQUE,desnutricion global,sobrepeso (s),2005-07-01,2,2,1,1,3,3,6
ATOCHA,desnutricion global,sobrepeso (s),2005-07-01,14,8,11,1,25,9,34
AUCAPATA,desnutricion global,sobrepeso (s),2005-07-01,4,2,0,0,4,2,6
AYATA,desnutricion global,sobrepeso (s),2005-07-01,4,1,0,0,4,1,5
AYO AYO,desnutricion global,sobrepeso (s),2005-07-01,3,3,0,0,3,3,6
AYOPAYA (V. DE INDEPENDENCIA),desnutricion global,sobrepeso (s),2005-07-01,17,12,2,3,19,15,34
AZURDUY,desnutricion global,sobrepeso (s),2005-07-01,6,8,5,2,11,10,21
BATALLAS,desnutricion global,sobrepeso (s),2005-07-01,10,3,0,1,10,4,14
BAURES,desnutricion global,sobrepeso (s),2005-07-01,3,9,0,4,3,13,16
BELEN DE URMIRI,desnutricion global,sobrepeso (s),2005-07-01,4,0,2,2,6,2,8
BELLA FLOR,desnutricion global,sobrepeso (s),2005-07-01,4,2,0,1,4,3,7
BERMEJO,desnutricion global,sobrepeso (s),2005-07-01,14,10,2,0,16,10,26
BETANZOS,desnutricion global,sobrepeso (s),2005-07-01,29,21,1,6,30,27,57
BOLIVAR,desnutricion global,sobrepeso (s),2005-07-01,3,1,0,0,3,1,4
BOLPEBRA,desnutricion global,sobrepeso (s),2005-07-01,4,0,1,1,5,1,6
BOYUIBE,desnutricion global,sobrepeso (s),2005-07-01,7,8,10,10,17,18,35
BUENA VISTA,desnutricion global,sobrepeso (s),2005-07-01,68,28,38,22,106,50,156
CABEZAS,desnutricion global,sobrepeso (s),2005-07-01,11,14,4,3,15,17,32
CAIROMA,desnutricion global,sobrepeso (s),2005-07-01,4,4,1,1,5,5,10
"CAIZA ""D""",desnutricion global,sobrepeso (s),2005-07-01,5,5,1,1,6,6,12
CAJUATA,desnutricion global,sobrepeso (s),2005-07-01,18,20,2,3,20,23,43
CALACOTO,desnutricion global,sobrepeso (s),2005-07-01,1,0,0,0,1,0,1
CALAMARCA,desnutricion global,sobrepeso (s),2005-07-01,2,2,0,0,2,2,4
CAMARGO,desnutricion global,sobrepeso (s),2005-07-01,12,18,0,1,12,19,31
CAMATAQUI (C. VILLA ABECIA),desnutricion global,sobrepeso (s),2005-07-01,4,5,2,1,6,6,12
CAMIRI,desnutricion global,sobrepeso (s),2005-07-01,82,51,19,17,101,68,169
CAPINOTA,desnutricion global,sobrepeso (s),2005-07-01,3,5,1,0,4,5,9
CAQUIAVIRI,desnutricion global,sobrepeso (s),2005-07-01,4,11,2,2,6,13,19
CARACOLLO,desnutricion global,sobrepeso (s),2005-07-01,7,8,1,1,8,9,17
CARANAVI,desnutricion global,sobrepeso (s),2005-07-01,96,83,12,4,108,87,195
CARAPARI,desnutricion global,sobrepeso (s),2005-07-01,33,23,7,7,40,30,70
CARIPUYO,desnutricion global,sobrepeso (s),2005-07-01,2,2,0,0,2,2,4
CATACORA,desnutricion global,sobrepeso (s),2005-07-01,1,1,0,0,1,1,2
CHALLAPATA,desnutricion global,sobrepeso (s),2005-07-01,11,5,1,2,12,7,19
CHAQUI,desnutricion global,sobrepeso (s),2005-07-01,6,7,3,0,9,7,16
CHARAGUA,desnutricion global,sobrepeso (s),2005-07-01,58,63,36,22,94,85,179
CHARAÑA,desnutricion global,sobrepeso (s),2005-07-01,1,0,0,0,1,0,1
CHAYANTA,desnutricion global,sobrepeso (s),2005-07-01,7,12,1,12,8,24,32
CHIMORE,desnutricion global,sobrepeso (s),2005-07-01,11,9,1,2,12,11,23
CHIPAYA,desnutricion global,sobrepeso (s),2005-07-01,2,1,0,0,2,1,3
CHOQUE COTA,desnutricion global,sobrepeso (s),2005-07-01,0,1,0,0,0,1,1
CHULUMANI (V. DE LA LIBERTAD),desnutricion global,sobrepeso (s),2005-07-01,22,23,0,2,22,25,47
CHUMA,desnutricion global,sobrepeso (s),2005-07-01,2,3,0,0,2,3,5
CLIZA,desnutricion global,sobrepeso (s),2005-07-01,27,30,11,3,38,33,71
COBIJA,desnutricion global,sobrepeso (s),2005-07-01,59,52,5,6,64,58,122
COCHABAMBA,desnutricion global,sobrepeso (s),2005-07-01,265,251,44,49,309,300,609
COIPASA,desnutricion global,sobrepeso (s),2005-07-01,1,0,0,0,1,0,1
COLCAPIRHUA,desnutricion global,sobrepeso (s),2005-07-01,40,58,13,22,53,80,133
"COLCHA ""K""",desnutricion global,sobrepeso (s),2005-07-01,2,9,1,2,3,11,14
COLLANA,desnutricion global,sobrepeso (s),2005-07-01,1,0,0,0,1,0,1
COLOMI,desnutricion global,sobrepeso (s),2005-07-01,9,10,0,1,9,11,20
COLPA BELGICA,desnutricion global,sobrepeso (s),2005-07-01,19,5,3,4,22,9,31
COLQUECHACA,desnutricion global,sobrepeso (s),2005-07-01,8,4,1,1,9,5,14
COLQUENCHA,desnutricion global,sobrepeso (s),2005-07-01,6,1,0,0,6,1,7
COLQUIRI,desnutricion global,sobrepeso (s),2005-07-01,5,7,0,0,5,7,12
COMANCHE,desnutricion global,sobrepeso (s),2005-07-01,1,1,1,1,2,2,4
COMARAPA,desnutricion global,sobrepeso (s),2005-07-01,63,50,14,11,77,61,138
COMBAYA,desnutricion global,sobrepeso (s),2005-07-01,2,0,0,1,2,1,3
CONCEPCION,desnutricion global,sobrepeso (s),2005-07-01,1,3,0,0,1,3,4
COPACABANA,desnutricion global,sobrepeso (s),2005-07-01,11,11,5,2,16,13,29
CORIPATA,desnutricion global,sobrepeso (s),2005-07-01,21,19,5,4,26,23,49
CORO CORO,desnutricion global,sobrepeso (s),2005-07-01,3,0,1,0,4,0,4
COROICO,desnutricion global,sobrepeso (s),2005-07-01,4,1,0,1,4,2,6
CORQUE,desnutricion global,sobrepeso (s),2005-07-01,4,4,2,1,6,5,11
COTAGAITA,desnutricion global,sobrepeso (s),2005-07-01,17,10,5,0,22,10,32
COTOCA,desnutricion global,sobrepeso (s),2005-07-01,91,53,2,5,93,58,151
CUATRO CAÑADAS,desnutricion global,sobrepeso (s),2005-07-01,28,11,7,2,35,13,48
CUCHUMUELA (V. G. VILLARROEL),desnutricion global,sobrepeso (s),2005-07-01,2,2,0,0,2,2,4
CUEVO,desnutricion global,sobrepeso (s),2005-07-01,4,6,2,2,6,8,14
CULPINA,desnutricion global,sobrepeso (s),2005-07-01,13,13,1,0,14,13,27
CURAHUARA DE CARANGAS,desnutricion global,sobrepeso (s),2005-07-01,2,4,0,0,2,4,6
DESAGUADERO,desnutricion global,sobrepeso (s),2005-07-01,2,5,3,2,5,7,12
EL ALTO,desnutricion global,sobrepeso (s),2005-07-01,494,512,153,152,647,664,1311
EL PUENTE(TJA),desnutricion global,sobrepeso (s),2005-07-01,20,11,5,1,25,12,37
EL TORNO,desnutricion global,sobrepeso (s),2005-07-01,76,50,13,13,89,63,152
EL VILLAR,desnutricion global,sobrepeso (s),2005-07-01,5,1,2,0,7,1,8
ENTRE RIOS,desnutricion global,sobrepeso (s),2005-07-01,53,51,6,8,59,59,118
ENTRE RIOS,desnutricion global,sobrepeso (s),2005-07-01,41,22,8,12,49,34,83
EUCALIPTUS,desnutricion global,sobrepeso (s),2005-07-01,6,10,1,2,7,12,19
EXALTACION,desnutricion global,sobrepeso (s),2005-07-01,4,3,0,2,4,5,9
FERNANDEZ ALONSO,desnutricion global,sobrepeso (s),2005-07-01,44,36,11,24,55,60,115
FILADELFIA,desnutricion global,sobrepeso (s),2005-07-01,6,11,3,2,9,13,22
GENERAL SAAVEDRA,desnutricion global,sobrepeso (s),2005-07-01,46,42,19,9,65,51,116
GRAL. J.J. PEREZ (CHARAZANI),desnutricion global,sobrepeso (s),2005-07-01,14,15,0,1,14,16,30
GUANAY,desnutricion global,sobrepeso (s),2005-07-01,11,15,1,1,12,16,28
GUAQUI,desnutricion global,sobrepeso (s),2005-07-01,7,4,0,5,7,9,16
GUAYARAMERIN,desnutricion global,sobrepeso (s),2005-07-01,105,73,6,8,111,81,192
GUTIERREZ,desnutricion global,sobrepeso (s),2005-07-01,41,29,16,17,57,46,103
HUACARETA,desnutricion global,sobrepeso (s),2005-07-01,16,9,9,5,25,14,39
HUACAYA (VILLA DE HUACAYA),desnutricion global,sobrepeso (s),2005-07-01,7,7,1,1,8,8,16
HUACHACALLA,desnutricion global,sobrepeso (s),2005-07-01,2,1,2,0,4,1,5
HUANUNI,desnutricion global,sobrepeso (s),2005-07-01,21,27,1,1,22,28,50
HUARACAJE,desnutricion global,sobrepeso (s),2005-07-01,6,3,1,0,7,3,10
HUAYLLAMARCA,desnutricion global,sobrepeso (s),2005-07-01,1,2,0,2,1,4,5
ICHOCA,desnutricion global,sobrepeso (s),2005-07-01,1,4,0,2,1,6,7
ICLA,desnutricion global,sobrepeso (s),2005-07-01,4,7,0,0,4,7,11
INCAHUASI,desnutricion global,sobrepeso (s),2005-07-01,12,14,0,3,12,17,29
INQUISIVI,desnutricion global,sobrepeso (s),2005-07-01,26,8,3,2,29,10,39
IRUPANA (VILLA DE LANZA),desnutricion global,sobrepeso (s),2005-07-01,14,8,2,4,16,12,28
IXIAMAS,desnutricion global,sobrepeso (s),2005-07-01,22,12,5,4,27,16,43
JESUS DE MACHACA,desnutricion global,sobrepeso (s),2005-07-01,1,1,0,0,1,1,2
LA ASUNTA,desnutricion global,sobrepeso (s),2005-07-01,27,14,1,0,28,14,42
LA GUARDIA,desnutricion global,sobrepeso (s),2005-07-01,82,47,20,16,102,63,165
LA PAZ,desnutricion global,sobrepeso (s),2005-07-01,557,504,241,193,798,697,1495
LAGUNILLAS,desnutricion global,sobrepeso (s),2005-07-01,37,24,14,13,51,37,88
LAJA,desnutricion global,sobrepeso (s),2005-07-01,5,4,0,0,5,4,9
LAS CARRERAS,desnutricion global,sobrepeso (s),2005-07-01,4,3,3,0,7,3,10
LLALLAGUA,desnutricion global,sobrepeso (s),2005-07-01,43,80,26,33,69,113,182
LLICA,desnutricion global,sobrepeso (s),2005-07-01,1,1,1,0,2,1,3
LORETO,desnutricion global,sobrepeso (s),2005-07-01,6,7,1,0,7,7,14
LURIBAY,desnutricion global,sobrepeso (s),2005-07-01,7,4,2,2,9,6,15
MACHACAMARCA,desnutricion global,sobrepeso (s),2005-07-01,2,5,2,0,4,5,9
MACHARETI,desnutricion global,sobrepeso (s),2005-07-01,25,34,12,9,37,43,80
MAGDALENA,desnutricion global,sobrepeso (s),2005-07-01,13,12,3,0,16,12,28
MAIRANA,desnutricion global,sobrepeso (s),2005-07-01,24,33,7,6,31,39,70
MALLA,desnutricion global,sobrepeso (s),2005-07-01,1,2,0,0,1,2,3
MAPIRI,desnutricion global,sobrepeso (s),2005-07-01,33,21,1,1,34,22,56
MECAPACA,desnutricion global,sobrepeso (s),2005-07-01,2,3,1,1,3,4,7
MINEROS,desnutricion global,sobrepeso (s),2005-07-01,52,50,23,16,75,66,141
MIZQUE,desnutricion global,sobrepeso (s),2005-07-01,18,7,0,13,18,20,38
MOCOMOCO,desnutricion global,sobrepeso (s),2005-07-01,9,11,7,0,16,11,27
MOJINETE,desnutricion global,sobrepeso (s),2005-07-01,2,1,0,0,2,1,3
MOJOCOYA,desnutricion global,sobrepeso (s),2005-07-01,5,5,4,1,9,6,15
MONTEAGUDO,desnutricion global,sobrepeso (s),2005-07-01,82,63,18,24,100,87,187
MONTERO,desnutricion global,sobrepeso (s),2005-07-01,314,285,89,56,403,341,744
MORO MORO,desnutricion global,sobrepeso (s),2005-07-01,4,5,1,0,5,5,10
MOROCHATA,desnutricion global,sobrepeso (s),2005-07-01,7,7,6,12,13,19,32
NACEBE (SANTA ROSA DEL ABUNA),desnutricion global,sobrepeso (s),2005-07-01,1,0,0,0,1,0,1
OCURI,desnutricion global,sobrepeso (s),2005-07-01,3,6,8,5,11,11,22
OKINAWA,desnutricion global,sobrepeso (s),2005-07-01,11,8,3,0,14,8,22
OMEREQUE,desnutricion global,sobrepeso (s),2005-07-01,10,7,0,1,10,8,18
ORURO,desnutricion global,sobrepeso (s),2005-07-01,155,154,33,19,188,173,361
PADCAYA,desnutricion global,sobrepeso (s),2005-07-01,25,7,6,10,31,17,48
PADILLA,desnutricion global,sobrepeso (s),2005-07-01,19,12,3,0,22,12,34
PALCA,desnutricion global,sobrepeso (s),2005-07-01,12,11,5,2,17,13,30
PALOS BLANCOS,desnutricion global,sobrepeso (s),2005-07-01,48,21,10,5,58,26,84
PAMPA AULLAGAS,desnutricion global,sobrepeso (s),2005-07-01,2,6,0,0,2,6,8
PAMPA GRANDE,desnutricion global,sobrepeso (s),2005-07-01,6,14,5,2,11,16,27
PAPEL PAMPA,desnutricion global,sobrepeso (s),2005-07-01,1,4,1,0,2,4,6
PASORAPA,desnutricion global,sobrepeso (s),2005-07-01,1,3,0,0,1,3,4
PATACAMAYA,desnutricion global,sobrepeso (s),2005-07-01,10,3,0,0,10,3,13
PAZÑA,desnutricion global,sobrepeso (s),2005-07-01,2,3,2,1,4,4,8
PELECHUCO,desnutricion global,sobrepeso (s),2005-07-01,4,2,1,2,5,4,9
POCOATA,desnutricion global,sobrepeso (s),2005-07-01,6,2,3,2,9,4,13
POCONA,desnutricion global,sobrepeso (s),2005-07-01,4,4,1,0,5,4,9
POJO (CBBA),desnutricion global,sobrepeso (s),2005-07-01,30,23,4,4,34,27,61
POOPO,desnutricion global,sobrepeso (s),2005-07-01,2,1,1,0,3,1,4
PORCO,desnutricion global,sobrepeso (s),2005-07-01,3,4,1,1,4,5,9
POROMA,desnutricion global,sobrepeso (s),2005-07-01,18,16,1,3,19,19,38
PORONGO,desnutricion global,sobrepeso (s),2005-07-01,12,5,2,0,14,5,19
PORTACHUELO,desnutricion global,sobrepeso (s),2005-07-01,79,64,25,20,104,84,188
PORVENIR,desnutricion global,sobrepeso (s),2005-07-01,4,4,2,0,6,4,10
POSTRER VALLE,desnutricion global,sobrepeso (s),2005-07-01,1,2,2,1,3,3,6
POTOSI,desnutricion global,sobrepeso (s),2005-07-01,98,80,7,10,105,90,195
PRESTO,desnutricion global,sobrepeso (s),2005-07-01,3,5,1,4,4,9,13
PUCARA,desnutricion global,sobrepeso (s),2005-07-01,1,0,2,0,3,0,3
PUCARANI,desnutricion global,sobrepeso (s),2005-07-01,22,22,3,14,25,36,61
PUERTO ACOSTA,desnutricion global,sobrepeso (s),2005-07-01,1,4,0,3,1,7,8
PUERTO CARABUCO,desnutricion global,sobrepeso (s),2005-07-01,20,17,7,3,27,20,47
PUERTO GONZALO MORENO,desnutricion global,sobrepeso (s),2005-07-01,6,0,0,0,6,0,6
PUERTO PEREZ,desnutricion global,sobrepeso (s),2005-07-01,3,3,0,2,3,5,8
PUERTO RICO,desnutricion global,sobrepeso (s),2005-07-01,10,13,3,1,13,14,27
PUERTO SILES,desnutricion global,sobrepeso (s),2005-07-01,2,0,0,0,2,0,2
PUERTO VILLARROEL,desnutricion global,sobrepeso (s),2005-07-01,100,65,16,5,116,70,186
PUNA,desnutricion global,sobrepeso (s),2005-07-01,13,10,4,0,17,10,27
PUNATA,desnutricion global,sobrepeso (s),2005-07-01,7,6,3,3,10,9,19
QUILLACOLLO,desnutricion global,sobrepeso (s),2005-07-01,40,25,2,4,42,29,71
QUIME,desnutricion global,sobrepeso (s),2005-07-01,7,6,3,1,10,7,17
QUIRUSILLAS,desnutricion global,sobrepeso (s),2005-07-01,5,2,1,0,6,2,8
RAVELO,desnutricion global,sobrepeso (s),2005-07-01,3,6,1,0,4,6,10
REYES,desnutricion global,sobrepeso (s),2005-07-01,39,34,3,7,42,41,83
RIBERALTA,desnutricion global,sobrepeso (s),2005-07-01,65,29,9,4,74,33,107
RURRENABAQUE,desnutricion global,sobrepeso (s),2005-07-01,9,13,0,0,9,13,22
SABAYA,desnutricion global,sobrepeso (s),2005-07-01,4,2,0,0,4,2,6
SACABA,desnutricion global,sobrepeso (s),2005-07-01,83,62,7,6,90,68,158
SACABAMBA,desnutricion global,sobrepeso (s),2005-07-01,1,0,1,1,2,1,3
SACACA,desnutricion global,sobrepeso (s),2005-07-01,5,1,1,0,6,1,7
SAIPINA,desnutricion global,sobrepeso (s),2005-07-01,34,32,19,18,53,50,103
SALINAS DE GARCI MENDOZA,desnutricion global,sobrepeso (s),2005-07-01,5,9,4,2,9,11,20
SAMAIPATA,desnutricion global,sobrepeso (s),2005-07-01,21,11,6,4,27,15,42
SAN AGUSTIN,desnutricion global,sobrepeso (s),2005-07-01,1,0,0,0,1,0,1
SAN ANDRES,desnutricion global,sobrepeso (s),2005-07-01,17,11,6,10,23,21,44
SAN ANDRES DE MACHACA,desnutricion global,sobrepeso (s),2005-07-01,3,2,2,2,5,4,9
SAN ANTONIO DE ESMORUCO,desnutricion global,sobrepeso (s),2005-07-01,1,0,0,0,1,0,1
SAN ANTONIO DE LOMERIO,desnutricion global,sobrepeso (s),2005-07-01,13,12,1,1,14,13,27
SAN BENITO,desnutricion global,sobrepeso (s),2005-07-01,5,5,0,0,5,5,10
SAN BORJA,desnutricion global,sobrepeso (s),2005-07-01,75,70,13,8,88,78,166
SAN BUENA VENTURA,desnutricion global,sobrepeso (s),2005-07-01,8,5,3,1,11,6,17
SAN CARLOS,desnutricion global,sobrepeso (s),2005-07-01,17,9,5,10,22,19,41
SAN IGNACIO,desnutricion global,sobrepeso (s),2005-07-01,36,18,10,10,46,28,74
SAN IGNACIO DE VELASCO,desnutricion global,sobrepeso (s),2005-07-01,97,75,12,11,109,86,195
SAN JAVIER(BNI),desnutricion global,sobrepeso (s),2005-07-01,5,12,0,0,5,12,17
SAN JAVIER(STC),desnutricion global,sobrepeso (s),2005-07-01,17,5,4,0,21,5,26
SAN JOAQUIN,desnutricion global,sobrepeso (s),2005-07-01,21,4,3,1,24,5,29
SAN JUAN DE YAPACANI,desnutricion global,sobrepeso (s),2005-07-01,28,19,1,2,29,21,50
SAN JULIAN,desnutricion global,sobrepeso (s),2005-07-01,67,59,39,20,106,79,185
SAN LORENZO(PND),desnutricion global,sobrepeso (s),2005-07-01,13,7,6,2,19,9,28
SAN LORENZO(TJA),desnutricion global,sobrepeso (s),2005-07-01,31,9,4,8,35,17,52
SAN LUCAS,desnutricion global,sobrepeso (s),2005-07-01,19,29,1,2,20,31,51
SAN MIGUEL DE VELASCO,desnutricion global,sobrepeso (s),2005-07-01,18,17,4,2,22,19,41
SAN PEDRO,desnutricion global,sobrepeso (s),2005-07-01,46,49,14,6,60,55,115
SAN PEDRO DE BUENA VISTA,desnutricion global,sobrepeso (s),2005-07-01,9,11,2,2,11,13,24
SAN PEDRO DE CURAHUARA,desnutricion global,sobrepeso (s),2005-07-01,7,4,4,6,11,10,21
SAN PEDRO DE TIQUINA,desnutricion global,sobrepeso (s),2005-07-01,15,6,2,4,17,10,27
SAN PEDRO(PND),desnutricion global,sobrepeso (s),2005-07-01,0,0,2,0,2,0,2
SAN RAFAEL,desnutricion global,sobrepeso (s),2005-07-01,2,3,3,1,5,4,9
SAN RAMON,desnutricion global,sobrepeso (s),2005-07-01,17,11,6,0,23,11,34
SANTA ANA,desnutricion global,sobrepeso (s),2005-07-01,31,36,13,10,44,46,90
SANTA CRUZ DE LA SIERRA,desnutricion global,sobrepeso (s),2005-07-01,1097,939,331,267,1428,1206,2634
SANTA ROSA,desnutricion global,sobrepeso (s),2005-07-01,35,27,14,15,49,42,91
SANTA ROSA DEL SARA,desnutricion global,sobrepeso (s),2005-07-01,18,10,5,9,23,19,42
SANTIAGO DE CALLAPA,desnutricion global,sobrepeso (s),2005-07-01,3,4,0,1,3,5,8
SANTIAGO DE HUARI,desnutricion global,sobrepeso (s),2005-07-01,3,0,1,0,4,0,4
SANTIAGO DE MACHACA,desnutricion global,sobrepeso (s),2005-07-01,1,1,1,0,2,1,3
SANTIVAÑES,desnutricion global,sobrepeso (s),2005-07-01,2,0,0,0,2,0,2
SANTUARIO DE QUILLACAS,desnutricion global,sobrepeso (s),2005-07-01,1,2,0,0,1,2,3
SAPAHAQUI,desnutricion global,sobrepeso (s),2005-07-01,8,8,3,1,11,9,20
SENA,desnutricion global,sobrepeso (s),2005-07-01,11,4,3,1,14,5,19
SICA SICA (VILLA AROMA),desnutricion global,sobrepeso (s),2005-07-01,7,6,2,2,9,8,17
SICAYA,desnutricion global,sobrepeso (s),2005-07-01,4,1,1,0,5,1,6
SIPE SIPE,desnutricion global,sobrepeso (s),2005-07-01,61,67,12,9,73,76,149
SOPACHUY,desnutricion global,sobrepeso (s),2005-07-01,4,2,1,0,5,2,7
SORACACHI,desnutricion global,sobrepeso (s),2005-07-01,9,10,1,0,10,10,20
SORATA,desnutricion global,sobrepeso (s),2005-07-01,15,6,2,3,17,9,26
SUCRE,desnutricion global,sobrepeso (s),2005-07-01,185,174,34,43,219,217,436
TACACOMA,desnutricion global,sobrepeso (s),2005-07-01,10,4,1,1,11,5,16
TACOBAMBA,desnutricion global,sobrepeso (s),2005-07-01,2,2,1,2,3,4,7
TAHUA,desnutricion global,sobrepeso (s),2005-07-01,0,1,0,0,0,1,1
TAPACARI,desnutricion global,sobrepeso (s),2005-07-01,8,6,0,1,8,7,15
TARABUCO,desnutricion global,sobrepeso (s),2005-07-01,10,19,3,2,13,21,34
TARACO,desnutricion global,sobrepeso (s),2005-07-01,2,2,0,0,2,2,4
TARATA,desnutricion global,sobrepeso (s),2005-07-01,7,3,1,1,8,4,12
TARIJA,desnutricion global,sobrepeso (s),2005-07-01,664,286,73,78,737,364,1101
TARVITA,desnutricion global,sobrepeso (s),2005-07-01,8,7,3,0,11,7,18
TEOPONTE,desnutricion global,sobrepeso (s),2005-07-01,18,14,6,2,24,16,40
TIAWANACU,desnutricion global,sobrepeso (s),2005-07-01,5,5,1,0,6,5,11
TINGUIPAYA,desnutricion global,sobrepeso (s),2005-07-01,7,4,3,0,10,4,14
TIPUANI,desnutricion global,sobrepeso (s),2005-07-01,16,16,2,0,18,16,34
TIQUIPAYA,desnutricion global,sobrepeso (s),2005-07-01,20,25,6,2,26,27,53
TIRAQUE (CBBA),desnutricion global,sobrepeso (s),2005-07-01,48,56,8,7,56,63,119
TITO YUPANQUI (PARQUIPUJIO),desnutricion global,sobrepeso (s),2005-07-01,1,1,0,0,1,1,2
TOCO,desnutricion global,sobrepeso (s),2005-07-01,0,3,1,3,1,6,7
TOLATA,desnutricion global,sobrepeso (s),2005-07-01,5,4,0,1,5,5,10
TOLEDO,desnutricion global,sobrepeso (s),2005-07-01,2,3,0,2,2,5,7
TOMAVE,desnutricion global,sobrepeso (s),2005-07-01,13,2,5,0,18,2,20
TOMINA,desnutricion global,sobrepeso (s),2005-07-01,6,9,0,2,6,11,17
TORO TORO,desnutricion global,sobrepeso (s),2005-07-01,8,5,0,2,8,7,15
TOTORA(CBBA),desnutricion global,sobrepeso (s),2005-07-01,6,6,0,0,6,6,12
TOTORA(ORR),desnutricion global,sobrepeso (s),2005-07-01,0,1,0,0,0,1,1
TRIGAL,desnutricion global,sobrepeso (s),2005-07-01,6,2,1,1,7,3,10
TRINIDAD,desnutricion global,sobrepeso (s),2005-07-01,164,107,40,38,204,145,349
TUPIZA,desnutricion global,sobrepeso (s),2005-07-01,46,50,14,7,60,57,117
TURCO,desnutricion global,sobrepeso (s),2005-07-01,0,3,2,0,2,3,5
UMALA,desnutricion global,sobrepeso (s),2005-07-01,1,0,0,1,1,1,2
UNCIA,desnutricion global,sobrepeso (s),2005-07-01,6,11,0,0,6,11,17
URIONDO (A. CONCEPCION),desnutricion global,sobrepeso (s),2005-07-01,47,26,14,13,61,39,100
UYUNI,desnutricion global,sobrepeso (s),2005-07-01,8,5,10,7,18,12,30
VACAS,desnutricion global,sobrepeso (s),2005-07-01,3,3,0,0,3,3,6
VALLEGRANDE,desnutricion global,sobrepeso (s),2005-07-01,21,25,15,16,36,41,77
VIACHA,desnutricion global,sobrepeso (s),2005-07-01,36,18,2,3,38,21,59
VILA VILA,desnutricion global,sobrepeso (s),2005-07-01,3,0,0,1,3,1,4
VILLA MONTES,desnutricion global,sobrepeso (s),2005-07-01,37,35,8,6,45,41,86
VILLA NUEVA (LOMA ALTA),desnutricion global,sobrepeso (s),2005-07-01,1,0,0,0,1,0,1
VILLA RIVERO,desnutricion global,sobrepeso (s),2005-07-01,5,6,0,0,5,6,11
VILLA SERRANO,desnutricion global,sobrepeso (s),2005-07-01,21,17,7,2,28,19,47
VILLA TUNARI,desnutricion global,sobrepeso (s),2005-07-01,43,35,7,7,50,42,92
VILLA VACA GUZMAN (MUYUPAMPA),desnutricion global,sobrepeso (s),2005-07-01,20,26,4,4,24,30,54
VILLAZON,desnutricion global,sobrepeso (s),2005-07-01,42,42,11,10,53,52,105
VINTO,desnutricion global,sobrepeso (s),2005-07-01,2,6,1,0,3,6,9
VITICHI,desnutricion global,sobrepeso (s),2005-07-01,6,5,1,0,7,5,12
WALDO BALLIVIAN,desnutricion global,sobrepeso (s),2005-07-01,0,2,2,0,2,2,4
WARNES,desnutricion global,sobrepeso (s),2005-07-01,78,53,17,9,95,62,157
YACO,desnutricion global,sobrepeso (s),2005-07-01,4,2,1,0,5,2,7
YACUIBA,desnutricion global,sobrepeso (s),2005-07-01,255,131,19,22,274,153,427
YAMPARAEZ,desnutricion global,sobrepeso (s),2005-07-01,5,13,2,5,7,18,25
YANACACHI,desnutricion global,sobrepeso (s),2005-07-01,2,0,0,0,2,0,2
YAPACANI,desnutricion global,sobrepeso (s),2005-07-01,116,155,13,15,129,170,299
YOCALLA,desnutricion global,sobrepeso (s),2005-07-01,2,0,1,0,3,0,3
YOTALA,desnutricion global,sobrepeso (s),2005-07-01,10,11,3,8,13,19,32
YUNCHARA,desnutricion global,sobrepeso (s),2005-07-01,9,7,1,0,10,7,17
ZUDAÑEZ,desnutricion global,sobrepeso (s),2005-07-01,6,7,3,0,9,7,16
ACACIO,desnutricion global,sobrepeso (s),2005-08-01,2,0,0,0,2,0,2
ACHACACHI,desnutricion global,sobrepeso (s),2005-08-01,24,27,14,6,38,33,71
ACHOCALLA,desnutricion global,sobrepeso (s),2005-08-01,8,4,0,0,8,4,12
AIQUILE,desnutricion global,sobrepeso (s),2005-08-01,12,12,5,1,17,13,30
ALALAY,desnutricion global,sobrepeso (s),2005-08-01,1,0,0,0,1,0,1
ALCALA,desnutricion global,sobrepeso (s),2005-08-01,3,6,0,1,3,7,10
ANCORAIMES,desnutricion global,sobrepeso (s),2005-08-01,4,2,1,7,5,9,14
ANTEQUERA,desnutricion global,sobrepeso (s),2005-08-01,1,2,1,0,2,2,4
ANZALDO,desnutricion global,sobrepeso (s),2005-08-01,0,0,2,1,2,1,3
APOLO,desnutricion global,sobrepeso (s),2005-08-01,21,14,3,0,24,14,38
ARAMPAMPA,desnutricion global,sobrepeso (s),2005-08-01,3,5,2,3,5,8,13
ARANI,desnutricion global,sobrepeso (s),2005-08-01,2,4,0,1,2,5,7
ARBIETO,desnutricion global,sobrepeso (s),2005-08-01,0,1,0,0,0,1,1
ARQUE,desnutricion global,sobrepeso (s),2005-08-01,2,3,0,0,2,3,5
ATOCHA,desnutricion global,sobrepeso (s),2005-08-01,16,3,5,8,21,11,32
AUCAPATA,desnutricion global,sobrepeso (s),2005-08-01,4,1,0,0,4,1,5
AYATA,desnutricion global,sobrepeso (s),2005-08-01,4,1,0,0,4,1,5
AYO AYO,desnutricion global,sobrepeso (s),2005-08-01,7,6,1,1,8,7,15
AYOPAYA (V. DE INDEPENDENCIA),desnutricion global,sobrepeso (s),2005-08-01,24,17,5,2,29,19,48
AZURDUY,desnutricion global,sobrepeso (s),2005-08-01,10,6,3,0,13,6,19
BATALLAS,desnutricion global,sobrepeso (s),2005-08-01,9,1,2,0,11,1,12
BAURES,desnutricion global,sobrepeso (s),2005-08-01,7,8,0,1,7,9,16
BELEN DE URMIRI,desnutricion global,sobrepeso (s),2005-08-01,9,6,1,0,10,6,16
BELLA FLOR,desnutricion global,sobrepeso (s),2005-08-01,2,3,0,0,2,3,5
BERMEJO,desnutricion global,sobrepeso (s),2005-08-01,27,11,2,2,29,13,42
BETANZOS,desnutricion global,sobrepeso (s),2005-08-01,27,26,1,4,28,30,58
BOLIVAR,desnutricion global,sobrepeso (s),2005-08-01,0,3,0,1,0,4,4
BOLPEBRA,desnutricion global,sobrepeso (s),2005-08-01,1,0,0,0,1,0,1
BOYUIBE,desnutricion global,sobrepeso (s),2005-08-01,7,7,6,7,13,14,27
BUENA VISTA,desnutricion global,sobrepeso (s),2005-08-01,74,40,36,36,110,76,186
CABEZAS,desnutricion global,sobrepeso (s),2005-08-01,27,29,3,13,30,42,72
CAIROMA,desnutricion global,sobrepeso (s),2005-08-01,7,7,1,0,8,7,15
"CAIZA ""D""",desnutricion global,sobrepeso (s),2005-08-01,6,4,1,0,7,4,11
CAJUATA,desnutricion global,sobrepeso (s),2005-08-01,14,4,5,2,19,6,25
CALACOTO,desnutricion global,sobrepeso (s),2005-08-01,1,0,0,0,1,0,1
CALAMARCA,desnutricion global,sobrepeso (s),2005-08-01,3,1,1,0,4,1,5
CAMARGO,desnutricion global,sobrepeso (s),2005-08-01,13,9,13,6,26,15,41
CAMATAQUI (C. VILLA ABECIA),desnutricion global,sobrepeso (s),2005-08-01,3,2,0,1,3,3,6
CAMIRI,desnutricion global,sobrepeso (s),2005-08-01,99,57,25,25,124,82,206
CAPINOTA,desnutricion global,sobrepeso (s),2005-08-01,4,4,0,0,4,4,8
CAQUIAVIRI,desnutricion global,sobrepeso (s),2005-08-01,9,7,5,2,14,9,23
CARACOLLO,desnutricion global,sobrepeso (s),2005-08-01,9,6,3,0,12,6,18
CARANAVI,desnutricion global,sobrepeso (s),2005-08-01,144,86,16,20,160,106,266
CARAPARI,desnutricion global,sobrepeso (s),2005-08-01,34,16,11,5,45,21,66
CARIPUYO,desnutricion global,sobrepeso (s),2005-08-01,5,5,2,1,7,6,13
CHALLAPATA,desnutricion global,sobrepeso (s),2005-08-01,16,16,19,0,35,16,51
CHAQUI,desnutricion global,sobrepeso (s),2005-08-01,6,7,1,1,7,8,15
CHARAGUA,desnutricion global,sobrepeso (s),2005-08-01,66,60,16,18,82,78,160
CHARAÑA,desnutricion global,sobrepeso (s),2005-08-01,1,2,0,0,1,2,3
CHAYANTA,desnutricion global,sobrepeso (s),2005-08-01,17,14,2,5,19,19,38
CHIMORE,desnutricion global,sobrepeso (s),2005-08-01,11,15,3,1,14,16,30
CHIPAYA,desnutricion global,sobrepeso (s),2005-08-01,4,1,0,0,4,1,5
CHULUMANI (V. DE LA LIBERTAD),desnutricion global,sobrepeso (s),2005-08-01,13,4,0,1,13,5,18
CHUMA,desnutricion global,sobrepeso (s),2005-08-01,1,3,0,0,1,3,4
CLIZA,desnutricion global,sobrepeso (s),2005-08-01,42,37,7,3,49,40,89
COBIJA,desnutricion global,sobrepeso (s),2005-08-01,98,85,4,6,102,91,193
COCHABAMBA,desnutricion global,sobrepeso (s),2005-08-01,351,292,57,70,408,362,770
COIPASA,desnutricion global,sobrepeso (s),2005-08-01,0,0,0,1,0,1,1
COLCAPIRHUA,desnutricion global,sobrepeso (s),2005-08-01,57,38,15,4,72,42,114
"COLCHA ""K""",desnutricion global,sobrepeso (s),2005-08-01,7,10,0,2,7,12,19
COLLANA,desnutricion global,sobrepeso (s),2005-08-01,3,0,0,0,3,0,3
COLOMI,desnutricion global,sobrepeso (s),2005-08-01,12,9,1,2,13,11,24
COLPA BELGICA,desnutricion global,sobrepeso (s),2005-08-01,15,11,1,2,16,13,29
COLQUECHACA,desnutricion global,sobrepeso (s),2005-08-01,0,2,1,1,1,3,4
COLQUENCHA,desnutricion global,sobrepeso (s),2005-08-01,2,0,1,0,3,0,3
COLQUIRI,desnutricion global,sobrepeso (s),2005-08-01,6,10,1,2,7,12,19
COMANCHE,desnutricion global,sobrepeso (s),2005-08-01,1,1,0,0,1,1,2
COMARAPA,desnutricion global,sobrepeso (s),2005-08-01,74,63,27,33,101,96,197
COMBAYA,desnutricion global,sobrepeso (s),2005-08-01,1,2,0,0,1,2,3
CONCEPCION,desnutricion global,sobrepeso (s),2005-08-01,3,6,1,2,4,8,12
COPACABANA,desnutricion global,sobrepeso (s),2005-08-01,6,6,0,2,6,8,14
CORIPATA,desnutricion global,sobrepeso (s),2005-08-01,14,13,3,2,17,15,32
CORO CORO,desnutricion global,sobrepeso (s),2005-08-01,5,1,0,1,5,2,7
COROICO,desnutricion global,sobrepeso (s),2005-08-01,3,0,0,0,3,0,3
CORQUE,desnutricion global,sobrepeso (s),2005-08-01,6,3,3,0,9,3,12
COTAGAITA,desnutricion global,sobrepeso (s),2005-08-01,14,14,1,2,15,16,31
COTOCA,desnutricion global,sobrepeso (s),2005-08-01,104,59,13,3,117,62,179
CUATRO CAÑADAS,desnutricion global,sobrepeso (s),2005-08-01,33,13,8,5,41,18,59
CUCHUMUELA (V. G. VILLARROEL),desnutricion global,sobrepeso (s),2005-08-01,1,0,0,0,1,0,1
CUEVO,desnutricion global,sobrepeso (s),2005-08-01,6,8,0,0,6,8,14
CULPINA,desnutricion global,sobrepeso (s),2005-08-01,16,15,5,3,21,18,39
CURAHUARA DE CARANGAS,desnutricion global,sobrepeso (s),2005-08-01,0,3,0,1,0,4,4
CURVA,desnutricion global,sobrepeso (s),2005-08-01,0,1,0,0,0,1,1
DESAGUADERO,desnutricion global,sobrepeso (s),2005-08-01,3,6,3,8,6,14,20
EL ALTO,desnutricion global,sobrepeso (s),2005-08-01,574,609,183,183,757,792,1549
EL CHORO,desnutricion global,sobrepeso (s),2005-08-01,1,2,0,0,1,2,3
EL PUENTE(TJA),desnutricion global,sobrepeso (s),2005-08-01,6,6,1,2,7,8,15
EL TORNO,desnutricion global,sobrepeso (s),2005-08-01,85,60,12,8,97,68,165
EL VILLAR,desnutricion global,sobrepeso (s),2005-08-01,7,12,3,0,10,12,22
ENTRE RIOS,desnutricion global,sobrepeso (s),2005-08-01,39,36,10,6,49,42,91
ENTRE RIOS,desnutricion global,sobrepeso (s),2005-08-01,29,26,12,11,41,37,78
EUCALIPTUS,desnutricion global,sobrepeso (s),2005-08-01,15,2,2,0,17,2,19
EUREKA (SANTOS MERCADO),desnutricion global,sobrepeso (s),2005-08-01,0,1,0,0,0,1,1
EXALTACION,desnutricion global,sobrepeso (s),2005-08-01,10,7,0,2,10,9,19
FERNANDEZ ALONSO,desnutricion global,sobrepeso (s),2005-08-01,34,19,13,14,47,33,80
FILADELFIA,desnutricion global,sobrepeso (s),2005-08-01,2,5,0,0,2,5,7
GENERAL SAAVEDRA,desnutricion global,sobrepeso (s),2005-08-01,43,37,10,8,53,45,98
GRAL. J.J. PEREZ (CHARAZANI),desnutricion global,sobrepeso (s),2005-08-01,8,12,0,1,8,13,21
GUANAY,desnutricion global,sobrepeso (s),2005-08-01,24,12,1,4,25,16,41
GUAQUI,desnutricion global,sobrepeso (s),2005-08-01,4,7,2,2,6,9,15
GUAYARAMERIN,desnutricion global,sobrepeso (s),2005-08-01,130,116,14,10,144,126,270
GUTIERREZ,desnutricion global,sobrepeso (s),2005-08-01,46,16,9,8,55,24,79
HUACARETA,desnutricion global,sobrepeso (s),2005-08-01,19,15,9,8,28,23,51
HUACAYA (VILLA DE HUACAYA),desnutricion global,sobrepeso (s),2005-08-01,3,5,3,0,6,5,11
HUACHACALLA,desnutricion global,sobrepeso (s),2005-08-01,1,3,1,0,2,3,5
HUANUNI,desnutricion global,sobrepeso (s),2005-08-01,20,22,1,0,21,22,43
HUARACAJE,desnutricion global,sobrepeso (s),2005-08-01,5,7,2,1,7,8,15
HUAYLLAMARCA,desnutricion global,sobrepeso (s),2005-08-01,2,4,0,0,2,4,6
ICHOCA,desnutricion global,sobrepeso (s),2005-08-01,3,1,1,3,4,4,8
ICLA,desnutricion global,sobrepeso (s),2005-08-01,0,3,0,0,0,3,3
INCAHUASI,desnutricion global,sobrepeso (s),2005-08-01,21,18,3,6,24,24,48
INGAVI (HUMAITA),desnutricion global,sobrepeso (s),2005-08-01,5,5,1,1,6,6,12
INQUISIVI,desnutricion global,sobrepeso (s),2005-08-01,17,17,1,2,18,19,37
IRUPANA (VILLA DE LANZA),desnutricion global,sobrepeso (s),2005-08-01,10,2,3,2,13,4,17
IXIAMAS,desnutricion global,sobrepeso (s),2005-08-01,20,12,6,1,26,13,39
JESUS DE MACHACA,desnutricion global,sobrepeso (s),2005-08-01,3,3,1,1,4,4,8
LA ASUNTA,desnutricion global,sobrepeso (s),2005-08-01,16,11,0,0,16,11,27
LA GUARDIA,desnutricion global,sobrepeso (s),2005-08-01,53,30,19,13,72,43,115
LA PAZ,desnutricion global,sobrepeso (s),2005-08-01,687,603,241,247,928,850,1778
LAGUNILLAS,desnutricion global,sobrepeso (s),2005-08-01,21,16,10,5,31,21,52
LAJA,desnutricion global,sobrepeso (s),2005-08-01,10,12,5,5,15,17,32
LAS CARRERAS,desnutricion global,sobrepeso (s),2005-08-01,3,2,2,1,5,3,8
LLALLAGUA,desnutricion global,sobrepeso (s),2005-08-01,51,84,49,44,100,128,228
LLICA,desnutricion global,sobrepeso (s),2005-08-01,0,3,1,0,1,3,4
LORETO,desnutricion global,sobrepeso (s),2005-08-01,20,5,4,2,24,7,31
LURIBAY,desnutricion global,sobrepeso (s),2005-08-01,7,3,2,1,9,4,13
MACHACAMARCA,desnutricion global,sobrepeso (s),2005-08-01,2,10,2,2,4,12,16
MACHARETI,desnutricion global,sobrepeso (s),2005-08-01,26,25,15,16,41,41,82
MAGDALENA,desnutricion global,sobrepeso (s),2005-08-01,17,5,2,3,19,8,27
MAIRANA,desnutricion global,sobrepeso (s),2005-08-01,26,27,9,4,35,31,66
MALLA,desnutricion global,sobrepeso (s),2005-08-01,1,4,0,0,1,4,5
MAPIRI,desnutricion global,sobrepeso (s),2005-08-01,16,15,0,0,16,15,31
MECAPACA,desnutricion global,sobrepeso (s),2005-08-01,8,6,0,0,8,6,14
MINEROS,desnutricion global,sobrepeso (s),2005-08-01,45,46,26,17,71,63,134
MIZQUE,desnutricion global,sobrepeso (s),2005-08-01,21,21,4,2,25,23,48
MOCOMOCO,desnutricion global,sobrepeso (s),2005-08-01,4,7,0,0,4,7,11
MOJINETE,desnutricion global,sobrepeso (s),2005-08-01,3,1,1,0,4,1,5
MOJOCOYA,desnutricion global,sobrepeso (s),2005-08-01,4,4,4,2,8,6,14
MONTEAGUDO,desnutricion global,sobrepeso (s),2005-08-01,102,66,17,10,119,76,195
MONTERO,desnutricion global,sobrepeso (s),2005-08-01,357,265,101,75,458,340,798
MORO MORO,desnutricion global,sobrepeso (s),2005-08-01,10,6,2,0,12,6,18
MOROCHATA,desnutricion global,sobrepeso (s),2005-08-01,16,20,2,6,18,26,44
NACEBE (SANTA ROSA DEL ABUNA),desnutricion global,sobrepeso (s),2005-08-01,0,2,0,0,0,2,2
NUEVO MANOA (NUEVA ESPERANZA),desnutricion global,sobrepeso (s),2005-08-01,4,2,4,3,8,5,13
OCURI,desnutricion global,sobrepeso (s),2005-08-01,4,7,2,1,6,8,14
OKINAWA,desnutricion global,sobrepeso (s),2005-08-01,3,7,2,0,5,7,12
OMEREQUE,desnutricion global,sobrepeso (s),2005-08-01,13,7,1,0,14,7,21
ORURO,desnutricion global,sobrepeso (s),2005-08-01,209,207,50,29,259,236,495
PADCAYA,desnutricion global,sobrepeso (s),2005-08-01,22,17,15,15,37,32,69
PADILLA,desnutricion global,sobrepeso (s),2005-08-01,19,26,12,2,31,28,59
PALCA,desnutricion global,sobrepeso (s),2005-08-01,7,11,4,4,11,15,26
PALOS BLANCOS,desnutricion global,sobrepeso (s),2005-08-01,48,36,4,4,52,40,92
PAMPA AULLAGAS,desnutricion global,sobrepeso (s),2005-08-01,0,4,0,1,0,5,5
PAMPA GRANDE,desnutricion global,sobrepeso (s),2005-08-01,11,14,3,3,14,17,31
PAPEL PAMPA,desnutricion global,sobrepeso (s),2005-08-01,1,2,1,0,2,2,4
PASORAPA,desnutricion global,sobrepeso (s),2005-08-01,2,3,0,0,2,3,5
PATACAMAYA,desnutricion global,sobrepeso (s),2005-08-01,27,27,5,9,32,36,68
PAZÑA,desnutricion global,sobrepeso (s),2005-08-01,2,2,1,2,3,4,7
PELECHUCO,desnutricion global,sobrepeso (s),2005-08-01,1,1,0,0,1,1,2
POCOATA,desnutricion global,sobrepeso (s),2005-08-01,6,5,1,2,7,7,14
POCONA,desnutricion global,sobrepeso (s),2005-08-01,8,6,0,2,8,8,16
POJO (CBBA),desnutricion global,sobrepeso (s),2005-08-01,26,17,5,1,31,18,49
POOPO,desnutricion global,sobrepeso (s),2005-08-01,3,4,0,0,3,4,7
PORCO,desnutricion global,sobrepeso (s),2005-08-01,6,4,3,0,9,4,13
POROMA,desnutricion global,sobrepeso (s),2005-08-01,15,11,1,1,16,12,28
PORONGO,desnutricion global,sobrepeso (s),2005-08-01,13,6,3,0,16,6,22
PORTACHUELO,desnutricion global,sobrepeso (s),2005-08-01,78,66,24,19,102,85,187
PORVENIR,desnutricion global,sobrepeso (s),2005-08-01,14,11,4,8,18,19,37
POSTRER VALLE,desnutricion global,sobrepeso (s),2005-08-01,7,9,1,2,8,11,19
POTOSI,desnutricion global,sobrepeso (s),2005-08-01,85,84,6,19,91,103,194
PRESTO,desnutricion global,sobrepeso (s),2005-08-01,6,6,1,0,7,6,13
PUCARA,desnutricion global,sobrepeso (s),2005-08-01,3,1,0,0,3,1,4
PUCARANI,desnutricion global,sobrepeso (s),2005-08-01,17,18,5,1,22,19,41
PUERTO ACOSTA,desnutricion global,sobrepeso (s),2005-08-01,8,4,1,1,9,5,14
PUERTO CARABUCO,desnutricion global,sobrepeso (s),2005-08-01,12,10,5,3,17,13,30
PUERTO GONZALO MORENO,desnutricion global,sobrepeso (s),2005-08-01,4,8,1,1,5,9,14
PUERTO PEREZ,desnutricion global,sobrepeso (s),2005-08-01,0,2,0,0,0,2,2
PUERTO RICO,desnutricion global,sobrepeso (s),2005-08-01,22,14,4,6,26,20,46
PUERTO SILES,desnutricion global,sobrepeso (s),2005-08-01,0,1,0,3,0,4,4
PUERTO VILLARROEL,desnutricion global,sobrepeso (s),2005-08-01,64,48,13,7,77,55,132
PUNA,desnutricion global,sobrepeso (s),2005-08-01,13,5,1,7,14,12,26
PUNATA,desnutricion global,sobrepeso (s),2005-08-01,5,9,2,0,7,9,16
QUIABAYA,desnutricion global,sobrepeso (s),2005-08-01,1,1,1,0,2,1,3
QUILLACOLLO,desnutricion global,sobrepeso (s),2005-08-01,55,50,11,6,66,56,122
QUIME,desnutricion global,sobrepeso (s),2005-08-01,6,5,0,2,6,7,13
QUIRUSILLAS,desnutricion global,sobrepeso (s),2005-08-01,13,1,2,1,15,2,17
RAVELO,desnutricion global,sobrepeso (s),2005-08-01,7,4,1,3,8,7,15
REYES,desnutricion global,sobrepeso (s),2005-08-01,52,52,15,6,67,58,125
RIBERALTA,desnutricion global,sobrepeso (s),2005-08-01,84,38,11,7,95,45,140
RURRENABAQUE,desnutricion global,sobrepeso (s),2005-08-01,13,7,1,1,14,8,22
SABAYA,desnutricion global,sobrepeso (s),2005-08-01,5,4,2,0,7,4,11
SACABA,desnutricion global,sobrepeso (s),2005-08-01,50,37,4,2,54,39,93
SACABAMBA,desnutricion global,sobrepeso (s),2005-08-01,3,4,0,0,3,4,7
SACACA,desnutricion global,sobrepeso (s),2005-08-01,1,5,0,1,1,6,7
SAIPINA,desnutricion global,sobrepeso (s),2005-08-01,36,36,15,10,51,46,97
SALINAS DE GARCI MENDOZA,desnutricion global,sobrepeso (s),2005-08-01,10,11,3,2,13,13,26
SAMAIPATA,desnutricion global,sobrepeso (s),2005-08-01,15,13,8,8,23,21,44
SAN AGUSTIN,desnutricion global,sobrepeso (s),2005-08-01,0,1,1,1,1,2,3
SAN ANDRES,desnutricion global,sobrepeso (s),2005-08-01,30,22,5,6,35,28,63
SAN ANDRES DE MACHACA,desnutricion global,sobrepeso (s),2005-08-01,8,5,2,7,10,12,22
SAN ANTONIO DE ESMORUCO,desnutricion global,sobrepeso (s),2005-08-01,0,0,2,0,2,0,2
SAN ANTONIO DE LOMERIO,desnutricion global,sobrepeso (s),2005-08-01,11,12,3,0,14,12,26
SAN BENITO,desnutricion global,sobrepeso (s),2005-08-01,3,0,0,0,3,0,3
SAN BORJA,desnutricion global,sobrepeso (s),2005-08-01,99,72,22,9,121,81,202
SAN BUENA VENTURA,desnutricion global,sobrepeso (s),2005-08-01,13,6,0,2,13,8,21
SAN CARLOS,desnutricion global,sobrepeso (s),2005-08-01,25,18,7,2,32,20,52
SAN IGNACIO,desnutricion global,sobrepeso (s),2005-08-01,20,12,13,3,33,15,48
SAN IGNACIO DE VELASCO,desnutricion global,sobrepeso (s),2005-08-01,109,65,16,13,125,78,203
SAN JAVIER(BNI),desnutricion global,sobrepeso (s),2005-08-01,4,3,2,1,6,4,10
SAN JAVIER(STC),desnutricion global,sobrepeso (s),2005-08-01,2,0,2,3,4,3,7
SAN JOAQUIN,desnutricion global,sobrepeso (s),2005-08-01,11,12,3,1,14,13,27
SAN JUAN DE YAPACANI,desnutricion global,sobrepeso (s),2005-08-01,24,20,3,9,27,29,56
SAN JULIAN,desnutricion global,sobrepeso (s),2005-08-01,75,46,24,24,99,70,169
SAN LORENZO(PND),desnutricion global,sobrepeso (s),2005-08-01,1,3,0,0,1,3,4
SAN LORENZO(TJA),desnutricion global,sobrepeso (s),2005-08-01,21,14,10,7,31,21,52
SAN LUCAS,desnutricion global,sobrepeso (s),2005-08-01,20,21,2,1,22,22,44
SAN MIGUEL DE VELASCO,desnutricion global,sobrepeso (s),2005-08-01,14,9,4,5,18,14,32
SAN PEDRO,desnutricion global,sobrepeso (s),2005-08-01,50,46,6,3,56,49,105
SAN PEDRO DE BUENA VISTA,desnutricion global,sobrepeso (s),2005-08-01,12,8,2,4,14,12,26
SAN PEDRO DE CURAHUARA,desnutricion global,sobrepeso (s),2005-08-01,10,5,12,8,22,13,35
SAN PEDRO DE TIQUINA,desnutricion global,sobrepeso (s),2005-08-01,7,7,0,0,7,7,14
SAN PEDRO(PND),desnutricion global,sobrepeso (s),2005-08-01,0,3,2,0,2,3,5
SAN RAFAEL,desnutricion global,sobrepeso (s),2005-08-01,0,3,1,1,1,4,5
SAN RAMON,desnutricion global,sobrepeso (s),2005-08-01,16,14,6,0,22,14,36
SAN RAMON,desnutricion global,sobrepeso (s),2005-08-01,8,6,2,0,10,6,16
SANTA ANA,desnutricion global,sobrepeso (s),2005-08-01,72,75,25,24,97,99,196
SANTA CRUZ DE LA SIERRA,desnutricion global,sobrepeso (s),2005-08-01,1451,1168,433,350,1884,1518,3402
SANTA ROSA,desnutricion global,sobrepeso (s),2005-08-01,37,28,7,8,44,36,80
SANTA ROSA DEL SARA,desnutricion global,sobrepeso (s),2005-08-01,22,10,9,8,31,18,49
SANTIAGO DE CALLAPA,desnutricion global,sobrepeso (s),2005-08-01,1,2,0,1,1,3,4
SANTIAGO DE HUARI,desnutricion global,sobrepeso (s),2005-08-01,2,1,1,1,3,2,5
SANTIAGO DE MACHACA,desnutricion global,sobrepeso (s),2005-08-01,2,1,0,0,2,1,3
SANTIVAÑES,desnutricion global,sobrepeso (s),2005-08-01,2,2,2,0,4,2,6
SAPAHAQUI,desnutricion global,sobrepeso (s),2005-08-01,4,2,0,0,4,2,6
SENA,desnutricion global,sobrepeso (s),2005-08-01,12,6,3,1,15,7,22
SICA SICA (VILLA AROMA),desnutricion global,sobrepeso (s),2005-08-01,11,12,1,1,12,13,25
SICAYA,desnutricion global,sobrepeso (s),2005-08-01,1,0,0,0,1,0,1
SIPE SIPE,desnutricion global,sobrepeso (s),2005-08-01,72,78,18,14,90,92,182
SOPACHUY,desnutricion global,sobrepeso (s),2005-08-01,5,3,0,0,5,3,8
SORACACHI,desnutricion global,sobrepeso (s),2005-08-01,6,7,2,5,8,12,20
SORATA,desnutricion global,sobrepeso (s),2005-08-01,11,12,2,5,13,17,30
SUCRE,desnutricion global,sobrepeso (s),2005-08-01,227,227,69,60,296,287,583
TACACHI,desnutricion global,sobrepeso (s),2005-08-01,0,1,0,0,0,1,1
TACACOMA,desnutricion global,sobrepeso (s),2005-08-01,11,8,2,8,13,16,29
TACOBAMBA,desnutricion global,sobrepeso (s),2005-08-01,18,9,3,2,21,11,32
TACOPAYA,desnutricion global,sobrepeso (s),2005-08-01,9,2,1,1,10,3,13
TAHUA,desnutricion global,sobrepeso (s),2005-08-01,2,2,1,1,3,3,6
TAPACARI,desnutricion global,sobrepeso (s),2005-08-01,3,3,0,2,3,5,8
TARABUCO,desnutricion global,sobrepeso (s),2005-08-01,13,25,6,6,19,31,50
TARACO,desnutricion global,sobrepeso (s),2005-08-01,5,6,2,1,7,7,14
TARATA,desnutricion global,sobrepeso (s),2005-08-01,13,12,0,1,13,13,26
TARIJA,desnutricion global,sobrepeso (s),2005-08-01,1193,320,87,59,1280,379,1659
TARVITA,desnutricion global,sobrepeso (s),2005-08-01,1,2,1,0,2,2,4
TEOPONTE,desnutricion global,sobrepeso (s),2005-08-01,29,15,3,5,32,20,52
TIAWANACU,desnutricion global,sobrepeso (s),2005-08-01,1,4,0,0,1,4,5
TINGUIPAYA,desnutricion global,sobrepeso (s),2005-08-01,9,2,0,0,9,2,11
TIPUANI,desnutricion global,sobrepeso (s),2005-08-01,33,16,1,0,34,16,50
TIQUIPAYA,desnutricion global,sobrepeso (s),2005-08-01,24,28,7,10,31,38,69
TIRAQUE (CBBA),desnutricion global,sobrepeso (s),2005-08-01,61,57,16,8,77,65,142
TITO YUPANQUI (PARQUIPUJIO),desnutricion global,sobrepeso (s),2005-08-01,1,0,0,0,1,0,1
TOCO,desnutricion global,sobrepeso (s),2005-08-01,2,0,2,3,4,3,7
TOLATA,desnutricion global,sobrepeso (s),2005-08-01,4,3,1,0,5,3,8
TOLEDO,desnutricion global,sobrepeso (s),2005-08-01,1,0,2,0,3,0,3
TOMAVE,desnutricion global,sobrepeso (s),2005-08-01,9,4,2,0,11,4,15
TOMINA,desnutricion global,sobrepeso (s),2005-08-01,8,5,2,2,10,7,17
TORO TORO,desnutricion global,sobrepeso (s),2005-08-01,12,7,2,0,14,7,21
TOTORA(CBBA),desnutricion global,sobrepeso (s),2005-08-01,10,8,0,1,10,9,19
TOTORA(ORR),desnutricion global,sobrepeso (s),2005-08-01,0,1,0,0,0,1,1
TRIGAL,desnutricion global,sobrepeso (s),2005-08-01,7,0,3,2,10,2,12
TRINIDAD,desnutricion global,sobrepeso (s),2005-08-01,234,151,42,34,276,185,461
TUPIZA,desnutricion global,sobrepeso (s),2005-08-01,43,34,10,5,53,39,92
TURCO,desnutricion global,sobrepeso (s),2005-08-01,2,2,0,0,2,2,4
UMALA,desnutricion global,sobrepeso (s),2005-08-01,1,1,0,2,1,3,4
UNCIA,desnutricion global,sobrepeso (s),2005-08-01,4,8,0,0,4,8,12
URIONDO (A. CONCEPCION),desnutricion global,sobrepeso (s),2005-08-01,54,29,10,9,64,38,102
UYUNI,desnutricion global,sobrepeso (s),2005-08-01,54,22,13,7,67,29,96
VACAS,desnutricion global,sobrepeso (s),2005-08-01,3,1,2,0,5,1,6
VALLEGRANDE,desnutricion global,sobrepeso (s),2005-08-01,41,28,21,14,62,42,104
VIACHA,desnutricion global,sobrepeso (s),2005-08-01,32,26,13,7,45,33,78
VILA VILA,desnutricion global,sobrepeso (s),2005-08-01,2,3,4,0,6,3,9
VILLA MONTES,desnutricion global,sobrepeso (s),2005-08-01,60,55,6,13,66,68,134
VILLA NUEVA (LOMA ALTA),desnutricion global,sobrepeso (s),2005-08-01,2,3,0,1,2,4,6
VILLA RIVERO,desnutricion global,sobrepeso (s),2005-08-01,7,6,1,3,8,9,17
VILLA SERRANO,desnutricion global,sobrepeso (s),2005-08-01,17,8,4,4,21,12,33
VILLA TUNARI,desnutricion global,sobrepeso (s),2005-08-01,57,42,12,10,69,52,121
VILLA VACA GUZMAN (MUYUPAMPA),desnutricion global,sobrepeso (s),2005-08-01,31,26,12,5,43,31,74
VILLAZON,desnutricion global,sobrepeso (s),2005-08-01,42,50,19,14,61,64,125
VINTO,desnutricion global,sobrepeso (s),2005-08-01,5,2,2,1,7,3,10
VITICHI,desnutricion global,sobrepeso (s),2005-08-01,6,0,0,2,6,2,8
WALDO BALLIVIAN,desnutricion global,sobrepeso (s),2005-08-01,2,0,1,1,3,1,4
WARNES,desnutricion global,sobrepeso (s),2005-08-01,111,107,25,25,136,132,268
YACO,desnutricion global,sobrepeso (s),2005-08-01,1,2,0,0,1,2,3
YACUIBA,desnutricion global,sobrepeso (s),2005-08-01,101,103,16,15,117,118,235
YAMPARAEZ,desnutricion global,sobrepeso (s),2005-08-01,15,12,2,5,17,17,34
YANACACHI,desnutricion global,sobrepeso (s),2005-08-01,1,0,0,0,1,0,1
YAPACANI,desnutricion global,sobrepeso (s),2005-08-01,140,162,27,19,167,181,348
YOCALLA,desnutricion global,sobrepeso (s),2005-08-01,2,2,1,0,3,2,5
YOTALA,desnutricion global,sobrepeso (s),2005-08-01,13,17,5,8,18,25,43
YUNCHARA,desnutricion global,sobrepeso (s),2005-08-01,10,7,5,3,15,10,25
ZUDAÑEZ,desnutricion global,sobrepeso (s),2005-08-01,7,3,1,0,8,3,11
ACHACACHI,desnutricion global,sobrepeso (s),2005-09-01,40,31,14,14,54,45,99
ACHOCALLA,desnutricion global,sobrepeso (s),2005-09-01,4,0,1,0,5,0,5
AIQUILE,desnutricion global,sobrepeso (s),2005-09-01,11,10,2,3,13,13,26
ALALAY,desnutricion global,sobrepeso (s),2005-09-01,7,0,0,0,7,0,7
ALCALA,desnutricion global,sobrepeso (s),2005-09-01,2,4,0,0,2,4,6
ANCORAIMES,desnutricion global,sobrepeso (s),2005-09-01,7,6,4,0,11,6,17
ANDAMARCA,desnutricion global,sobrepeso (s),2005-09-01,0,0,1,0,1,0,1
ANTEQUERA,desnutricion global,sobrepeso (s),2005-09-01,0,3,0,0,0,3,3
APOLO,desnutricion global,sobrepeso (s),2005-09-01,13,16,2,1,15,17,32
ARAMPAMPA,desnutricion global,sobrepeso (s),2005-09-01,6,5,0,1,6,6,12
ARANI,desnutricion global,sobrepeso (s),2005-09-01,3,3,1,1,4,4,8
ARBIETO,desnutricion global,sobrepeso (s),2005-09-01,3,0,0,0,3,0,3
ARQUE,desnutricion global,sobrepeso (s),2005-09-01,1,1,0,0,1,1,2
ATOCHA,desnutricion global,sobrepeso (s),2005-09-01,9,8,5,4,14,12,26
AUCAPATA,desnutricion global,sobrepeso (s),2005-09-01,1,4,0,0,1,4,5
AYATA,desnutricion global,sobrepeso (s),2005-09-01,3,1,0,2,3,3,6
AYO AYO,desnutricion global,sobrepeso (s),2005-09-01,2,2,0,0,2,2,4
AYOPAYA (V. DE INDEPENDENCIA),desnutricion global,sobrepeso (s),2005-09-01,7,10,1,2,8,12,20
AZURDUY,desnutricion global,sobrepeso (s),2005-09-01,9,5,8,3,17,8,25
BATALLAS,desnutricion global,sobrepeso (s),2005-09-01,6,1,1,0,7,1,8
BAURES,desnutricion global,sobrepeso (s),2005-09-01,5,8,0,2,5,10,15
BELEN DE URMIRI,desnutricion global,sobrepeso (s),2005-09-01,3,1,1,1,4,2,6
BELLA FLOR,desnutricion global,sobrepeso (s),2005-09-01,0,1,1,2,1,3,4
BERMEJO,desnutricion global,sobrepeso (s),2005-09-01,18,14,1,0,19,14,33
BETANZOS,desnutricion global,sobrepeso (s),2005-09-01,17,18,2,4,19,22,41
BOLIVAR,desnutricion global,sobrepeso (s),2005-09-01,3,0,0,0,3,0,3
BOLPEBRA,desnutricion global,sobrepeso (s),2005-09-01,2,1,0,0,2,1,3
BOYUIBE,desnutricion global,sobrepeso (s),2005-09-01,14,8,7,5,21,13,34
BUENA VISTA,desnutricion global,sobrepeso (s),2005-09-01,46,40,18,32,64,72,136
CABEZAS,desnutricion global,sobrepeso (s),2005-09-01,19,27,12,17,31,44,75
CAIROMA,desnutricion global,sobrepeso (s),2005-09-01,3,5,0,1,3,6,9
"CAIZA ""D""",desnutricion global,sobrepeso (s),2005-09-01,5,6,0,0,5,6,11
CAJUATA,desnutricion global,sobrepeso (s),2005-09-01,10,9,1,1,11,10,21
CALACOTO,desnutricion global,sobrepeso (s),2005-09-01,2,0,0,0,2,0,2
CALAMARCA,desnutricion global,sobrepeso (s),2005-09-01,3,3,0,0,3,3,6
CAMARGO,desnutricion global,sobrepeso (s),2005-09-01,4,15,3,0,7,15,22
CAMATAQUI (C. VILLA ABECIA),desnutricion global,sobrepeso (s),2005-09-01,1,1,0,2,1,3,4
CAMIRI,desnutricion global,sobrepeso (s),2005-09-01,86,84,20,19,106,103,209
CAPINOTA,desnutricion global,sobrepeso (s),2005-09-01,0,0,27,28,27,28,55
CAQUIAVIRI,desnutricion global,sobrepeso (s),2005-09-01,8,7,4,3,12,10,22
CARACOLLO,desnutricion global,sobrepeso (s),2005-09-01,11,2,0,0,11,2,13
CARANAVI,desnutricion global,sobrepeso (s),2005-09-01,94,68,8,8,102,76,178
CARAPARI,desnutricion global,sobrepeso (s),2005-09-01,14,26,4,2,18,28,46
CARIPUYO,desnutricion global,sobrepeso (s),2005-09-01,1,7,0,1,1,8,9
CHALLAPATA,desnutricion global,sobrepeso (s),2005-09-01,8,6,3,2,11,8,19
CHAQUI,desnutricion global,sobrepeso (s),2005-09-01,10,12,1,0,11,12,23
CHARAGUA,desnutricion global,sobrepeso (s),2005-09-01,48,53,19,15,67,68,135
CHARAÑA,desnutricion global,sobrepeso (s),2005-09-01,3,1,0,1,3,2,5
CHAYANTA,desnutricion global,sobrepeso (s),2005-09-01,17,7,2,3,19,10,29
CHIMORE,desnutricion global,sobrepeso (s),2005-09-01,17,13,2,0,19,13,32
CHIPAYA,desnutricion global,sobrepeso (s),2005-09-01,2,1,0,0,2,1,3
CHULUMANI (V. DE LA LIBERTAD),desnutricion global,sobrepeso (s),2005-09-01,15,10,0,0,15,10,25
CHUMA,desnutricion global,sobrepeso (s),2005-09-01,8,5,1,1,9,6,15
CLIZA,desnutricion global,sobrepeso (s),2005-09-01,25,25,9,2,34,27,61
COBIJA,desnutricion global,sobrepeso (s),2005-09-01,98,90,12,12,110,102,212
COCHABAMBA,desnutricion global,sobrepeso (s),2005-09-01,438,243,74,52,512,295,807
COLCAPIRHUA,desnutricion global,sobrepeso (s),2005-09-01,39,53,14,7,53,60,113
"COLCHA ""K""",desnutricion global,sobrepeso (s),2005-09-01,7,7,1,2,8,9,17
COLOMI,desnutricion global,sobrepeso (s),2005-09-01,28,15,9,5,37,20,57
COLPA BELGICA,desnutricion global,sobrepeso (s),2005-09-01,10,5,5,1,15,6,21
COLQUECHACA,desnutricion global,sobrepeso (s),2005-09-01,13,10,0,0,13,10,23
COLQUENCHA,desnutricion global,sobrepeso (s),2005-09-01,3,2,0,0,3,2,5
COLQUIRI,desnutricion global,sobrepeso (s),2005-09-01,5,2,0,0,5,2,7
COMARAPA,desnutricion global,sobrepeso (s),2005-09-01,70,65,12,16,82,81,163
COMBAYA,desnutricion global,sobrepeso (s),2005-09-01,1,1,0,0,1,1,2
CONCEPCION,desnutricion global,sobrepeso (s),2005-09-01,5,3,0,0,5,3,8
COPACABANA,desnutricion global,sobrepeso (s),2005-09-01,16,9,3,2,19,11,30
CORIPATA,desnutricion global,sobrepeso (s),2005-09-01,25,19,3,3,28,22,50
CORO CORO,desnutricion global,sobrepeso (s),2005-09-01,5,4,0,0,5,4,9
COROICO,desnutricion global,sobrepeso (s),2005-09-01,3,3,0,2,3,5,8
CORQUE,desnutricion global,sobrepeso (s),2005-09-01,0,5,3,3,3,8,11
COTAGAITA,desnutricion global,sobrepeso (s),2005-09-01,10,9,2,1,12,10,22
COTOCA,desnutricion global,sobrepeso (s),2005-09-01,51,36,8,5,59,41,100
CUATRO CAÑADAS,desnutricion global,sobrepeso (s),2005-09-01,51,34,6,4,57,38,95
CUCHUMUELA (V. G. VILLARROEL),desnutricion global,sobrepeso (s),2005-09-01,2,1,0,0,2,1,3
CUEVO,desnutricion global,sobrepeso (s),2005-09-01,4,7,3,0,7,7,14
CULPINA,desnutricion global,sobrepeso (s),2005-09-01,14,10,0,0,14,10,24
CURAHUARA DE CARANGAS,desnutricion global,sobrepeso (s),2005-09-01,3,3,1,1,4,4,8
CURVA,desnutricion global,sobrepeso (s),2005-09-01,0,1,0,0,0,1,1
DESAGUADERO,desnutricion global,sobrepeso (s),2005-09-01,2,2,1,0,3,2,5
EL ALTO,desnutricion global,sobrepeso (s),2005-09-01,501,470,175,208,676,678,1354
EL CHORO,desnutricion global,sobrepeso (s),2005-09-01,2,0,0,0,2,0,2
EL PUENTE(TJA),desnutricion global,sobrepeso (s),2005-09-01,10,4,1,1,11,5,16
EL TORNO,desnutricion global,sobrepeso (s),2005-09-01,65,50,7,12,72,62,134
EL VILLAR,desnutricion global,sobrepeso (s),2005-09-01,7,10,3,1,10,11,21
ENTRE RIOS,desnutricion global,sobrepeso (s),2005-09-01,56,25,9,4,65,29,94
ENTRE RIOS,desnutricion global,sobrepeso (s),2005-09-01,36,23,13,12,49,35,84
ESCARA,desnutricion global,sobrepeso (s),2005-09-01,0,0,0,1,0,1,1
EUCALIPTUS,desnutricion global,sobrepeso (s),2005-09-01,8,6,3,3,11,9,20
EUREKA (SANTOS MERCADO),desnutricion global,sobrepeso (s),2005-09-01,1,0,0,0,1,0,1
EXALTACION,desnutricion global,sobrepeso (s),2005-09-01,12,8,6,5,18,13,31
FERNANDEZ ALONSO,desnutricion global,sobrepeso (s),2005-09-01,49,26,4,6,53,32,85
FILADELFIA,desnutricion global,sobrepeso (s),2005-09-01,7,6,3,2,10,8,18
GENERAL SAAVEDRA,desnutricion global,sobrepeso (s),2005-09-01,48,72,18,19,66,91,157
GRAL. J.J. PEREZ (CHARAZANI),desnutricion global,sobrepeso (s),2005-09-01,6,10,2,0,8,10,18
GUANAY,desnutricion global,sobrepeso (s),2005-09-01,29,26,5,4,34,30,64
GUAQUI,desnutricion global,sobrepeso (s),2005-09-01,2,2,0,2,2,4,6
GUAYARAMERIN,desnutricion global,sobrepeso (s),2005-09-01,97,77,13,10,110,87,197
GUTIERREZ,desnutricion global,sobrepeso (s),2005-09-01,23,19,11,13,34,32,66
HUACARETA,desnutricion global,sobrepeso (s),2005-09-01,12,16,6,3,18,19,37
HUACAYA (VILLA DE HUACAYA),desnutricion global,sobrepeso (s),2005-09-01,8,9,5,2,13,11,24
HUACHACALLA,desnutricion global,sobrepeso (s),2005-09-01,1,1,0,0,1,1,2
HUANUNI,desnutricion global,sobrepeso (s),2005-09-01,28,23,1,1,29,24,53
HUARACAJE,desnutricion global,sobrepeso (s),2005-09-01,8,1,1,0,9,1,10
HUAYLLAMARCA,desnutricion global,sobrepeso (s),2005-09-01,0,2,0,0,0,2,2
ICHOCA,desnutricion global,sobrepeso (s),2005-09-01,3,1,0,0,3,1,4
ICLA,desnutricion global,sobrepeso (s),2005-09-01,1,4,2,2,3,6,9
INCAHUASI,desnutricion global,sobrepeso (s),2005-09-01,16,13,0,1,16,14,30
INQUISIVI,desnutricion global,sobrepeso (s),2005-09-01,20,11,9,13,29,24,53
IRUPANA (VILLA DE LANZA),desnutricion global,sobrepeso (s),2005-09-01,10,10,3,3,13,13,26
IXIAMAS,desnutricion global,sobrepeso (s),2005-09-01,18,12,6,4,24,16,40
JESUS DE MACHACA,desnutricion global,sobrepeso (s),2005-09-01,1,1,0,0,1,1,2
LA ASUNTA,desnutricion global,sobrepeso (s),2005-09-01,29,14,2,0,31,14,45
LA GUARDIA,desnutricion global,sobrepeso (s),2005-09-01,69,36,18,10,87,46,133
LA PAZ,desnutricion global,sobrepeso (s),2005-09-01,528,526,208,190,736,716,1452
LAGUNILLAS,desnutricion global,sobrepeso (s),2005-09-01,29,18,12,9,41,27,68
LAJA,desnutricion global,sobrepeso (s),2005-09-01,9,6,5,4,14,10,24
LAS CARRERAS,desnutricion global,sobrepeso (s),2005-09-01,8,0,2,0,10,0,10
LLALLAGUA,desnutricion global,sobrepeso (s),2005-09-01,72,75,23,31,95,106,201
LLICA,desnutricion global,sobrepeso (s),2005-09-01,1,0,2,0,3,0,3
LORETO,desnutricion global,sobrepeso (s),2005-09-01,7,4,8,1,15,5,20
LURIBAY,desnutricion global,sobrepeso (s),2005-09-01,2,1,0,0,2,1,3
MACHACAMARCA,desnutricion global,sobrepeso (s),2005-09-01,2,6,1,3,3,9,12
MACHARETI,desnutricion global,sobrepeso (s),2005-09-01,25,30,12,11,37,41,78
MAGDALENA,desnutricion global,sobrepeso (s),2005-09-01,10,19,4,4,14,23,37
MAIRANA,desnutricion global,sobrepeso (s),2005-09-01,17,13,5,3,22,16,38
MALLA,desnutricion global,sobrepeso (s),2005-09-01,1,1,0,0,1,1,2
MAPIRI,desnutricion global,sobrepeso (s),2005-09-01,29,12,1,0,30,12,42
MECAPACA,desnutricion global,sobrepeso (s),2005-09-01,10,6,0,0,10,6,16
MINEROS,desnutricion global,sobrepeso (s),2005-09-01,42,49,22,15,64,64,128
MIZQUE,desnutricion global,sobrepeso (s),2005-09-01,13,12,2,5,15,17,32
MOCOMOCO,desnutricion global,sobrepeso (s),2005-09-01,7,7,2,1,9,8,17
MOJINETE,desnutricion global,sobrepeso (s),2005-09-01,2,0,1,0,3,0,3
MOJOCOYA,desnutricion global,sobrepeso (s),2005-09-01,9,7,5,0,14,7,21
MONTEAGUDO,desnutricion global,sobrepeso (s),2005-09-01,90,62,15,10,105,72,177
MONTERO,desnutricion global,sobrepeso (s),2005-09-01,330,316,118,83,448,399,847
MORO MORO,desnutricion global,sobrepeso (s),2005-09-01,4,1,1,0,5,1,6
MOROCHATA,desnutricion global,sobrepeso (s),2005-09-01,22,13,5,5,27,18,45
NUEVO MANOA (NUEVA ESPERANZA),desnutricion global,sobrepeso (s),2005-09-01,4,3,13,8,17,11,28
OCURI,desnutricion global,sobrepeso (s),2005-09-01,5,3,0,0,5,3,8
OKINAWA,desnutricion global,sobrepeso (s),2005-09-01,17,3,1,4,18,7,25
OMEREQUE,desnutricion global,sobrepeso (s),2005-09-01,5,1,0,0,5,1,6
ORURO,desnutricion global,sobrepeso (s),2005-09-01,163,199,38,34,201,233,434
PADCAYA,desnutricion global,sobrepeso (s),2005-09-01,30,11,12,20,42,31,73
PADILLA,desnutricion global,sobrepeso (s),2005-09-01,16,14,8,4,24,18,42
PALCA,desnutricion global,sobrepeso (s),2005-09-01,6,5,0,1,6,6,12
PALOS BLANCOS,desnutricion global,sobrepeso (s),2005-09-01,29,22,6,6,35,28,63
PAMPA AULLAGAS,desnutricion global,sobrepeso (s),2005-09-01,2,5,0,0,2,5,7
PAMPA GRANDE,desnutricion global,sobrepeso (s),2005-09-01,13,11,4,2,17,13,30
PAPEL PAMPA,desnutricion global,sobrepeso (s),2005-09-01,0,3,0,0,0,3,3
PASORAPA,desnutricion global,sobrepeso (s),2005-09-01,4,11,2,0,6,11,17
PATACAMAYA,desnutricion global,sobrepeso (s),2005-09-01,5,1,3,3,8,4,12
PAZÑA,desnutricion global,sobrepeso (s),2005-09-01,4,5,3,4,7,9,16
PELECHUCO,desnutricion global,sobrepeso (s),2005-09-01,3,0,0,1,3,1,4
POCOATA,desnutricion global,sobrepeso (s),2005-09-01,19,15,1,1,20,16,36
POCONA,desnutricion global,sobrepeso (s),2005-09-01,8,4,0,1,8,5,13
POJO (CBBA),desnutricion global,sobrepeso (s),2005-09-01,26,22,0,2,26,24,50
POOPO,desnutricion global,sobrepeso (s),2005-09-01,3,1,0,2,3,3,6
PORCO,desnutricion global,sobrepeso (s),2005-09-01,3,1,0,1,3,2,5
POROMA,desnutricion global,sobrepeso (s),2005-09-01,11,14,0,0,11,14,25
PORONGO,desnutricion global,sobrepeso (s),2005-09-01,7,4,0,1,7,5,12
PORTACHUELO,desnutricion global,sobrepeso (s),2005-09-01,67,59,27,21,94,80,174
PORVENIR,desnutricion global,sobrepeso (s),2005-09-01,3,6,2,1,5,7,12
POSTRER VALLE,desnutricion global,sobrepeso (s),2005-09-01,5,4,1,0,6,4,10
POTOSI,desnutricion global,sobrepeso (s),2005-09-01,66,55,14,9,80,64,144
PRESTO,desnutricion global,sobrepeso (s),2005-09-01,5,3,2,0,7,3,10
PUCARA,desnutricion global,sobrepeso (s),2005-09-01,2,0,2,0,4,0,4
PUCARANI,desnutricion global,sobrepeso (s),2005-09-01,19,13,0,1,19,14,33
PUERTO ACOSTA,desnutricion global,sobrepeso (s),2005-09-01,2,0,0,0,2,0,2
PUERTO CARABUCO,desnutricion global,sobrepeso (s),2005-09-01,7,11,3,1,10,12,22
PUERTO GONZALO MORENO,desnutricion global,sobrepeso (s),2005-09-01,2,1,0,1,2,2,4
PUERTO PEREZ,desnutricion global,sobrepeso (s),2005-09-01,0,5,0,0,0,5,5
PUERTO RICO,desnutricion global,sobrepeso (s),2005-09-01,9,15,1,3,10,18,28
PUERTO SILES,desnutricion global,sobrepeso (s),2005-09-01,1,0,1,5,2,5,7
PUERTO VILLARROEL,desnutricion global,sobrepeso (s),2005-09-01,60,39,5,4,65,43,108
PUNA,desnutricion global,sobrepeso (s),2005-09-01,21,16,2,1,23,17,40
PUNATA,desnutricion global,sobrepeso (s),2005-09-01,9,5,2,6,11,11,22
QUIABAYA,desnutricion global,sobrepeso (s),2005-09-01,1,1,0,0,1,1,2
QUILLACOLLO,desnutricion global,sobrepeso (s),2005-09-01,25,26,8,4,33,30,63
QUIME,desnutricion global,sobrepeso (s),2005-09-01,3,2,3,1,6,3,9
QUIRUSILLAS,desnutricion global,sobrepeso (s),2005-09-01,16,4,3,2,19,6,25
RAVELO,desnutricion global,sobrepeso (s),2005-09-01,8,1,0,3,8,4,12
REYES,desnutricion global,sobrepeso (s),2005-09-01,37,40,8,4,45,44,89
RIBERALTA,desnutricion global,sobrepeso (s),2005-09-01,121,31,9,5,130,36,166
RURRENABAQUE,desnutricion global,sobrepeso (s),2005-09-01,12,9,1,1,13,10,23
SABAYA,desnutricion global,sobrepeso (s),2005-09-01,4,4,2,0,6,4,10
SACABA,desnutricion global,sobrepeso (s),2005-09-01,40,36,4,1,44,37,81
SACABAMBA,desnutricion global,sobrepeso (s),2005-09-01,2,4,1,0,3,4,7
SACACA,desnutricion global,sobrepeso (s),2005-09-01,10,6,1,1,11,7,18
SAIPINA,desnutricion global,sobrepeso (s),2005-09-01,42,24,15,16,57,40,97
SALINAS DE GARCI MENDOZA,desnutricion global,sobrepeso (s),2005-09-01,5,10,3,4,8,14,22
SAMAIPATA,desnutricion global,sobrepeso (s),2005-09-01,13,9,5,5,18,14,32
SAN AGUSTIN,desnutricion global,sobrepeso (s),2005-09-01,1,3,1,0,2,3,5
SAN ANDRES,desnutricion global,sobrepeso (s),2005-09-01,18,11,0,2,18,13,31
SAN ANDRES DE MACHACA,desnutricion global,sobrepeso (s),2005-09-01,4,1,1,0,5,1,6
SAN ANTONIO DE LOMERIO,desnutricion global,sobrepeso (s),2005-09-01,8,10,1,1,9,11,20
SAN BENITO,desnutricion global,sobrepeso (s),2005-09-01,4,4,0,0,4,4,8
SAN BORJA,desnutricion global,sobrepeso (s),2005-09-01,94,57,13,8,107,65,172
SAN BUENA VENTURA,desnutricion global,sobrepeso (s),2005-09-01,7,1,1,0,8,1,9
SAN CARLOS,desnutricion global,sobrepeso (s),2005-09-01,30,12,6,5,36,17,53
SAN IGNACIO,desnutricion global,sobrepeso (s),2005-09-01,36,8,8,1,44,9,53
SAN IGNACIO DE VELASCO,desnutricion global,sobrepeso (s),2005-09-01,112,69,13,12,125,81,206
SAN JAVIER(BNI),desnutricion global,sobrepeso (s),2005-09-01,8,9,2,1,10,10,20
SAN JAVIER(STC),desnutricion global,sobrepeso (s),2005-09-01,12,7,1,0,13,7,20
SAN JOAQUIN,desnutricion global,sobrepeso (s),2005-09-01,30,23,6,6,36,29,65
SAN JOSE DE CHIQUITOS,desnutricion global,sobrepeso (s),2005-09-01,2,3,0,1,2,4,6
SAN JUAN DE YAPACANI,desnutricion global,sobrepeso (s),2005-09-01,28,19,3,3,31,22,53
SAN JULIAN,desnutricion global,sobrepeso (s),2005-09-01,27,34,13,17,40,51,91
SAN LORENZO(PND),desnutricion global,sobrepeso (s),2005-09-01,12,10,11,7,23,17,40
SAN LORENZO(TJA),desnutricion global,sobrepeso (s),2005-09-01,19,13,6,4,25,17,42
SAN LUCAS,desnutricion global,sobrepeso (s),2005-09-01,14,19,4,1,18,20,38
SAN MIGUEL DE VELASCO,desnutricion global,sobrepeso (s),2005-09-01,13,18,5,0,18,18,36
SAN PABLO DE LIPEZ,desnutricion global,sobrepeso (s),2005-09-01,3,0,2,0,5,0,5
SAN PEDRO,desnutricion global,sobrepeso (s),2005-09-01,40,27,10,5,50,32,82
SAN PEDRO DE BUENA VISTA,desnutricion global,sobrepeso (s),2005-09-01,9,12,8,4,17,16,33
SAN PEDRO DE CURAHUARA,desnutricion global,sobrepeso (s),2005-09-01,2,3,0,3,2,6,8
SAN PEDRO DE QUEMES,desnutricion global,sobrepeso (s),2005-09-01,1,0,0,0,1,0,1
SAN PEDRO DE TIQUINA,desnutricion global,sobrepeso (s),2005-09-01,1,3,0,0,1,3,4
SAN RAFAEL,desnutricion global,sobrepeso (s),2005-09-01,1,2,0,1,1,3,4
SAN RAMON,desnutricion global,sobrepeso (s),2005-09-01,18,9,4,3,22,12,34
SANTA ANA,desnutricion global,sobrepeso (s),2005-09-01,48,43,15,20,63,63,126
SANTA CRUZ DE LA SIERRA,desnutricion global,sobrepeso (s),2005-09-01,1794,1569,566,509,2360,2078,4438
SANTA ROSA,desnutricion global,sobrepeso (s),2005-09-01,4,4,2,3,6,7,13
SANTA ROSA DEL SARA,desnutricion global,sobrepeso (s),2005-09-01,18,20,11,8,29,28,57
SANTIAGO DE CALLAPA,desnutricion global,sobrepeso (s),2005-09-01,0,1,0,0,0,1,1
SANTIAGO DE HUARI,desnutricion global,sobrepeso (s),2005-09-01,3,2,1,1,4,3,7
SANTIAGO DE MACHACA,desnutricion global,sobrepeso (s),2005-09-01,1,2,0,0,1,2,3
SANTIVAÑES,desnutricion global,sobrepeso (s),2005-09-01,2,2,0,0,2,2,4
SANTUARIO DE QUILLACAS,desnutricion global,sobrepeso (s),2005-09-01,3,1,1,0,4,1,5
SAPAHAQUI,desnutricion global,sobrepeso (s),2005-09-01,0,1,0,0,0,1,1
SENA,desnutricion global,sobrepeso (s),2005-09-01,9,6,2,4,11,10,21
SICA SICA (VILLA AROMA),desnutricion global,sobrepeso (s),2005-09-01,4,4,1,2,5,6,11
SICAYA,desnutricion global,sobrepeso (s),2005-09-01,2,0,1,0,3,0,3
SIPE SIPE,desnutricion global,sobrepeso (s),2005-09-01,64,78,18,17,82,95,177
SOPACHUY,desnutricion global,sobrepeso (s),2005-09-01,7,5,0,0,7,5,12
SORACACHI,desnutricion global,sobrepeso (s),2005-09-01,6,7,2,3,8,10,18
SORATA,desnutricion global,sobrepeso (s),2005-09-01,8,6,3,5,11,11,22
SUCRE,desnutricion global,sobrepeso (s),2005-09-01,203,208,74,102,277,310,587
TACACHI,desnutricion global,sobrepeso (s),2005-09-01,0,1,0,0,0,1,1
TACACOMA,desnutricion global,sobrepeso (s),2005-09-01,2,4,1,1,3,5,8
TACOBAMBA,desnutricion global,sobrepeso (s),2005-09-01,10,11,0,1,10,12,22
TACOPAYA,desnutricion global,sobrepeso (s),2005-09-01,4,4,0,0,4,4,8
TAHUA,desnutricion global,sobrepeso (s),2005-09-01,2,0,0,0,2,0,2
TAPACARI,desnutricion global,sobrepeso (s),2005-09-01,7,6,0,1,7,7,14
TARABUCO,desnutricion global,sobrepeso (s),2005-09-01,13,26,7,3,20,29,49
TARACO,desnutricion global,sobrepeso (s),2005-09-01,1,1,0,0,1,1,2
TARATA,desnutricion global,sobrepeso (s),2005-09-01,8,9,2,0,10,9,19
TARIJA,desnutricion global,sobrepeso (s),2005-09-01,316,264,66,62,382,326,708
TARVITA,desnutricion global,sobrepeso (s),2005-09-01,7,5,4,0,11,5,16
TEOPONTE,desnutricion global,sobrepeso (s),2005-09-01,26,18,3,6,29,24,53
TIAWANACU,desnutricion global,sobrepeso (s),2005-09-01,2,8,1,1,3,9,12
TINGUIPAYA,desnutricion global,sobrepeso (s),2005-09-01,6,2,0,0,6,2,8
TIPUANI,desnutricion global,sobrepeso (s),2005-09-01,37,13,1,0,38,13,51
TIQUIPAYA,desnutricion global,sobrepeso (s),2005-09-01,33,16,3,0,36,16,52
TIRAQUE (CBBA),desnutricion global,sobrepeso (s),2005-09-01,43,70,12,14,55,84,139
TITO YUPANQUI (PARQUIPUJIO),desnutricion global,sobrepeso (s),2005-09-01,1,0,0,0,1,0,1
TOCO,desnutricion global,sobrepeso (s),2005-09-01,2,0,2,1,4,1,5
TOLATA,desnutricion global,sobrepeso (s),2005-09-01,3,2,1,1,4,3,7
TOLEDO,desnutricion global,sobrepeso (s),2005-09-01,1,2,2,3,3,5,8
TOMAVE,desnutricion global,sobrepeso (s),2005-09-01,4,2,0,0,4,2,6
TOMINA,desnutricion global,sobrepeso (s),2005-09-01,7,10,0,0,7,10,17
TORO TORO,desnutricion global,sobrepeso (s),2005-09-01,16,6,4,0,20,6,26
TOTORA(CBBA),desnutricion global,sobrepeso (s),2005-09-01,9,11,0,1,9,12,21
TOTORA(ORR),desnutricion global,sobrepeso (s),2005-09-01,1,0,0,0,1,0,1
TRIGAL,desnutricion global,sobrepeso (s),2005-09-01,2,2,1,1,3,3,6
TRINIDAD,desnutricion global,sobrepeso (s),2005-09-01,221,132,51,32,272,164,436
TUPIZA,desnutricion global,sobrepeso (s),2005-09-01,34,25,8,7,42,32,74
TURCO,desnutricion global,sobrepeso (s),2005-09-01,2,1,1,1,3,2,5
UMALA,desnutricion global,sobrepeso (s),2005-09-01,1,3,1,0,2,3,5
UNCIA,desnutricion global,sobrepeso (s),2005-09-01,11,9,5,2,16,11,27
URIONDO (A. CONCEPCION),desnutricion global,sobrepeso (s),2005-09-01,29,21,14,8,43,29,72
UYUNI,desnutricion global,sobrepeso (s),2005-09-01,25,17,3,3,28,20,48
VACAS,desnutricion global,sobrepeso (s),2005-09-01,7,3,1,3,8,6,14
VALLEGRANDE,desnutricion global,sobrepeso (s),2005-09-01,28,31,13,6,41,37,78
VIACHA,desnutricion global,sobrepeso (s),2005-09-01,33,29,13,3,46,32,78
VILA VILA,desnutricion global,sobrepeso (s),2005-09-01,3,2,1,0,4,2,6
VILLA MONTES,desnutricion global,sobrepeso (s),2005-09-01,41,33,7,6,48,39,87
VILLA NUEVA (LOMA ALTA),desnutricion global,sobrepeso (s),2005-09-01,2,0,0,0,2,0,2
VILLA RIVERO,desnutricion global,sobrepeso (s),2005-09-01,7,13,3,1,10,14,24
VILLA SERRANO,desnutricion global,sobrepeso (s),2005-09-01,14,13,5,2,19,15,34
VILLA TUNARI,desnutricion global,sobrepeso (s),2005-09-01,67,50,15,11,82,61,143
VILLA VACA GUZMAN (MUYUPAMPA),desnutricion global,sobrepeso (s),2005-09-01,23,22,7,1,30,23,53
VILLAZON,desnutricion global,sobrepeso (s),2005-09-01,34,36,9,4,43,40,83
VINTO,desnutricion global,sobrepeso (s),2005-09-01,26,14,4,8,30,22,52
VITICHI,desnutricion global,sobrepeso (s),2005-09-01,6,3,0,2,6,5,11
WARNES,desnutricion global,sobrepeso (s),2005-09-01,164,142,32,38,196,180,376
YACO,desnutricion global,sobrepeso (s),2005-09-01,0,2,0,0,0,2,2
YACUIBA,desnutricion global,sobrepeso (s),2005-09-01,112,100,28,23,140,123,263
YAMPARAEZ,desnutricion global,sobrepeso (s),2005-09-01,6,13,1,1,7,14,21
YANACACHI,desnutricion global,sobrepeso (s),2005-09-01,1,1,0,0,1,1,2
YAPACANI,desnutricion global,sobrepeso (s),2005-09-01,122,128,8,19,130,147,277
YOCALLA,desnutricion global,sobrepeso (s),2005-09-01,2,0,1,1,3,1,4
YOTALA,desnutricion global,sobrepeso (s),2005-09-01,16,11,8,5,24,16,40
YUNCHARA,desnutricion global,sobrepeso (s),2005-09-01,2,5,0,1,2,6,8
ZUDAÑEZ,desnutricion global,sobrepeso (s),2005-09-01,11,5,2,0,13,5,18
ACACIO,desnutricion global,sobrepeso (s),2005-10-01,1,3,0,0,1,3,4
ACHACACHI,desnutricion global,sobrepeso (s),2005-10-01,41,33,5,14,46,47,93
ACHOCALLA,desnutricion global,sobrepeso (s),2005-10-01,7,2,0,0,7,2,9
AIQUILE,desnutricion global,sobrepeso (s),2005-10-01,8,4,1,1,9,5,14
ALALAY,desnutricion global,sobrepeso (s),2005-10-01,2,0,0,0,2,0,2
ALCALA,desnutricion global,sobrepeso (s),2005-10-01,8,4,1,0,9,4,13
ANCORAIMES,desnutricion global,sobrepeso (s),2005-10-01,3,3,1,2,4,5,9
ANDAMARCA,desnutricion global,sobrepeso (s),2005-10-01,1,0,1,1,2,1,3
ANTEQUERA,desnutricion global,sobrepeso (s),2005-10-01,1,1,0,0,1,1,2
ANZALDO,desnutricion global,sobrepeso (s),2005-10-01,3,5,1,1,4,6,10
APOLO,desnutricion global,sobrepeso (s),2005-10-01,14,16,0,1,14,17,31
ARAMPAMPA,desnutricion global,sobrepeso (s),2005-10-01,6,1,1,0,7,1,8
ARANI,desnutricion global,sobrepeso (s),2005-10-01,5,9,0,1,5,10,15
ARBIETO,desnutricion global,sobrepeso (s),2005-10-01,6,3,0,0,6,3,9
ARQUE,desnutricion global,sobrepeso (s),2005-10-01,5,3,0,0,5,3,8
ASCENCION DE GUARAYOS,desnutricion global,sobrepeso (s),2005-10-01,30,53,17,14,47,67,114
ATOCHA,desnutricion global,sobrepeso (s),2005-10-01,13,7,2,3,15,10,25
AUCAPATA,desnutricion global,sobrepeso (s),2005-10-01,4,1,1,0,5,1,6
AYATA,desnutricion global,sobrepeso (s),2005-10-01,3,2,0,0,3,2,5
AYO AYO,desnutricion global,sobrepeso (s),2005-10-01,3,1,0,0,3,1,4
AYOPAYA (V. DE INDEPENDENCIA),desnutricion global,sobrepeso (s),2005-10-01,20,14,4,3,24,17,41
AZURDUY,desnutricion global,sobrepeso (s),2005-10-01,13,8,3,0,16,8,24
BATALLAS,desnutricion global,sobrepeso (s),2005-10-01,7,3,2,2,9,5,14
BAURES,desnutricion global,sobrepeso (s),2005-10-01,6,12,0,2,6,14,20
BELEN DE ANDAMARCA,desnutricion global,sobrepeso (s),2005-10-01,1,0,0,0,1,0,1
BELEN DE URMIRI,desnutricion global,sobrepeso (s),2005-10-01,3,2,0,0,3,2,5
BELLA FLOR,desnutricion global,sobrepeso (s),2005-10-01,2,1,0,0,2,1,3
BERMEJO,desnutricion global,sobrepeso (s),2005-10-01,12,12,1,2,13,14,27
BETANZOS,desnutricion global,sobrepeso (s),2005-10-01,15,19,8,1,23,20,43
BOLIVAR,desnutricion global,sobrepeso (s),2005-10-01,0,2,1,1,1,3,4
BOLPEBRA,desnutricion global,sobrepeso (s),2005-10-01,1,3,0,0,1,3,4
BOYUIBE,desnutricion global,sobrepeso (s),2005-10-01,6,0,3,2,9,2,11
BUENA VISTA,desnutricion global,sobrepeso (s),2005-10-01,66,42,25,25,91,67,158
CABEZAS,desnutricion global,sobrepeso (s),2005-10-01,34,36,13,5,47,41,88
CAIROMA,desnutricion global,sobrepeso (s),2005-10-01,7,6,1,2,8,8,16
"CAIZA ""D""",desnutricion global,sobrepeso (s),2005-10-01,6,6,1,0,7,6,13
CAJUATA,desnutricion global,sobrepeso (s),2005-10-01,41,25,5,4,46,29,75
CALACOTO,desnutricion global,sobrepeso (s),2005-10-01,2,0,0,0,2,0,2
CALAMARCA,desnutricion global,sobrepeso (s),2005-10-01,8,3,0,1,8,4,12
CAMARGO,desnutricion global,sobrepeso (s),2005-10-01,23,18,8,6,31,24,55
CAMATAQUI (C. VILLA ABECIA),desnutricion global,sobrepeso (s),2005-10-01,1,4,0,2,1,6,7
CAMIRI,desnutricion global,sobrepeso (s),2005-10-01,104,71,28,19,132,90,222
CAPINOTA,desnutricion global,sobrepeso (s),2005-10-01,2,2,1,1,3,3,6
CAQUIAVIRI,desnutricion global,sobrepeso (s),2005-10-01,7,1,3,0,10,1,11
CARACOLLO,desnutricion global,sobrepeso (s),2005-10-01,16,10,2,1,18,11,29
CARANAVI,desnutricion global,sobrepeso (s),2005-10-01,125,78,8,6,133,84,217
CARAPARI,desnutricion global,sobrepeso (s),2005-10-01,31,21,3,3,34,24,58
CARIPUYO,desnutricion global,sobrepeso (s),2005-10-01,3,2,0,2,3,4,7
CARMEN RIVERO TORREZ,desnutricion global,sobrepeso (s),2005-10-01,6,5,2,2,8,7,15
CHACARILLA,desnutricion global,sobrepeso (s),2005-10-01,1,0,0,0,1,0,1
CHALLAPATA,desnutricion global,sobrepeso (s),2005-10-01,14,13,1,1,15,14,29
CHAQUI,desnutricion global,sobrepeso (s),2005-10-01,7,8,0,0,7,8,15
CHARAGUA,desnutricion global,sobrepeso (s),2005-10-01,44,38,14,9,58,47,105
CHAYANTA,desnutricion global,sobrepeso (s),2005-10-01,6,4,2,1,8,5,13
CHIMORE,desnutricion global,sobrepeso (s),2005-10-01,7,8,1,1,8,9,17
CHIPAYA,desnutricion global,sobrepeso (s),2005-10-01,3,2,0,0,3,2,5
CHOQUE COTA,desnutricion global,sobrepeso (s),2005-10-01,0,1,0,0,0,1,1
CHULUMANI (V. DE LA LIBERTAD),desnutricion global,sobrepeso (s),2005-10-01,10,2,0,0,10,2,12
CHUMA,desnutricion global,sobrepeso (s),2005-10-01,3,5,1,0,4,5,9
CLIZA,desnutricion global,sobrepeso (s),2005-10-01,26,19,5,1,31,20,51
COBIJA,desnutricion global,sobrepeso (s),2005-10-01,60,61,10,13,70,74,144
COCHABAMBA,desnutricion global,sobrepeso (s),2005-10-01,449,291,101,54,550,345,895
COIPASA,desnutricion global,sobrepeso (s),2005-10-01,1,3,0,0,1,3,4
COLCAPIRHUA,desnutricion global,sobrepeso (s),2005-10-01,43,34,10,10,53,44,97
"COLCHA ""K""",desnutricion global,sobrepeso (s),2005-10-01,6,7,1,3,7,10,17
COLLANA,desnutricion global,sobrepeso (s),2005-10-01,6,0,1,0,7,0,7
COLOMI,desnutricion global,sobrepeso (s),2005-10-01,10,10,1,1,11,11,22
COLPA BELGICA,desnutricion global,sobrepeso (s),2005-10-01,15,5,6,7,21,12,33
COLQUECHACA,desnutricion global,sobrepeso (s),2005-10-01,14,7,1,0,15,7,22
COLQUENCHA,desnutricion global,sobrepeso (s),2005-10-01,7,3,0,0,7,3,10
COLQUIRI,desnutricion global,sobrepeso (s),2005-10-01,9,13,0,1,9,14,23
COMARAPA,desnutricion global,sobrepeso (s),2005-10-01,66,75,20,16,86,91,177
COMBAYA,desnutricion global,sobrepeso (s),2005-10-01,0,1,0,1,0,2,2
CONCEPCION,desnutricion global,sobrepeso (s),2005-10-01,1,0,1,0,2,0,2
COPACABANA,desnutricion global,sobrepeso (s),2005-10-01,9,11,3,0,12,11,23
CORIPATA,desnutricion global,sobrepeso (s),2005-10-01,25,21,8,8,33,29,62
CORO CORO,desnutricion global,sobrepeso (s),2005-10-01,3,4,0,1,3,5,8
COROICO,desnutricion global,sobrepeso (s),2005-10-01,4,2,0,0,4,2,6
CORQUE,desnutricion global,sobrepeso (s),2005-10-01,2,2,3,2,5,4,9
COTAGAITA,desnutricion global,sobrepeso (s),2005-10-01,9,6,5,2,14,8,22
COTOCA,desnutricion global,sobrepeso (s),2005-10-01,53,22,20,6,73,28,101
CUATRO CAÑADAS,desnutricion global,sobrepeso (s),2005-10-01,41,27,7,4,48,31,79
CUCHUMUELA (V. G. VILLARROEL),desnutricion global,sobrepeso (s),2005-10-01,1,0,0,0,1,0,1
CUEVO,desnutricion global,sobrepeso (s),2005-10-01,5,7,1,4,6,11,17
CULPINA,desnutricion global,sobrepeso (s),2005-10-01,17,16,1,0,18,16,34
CURAHUARA DE CARANGAS,desnutricion global,sobrepeso (s),2005-10-01,3,4,1,0,4,4,8
DESAGUADERO,desnutricion global,sobrepeso (s),2005-10-01,6,1,3,1,9,2,11
EL ALTO,desnutricion global,sobrepeso (s),2005-10-01,467,497,129,142,596,639,1235
EL CHORO,desnutricion global,sobrepeso (s),2005-10-01,3,2,0,0,3,2,5
EL PUENTE(STC),desnutricion global,sobrepeso (s),2005-10-01,43,15,6,1,49,16,65
EL PUENTE(TJA),desnutricion global,sobrepeso (s),2005-10-01,11,6,3,3,14,9,23
EL TORNO,desnutricion global,sobrepeso (s),2005-10-01,54,28,8,4,62,32,94
EL VILLAR,desnutricion global,sobrepeso (s),2005-10-01,10,8,3,0,13,8,21
ENTRE RIOS,desnutricion global,sobrepeso (s),2005-10-01,35,40,9,9,44,49,93
ENTRE RIOS,desnutricion global,sobrepeso (s),2005-10-01,36,29,3,5,39,34,73
EUCALIPTUS,desnutricion global,sobrepeso (s),2005-10-01,12,7,1,0,13,7,20
EXALTACION,desnutricion global,sobrepeso (s),2005-10-01,10,10,4,7,14,17,31
FERNANDEZ ALONSO,desnutricion global,sobrepeso (s),2005-10-01,58,37,4,17,62,54,116
FILADELFIA,desnutricion global,sobrepeso (s),2005-10-01,3,6,0,0,3,6,9
GENERAL SAAVEDRA,desnutricion global,sobrepeso (s),2005-10-01,34,33,5,7,39,40,79
GRAL. J.J. PEREZ (CHARAZANI),desnutricion global,sobrepeso (s),2005-10-01,7,12,0,0,7,12,19
GUANAY,desnutricion global,sobrepeso (s),2005-10-01,13,18,0,1,13,19,32
GUAQUI,desnutricion global,sobrepeso (s),2005-10-01,7,8,5,1,12,9,21
GUAYARAMERIN,desnutricion global,sobrepeso (s),2005-10-01,109,89,13,8,122,97,219
GUTIERREZ,desnutricion global,sobrepeso (s),2005-10-01,38,43,17,12,55,55,110
HUACARETA,desnutricion global,sobrepeso (s),2005-10-01,12,11,11,9,23,20,43
HUACAYA (VILLA DE HUACAYA),desnutricion global,sobrepeso (s),2005-10-01,7,3,5,1,12,4,16
HUACHACALLA,desnutricion global,sobrepeso (s),2005-10-01,1,0,0,0,1,0,1
HUANUNI,desnutricion global,sobrepeso (s),2005-10-01,25,21,4,0,29,21,50
HUARACAJE,desnutricion global,sobrepeso (s),2005-10-01,6,1,1,0,7,1,8
ICHOCA,desnutricion global,sobrepeso (s),2005-10-01,1,1,1,2,2,3,5
ICLA,desnutricion global,sobrepeso (s),2005-10-01,3,2,0,1,3,3,6
INCAHUASI,desnutricion global,sobrepeso (s),2005-10-01,15,13,1,1,16,14,30
INQUISIVI,desnutricion global,sobrepeso (s),2005-10-01,20,12,1,3,21,15,36
IRUPANA (VILLA DE LANZA),desnutricion global,sobrepeso (s),2005-10-01,14,14,4,5,18,19,37
IXIAMAS,desnutricion global,sobrepeso (s),2005-10-01,17,13,5,2,22,15,37
JESUS DE MACHACA,desnutricion global,sobrepeso (s),2005-10-01,4,4,2,0,6,4,10
LA ASUNTA,desnutricion global,sobrepeso (s),2005-10-01,18,12,0,0,18,12,30
LA GUARDIA,desnutricion global,sobrepeso (s),2005-10-01,73,47,18,8,91,55,146
LA PAZ,desnutricion global,sobrepeso (s),2005-10-01,551,507,195,205,746,712,1458
LAGUNILLAS,desnutricion global,sobrepeso (s),2005-10-01,21,20,10,15,31,35,66
LAJA,desnutricion global,sobrepeso (s),2005-10-01,10,7,6,2,16,9,25
LAS CARRERAS,desnutricion global,sobrepeso (s),2005-10-01,6,3,1,1,7,4,11
LLALLAGUA,desnutricion global,sobrepeso (s),2005-10-01,27,28,12,19,39,47,86
LLICA,desnutricion global,sobrepeso (s),2005-10-01,0,3,2,0,2,3,5
LORETO,desnutricion global,sobrepeso (s),2005-10-01,8,9,4,1,12,10,22
LURIBAY,desnutricion global,sobrepeso (s),2005-10-01,5,6,2,1,7,7,14
MACHACAMARCA,desnutricion global,sobrepeso (s),2005-10-01,5,5,0,1,5,6,11
MACHARETI,desnutricion global,sobrepeso (s),2005-10-01,23,26,9,13,32,39,71
MAGDALENA,desnutricion global,sobrepeso (s),2005-10-01,9,12,1,3,10,15,25
MAIRANA,desnutricion global,sobrepeso (s),2005-10-01,26,27,6,4,32,31,63
MALLA,desnutricion global,sobrepeso (s),2005-10-01,0,2,0,0,0,2,2
MAPIRI,desnutricion global,sobrepeso (s),2005-10-01,36,16,0,6,36,22,58
MECAPACA,desnutricion global,sobrepeso (s),2005-10-01,8,5,0,1,8,6,14
MINEROS,desnutricion global,sobrepeso (s),2005-10-01,54,28,15,15,69,43,112
MIZQUE,desnutricion global,sobrepeso (s),2005-10-01,16,13,1,3,17,16,33
MOCOMOCO,desnutricion global,sobrepeso (s),2005-10-01,9,9,1,1,10,10,20
MOJINETE,desnutricion global,sobrepeso (s),2005-10-01,0,0,1,0,1,0,1
MOJOCOYA,desnutricion global,sobrepeso (s),2005-10-01,7,3,3,2,10,5,15
MONTEAGUDO,desnutricion global,sobrepeso (s),2005-10-01,74,44,12,13,86,57,143
MONTERO,desnutricion global,sobrepeso (s),2005-10-01,300,262,99,73,399,335,734
MORO MORO,desnutricion global,sobrepeso (s),2005-10-01,6,4,2,1,8,5,13
MOROCHATA,desnutricion global,sobrepeso (s),2005-10-01,11,5,5,3,16,8,24
NACEBE (SANTA ROSA DEL ABUNA),desnutricion global,sobrepeso (s),2005-10-01,3,2,0,1,3,3,6
NUEVO MANOA (NUEVA ESPERANZA),desnutricion global,sobrepeso (s),2005-10-01,0,2,0,0,0,2,2
OCURI,desnutricion global,sobrepeso (s),2005-10-01,3,10,1,1,4,11,15
OKINAWA,desnutricion global,sobrepeso (s),2005-10-01,16,10,0,2,16,12,28
OMEREQUE,desnutricion global,sobrepeso (s),2005-10-01,11,6,2,3,13,9,22
ORURO,desnutricion global,sobrepeso (s),2005-10-01,164,194,59,34,223,228,451
PADCAYA,desnutricion global,sobrepeso (s),2005-10-01,33,17,8,17,41,34,75
PADILLA,desnutricion global,sobrepeso (s),2005-10-01,22,12,13,4,35,16,51
PALCA,desnutricion global,sobrepeso (s),2005-10-01,6,9,4,0,10,9,19
PALOS BLANCOS,desnutricion global,sobrepeso (s),2005-10-01,60,37,8,20,68,57,125
PAMPA AULLAGAS,desnutricion global,sobrepeso (s),2005-10-01,1,3,0,2,1,5,6
PAMPA GRANDE,desnutricion global,sobrepeso (s),2005-10-01,3,15,3,5,6,20,26
PAPEL PAMPA,desnutricion global,sobrepeso (s),2005-10-01,4,2,0,2,4,4,8
PASORAPA,desnutricion global,sobrepeso (s),2005-10-01,1,10,1,1,2,11,13
PATACAMAYA,desnutricion global,sobrepeso (s),2005-10-01,4,7,1,0,5,7,12
PAZÑA,desnutricion global,sobrepeso (s),2005-10-01,7,1,1,0,8,1,9
PELECHUCO,desnutricion global,sobrepeso (s),2005-10-01,4,3,0,0,4,3,7
POCOATA,desnutricion global,sobrepeso (s),2005-10-01,9,3,2,4,11,7,18
POCONA,desnutricion global,sobrepeso (s),2005-10-01,7,11,3,2,10,13,23
POJO (CBBA),desnutricion global,sobrepeso (s),2005-10-01,16,21,4,3,20,24,44
POOPO,desnutricion global,sobrepeso (s),2005-10-01,0,1,1,0,1,1,2
PORCO,desnutricion global,sobrepeso (s),2005-10-01,8,2,5,0,13,2,15
POROMA,desnutricion global,sobrepeso (s),2005-10-01,19,9,2,1,21,10,31
PORONGO,desnutricion global,sobrepeso (s),2005-10-01,5,5,0,0,5,5,10
PORTACHUELO,desnutricion global,sobrepeso (s),2005-10-01,91,62,30,13,121,75,196
PORVENIR,desnutricion global,sobrepeso (s),2005-10-01,10,0,3,0,13,0,13
POSTRER VALLE,desnutricion global,sobrepeso (s),2005-10-01,7,13,3,3,10,16,26
POTOSI,desnutricion global,sobrepeso (s),2005-10-01,72,64,7,9,79,73,152
PRESTO,desnutricion global,sobrepeso (s),2005-10-01,3,6,3,2,6,8,14
PUCARA,desnutricion global,sobrepeso (s),2005-10-01,5,4,1,0,6,4,10
PUCARANI,desnutricion global,sobrepeso (s),2005-10-01,33,36,8,10,41,46,87
PUERTO ACOSTA,desnutricion global,sobrepeso (s),2005-10-01,10,1,5,10,15,11,26
PUERTO CARABUCO,desnutricion global,sobrepeso (s),2005-10-01,10,12,1,1,11,13,24
PUERTO GONZALO MORENO,desnutricion global,sobrepeso (s),2005-10-01,3,3,0,0,3,3,6
PUERTO PEREZ,desnutricion global,sobrepeso (s),2005-10-01,3,1,1,1,4,2,6
PUERTO QUIJARRO,desnutricion global,sobrepeso (s),2005-10-01,19,18,3,3,22,21,43
PUERTO RICO,desnutricion global,sobrepeso (s),2005-10-01,19,20,4,8,23,28,51
PUERTO SILES,desnutricion global,sobrepeso (s),2005-10-01,4,0,0,1,4,1,5
PUERTO SUAREZ,desnutricion global,sobrepeso (s),2005-10-01,34,14,0,1,34,15,49
PUERTO VILLARROEL,desnutricion global,sobrepeso (s),2005-10-01,103,86,20,8,123,94,217
PUNA,desnutricion global,sobrepeso (s),2005-10-01,17,10,5,8,22,18,40
PUNATA,desnutricion global,sobrepeso (s),2005-10-01,5,6,2,1,7,7,14
QUIABAYA,desnutricion global,sobrepeso (s),2005-10-01,0,0,2,0,2,0,2
QUILLACOLLO,desnutricion global,sobrepeso (s),2005-10-01,57,38,24,22,81,60,141
QUIME,desnutricion global,sobrepeso (s),2005-10-01,0,4,1,1,1,5,6
QUIRUSILLAS,desnutricion global,sobrepeso (s),2005-10-01,8,1,2,0,10,1,11
RAVELO,desnutricion global,sobrepeso (s),2005-10-01,3,4,3,0,6,4,10
REYES,desnutricion global,sobrepeso (s),2005-10-01,30,32,11,6,41,38,79
RIBERALTA,desnutricion global,sobrepeso (s),2005-10-01,78,26,7,7,85,33,118
ROBORE,desnutricion global,sobrepeso (s),2005-10-01,3,1,1,0,4,1,5
RURRENABAQUE,desnutricion global,sobrepeso (s),2005-10-01,30,21,4,2,34,23,57
SABAYA,desnutricion global,sobrepeso (s),2005-10-01,5,2,1,0,6,2,8
SACABA,desnutricion global,sobrepeso (s),2005-10-01,46,35,6,1,52,36,88
SACACA,desnutricion global,sobrepeso (s),2005-10-01,0,3,1,1,1,4,5
SAIPINA,desnutricion global,sobrepeso (s),2005-10-01,44,43,17,16,61,59,120
SALINAS DE GARCI MENDOZA,desnutricion global,sobrepeso (s),2005-10-01,8,12,1,0,9,12,21
SAMAIPATA,desnutricion global,sobrepeso (s),2005-10-01,14,13,3,7,17,20,37
SAN AGUSTIN,desnutricion global,sobrepeso (s),2005-10-01,1,1,0,1,1,2,3
SAN ANDRES,desnutricion global,sobrepeso (s),2005-10-01,22,5,2,2,24,7,31
SAN ANDRES DE MACHACA,desnutricion global,sobrepeso (s),2005-10-01,4,0,0,1,4,1,5
SAN ANTONIO DE LOMERIO,desnutricion global,sobrepeso (s),2005-10-01,1,2,0,0,1,2,3
SAN BENITO,desnutricion global,sobrepeso (s),2005-10-01,3,2,0,0,3,2,5
SAN BORJA,desnutricion global,sobrepeso (s),2005-10-01,81,50,7,11,88,61,149
SAN BUENA VENTURA,desnutricion global,sobrepeso (s),2005-10-01,17,9,1,0,18,9,27
SAN CARLOS,desnutricion global,sobrepeso (s),2005-10-01,23,15,6,3,29,18,47
SAN IGNACIO,desnutricion global,sobrepeso (s),2005-10-01,30,10,6,2,36,12,48
SAN IGNACIO DE VELASCO,desnutricion global,sobrepeso (s),2005-10-01,81,49,13,5,94,54,148
SAN JAVIER(BNI),desnutricion global,sobrepeso (s),2005-10-01,7,9,0,0,7,9,16
SAN JAVIER(STC),desnutricion global,sobrepeso (s),2005-10-01,15,5,1,3,16,8,24
SAN JOAQUIN,desnutricion global,sobrepeso (s),2005-10-01,16,16,5,1,21,17,38
SAN JOSE DE CHIQUITOS,desnutricion global,sobrepeso (s),2005-10-01,1,1,0,0,1,1,2
SAN JUAN DE YAPACANI,desnutricion global,sobrepeso (s),2005-10-01,17,22,3,2,20,24,44
SAN JULIAN,desnutricion global,sobrepeso (s),2005-10-01,50,47,16,21,66,68,134
SAN LORENZO(PND),desnutricion global,sobrepeso (s),2005-10-01,20,14,19,11,39,25,64
SAN LORENZO(TJA),desnutricion global,sobrepeso (s),2005-10-01,15,9,5,5,20,14,34
SAN LUCAS,desnutricion global,sobrepeso (s),2005-10-01,18,13,0,1,18,14,32
SAN MIGUEL DE VELASCO,desnutricion global,sobrepeso (s),2005-10-01,27,16,6,4,33,20,53
SAN PABLO DE LIPEZ,desnutricion global,sobrepeso (s),2005-10-01,1,0,0,0,1,0,1
SAN PEDRO,desnutricion global,sobrepeso (s),2005-10-01,52,46,5,5,57,51,108
SAN PEDRO DE BUENA VISTA,desnutricion global,sobrepeso (s),2005-10-01,7,8,3,4,10,12,22
SAN PEDRO DE CURAHUARA,desnutricion global,sobrepeso (s),2005-10-01,5,2,0,3,5,5,10
SAN PEDRO DE TIQUINA,desnutricion global,sobrepeso (s),2005-10-01,5,5,0,0,5,5,10
SAN PEDRO(PND),desnutricion global,sobrepeso (s),2005-10-01,1,2,0,0,1,2,3
SAN RAFAEL,desnutricion global,sobrepeso (s),2005-10-01,7,4,3,2,10,6,16
SAN RAMON,desnutricion global,sobrepeso (s),2005-10-01,9,16,0,0,9,16,25
SANTA ANA,desnutricion global,sobrepeso (s),2005-10-01,63,44,14,14,77,58,135
SANTA CRUZ DE LA SIERRA,desnutricion global,sobrepeso (s),2005-10-01,1624,1300,468,424,2092,1724,3816
SANTA ROSA,desnutricion global,sobrepeso (s),2005-10-01,28,24,6,6,34,30,64
SANTA ROSA DEL SARA,desnutricion global,sobrepeso (s),2005-10-01,19,12,9,6,28,18,46
SANTIAGO DE CALLAPA,desnutricion global,sobrepeso (s),2005-10-01,1,2,0,1,1,3,4
SANTIAGO DE HUARI,desnutricion global,sobrepeso (s),2005-10-01,2,2,0,0,2,2,4
SANTIAGO DE MACHACA,desnutricion global,sobrepeso (s),2005-10-01,1,0,0,0,1,0,1
SANTIVAÑES,desnutricion global,sobrepeso (s),2005-10-01,1,1,0,0,1,1,2
SANTUARIO DE QUILLACAS,desnutricion global,sobrepeso (s),2005-10-01,1,2,0,0,1,2,3
SAPAHAQUI,desnutricion global,sobrepeso (s),2005-10-01,4,3,3,0,7,3,10
SENA,desnutricion global,sobrepeso (s),2005-10-01,3,3,1,1,4,4,8
SICA SICA (VILLA AROMA),desnutricion global,sobrepeso (s),2005-10-01,14,4,1,2,15,6,21
SICAYA,desnutricion global,sobrepeso (s),2005-10-01,4,1,0,0,4,1,5
SIPE SIPE,desnutricion global,sobrepeso (s),2005-10-01,68,108,48,6,116,114,230
SOPACHUY,desnutricion global,sobrepeso (s),2005-10-01,2,0,2,0,4,0,4
SORACACHI,desnutricion global,sobrepeso (s),2005-10-01,21,13,4,9,25,22,47
SORATA,desnutricion global,sobrepeso (s),2005-10-01,11,6,1,0,12,6,18
SUCRE,desnutricion global,sobrepeso (s),2005-10-01,195,175,59,46,254,221,475
TACACHI,desnutricion global,sobrepeso (s),2005-10-01,1,1,0,0,1,1,2
TACACOMA,desnutricion global,sobrepeso (s),2005-10-01,6,6,3,1,9,7,16
TACOPAYA,desnutricion global,sobrepeso (s),2005-10-01,16,11,2,1,18,12,30
TAHUA,desnutricion global,sobrepeso (s),2005-10-01,0,1,0,0,0,1,1
TAPACARI,desnutricion global,sobrepeso (s),2005-10-01,5,9,1,0,6,9,15
TARABUCO,desnutricion global,sobrepeso (s),2005-10-01,11,29,6,4,17,33,50
TARACO,desnutricion global,sobrepeso (s),2005-10-01,0,1,0,0,0,1,1
TARATA,desnutricion global,sobrepeso (s),2005-10-01,7,3,0,0,7,3,10
TARIJA,desnutricion global,sobrepeso (s),2005-10-01,320,244,66,43,386,287,673
TARVITA,desnutricion global,sobrepeso (s),2005-10-01,6,0,0,0,6,0,6
TEOPONTE,desnutricion global,sobrepeso (s),2005-10-01,24,14,11,9,35,23,58
TIAWANACU,desnutricion global,sobrepeso (s),2005-10-01,3,6,3,2,6,8,14
TINGUIPAYA,desnutricion global,sobrepeso (s),2005-10-01,4,5,1,0,5,5,10
TIPUANI,desnutricion global,sobrepeso (s),2005-10-01,20,15,1,0,21,15,36
TIQUIPAYA,desnutricion global,sobrepeso (s),2005-10-01,10,26,11,14,21,40,61
TIRAQUE (CBBA),desnutricion global,sobrepeso (s),2005-10-01,65,74,7,10,72,84,156
TITO YUPANQUI (PARQUIPUJIO),desnutricion global,sobrepeso (s),2005-10-01,1,1,0,0,1,1,2
TOCO,desnutricion global,sobrepeso (s),2005-10-01,1,0,6,5,7,5,12
TOLEDO,desnutricion global,sobrepeso (s),2005-10-01,6,6,0,0,6,6,12
TOMAVE,desnutricion global,sobrepeso (s),2005-10-01,4,1,0,0,4,1,5
TOMINA,desnutricion global,sobrepeso (s),2005-10-01,8,8,1,0,9,8,17
TORO TORO,desnutricion global,sobrepeso (s),2005-10-01,16,5,2,1,18,6,24
TOTORA(CBBA),desnutricion global,sobrepeso (s),2005-10-01,3,8,0,2,3,10,13
TRIGAL,desnutricion global,sobrepeso (s),2005-10-01,3,3,0,1,3,4,7
TRINIDAD,desnutricion global,sobrepeso (s),2005-10-01,169,138,41,24,210,162,372
TUPIZA,desnutricion global,sobrepeso (s),2005-10-01,42,33,8,11,50,44,94
TURCO,desnutricion global,sobrepeso (s),2005-10-01,5,1,0,0,5,1,6
UMALA,desnutricion global,sobrepeso (s),2005-10-01,1,1,0,1,1,2,3
UNCIA,desnutricion global,sobrepeso (s),2005-10-01,9,14,4,1,13,15,28
URIONDO (A. CONCEPCION),desnutricion global,sobrepeso (s),2005-10-01,41,26,6,8,47,34,81
URUBICHA,desnutricion global,sobrepeso (s),2005-10-01,6,10,3,1,9,11,20
UYUNI,desnutricion global,sobrepeso (s),2005-10-01,4,7,0,1,4,8,12
VACAS,desnutricion global,sobrepeso (s),2005-10-01,3,1,2,0,5,1,6
VALLEGRANDE,desnutricion global,sobrepeso (s),2005-10-01,25,28,11,13,36,41,77
VIACHA,desnutricion global,sobrepeso (s),2005-10-01,33,37,35,30,68,67,135
VILA VILA,desnutricion global,sobrepeso (s),2005-10-01,5,1,0,0,5,1,6
VILLA MONTES,desnutricion global,sobrepeso (s),2005-10-01,62,35,10,14,72,49,121
VILLA RIVERO,desnutricion global,sobrepeso (s),2005-10-01,6,5,2,0,8,5,13
VILLA SERRANO,desnutricion global,sobrepeso (s),2005-10-01,12,11,3,2,15,13,28
VILLA TUNARI,desnutricion global,sobrepeso (s),2005-10-01,101,72,34,28,135,100,235
VILLA VACA GUZMAN (MUYUPAMPA),desnutricion global,sobrepeso (s),2005-10-01,32,23,7,4,39,27,66
VILLAZON,desnutricion global,sobrepeso (s),2005-10-01,41,34,10,3,51,37,88
VINTO,desnutricion global,sobrepeso (s),2005-10-01,19,13,1,1,20,14,34
VITICHI,desnutricion global,sobrepeso (s),2005-10-01,3,3,0,0,3,3,6
WALDO BALLIVIAN,desnutricion global,sobrepeso (s),2005-10-01,0,1,0,0,0,1,1
WARNES,desnutricion global,sobrepeso (s),2005-10-01,116,85,17,18,133,103,236
YACO,desnutricion global,sobrepeso (s),2005-10-01,1,0,0,0,1,0,1
YACUIBA,desnutricion global,sobrepeso (s),2005-10-01,71,61,13,14,84,75,159
YAMPARAEZ,desnutricion global,sobrepeso (s),2005-10-01,14,7,3,1,17,8,25
YANACACHI,desnutricion global,sobrepeso (s),2005-10-01,1,0,0,0,1,0,1
YAPACANI,desnutricion global,sobrepeso (s),2005-10-01,137,125,17,24,154,149,303
YOCALLA,desnutricion global,sobrepeso (s),2005-10-01,1,3,0,0,1,3,4
YOTALA,desnutricion global,sobrepeso (s),2005-10-01,13,24,9,5,22,29,51
YUNCHARA,desnutricion global,sobrepeso (s),2005-10-01,4,3,2,1,6,4,10
ZUDAÑEZ,desnutricion global,sobrepeso (s),2005-10-01,11,4,3,0,14,4,18
ACACIO,desnutricion global,sobrepeso (s),2005-11-01,6,3,0,2,6,5,11
ACHACACHI,desnutricion global,sobrepeso (s),2005-11-01,28,19,6,10,34,29,63
ACHOCALLA,desnutricion global,sobrepeso (s),2005-11-01,4,1,1,0,5,1,6
AIQUILE,desnutricion global,sobrepeso (s),2005-11-01,9,9,1,2,10,11,21
ALALAY,desnutricion global,sobrepeso (s),2005-11-01,4,1,0,0,4,1,5
ALCALA,desnutricion global,sobrepeso (s),2005-11-01,4,4,0,0,4,4,8
ANCORAIMES,desnutricion global,sobrepeso (s),2005-11-01,3,2,1,1,4,3,7
ANDAMARCA,desnutricion global,sobrepeso (s),2005-11-01,2,0,0,0,2,0,2
ANTEQUERA,desnutricion global,sobrepeso (s),2005-11-01,1,3,0,0,1,3,4
ANZALDO,desnutricion global,sobrepeso (s),2005-11-01,5,3,0,0,5,3,8
APOLO,desnutricion global,sobrepeso (s),2005-11-01,14,14,2,1,16,15,31
ARAMPAMPA,desnutricion global,sobrepeso (s),2005-11-01,3,3,0,1,3,4,7
ARANI,desnutricion global,sobrepeso (s),2005-11-01,6,6,0,1,6,7,13
ARBIETO,desnutricion global,sobrepeso (s),2005-11-01,5,4,0,1,5,5,10
ARQUE,desnutricion global,sobrepeso (s),2005-11-01,5,5,0,0,5,5,10
ASCENCION DE GUARAYOS,desnutricion global,sobrepeso (s),2005-11-01,0,0,1,0,1,0,1
ATOCHA,desnutricion global,sobrepeso (s),2005-11-01,14,4,9,2,23,6,29
AUCAPATA,desnutricion global,sobrepeso (s),2005-11-01,2,0,1,0,3,0,3
AYATA,desnutricion global,sobrepeso (s),2005-11-01,3,2,2,0,5,2,7
AYO AYO,desnutricion global,sobrepeso (s),2005-11-01,5,5,1,0,6,5,11
AYOPAYA (V. DE INDEPENDENCIA),desnutricion global,sobrepeso (s),2005-11-01,17,16,7,2,24,18,42
AZURDUY,desnutricion global,sobrepeso (s),2005-11-01,8,9,5,1,13,10,23
BATALLAS,desnutricion global,sobrepeso (s),2005-11-01,7,6,0,1,7,7,14
BAURES,desnutricion global,sobrepeso (s),2005-11-01,3,10,0,3,3,13,16
BELEN DE ANDAMARCA,desnutricion global,sobrepeso (s),2005-11-01,0,1,0,0,0,1,1
BELEN DE URMIRI,desnutricion global,sobrepeso (s),2005-11-01,1,0,0,0,1,0,1
BELLA FLOR,desnutricion global,sobrepeso (s),2005-11-01,0,1,0,1,0,2,2
BERMEJO,desnutricion global,sobrepeso (s),2005-11-01,12,13,6,5,18,18,36
BETANZOS,desnutricion global,sobrepeso (s),2005-11-01,20,20,5,2,25,22,47
BOLIVAR,desnutricion global,sobrepeso (s),2005-11-01,1,2,0,0,1,2,3
BOLPEBRA,desnutricion global,sobrepeso (s),2005-11-01,12,4,0,0,12,4,16
BOYUIBE,desnutricion global,sobrepeso (s),2005-11-01,12,4,2,2,14,6,20
BUENA VISTA,desnutricion global,sobrepeso (s),2005-11-01,54,53,16,32,70,85,155
CABEZAS,desnutricion global,sobrepeso (s),2005-11-01,22,17,5,3,27,20,47
CAIROMA,desnutricion global,sobrepeso (s),2005-11-01,3,4,0,0,3,4,7
"CAIZA ""D""",desnutricion global,sobrepeso (s),2005-11-01,5,7,1,1,6,8,14
CAJUATA,desnutricion global,sobrepeso (s),2005-11-01,37,13,7,8,44,21,65
CALACOTO,desnutricion global,sobrepeso (s),2005-11-01,1,2,0,0,1,2,3
CALAMARCA,desnutricion global,sobrepeso (s),2005-11-01,7,6,1,1,8,7,15
CAMARGO,desnutricion global,sobrepeso (s),2005-11-01,11,15,1,1,12,16,28
CAMATAQUI (C. VILLA ABECIA),desnutricion global,sobrepeso (s),2005-11-01,2,3,0,0,2,3,5
CAMIRI,desnutricion global,sobrepeso (s),2005-11-01,104,92,44,30,148,122,270
CAPINOTA,desnutricion global,sobrepeso (s),2005-11-01,9,5,2,6,11,11,22
CAQUIAVIRI,desnutricion global,sobrepeso (s),2005-11-01,7,5,1,0,8,5,13
CARACOLLO,desnutricion global,sobrepeso (s),2005-11-01,10,5,2,0,12,5,17
CARANAVI,desnutricion global,sobrepeso (s),2005-11-01,124,76,10,15,134,91,225
CARAPARI,desnutricion global,sobrepeso (s),2005-11-01,14,14,10,6,24,20,44
CARIPUYO,desnutricion global,sobrepeso (s),2005-11-01,2,5,2,0,4,5,9
CHACARILLA,desnutricion global,sobrepeso (s),2005-11-01,1,0,0,1,1,1,2
CHALLAPATA,desnutricion global,sobrepeso (s),2005-11-01,12,9,0,0,12,9,21
CHAQUI,desnutricion global,sobrepeso (s),2005-11-01,6,8,2,2,8,10,18
CHARAGUA,desnutricion global,sobrepeso (s),2005-11-01,49,26,7,6,56,32,88
CHARAÑA,desnutricion global,sobrepeso (s),2005-11-01,0,2,0,0,0,2,2
CHAYANTA,desnutricion global,sobrepeso (s),2005-11-01,14,11,1,2,15,13,28
CHIMORE,desnutricion global,sobrepeso (s),2005-11-01,15,15,3,0,18,15,33
CHIPAYA,desnutricion global,sobrepeso (s),2005-11-01,3,4,0,0,3,4,7
CHULUMANI (V. DE LA LIBERTAD),desnutricion global,sobrepeso (s),2005-11-01,13,9,0,0,13,9,22
CHUMA,desnutricion global,sobrepeso (s),2005-11-01,4,4,0,0,4,4,8
CLIZA,desnutricion global,sobrepeso (s),2005-11-01,31,17,9,2,40,19,59
COBIJA,desnutricion global,sobrepeso (s),2005-11-01,68,73,13,12,81,85,166
COCHABAMBA,desnutricion global,sobrepeso (s),2005-11-01,387,352,79,72,466,424,890
COLCAPIRHUA,desnutricion global,sobrepeso (s),2005-11-01,36,36,3,5,39,41,80
"COLCHA ""K""",desnutricion global,sobrepeso (s),2005-11-01,9,5,3,1,12,6,18
COLLANA,desnutricion global,sobrepeso (s),2005-11-01,3,1,0,0,3,1,4
COLOMI,desnutricion global,sobrepeso (s),2005-11-01,17,8,1,0,18,8,26
COLPA BELGICA,desnutricion global,sobrepeso (s),2005-11-01,13,6,4,5,17,11,28
COLQUECHACA,desnutricion global,sobrepeso (s),2005-11-01,7,4,1,0,8,4,12
COLQUENCHA,desnutricion global,sobrepeso (s),2005-11-01,0,1,0,0,0,1,1
COLQUIRI,desnutricion global,sobrepeso (s),2005-11-01,5,10,5,7,10,17,27
COMANCHE,desnutricion global,sobrepeso (s),2005-11-01,0,1,0,0,0,1,1
COMARAPA,desnutricion global,sobrepeso (s),2005-11-01,79,55,19,22,98,77,175
COMBAYA,desnutricion global,sobrepeso (s),2005-11-01,1,0,1,0,2,0,2
CONCEPCION,desnutricion global,sobrepeso (s),2005-11-01,3,2,1,0,4,2,6
COPACABANA,desnutricion global,sobrepeso (s),2005-11-01,11,7,4,2,15,9,24
CORIPATA,desnutricion global,sobrepeso (s),2005-11-01,23,28,1,2,24,30,54
CORO CORO,desnutricion global,sobrepeso (s),2005-11-01,3,2,0,0,3,2,5
COROICO,desnutricion global,sobrepeso (s),2005-11-01,1,1,5,1,6,2,8
CORQUE,desnutricion global,sobrepeso (s),2005-11-01,1,9,4,1,5,10,15
COTAGAITA,desnutricion global,sobrepeso (s),2005-11-01,8,6,1,1,9,7,16
COTOCA,desnutricion global,sobrepeso (s),2005-11-01,50,30,12,7,62,37,99
CUATRO CAÑADAS,desnutricion global,sobrepeso (s),2005-11-01,30,28,3,3,33,31,64
CUEVO,desnutricion global,sobrepeso (s),2005-11-01,3,3,2,0,5,3,8
CULPINA,desnutricion global,sobrepeso (s),2005-11-01,15,16,2,3,17,19,36
CURAHUARA DE CARANGAS,desnutricion global,sobrepeso (s),2005-11-01,2,6,1,0,3,6,9
CURVA,desnutricion global,sobrepeso (s),2005-11-01,0,2,0,0,0,2,2
DESAGUADERO,desnutricion global,sobrepeso (s),2005-11-01,4,2,0,0,4,2,6
EL ALTO,desnutricion global,sobrepeso (s),2005-11-01,579,576,153,167,732,743,1475
EL CHORO,desnutricion global,sobrepeso (s),2005-11-01,1,1,0,0,1,1,2
EL PUENTE(STC),desnutricion global,sobrepeso (s),2005-11-01,31,14,4,2,35,16,51
EL PUENTE(TJA),desnutricion global,sobrepeso (s),2005-11-01,6,6,1,0,7,6,13
EL TORNO,desnutricion global,sobrepeso (s),2005-11-01,57,36,5,7,62,43,105
EL VILLAR,desnutricion global,sobrepeso (s),2005-11-01,7,9,5,1,12,10,22
ENTRE RIOS,desnutricion global,sobrepeso (s),2005-11-01,46,35,7,4,53,39,92
ENTRE RIOS,desnutricion global,sobrepeso (s),2005-11-01,50,42,8,4,58,46,104
EUCALIPTUS,desnutricion global,sobrepeso (s),2005-11-01,13,14,3,0,16,14,30
EUREKA (SANTOS MERCADO),desnutricion global,sobrepeso (s),2005-11-01,0,3,1,0,1,3,4
EXALTACION,desnutricion global,sobrepeso (s),2005-11-01,7,11,4,0,11,11,22
FERNANDEZ ALONSO,desnutricion global,sobrepeso (s),2005-11-01,48,19,4,10,52,29,81
FILADELFIA,desnutricion global,sobrepeso (s),2005-11-01,8,4,3,2,11,6,17
GENERAL SAAVEDRA,desnutricion global,sobrepeso (s),2005-11-01,37,29,15,20,52,49,101
GRAL. J.J. PEREZ (CHARAZANI),desnutricion global,sobrepeso (s),2005-11-01,11,9,9,5,20,14,34
GUANAY,desnutricion global,sobrepeso (s),2005-11-01,18,10,3,7,21,17,38
GUAQUI,desnutricion global,sobrepeso (s),2005-11-01,5,11,2,2,7,13,20
GUAYARAMERIN,desnutricion global,sobrepeso (s),2005-11-01,104,100,7,8,111,108,219
GUTIERREZ,desnutricion global,sobrepeso (s),2005-11-01,46,31,7,10,53,41,94
HUACARETA,desnutricion global,sobrepeso (s),2005-11-01,21,17,6,4,27,21,48
HUACAYA (VILLA DE HUACAYA),desnutricion global,sobrepeso (s),2005-11-01,9,9,2,1,11,10,21
HUACHACALLA,desnutricion global,sobrepeso (s),2005-11-01,0,1,0,0,0,1,1
HUANUNI,desnutricion global,sobrepeso (s),2005-11-01,18,38,2,1,20,39,59
HUARACAJE,desnutricion global,sobrepeso (s),2005-11-01,9,2,1,0,10,2,12
HUAYLLAMARCA,desnutricion global,sobrepeso (s),2005-11-01,3,1,1,0,4,1,5
ICHOCA,desnutricion global,sobrepeso (s),2005-11-01,3,6,0,0,3,6,9
ICLA,desnutricion global,sobrepeso (s),2005-11-01,4,0,0,0,4,0,4
INCAHUASI,desnutricion global,sobrepeso (s),2005-11-01,17,14,0,3,17,17,34
INQUISIVI,desnutricion global,sobrepeso (s),2005-11-01,10,6,0,0,10,6,16
IRUPANA (VILLA DE LANZA),desnutricion global,sobrepeso (s),2005-11-01,7,9,2,1,9,10,19
IXIAMAS,desnutricion global,sobrepeso (s),2005-11-01,10,12,2,3,12,15,27
JESUS DE MACHACA,desnutricion global,sobrepeso (s),2005-11-01,7,6,0,0,7,6,13
LA ASUNTA,desnutricion global,sobrepeso (s),2005-11-01,24,17,0,1,24,18,42
LA GUARDIA,desnutricion global,sobrepeso (s),2005-11-01,83,70,25,16,108,86,194
LA PAZ,desnutricion global,sobrepeso (s),2005-11-01,597,558,214,232,811,790,1601
LAGUNILLAS,desnutricion global,sobrepeso (s),2005-11-01,20,21,6,7,26,28,54
LAJA,desnutricion global,sobrepeso (s),2005-11-01,7,3,1,0,8,3,11
LAS CARRERAS,desnutricion global,sobrepeso (s),2005-11-01,7,3,1,1,8,4,12
LLALLAGUA,desnutricion global,sobrepeso (s),2005-11-01,38,48,15,13,53,61,114
LLICA,desnutricion global,sobrepeso (s),2005-11-01,4,3,1,1,5,4,9
LORETO,desnutricion global,sobrepeso (s),2005-11-01,4,5,1,1,5,6,11
LURIBAY,desnutricion global,sobrepeso (s),2005-11-01,8,5,0,0,8,5,13
MACHACAMARCA,desnutricion global,sobrepeso (s),2005-11-01,5,8,2,0,7,8,15
MACHARETI,desnutricion global,sobrepeso (s),2005-11-01,22,27,10,10,32,37,69
MAGDALENA,desnutricion global,sobrepeso (s),2005-11-01,15,15,3,3,18,18,36
MAIRANA,desnutricion global,sobrepeso (s),2005-11-01,26,29,5,3,31,32,63
MALLA,desnutricion global,sobrepeso (s),2005-11-01,2,3,0,0,2,3,5
MAPIRI,desnutricion global,sobrepeso (s),2005-11-01,25,24,4,4,29,28,57
MECAPACA,desnutricion global,sobrepeso (s),2005-11-01,13,5,0,1,13,6,19
MINEROS,desnutricion global,sobrepeso (s),2005-11-01,59,49,16,18,75,67,142
MIZQUE,desnutricion global,sobrepeso (s),2005-11-01,24,20,6,4,30,24,54
MOCOMOCO,desnutricion global,sobrepeso (s),2005-11-01,6,3,0,0,6,3,9
MOJINETE,desnutricion global,sobrepeso (s),2005-11-01,1,0,1,0,2,0,2
MOJOCOYA,desnutricion global,sobrepeso (s),2005-11-01,10,4,2,0,12,4,16
MONTEAGUDO,desnutricion global,sobrepeso (s),2005-11-01,71,58,16,18,87,76,163
MONTERO,desnutricion global,sobrepeso (s),2005-11-01,306,264,139,94,445,358,803
MORO MORO,desnutricion global,sobrepeso (s),2005-11-01,3,3,2,1,5,4,9
MOROCHATA,desnutricion global,sobrepeso (s),2005-11-01,17,19,0,0,17,19,36
NUEVO MANOA (NUEVA ESPERANZA),desnutricion global,sobrepeso (s),2005-11-01,1,0,0,0,1,0,1
OCURI,desnutricion global,sobrepeso (s),2005-11-01,12,5,2,2,14,7,21
OKINAWA,desnutricion global,sobrepeso (s),2005-11-01,10,14,6,1,16,15,31
OMEREQUE,desnutricion global,sobrepeso (s),2005-11-01,14,7,1,0,15,7,22
ORURO,desnutricion global,sobrepeso (s),2005-11-01,190,209,32,47,222,256,478
PADCAYA,desnutricion global,sobrepeso (s),2005-11-01,28,16,14,20,42,36,78
PADILLA,desnutricion global,sobrepeso (s),2005-11-01,15,7,8,5,23,12,35
PAILON,desnutricion global,sobrepeso (s),2005-11-01,2,0,0,0,2,0,2
PALCA,desnutricion global,sobrepeso (s),2005-11-01,7,5,2,1,9,6,15
PALOS BLANCOS,desnutricion global,sobrepeso (s),2005-11-01,60,49,8,7,68,56,124
PAMPA AULLAGAS,desnutricion global,sobrepeso (s),2005-11-01,0,3,0,0,0,3,3
PAMPA GRANDE,desnutricion global,sobrepeso (s),2005-11-01,13,7,4,0,17,7,24
PAPEL PAMPA,desnutricion global,sobrepeso (s),2005-11-01,1,3,0,0,1,3,4
PASORAPA,desnutricion global,sobrepeso (s),2005-11-01,6,8,0,0,6,8,14
PATACAMAYA,desnutricion global,sobrepeso (s),2005-11-01,14,7,0,1,14,8,22
PAZÑA,desnutricion global,sobrepeso (s),2005-11-01,9,5,0,3,9,8,17
PELECHUCO,desnutricion global,sobrepeso (s),2005-11-01,0,5,0,0,0,5,5
POCOATA,desnutricion global,sobrepeso (s),2005-11-01,13,4,1,1,14,5,19
POCONA,desnutricion global,sobrepeso (s),2005-11-01,12,9,4,3,16,12,28
POJO (CBBA),desnutricion global,sobrepeso (s),2005-11-01,24,26,6,3,30,29,59
POOPO,desnutricion global,sobrepeso (s),2005-11-01,3,6,1,0,4,6,10
PORCO,desnutricion global,sobrepeso (s),2005-11-01,6,11,2,2,8,13,21
POROMA,desnutricion global,sobrepeso (s),2005-11-01,25,14,1,0,26,14,40
PORONGO,desnutricion global,sobrepeso (s),2005-11-01,1,1,0,0,1,1,2
PORTACHUELO,desnutricion global,sobrepeso (s),2005-11-01,65,52,32,20,97,72,169
PORVENIR,desnutricion global,sobrepeso (s),2005-11-01,6,6,2,4,8,10,18
POSTRER VALLE,desnutricion global,sobrepeso (s),2005-11-01,8,7,1,0,9,7,16
POTOSI,desnutricion global,sobrepeso (s),2005-11-01,87,67,7,4,94,71,165
PRESTO,desnutricion global,sobrepeso (s),2005-11-01,5,1,0,4,5,5,10
PUCARA,desnutricion global,sobrepeso (s),2005-11-01,0,0,1,0,1,0,1
PUCARANI,desnutricion global,sobrepeso (s),2005-11-01,35,35,4,10,39,45,84
PUERTO ACOSTA,desnutricion global,sobrepeso (s),2005-11-01,10,3,1,1,11,4,15
PUERTO CARABUCO,desnutricion global,sobrepeso (s),2005-11-01,9,4,8,6,17,10,27
PUERTO GONZALO MORENO,desnutricion global,sobrepeso (s),2005-11-01,7,6,3,4,10,10,20
PUERTO PEREZ,desnutricion global,sobrepeso (s),2005-11-01,6,3,0,0,6,3,9
PUERTO RICO,desnutricion global,sobrepeso (s),2005-11-01,16,21,3,9,19,30,49
PUERTO SILES,desnutricion global,sobrepeso (s),2005-11-01,9,5,3,5,12,10,22
PUERTO SUAREZ,desnutricion global,sobrepeso (s),2005-11-01,21,38,15,5,36,43,79
PUERTO VILLARROEL,desnutricion global,sobrepeso (s),2005-11-01,67,41,18,18,85,59,144
PUNA,desnutricion global,sobrepeso (s),2005-11-01,22,12,6,2,28,14,42
PUNATA,desnutricion global,sobrepeso (s),2005-11-01,13,13,2,0,15,13,28
QUIABAYA,desnutricion global,sobrepeso (s),2005-11-01,0,0,1,0,1,0,1
QUILLACOLLO,desnutricion global,sobrepeso (s),2005-11-01,42,47,12,8,54,55,109
QUIME,desnutricion global,sobrepeso (s),2005-11-01,2,2,0,1,2,3,5
QUIRUSILLAS,desnutricion global,sobrepeso (s),2005-11-01,11,4,5,0,16,4,20
RAVELO,desnutricion global,sobrepeso (s),2005-11-01,6,3,0,1,6,4,10
REYES,desnutricion global,sobrepeso (s),2005-11-01,23,17,9,2,32,19,51
RIBERALTA,desnutricion global,sobrepeso (s),2005-11-01,69,24,8,4,77,28,105
ROBORE,desnutricion global,sobrepeso (s),2005-11-01,4,1,1,0,5,1,6
RURRENABAQUE,desnutricion global,sobrepeso (s),2005-11-01,27,12,1,2,28,14,42
SABAYA,desnutricion global,sobrepeso (s),2005-11-01,2,1,0,2,2,3,5
SACABA,desnutricion global,sobrepeso (s),2005-11-01,66,45,7,0,73,45,118
SACABAMBA,desnutricion global,sobrepeso (s),2005-11-01,1,1,0,0,1,1,2
SACACA,desnutricion global,sobrepeso (s),2005-11-01,1,9,1,0,2,9,11
SAIPINA,desnutricion global,sobrepeso (s),2005-11-01,31,28,12,6,43,34,77
SALINAS DE GARCI MENDOZA,desnutricion global,sobrepeso (s),2005-11-01,9,12,4,2,13,14,27
SAMAIPATA,desnutricion global,sobrepeso (s),2005-11-01,15,10,5,0,20,10,30
SAN AGUSTIN,desnutricion global,sobrepeso (s),2005-11-01,2,1,0,0,2,1,3
SAN ANDRES,desnutricion global,sobrepeso (s),2005-11-01,23,19,7,1,30,20,50
SAN ANDRES DE MACHACA,desnutricion global,sobrepeso (s),2005-11-01,2,2,1,2,3,4,7
SAN ANTONIO DE LOMERIO,desnutricion global,sobrepeso (s),2005-11-01,5,7,2,3,7,10,17
SAN BENITO,desnutricion global,sobrepeso (s),2005-11-01,5,3,1,0,6,3,9
SAN BORJA,desnutricion global,sobrepeso (s),2005-11-01,79,44,6,4,85,48,133
SAN BUENA VENTURA,desnutricion global,sobrepeso (s),2005-11-01,12,11,2,3,14,14,28
SAN CARLOS,desnutricion global,sobrepeso (s),2005-11-01,19,13,3,4,22,17,39
SAN IGNACIO,desnutricion global,sobrepeso (s),2005-11-01,28,19,9,4,37,23,60
SAN IGNACIO DE VELASCO,desnutricion global,sobrepeso (s),2005-11-01,91,52,6,13,97,65,162
SAN JAVIER(BNI),desnutricion global,sobrepeso (s),2005-11-01,12,15,0,0,12,15,27
SAN JAVIER(STC),desnutricion global,sobrepeso (s),2005-11-01,9,7,3,3,12,10,22
SAN JOAQUIN,desnutricion global,sobrepeso (s),2005-11-01,8,13,4,5,12,18,30
SAN JOSE DE CHIQUITOS,desnutricion global,sobrepeso (s),2005-11-01,1,0,0,0,1,0,1
SAN JUAN DE YAPACANI,desnutricion global,sobrepeso (s),2005-11-01,19,15,2,1,21,16,37
SAN JULIAN,desnutricion global,sobrepeso (s),2005-11-01,42,52,21,16,63,68,131
SAN LORENZO(PND),desnutricion global,sobrepeso (s),2005-11-01,5,3,0,0,5,3,8
SAN LORENZO(TJA),desnutricion global,sobrepeso (s),2005-11-01,23,15,5,2,28,17,45
SAN LUCAS,desnutricion global,sobrepeso (s),2005-11-01,19,22,4,0,23,22,45
SAN MIGUEL DE VELASCO,desnutricion global,sobrepeso (s),2005-11-01,11,5,2,1,13,6,19
SAN PABLO DE LIPEZ,desnutricion global,sobrepeso (s),2005-11-01,0,2,1,0,1,2,3
SAN PEDRO,desnutricion global,sobrepeso (s),2005-11-01,46,49,2,4,48,53,101
SAN PEDRO DE BUENA VISTA,desnutricion global,sobrepeso (s),2005-11-01,13,8,3,3,16,11,27
SAN PEDRO DE CURAHUARA,desnutricion global,sobrepeso (s),2005-11-01,6,1,0,1,6,2,8
SAN PEDRO DE TIQUINA,desnutricion global,sobrepeso (s),2005-11-01,3,3,2,0,5,3,8
SAN PEDRO(PND),desnutricion global,sobrepeso (s),2005-11-01,1,4,0,0,1,4,5
SAN RAFAEL,desnutricion global,sobrepeso (s),2005-11-01,5,9,3,3,8,12,20
SAN RAMON,desnutricion global,sobrepeso (s),2005-11-01,14,9,8,5,22,14,36
SAN RAMON,desnutricion global,sobrepeso (s),2005-11-01,6,9,1,0,7,9,16
SANTA ANA,desnutricion global,sobrepeso (s),2005-11-01,70,54,12,8,82,62,144
SANTA CRUZ DE LA SIERRA,desnutricion global,sobrepeso (s),2005-11-01,1970,1529,619,541,2589,2070,4659
SANTA ROSA,desnutricion global,sobrepeso (s),2005-11-01,41,32,10,8,51,40,91
SANTA ROSA DEL SARA,desnutricion global,sobrepeso (s),2005-11-01,19,20,10,8,29,28,57
SANTIAGO DE CALLAPA,desnutricion global,sobrepeso (s),2005-11-01,1,1,0,0,1,1,2
SANTIAGO DE HUARI,desnutricion global,sobrepeso (s),2005-11-01,3,2,0,0,3,2,5
SANTIAGO DE MACHACA,desnutricion global,sobrepeso (s),2005-11-01,1,0,0,0,1,0,1
SANTIVAÑES,desnutricion global,sobrepeso (s),2005-11-01,1,2,0,1,1,3,4
SANTUARIO DE QUILLACAS,desnutricion global,sobrepeso (s),2005-11-01,1,5,0,0,1,5,6
SAPAHAQUI,desnutricion global,sobrepeso (s),2005-11-01,12,0,0,0,12,0,12
SENA,desnutricion global,sobrepeso (s),2005-11-01,6,6,0,1,6,7,13
SICA SICA (VILLA AROMA),desnutricion global,sobrepeso (s),2005-11-01,7,9,1,0,8,9,17
SICAYA,desnutricion global,sobrepeso (s),2005-11-01,0,1,0,0,0,1,1
SIPE SIPE,desnutricion global,sobrepeso (s),2005-11-01,81,84,17,13,98,97,195
SOPACHUY,desnutricion global,sobrepeso (s),2005-11-01,9,7,0,0,9,7,16
SORACACHI,desnutricion global,sobrepeso (s),2005-11-01,18,11,4,3,22,14,36
SORATA,desnutricion global,sobrepeso (s),2005-11-01,19,9,0,1,19,10,29
SUCRE,desnutricion global,sobrepeso (s),2005-11-01,194,219,42,42,236,261,497
TACACHI,desnutricion global,sobrepeso (s),2005-11-01,2,0,0,0,2,0,2
TACACOMA,desnutricion global,sobrepeso (s),2005-11-01,10,4,4,4,14,8,22
TACOBAMBA,desnutricion global,sobrepeso (s),2005-11-01,25,17,4,4,29,21,50
TACOPAYA,desnutricion global,sobrepeso (s),2005-11-01,7,5,3,1,10,6,16
TAHUA,desnutricion global,sobrepeso (s),2005-11-01,3,0,0,0,3,0,3
TAPACARI,desnutricion global,sobrepeso (s),2005-11-01,3,5,3,2,6,7,13
TARABUCO,desnutricion global,sobrepeso (s),2005-11-01,13,27,3,3,16,30,46
TARACO,desnutricion global,sobrepeso (s),2005-11-01,0,1,0,0,0,1,1
TARATA,desnutricion global,sobrepeso (s),2005-11-01,5,8,0,0,5,8,13
TARIJA,desnutricion global,sobrepeso (s),2005-11-01,367,235,68,69,435,304,739
TARVITA,desnutricion global,sobrepeso (s),2005-11-01,7,4,2,0,9,4,13
TEOPONTE,desnutricion global,sobrepeso (s),2005-11-01,23,26,16,16,39,42,81
TIAWANACU,desnutricion global,sobrepeso (s),2005-11-01,5,4,0,0,5,4,9
TINGUIPAYA,desnutricion global,sobrepeso (s),2005-11-01,7,4,0,0,7,4,11
TIPUANI,desnutricion global,sobrepeso (s),2005-11-01,34,13,7,0,41,13,54
TIQUIPAYA,desnutricion global,sobrepeso (s),2005-11-01,11,16,0,2,11,18,29
TIRAQUE (CBBA),desnutricion global,sobrepeso (s),2005-11-01,82,71,18,10,100,81,181
TITO YUPANQUI (PARQUIPUJIO),desnutricion global,sobrepeso (s),2005-11-01,1,0,0,0,1,0,1
TOCO,desnutricion global,sobrepeso (s),2005-11-01,2,0,2,1,4,1,5
TOLATA,desnutricion global,sobrepeso (s),2005-11-01,0,1,0,0,0,1,1
TOLEDO,desnutricion global,sobrepeso (s),2005-11-01,1,3,2,0,3,3,6
TOMAVE,desnutricion global,sobrepeso (s),2005-11-01,6,7,0,0,6,7,13
TOMINA,desnutricion global,sobrepeso (s),2005-11-01,5,14,2,1,7,15,22
TORO TORO,desnutricion global,sobrepeso (s),2005-11-01,10,6,1,0,11,6,17
TOTORA(CBBA),desnutricion global,sobrepeso (s),2005-11-01,10,7,1,1,11,8,19
TOTORA(ORR),desnutricion global,sobrepeso (s),2005-11-01,3,1,0,0,3,1,4
TRIGAL,desnutricion global,sobrepeso (s),2005-11-01,4,3,0,0,4,3,7
TRINIDAD,desnutricion global,sobrepeso (s),2005-11-01,188,146,35,25,223,171,394
TUPIZA,desnutricion global,sobrepeso (s),2005-11-01,48,37,9,5,57,42,99
TURCO,desnutricion global,sobrepeso (s),2005-11-01,8,0,2,1,10,1,11
UMALA,desnutricion global,sobrepeso (s),2005-11-01,0,3,0,0,0,3,3
UNCIA,desnutricion global,sobrepeso (s),2005-11-01,6,6,5,4,11,10,21
URIONDO (A. CONCEPCION),desnutricion global,sobrepeso (s),2005-11-01,37,27,6,3,43,30,73
UYUNI,desnutricion global,sobrepeso (s),2005-11-01,60,29,8,3,68,32,100
VACAS,desnutricion global,sobrepeso (s),2005-11-01,2,4,2,0,4,4,8
VALLEGRANDE,desnutricion global,sobrepeso (s),2005-11-01,38,29,10,4,48,33,81
VIACHA,desnutricion global,sobrepeso (s),2005-11-01,23,21,2,5,25,26,51
VILA VILA,desnutricion global,sobrepeso (s),2005-11-01,2,1,1,0,3,1,4
VILLA MONTES,desnutricion global,sobrepeso (s),2005-11-01,74,54,7,10,81,64,145
VILLA NUEVA (LOMA ALTA),desnutricion global,sobrepeso (s),2005-11-01,2,2,0,0,2,2,4
VILLA RIVERO,desnutricion global,sobrepeso (s),2005-11-01,5,8,0,0,5,8,13
VILLA SERRANO,desnutricion global,sobrepeso (s),2005-11-01,16,10,5,4,21,14,35
VILLA TUNARI,desnutricion global,sobrepeso (s),2005-11-01,54,43,18,17,72,60,132
VILLA VACA GUZMAN (MUYUPAMPA),desnutricion global,sobrepeso (s),2005-11-01,25,25,5,2,30,27,57
VILLAZON,desnutricion global,sobrepeso (s),2005-11-01,58,46,19,19,77,65,142
VINTO,desnutricion global,sobrepeso (s),2005-11-01,8,3,7,1,15,4,19
VITICHI,desnutricion global,sobrepeso (s),2005-11-01,4,7,0,1,4,8,12
WALDO BALLIVIAN,desnutricion global,sobrepeso (s),2005-11-01,2,1,0,0,2,1,3
WARNES,desnutricion global,sobrepeso (s),2005-11-01,117,112,29,13,146,125,271
YACO,desnutricion global,sobrepeso (s),2005-11-01,1,1,1,0,2,1,3
YACUIBA,desnutricion global,sobrepeso (s),2005-11-01,88,88,28,20,116,108,224
YAMPARAEZ,desnutricion global,sobrepeso (s),2005-11-01,10,10,2,3,12,13,25
YANACACHI,desnutricion global,sobrepeso (s),2005-11-01,1,1,1,0,2,1,3
YAPACANI,desnutricion global,sobrepeso (s),2005-11-01,117,122,13,16,130,138,268
YOCALLA,desnutricion global,sobrepeso (s),2005-11-01,2,0,0,0,2,0,2
YOTALA,desnutricion global,sobrepeso (s),2005-11-01,17,17,7,7,24,24,48
YUNCHARA,desnutricion global,sobrepeso (s),2005-11-01,3,3,0,0,3,3,6
ZUDAÑEZ,desnutricion global,sobrepeso (s),2005-11-01,7,2,1,0,8,2,10
ACACIO,desnutricion global,sobrepeso (s),2005-12-01,4,0,0,0,4,0,4
ACHACACHI,desnutricion global,sobrepeso (s),2005-12-01,21,13,10,5,31,18,49
ACHOCALLA,desnutricion global,sobrepeso (s),2005-12-01,4,1,0,0,4,1,5
AIQUILE,desnutricion global,sobrepeso (s),2005-12-01,1,3,0,0,1,3,4
ALALAY,desnutricion global,sobrepeso (s),2005-12-01,3,0,0,0,3,0,3
ALCALA,desnutricion global,sobrepeso (s),2005-12-01,6,3,0,0,6,3,9
ANTEQUERA,desnutricion global,sobrepeso (s),2005-12-01,4,3,0,2,4,5,9
APOLO,desnutricion global,sobrepeso (s),2005-12-01,8,13,1,2,9,15,24
ARAMPAMPA,desnutricion global,sobrepeso (s),2005-12-01,1,1,0,0,1,1,2
ARANI,desnutricion global,sobrepeso (s),2005-12-01,3,3,0,0,3,3,6
ARBIETO,desnutricion global,sobrepeso (s),2005-12-01,0,1,0,0,0,1,1
ARQUE,desnutricion global,sobrepeso (s),2005-12-01,2,0,0,0,2,0,2
ATOCHA,desnutricion global,sobrepeso (s),2005-12-01,11,5,3,2,14,7,21
AUCAPATA,desnutricion global,sobrepeso (s),2005-12-01,5,4,1,1,6,5,11
AYATA,desnutricion global,sobrepeso (s),2005-12-01,3,3,0,0,3,3,6
AYO AYO,desnutricion global,sobrepeso (s),2005-12-01,1,0,0,0,1,0,1
AYOPAYA (V. DE INDEPENDENCIA),desnutricion global,sobrepeso (s),2005-12-01,16,12,1,2,17,14,31
AZURDUY,desnutricion global,sobrepeso (s),2005-12-01,10,6,3,0,13,6,19
BATALLAS,desnutricion global,sobrepeso (s),2005-12-01,5,2,2,0,7,2,9
BAURES,desnutricion global,sobrepeso (s),2005-12-01,4,8,0,2,4,10,14
BELEN DE URMIRI,desnutricion global,sobrepeso (s),2005-12-01,0,3,0,0,0,3,3
BELLA FLOR,desnutricion global,sobrepeso (s),2005-12-01,4,8,0,0,4,8,12
BERMEJO,desnutricion global,sobrepeso (s),2005-12-01,1,9,2,3,3,12,15
BETANZOS,desnutricion global,sobrepeso (s),2005-12-01,13,7,2,1,15,8,23
BOLIVAR,desnutricion global,sobrepeso (s),2005-12-01,1,1,0,0,1,1,2
BOLPEBRA,desnutricion global,sobrepeso (s),2005-12-01,0,1,0,0,0,1,1
BOYUIBE,desnutricion global,sobrepeso (s),2005-12-01,5,4,0,0,5,4,9
BUENA VISTA,desnutricion global,sobrepeso (s),2005-12-01,25,20,9,18,34,38,72
CABEZAS,desnutricion global,sobrepeso (s),2005-12-01,3,1,2,1,5,2,7
CAIROMA,desnutricion global,sobrepeso (s),2005-12-01,4,2,1,1,5,3,8
"CAIZA ""D""",desnutricion global,sobrepeso (s),2005-12-01,3,5,1,1,4,6,10
CAJUATA,desnutricion global,sobrepeso (s),2005-12-01,11,8,0,0,11,8,19
CALACOTO,desnutricion global,sobrepeso (s),2005-12-01,1,0,0,0,1,0,1
CALAMARCA,desnutricion global,sobrepeso (s),2005-12-01,7,6,0,2,7,8,15
CAMARGO,desnutricion global,sobrepeso (s),2005-12-01,17,14,3,4,20,18,38
CAMATAQUI (C. VILLA ABECIA),desnutricion global,sobrepeso (s),2005-12-01,7,2,0,0,7,2,9
CAMIRI,desnutricion global,sobrepeso (s),2005-12-01,81,59,44,40,125,99,224
CAPINOTA,desnutricion global,sobrepeso (s),2005-12-01,3,2,4,2,7,4,11
CAQUIAVIRI,desnutricion global,sobrepeso (s),2005-12-01,8,4,0,0,8,4,12
CARACOLLO,desnutricion global,sobrepeso (s),2005-12-01,7,6,2,2,9,8,17
CARANAVI,desnutricion global,sobrepeso (s),2005-12-01,78,46,4,5,82,51,133
CARANGAS,desnutricion global,sobrepeso (s),2005-12-01,0,1,0,0,0,1,1
CARAPARI,desnutricion global,sobrepeso (s),2005-12-01,18,24,3,1,21,25,46
CARIPUYO,desnutricion global,sobrepeso (s),2005-12-01,3,0,1,0,4,0,4
CHACARILLA,desnutricion global,sobrepeso (s),2005-12-01,1,1,1,1,2,2,4
CHALLAPATA,desnutricion global,sobrepeso (s),2005-12-01,8,6,1,0,9,6,15
CHAQUI,desnutricion global,sobrepeso (s),2005-12-01,3,7,1,0,4,7,11
CHARAGUA,desnutricion global,sobrepeso (s),2005-12-01,26,24,8,4,34,28,62
CHARAÑA,desnutricion global,sobrepeso (s),2005-12-01,3,0,2,1,5,1,6
CHAYANTA,desnutricion global,sobrepeso (s),2005-12-01,57,11,0,1,57,12,69
CHIMORE,desnutricion global,sobrepeso (s),2005-12-01,23,15,4,1,27,16,43
CHIPAYA,desnutricion global,sobrepeso (s),2005-12-01,2,1,0,0,2,1,3
CHOQUE COTA,desnutricion global,sobrepeso (s),2005-12-01,1,1,0,0,1,1,2
CHULUMANI (V. DE LA LIBERTAD),desnutricion global,sobrepeso (s),2005-12-01,11,5,2,3,13,8,21
CHUMA,desnutricion global,sobrepeso (s),2005-12-01,5,5,3,0,8,5,13
CLIZA,desnutricion global,sobrepeso (s),2005-12-01,25,13,9,3,34,16,50
COBIJA,desnutricion global,sobrepeso (s),2005-12-01,91,58,7,12,98,70,168
COCHABAMBA,desnutricion global,sobrepeso (s),2005-12-01,464,261,77,55,541,316,857
COLCAPIRHUA,desnutricion global,sobrepeso (s),2005-12-01,37,47,11,10,48,57,105
"COLCHA ""K""",desnutricion global,sobrepeso (s),2005-12-01,9,4,3,5,12,9,21
COLLANA,desnutricion global,sobrepeso (s),2005-12-01,4,2,0,0,4,2,6
COLOMI,desnutricion global,sobrepeso (s),2005-12-01,12,11,0,0,12,11,23
COLPA BELGICA,desnutricion global,sobrepeso (s),2005-12-01,16,6,0,4,16,10,26
COLQUECHACA,desnutricion global,sobrepeso (s),2005-12-01,2,3,2,3,4,6,10
COLQUENCHA,desnutricion global,sobrepeso (s),2005-12-01,7,1,2,0,9,1,10
COLQUIRI,desnutricion global,sobrepeso (s),2005-12-01,17,19,1,2,18,21,39
COMANCHE,desnutricion global,sobrepeso (s),2005-12-01,1,1,0,0,1,1,2
COMARAPA,desnutricion global,sobrepeso (s),2005-12-01,52,55,14,13,66,68,134
COMBAYA,desnutricion global,sobrepeso (s),2005-12-01,0,2,0,1,0,3,3
CONCEPCION,desnutricion global,sobrepeso (s),2005-12-01,4,2,7,8,11,10,21
COPACABANA,desnutricion global,sobrepeso (s),2005-12-01,10,2,2,1,12,3,15
CORIPATA,desnutricion global,sobrepeso (s),2005-12-01,12,7,1,0,13,7,20
CORO CORO,desnutricion global,sobrepeso (s),2005-12-01,3,2,1,1,4,3,7
COROICO,desnutricion global,sobrepeso (s),2005-12-01,0,1,1,3,1,4,5
CORQUE,desnutricion global,sobrepeso (s),2005-12-01,2,2,1,0,3,2,5
COTAGAITA,desnutricion global,sobrepeso (s),2005-12-01,12,5,5,2,17,7,24
COTOCA,desnutricion global,sobrepeso (s),2005-12-01,48,31,9,4,57,35,92
CUATRO CAÑADAS,desnutricion global,sobrepeso (s),2005-12-01,25,7,2,3,27,10,37
CUEVO,desnutricion global,sobrepeso (s),2005-12-01,2,7,1,0,3,7,10
CULPINA,desnutricion global,sobrepeso (s),2005-12-01,19,10,2,1,21,11,32
CURAHUARA DE CARANGAS,desnutricion global,sobrepeso (s),2005-12-01,2,5,0,0,2,5,7
CURVA,desnutricion global,sobrepeso (s),2005-12-01,2,4,0,0,2,4,6
DESAGUADERO,desnutricion global,sobrepeso (s),2005-12-01,2,0,0,0,2,0,2
EL ALTO,desnutricion global,sobrepeso (s),2005-12-01,359,337,86,98,445,435,880
EL CHORO,desnutricion global,sobrepeso (s),2005-12-01,2,2,0,0,2,2,4
EL PUENTE(TJA),desnutricion global,sobrepeso (s),2005-12-01,9,6,0,0,9,6,15
EL TORNO,desnutricion global,sobrepeso (s),2005-12-01,63,31,10,6,73,37,110
EL VILLAR,desnutricion global,sobrepeso (s),2005-12-01,9,4,4,1,13,5,18
ENTRE RIOS,desnutricion global,sobrepeso (s),2005-12-01,30,34,11,11,41,45,86
ENTRE RIOS,desnutricion global,sobrepeso (s),2005-12-01,37,37,4,5,41,42,83
EUCALIPTUS,desnutricion global,sobrepeso (s),2005-12-01,1,2,0,0,1,2,3
EXALTACION,desnutricion global,sobrepeso (s),2005-12-01,4,2,3,2,7,4,11
FERNANDEZ ALONSO,desnutricion global,sobrepeso (s),2005-12-01,29,25,3,7,32,32,64
FILADELFIA,desnutricion global,sobrepeso (s),2005-12-01,10,8,5,2,15,10,25
GENERAL SAAVEDRA,desnutricion global,sobrepeso (s),2005-12-01,23,22,11,8,34,30,64
GRAL. J.J. PEREZ (CHARAZANI),desnutricion global,sobrepeso (s),2005-12-01,9,4,1,0,10,4,14
GUANAY,desnutricion global,sobrepeso (s),2005-12-01,13,9,3,32,16,41,57
GUAQUI,desnutricion global,sobrepeso (s),2005-12-01,0,0,0,1,0,1,1
GUAYARAMERIN,desnutricion global,sobrepeso (s),2005-12-01,74,67,6,4,80,71,151
GUTIERREZ,desnutricion global,sobrepeso (s),2005-12-01,32,27,13,15,45,42,87
HUACARETA,desnutricion global,sobrepeso (s),2005-12-01,17,11,4,6,21,17,38
HUACAYA (VILLA DE HUACAYA),desnutricion global,sobrepeso (s),2005-12-01,11,6,2,0,13,6,19
HUACHACALLA,desnutricion global,sobrepeso (s),2005-12-01,0,1,0,0,0,1,1
HUANUNI,desnutricion global,sobrepeso (s),2005-12-01,29,22,1,1,30,23,53
HUARACAJE,desnutricion global,sobrepeso (s),2005-12-01,7,4,0,2,7,6,13
ICHOCA,desnutricion global,sobrepeso (s),2005-12-01,2,0,0,1,2,1,3
ICLA,desnutricion global,sobrepeso (s),2005-12-01,4,2,0,0,4,2,6
INCAHUASI,desnutricion global,sobrepeso (s),2005-12-01,17,12,3,3,20,15,35
INGAVI (HUMAITA),desnutricion global,sobrepeso (s),2005-12-01,1,5,1,1,2,6,8
INQUISIVI,desnutricion global,sobrepeso (s),2005-12-01,5,6,1,1,6,7,13
IRUPANA (VILLA DE LANZA),desnutricion global,sobrepeso (s),2005-12-01,1,6,3,0,4,6,10
IXIAMAS,desnutricion global,sobrepeso (s),2005-12-01,11,9,2,0,13,9,22
JESUS DE MACHACA,desnutricion global,sobrepeso (s),2005-12-01,6,1,0,0,6,1,7
LA ASUNTA,desnutricion global,sobrepeso (s),2005-12-01,13,8,1,0,14,8,22
LA GUARDIA,desnutricion global,sobrepeso (s),2005-12-01,64,43,44,6,108,49,157
LA PAZ,desnutricion global,sobrepeso (s),2005-12-01,372,320,99,118,471,438,909
LAGUNILLAS,desnutricion global,sobrepeso (s),2005-12-01,20,13,1,5,21,18,39
LAJA,desnutricion global,sobrepeso (s),2005-12-01,5,5,1,1,6,6,12
LAS CARRERAS,desnutricion global,sobrepeso (s),2005-12-01,5,2,1,0,6,2,8
LLALLAGUA,desnutricion global,sobrepeso (s),2005-12-01,39,45,6,10,45,55,100
LLICA,desnutricion global,sobrepeso (s),2005-12-01,5,5,4,1,9,6,15
LORETO,desnutricion global,sobrepeso (s),2005-12-01,6,7,3,1,9,8,17
LURIBAY,desnutricion global,sobrepeso (s),2005-12-01,8,7,0,0,8,7,15
MACHACAMARCA,desnutricion global,sobrepeso (s),2005-12-01,2,5,1,0,3,5,8
MACHARETI,desnutricion global,sobrepeso (s),2005-12-01,23,23,9,10,32,33,65
MAGDALENA,desnutricion global,sobrepeso (s),2005-12-01,5,5,1,2,6,7,13
MAIRANA,desnutricion global,sobrepeso (s),2005-12-01,19,16,3,2,22,18,40
MALLA,desnutricion global,sobrepeso (s),2005-12-01,3,3,0,1,3,4,7
MAPIRI,desnutricion global,sobrepeso (s),2005-12-01,18,11,3,1,21,12,33
MECAPACA,desnutricion global,sobrepeso (s),2005-12-01,6,5,1,0,7,5,12
MINEROS,desnutricion global,sobrepeso (s),2005-12-01,49,35,18,13,67,48,115
MIZQUE,desnutricion global,sobrepeso (s),2005-12-01,17,3,4,1,21,4,25
MOCOMOCO,desnutricion global,sobrepeso (s),2005-12-01,3,2,1,0,4,2,6
MOJOCOYA,desnutricion global,sobrepeso (s),2005-12-01,8,3,3,1,11,4,15
MONTEAGUDO,desnutricion global,sobrepeso (s),2005-12-01,45,49,11,10,56,59,115
MONTERO,desnutricion global,sobrepeso (s),2005-12-01,201,164,71,50,272,214,486
MORO MORO,desnutricion global,sobrepeso (s),2005-12-01,5,1,1,1,6,2,8
MOROCHATA,desnutricion global,sobrepeso (s),2005-12-01,11,10,2,1,13,11,24
NACEBE (SANTA ROSA DEL ABUNA),desnutricion global,sobrepeso (s),2005-12-01,2,0,0,0,2,0,2
NUEVO MANOA (NUEVA ESPERANZA),desnutricion global,sobrepeso (s),2005-12-01,1,0,1,0,2,0,2
OCURI,desnutricion global,sobrepeso (s),2005-12-01,3,4,0,0,3,4,7
OKINAWA,desnutricion global,sobrepeso (s),2005-12-01,7,3,1,2,8,5,13
OMEREQUE,desnutricion global,sobrepeso (s),2005-12-01,3,0,0,0,3,0,3
ORURO,desnutricion global,sobrepeso (s),2005-12-01,164,152,30,32,194,184,378
PADCAYA,desnutricion global,sobrepeso (s),2005-12-01,21,15,9,7,30,22,52
PADILLA,desnutricion global,sobrepeso (s),2005-12-01,21,12,10,1,31,13,44
PALCA,desnutricion global,sobrepeso (s),2005-12-01,9,8,1,0,10,8,18
PALOS BLANCOS,desnutricion global,sobrepeso (s),2005-12-01,28,26,4,5,32,31,63
PAMPA AULLAGAS,desnutricion global,sobrepeso (s),2005-12-01,2,2,0,0,2,2,4
PAMPA GRANDE,desnutricion global,sobrepeso (s),2005-12-01,11,16,8,2,19,18,37
PAPEL PAMPA,desnutricion global,sobrepeso (s),2005-12-01,1,1,1,0,2,1,3
PASORAPA,desnutricion global,sobrepeso (s),2005-12-01,1,0,0,0,1,0,1
PATACAMAYA,desnutricion global,sobrepeso (s),2005-12-01,3,1,0,0,3,1,4
PAZÑA,desnutricion global,sobrepeso (s),2005-12-01,4,3,0,1,4,4,8
PELECHUCO,desnutricion global,sobrepeso (s),2005-12-01,1,3,0,0,1,3,4
POCOATA,desnutricion global,sobrepeso (s),2005-12-01,10,6,1,2,11,8,19
POCONA,desnutricion global,sobrepeso (s),2005-12-01,9,7,3,1,12,8,20
POJO (CBBA),desnutricion global,sobrepeso (s),2005-12-01,11,7,3,2,14,9,23
POOPO,desnutricion global,sobrepeso (s),2005-12-01,6,0,0,0,6,0,6
PORCO,desnutricion global,sobrepeso (s),2005-12-01,2,2,0,0,2,2,4
POROMA,desnutricion global,sobrepeso (s),2005-12-01,9,6,0,3,9,9,18
PORONGO,desnutricion global,sobrepeso (s),2005-12-01,2,0,2,0,4,0,4
PORTACHUELO,desnutricion global,sobrepeso (s),2005-12-01,56,50,17,13,73,63,136
PORVENIR,desnutricion global,sobrepeso (s),2005-12-01,8,2,0,3,8,5,13
POSTRER VALLE,desnutricion global,sobrepeso (s),2005-12-01,7,12,2,2,9,14,23
POTOSI,desnutricion global,sobrepeso (s),2005-12-01,53,49,0,5,53,54,107
PRESTO,desnutricion global,sobrepeso (s),2005-12-01,3,4,1,2,4,6,10
PUCARA,desnutricion global,sobrepeso (s),2005-12-01,1,0,0,0,1,0,1
PUCARANI,desnutricion global,sobrepeso (s),2005-12-01,9,9,1,1,10,10,20
PUERTO ACOSTA,desnutricion global,sobrepeso (s),2005-12-01,7,0,0,3,7,3,10
PUERTO CARABUCO,desnutricion global,sobrepeso (s),2005-12-01,5,2,1,1,6,3,9
PUERTO GONZALO MORENO,desnutricion global,sobrepeso (s),2005-12-01,2,2,1,0,3,2,5
PUERTO PEREZ,desnutricion global,sobrepeso (s),2005-12-01,3,4,0,2,3,6,9
PUERTO RICO,desnutricion global,sobrepeso (s),2005-12-01,9,8,2,0,11,8,19
PUERTO VILLARROEL,desnutricion global,sobrepeso (s),2005-12-01,49,18,11,4,60,22,82
PUNA,desnutricion global,sobrepeso (s),2005-12-01,9,8,0,0,9,8,17
PUNATA,desnutricion global,sobrepeso (s),2005-12-01,9,5,5,4,14,9,23
QUILLACOLLO,desnutricion global,sobrepeso (s),2005-12-01,32,34,3,5,35,39,74
QUIME,desnutricion global,sobrepeso (s),2005-12-01,5,5,0,0,5,5,10
QUIRUSILLAS,desnutricion global,sobrepeso (s),2005-12-01,2,0,1,0,3,0,3
RAVELO,desnutricion global,sobrepeso (s),2005-12-01,3,5,1,1,4,6,10
REYES,desnutricion global,sobrepeso (s),2005-12-01,33,32,12,14,45,46,91
RIBERALTA,desnutricion global,sobrepeso (s),2005-12-01,42,16,3,5,45,21,66
RURRENABAQUE,desnutricion global,sobrepeso (s),2005-12-01,32,16,2,0,34,16,50
SABAYA,desnutricion global,sobrepeso (s),2005-12-01,5,4,0,1,5,5,10
SACABA,desnutricion global,sobrepeso (s),2005-12-01,50,33,8,4,58,37,95
SACABAMBA,desnutricion global,sobrepeso (s),2005-12-01,1,1,0,0,1,1,2
SACACA,desnutricion global,sobrepeso (s),2005-12-01,4,8,0,0,4,8,12
SAIPINA,desnutricion global,sobrepeso (s),2005-12-01,35,31,22,17,57,48,105
SALINAS DE GARCI MENDOZA,desnutricion global,sobrepeso (s),2005-12-01,6,2,1,1,7,3,10
SAMAIPATA,desnutricion global,sobrepeso (s),2005-12-01,20,7,1,4,21,11,32
SAN AGUSTIN,desnutricion global,sobrepeso (s),2005-12-01,0,2,0,1,0,3,3
SAN ANDRES,desnutricion global,sobrepeso (s),2005-12-01,9,9,1,2,10,11,21
SAN ANDRES DE MACHACA,desnutricion global,sobrepeso (s),2005-12-01,2,0,0,0,2,0,2
SAN ANTONIO DE ESMORUCO,desnutricion global,sobrepeso (s),2005-12-01,1,0,0,0,1,0,1
SAN ANTONIO DE LOMERIO,desnutricion global,sobrepeso (s),2005-12-01,1,4,0,2,1,6,7
SAN BENITO,desnutricion global,sobrepeso (s),2005-12-01,5,4,0,0,5,4,9
SAN BORJA,desnutricion global,sobrepeso (s),2005-12-01,54,40,9,10,63,50,113
SAN BUENA VENTURA,desnutricion global,sobrepeso (s),2005-12-01,7,5,0,0,7,5,12
SAN CARLOS,desnutricion global,sobrepeso (s),2005-12-01,17,7,2,1,19,8,27
SAN IGNACIO,desnutricion global,sobrepeso (s),2005-12-01,19,7,7,1,26,8,34
SAN IGNACIO DE VELASCO,desnutricion global,sobrepeso (s),2005-12-01,65,37,10,8,75,45,120
SAN JAVIER(BNI),desnutricion global,sobrepeso (s),2005-12-01,3,4,2,0,5,4,9
SAN JAVIER(STC),desnutricion global,sobrepeso (s),2005-12-01,1,0,0,0,1,0,1
SAN JOAQUIN,desnutricion global,sobrepeso (s),2005-12-01,5,1,1,2,6,3,9
SAN JUAN DE YAPACANI,desnutricion global,sobrepeso (s),2005-12-01,20,9,3,1,23,10,33
SAN JULIAN,desnutricion global,sobrepeso (s),2005-12-01,23,17,8,7,31,24,55
SAN LORENZO(PND),desnutricion global,sobrepeso (s),2005-12-01,1,2,1,0,2,2,4
SAN LORENZO(TJA),desnutricion global,sobrepeso (s),2005-12-01,16,7,3,0,19,7,26
SAN LUCAS,desnutricion global,sobrepeso (s),2005-12-01,14,18,0,2,14,20,34
SAN MIGUEL DE VELASCO,desnutricion global,sobrepeso (s),2005-12-01,9,10,0,2,9,12,21
SAN PABLO DE LIPEZ,desnutricion global,sobrepeso (s),2005-12-01,1,1,0,3,1,4,5
SAN PEDRO,desnutricion global,sobrepeso (s),2005-12-01,42,41,10,8,52,49,101
SAN PEDRO DE BUENA VISTA,desnutricion global,sobrepeso (s),2005-12-01,3,9,2,1,5,10,15
SAN PEDRO DE CURAHUARA,desnutricion global,sobrepeso (s),2005-12-01,6,10,1,0,7,10,17
SAN PEDRO DE TIQUINA,desnutricion global,sobrepeso (s),2005-12-01,0,2,0,2,0,4,4
SAN PEDRO(PND),desnutricion global,sobrepeso (s),2005-12-01,5,2,1,0,6,2,8
SAN RAFAEL,desnutricion global,sobrepeso (s),2005-12-01,1,5,0,0,1,5,6
SAN RAMON,desnutricion global,sobrepeso (s),2005-12-01,10,7,2,0,12,7,19
SAN RAMON,desnutricion global,sobrepeso (s),2005-12-01,9,3,2,1,11,4,15
SANTA ANA,desnutricion global,sobrepeso (s),2005-12-01,68,38,16,17,84,55,139
SANTA CRUZ DE LA SIERRA,desnutricion global,sobrepeso (s),2005-12-01,1247,962,402,366,1649,1328,2977
SANTA ROSA,desnutricion global,sobrepeso (s),2005-12-01,34,21,4,0,38,21,59
SANTA ROSA DEL SARA,desnutricion global,sobrepeso (s),2005-12-01,21,14,16,9,37,23,60
SANTIAGO DE HUARI,desnutricion global,sobrepeso (s),2005-12-01,5,3,0,0,5,3,8
SANTIAGO DE MACHACA,desnutricion global,sobrepeso (s),2005-12-01,1,0,0,1,1,1,2
SANTIVAÑES,desnutricion global,sobrepeso (s),2005-12-01,3,0,0,0,3,0,3
SANTUARIO DE QUILLACAS,desnutricion global,sobrepeso (s),2005-12-01,1,0,0,0,1,0,1
SAPAHAQUI,desnutricion global,sobrepeso (s),2005-12-01,3,1,1,0,4,1,5
SENA,desnutricion global,sobrepeso (s),2005-12-01,2,6,0,0,2,6,8
SICA SICA (VILLA AROMA),desnutricion global,sobrepeso (s),2005-12-01,2,5,1,0,3,5,8
SICAYA,desnutricion global,sobrepeso (s),2005-12-01,1,0,0,0,1,0,1
SIPE SIPE,desnutricion global,sobrepeso (s),2005-12-01,21,23,9,7,30,30,60
SOPACHUY,desnutricion global,sobrepeso (s),2005-12-01,3,1,1,0,4,1,5
SORACACHI,desnutricion global,sobrepeso (s),2005-12-01,8,6,0,3,8,9,17
SORATA,desnutricion global,sobrepeso (s),2005-12-01,10,4,0,1,10,5,15
SUCRE,desnutricion global,sobrepeso (s),2005-12-01,139,133,44,41,183,174,357
TACACHI,desnutricion global,sobrepeso (s),2005-12-01,0,1,0,0,0,1,1
TACACOMA,desnutricion global,sobrepeso (s),2005-12-01,3,2,0,0,3,2,5
TACOBAMBA,desnutricion global,sobrepeso (s),2005-12-01,12,8,1,0,13,8,21
TACOPAYA,desnutricion global,sobrepeso (s),2005-12-01,4,3,3,1,7,4,11
TAHUA,desnutricion global,sobrepeso (s),2005-12-01,2,0,0,0,2,0,2
TAPACARI,desnutricion global,sobrepeso (s),2005-12-01,1,5,1,0,2,5,7
TARABUCO,desnutricion global,sobrepeso (s),2005-12-01,14,24,2,5,16,29,45
TARACO,desnutricion global,sobrepeso (s),2005-12-01,0,0,1,0,1,0,1
TARATA,desnutricion global,sobrepeso (s),2005-12-01,6,6,1,0,7,6,13
TARIJA,desnutricion global,sobrepeso (s),2005-12-01,254,178,51,43,305,221,526
TARVITA,desnutricion global,sobrepeso (s),2005-12-01,1,2,1,0,2,2,4
TEOPONTE,desnutricion global,sobrepeso (s),2005-12-01,6,2,10,9,16,11,27
TIAWANACU,desnutricion global,sobrepeso (s),2005-12-01,0,2,0,0,0,2,2
TINGUIPAYA,desnutricion global,sobrepeso (s),2005-12-01,2,2,1,0,3,2,5
TIPUANI,desnutricion global,sobrepeso (s),2005-12-01,18,9,13,19,31,28,59
TIQUIPAYA,desnutricion global,sobrepeso (s),2005-12-01,20,14,4,4,24,18,42
TIRAQUE (CBBA),desnutricion global,sobrepeso (s),2005-12-01,52,56,8,15,60,71,131
TITO YUPANQUI (PARQUIPUJIO),desnutricion global,sobrepeso (s),2005-12-01,1,2,0,0,1,2,3
TOCO,desnutricion global,sobrepeso (s),2005-12-01,1,0,0,0,1,0,1
TOLATA,desnutricion global,sobrepeso (s),2005-12-01,1,0,0,0,1,0,1
TOLEDO,desnutricion global,sobrepeso (s),2005-12-01,0,2,2,4,2,6,8
TOMAVE,desnutricion global,sobrepeso (s),2005-12-01,3,5,0,0,3,5,8
TOMINA,desnutricion global,sobrepeso (s),2005-12-01,5,13,2,2,7,15,22
TORO TORO,desnutricion global,sobrepeso (s),2005-12-01,12,2,3,0,15,2,17
TOTORA(CBBA),desnutricion global,sobrepeso (s),2005-12-01,5,1,1,0,6,1,7
TOTORA(ORR),desnutricion global,sobrepeso (s),2005-12-01,3,0,0,0,3,0,3
TRIGAL,desnutricion global,sobrepeso (s),2005-12-01,2,0,0,1,2,1,3
TRINIDAD,desnutricion global,sobrepeso (s),2005-12-01,144,115,18,17,162,132,294
TUPIZA,desnutricion global,sobrepeso (s),2005-12-01,33,23,9,10,42,33,75
TURCO,desnutricion global,sobrepeso (s),2005-12-01,2,0,0,0,2,0,2
UMALA,desnutricion global,sobrepeso (s),2005-12-01,1,0,0,0,1,0,1
UNCIA,desnutricion global,sobrepeso (s),2005-12-01,83,8,1,4,84,12,96
URIONDO (A. CONCEPCION),desnutricion global,sobrepeso (s),2005-12-01,20,23,5,3,25,26,51
UYUNI,desnutricion global,sobrepeso (s),2005-12-01,28,18,3,5,31,23,54
VACAS,desnutricion global,sobrepeso (s),2005-12-01,1,2,2,0,3,2,5
VALLEGRANDE,desnutricion global,sobrepeso (s),2005-12-01,29,23,6,10,35,33,68
VIACHA,desnutricion global,sobrepeso (s),2005-12-01,25,24,3,7,28,31,59
VILA VILA,desnutricion global,sobrepeso (s),2005-12-01,3,0,0,0,3,0,3
VILLA MONTES,desnutricion global,sobrepeso (s),2005-12-01,49,27,10,11,59,38,97
VILLA RIVERO,desnutricion global,sobrepeso (s),2005-12-01,3,10,1,1,4,11,15
VILLA SERRANO,desnutricion global,sobrepeso (s),2005-12-01,16,15,1,2,17,17,34
VILLA TUNARI,desnutricion global,sobrepeso (s),2005-12-01,35,35,15,17,50,52,102
VILLA VACA GUZMAN (MUYUPAMPA),desnutricion global,sobrepeso (s),2005-12-01,16,10,2,2,18,12,30
VILLAZON,desnutricion global,sobrepeso (s),2005-12-01,36,34,2,2,38,36,74
VINTO,desnutricion global,sobrepeso (s),2005-12-01,12,7,1,0,13,7,20
VITICHI,desnutricion global,sobrepeso (s),2005-12-01,0,1,0,0,0,1,1
WARNES,desnutricion global,sobrepeso (s),2005-12-01,89,81,12,17,101,98,199
YACUIBA,desnutricion global,sobrepeso (s),2005-12-01,56,42,22,12,78,54,132
YAMPARAEZ,desnutricion global,sobrepeso (s),2005-12-01,5,11,0,0,5,11,16
YAPACANI,desnutricion global,sobrepeso (s),2005-12-01,82,88,14,8,96,96,192
YOCALLA,desnutricion global,sobrepeso (s),2005-12-01,1,3,0,0,1,3,4
YOTALA,desnutricion global,sobrepeso (s),2005-12-01,9,5,7,4,16,9,25
YUNCHARA,desnutricion global,sobrepeso (s),2005-12-01,1,7,1,2,2,9,11
ZUDAÑEZ,desnutricion global,sobrepeso (s),2005-12-01,8,4,0,0,8,4,12
