municipality,group,variable,month,< de 2 años-H,< de 2 años-M,2 a 4 años-H,2 a 4 años-M,TOTAL-H,TOTAL-M,TOTAL
ARBIETO,desnutricion global - cronica,cronica talla baja (m + g),2007-01-01,2,0,0,0,2,0,2
BELEN DE ANDAMARCA,desnutricion global - cronica,cronica talla baja (m + g),2007-01-01,1,0,0,0,1,0,1
CHALLAPATA,desnutricion global - cronica,cronica talla baja (m + g),2007-01-01,17,23,18,7,35,30,65
CHOQUE COTA,desnutricion global - cronica,cronica talla baja (m + g),2007-01-01,1,4,2,3,3,7,10
COLQUIRI,desnutricion global - cronica,cronica talla baja (m + g),2007-01-01,15,15,7,2,22,17,39
CORQUE,desnutricion global - cronica,cronica talla baja (m + g),2007-01-01,2,1,3,7,5,8,13
CURAHUARA DE CARANGAS,desnutricion global - cronica,cronica talla baja (m + g),2007-01-01,3,1,5,1,8,2,10
EUCALIPTUS,desnutricion global - cronica,cronica talla baja (m + g),2007-01-01,4,2,5,1,9,3,12
ICHOCA,desnutricion global - cronica,cronica talla baja (m + g),2007-01-01,0,2,0,1,0,3,3
INQUISIVI,desnutricion global - cronica,cronica talla baja (m + g),2007-01-01,12,2,15,14,27,16,43
LA GUARDIA,desnutricion global - cronica,cronica talla baja (m + g),2007-01-01,9,11,3,4,12,15,27
LLALLAGUA,desnutricion global - cronica,cronica talla baja (m + g),2007-01-01,5,2,1,0,6,2,8
MOROCHATA,desnutricion global - cronica,cronica talla baja (m + g),2007-01-01,9,0,0,0,9,0,9
ORURO,desnutricion global - cronica,cronica talla baja (m + g),2007-01-01,41,37,13,19,54,56,110
POOPO,desnutricion global - cronica,cronica talla baja (m + g),2007-01-01,3,3,7,3,10,6,16
REYES,desnutricion global - cronica,cronica talla baja (m + g),2007-01-01,2,4,4,2,6,6,12
RURRENABAQUE,desnutricion global - cronica,cronica talla baja (m + g),2007-01-01,0,0,0,1,0,1,1
SABAYA,desnutricion global - cronica,cronica talla baja (m + g),2007-01-01,2,3,1,0,3,3,6
SALINAS DE GARCI MENDOZA,desnutricion global - cronica,cronica talla baja (m + g),2007-01-01,4,1,9,5,13,6,19
SAN ANDRES,desnutricion global - cronica,cronica talla baja (m + g),2007-01-01,3,10,4,2,7,12,19
SAN JAVIER(BNI),desnutricion global - cronica,cronica talla baja (m + g),2007-01-01,0,0,1,1,1,1,2
SAN LORENZO(TJA),desnutricion global - cronica,cronica talla baja (m + g),2007-01-01,0,2,0,0,0,2,2
SANTA CRUZ DE LA SIERRA,desnutricion global - cronica,cronica talla baja (m + g),2007-01-01,13,11,3,3,16,14,30
SORACACHI,desnutricion global - cronica,cronica talla baja (m + g),2007-01-01,1,1,2,1,3,2,5
SUCRE,desnutricion global - cronica,cronica talla baja (m + g),2007-01-01,1,0,0,1,1,1,2
TARATA,desnutricion global - cronica,cronica talla baja (m + g),2007-01-01,1,0,0,0,1,0,1
TARIJA,desnutricion global - cronica,cronica talla baja (m + g),2007-01-01,11,20,31,25,42,45,87
TOLATA,desnutricion global - cronica,cronica talla baja (m + g),2007-01-01,0,0,1,0,1,0,1
TORO TORO,desnutricion global - cronica,cronica talla baja (m + g),2007-01-01,2,0,0,0,2,0,2
TOTORA(ORR),desnutricion global - cronica,cronica talla baja (m + g),2007-01-01,4,6,10,3,14,9,23
TRINIDAD,desnutricion global - cronica,cronica talla baja (m + g),2007-01-01,8,9,2,3,10,12,22
TURCO,desnutricion global - cronica,cronica talla baja (m + g),2007-01-01,10,7,3,2,13,9,22
VILLA TUNARI,desnutricion global - cronica,cronica talla baja (m + g),2007-01-01,1,0,0,0,1,0,1
YACUIBA,desnutricion global - cronica,cronica talla baja (m + g),2007-01-01,6,3,3,5,9,8,17
ANDAMARCA,desnutricion global - cronica,cronica talla baja (m + g),2007-02-01,4,2,3,0,7,2,9
ANZALDO,desnutricion global - cronica,cronica talla baja (m + g),2007-02-01,4,1,2,1,6,2,8
ASCENCION DE GUARAYOS,desnutricion global - cronica,cronica talla baja (m + g),2007-02-01,5,4,1,2,6,6,12
BELEN DE ANDAMARCA,desnutricion global - cronica,cronica talla baja (m + g),2007-02-01,1,0,0,0,1,0,1
CHALLAPATA,desnutricion global - cronica,cronica talla baja (m + g),2007-02-01,11,16,10,8,21,24,45
CHIPAYA,desnutricion global - cronica,cronica talla baja (m + g),2007-02-01,0,0,0,1,0,1,1
CHOQUE COTA,desnutricion global - cronica,cronica talla baja (m + g),2007-02-01,1,0,1,0,2,0,2
COIPASA,desnutricion global - cronica,cronica talla baja (m + g),2007-02-01,1,0,0,0,1,0,1
COLQUECHACA,desnutricion global - cronica,cronica talla baja (m + g),2007-02-01,0,0,0,2,0,2,2
COLQUIRI,desnutricion global - cronica,cronica talla baja (m + g),2007-02-01,14,9,4,1,18,10,28
CORQUE,desnutricion global - cronica,cronica talla baja (m + g),2007-02-01,1,1,4,3,5,4,9
CURAHUARA DE CARANGAS,desnutricion global - cronica,cronica talla baja (m + g),2007-02-01,0,2,0,1,0,3,3
EL CHORO,desnutricion global - cronica,cronica talla baja (m + g),2007-02-01,1,0,0,2,1,2,3
EUCALIPTUS,desnutricion global - cronica,cronica talla baja (m + g),2007-02-01,0,1,0,0,0,1,1
HUANUNI,desnutricion global - cronica,cronica talla baja (m + g),2007-02-01,0,2,0,1,0,3,3
ICHOCA,desnutricion global - cronica,cronica talla baja (m + g),2007-02-01,3,4,0,2,3,6,9
INQUISIVI,desnutricion global - cronica,cronica talla baja (m + g),2007-02-01,13,1,8,6,21,7,28
LLALLAGUA,desnutricion global - cronica,cronica talla baja (m + g),2007-02-01,1,2,1,0,2,2,4
MACHACAMARCA,desnutricion global - cronica,cronica talla baja (m + g),2007-02-01,3,0,4,2,7,2,9
ORURO,desnutricion global - cronica,cronica talla baja (m + g),2007-02-01,45,26,15,17,60,43,103
POOPO,desnutricion global - cronica,cronica talla baja (m + g),2007-02-01,1,2,2,4,3,6,9
PUERTO GONZALO MORENO,desnutricion global - cronica,cronica talla baja (m + g),2007-02-01,2,0,0,0,2,0,2
SABAYA,desnutricion global - cronica,cronica talla baja (m + g),2007-02-01,1,2,1,1,2,3,5
SACABAMBA,desnutricion global - cronica,cronica talla baja (m + g),2007-02-01,1,1,0,0,1,1,2
SALINAS DE GARCI MENDOZA,desnutricion global - cronica,cronica talla baja (m + g),2007-02-01,0,2,2,3,2,5,7
SAN JAVIER(BNI),desnutricion global - cronica,cronica talla baja (m + g),2007-02-01,1,0,0,0,1,0,1
SANTA CRUZ DE LA SIERRA,desnutricion global - cronica,cronica talla baja (m + g),2007-02-01,15,3,1,2,16,5,21
SORACACHI,desnutricion global - cronica,cronica talla baja (m + g),2007-02-01,1,2,1,2,2,4,6
SUCRE,desnutricion global - cronica,cronica talla baja (m + g),2007-02-01,0,0,1,0,1,0,1
TARIJA,desnutricion global - cronica,cronica talla baja (m + g),2007-02-01,18,30,44,40,62,70,132
TOLATA,desnutricion global - cronica,cronica talla baja (m + g),2007-02-01,0,1,0,0,0,1,1
TOLEDO,desnutricion global - cronica,cronica talla baja (m + g),2007-02-01,1,0,0,0,1,0,1
TORO TORO,desnutricion global - cronica,cronica talla baja (m + g),2007-02-01,7,2,4,2,11,4,15
TOTORA(ORR),desnutricion global - cronica,cronica talla baja (m + g),2007-02-01,2,1,2,3,4,4,8
TURCO,desnutricion global - cronica,cronica talla baja (m + g),2007-02-01,2,10,5,0,7,10,17
YACUIBA,desnutricion global - cronica,cronica talla baja (m + g),2007-02-01,3,10,3,12,6,22,28
ANDAMARCA,desnutricion global - cronica,cronica talla baja (m + g),2007-03-01,10,8,13,15,23,23,46
ANZALDO,desnutricion global - cronica,cronica talla baja (m + g),2007-03-01,2,2,5,2,7,4,11
ARBIETO,desnutricion global - cronica,cronica talla baja (m + g),2007-03-01,1,0,1,1,2,1,3
BELEN DE ANDAMARCA,desnutricion global - cronica,cronica talla baja (m + g),2007-03-01,1,0,0,0,1,0,1
BERMEJO,desnutricion global - cronica,cronica talla baja (m + g),2007-03-01,1,0,0,2,1,2,3
BUENA VISTA,desnutricion global - cronica,cronica talla baja (m + g),2007-03-01,1,1,0,1,1,2,3
CAMIRI,desnutricion global - cronica,cronica talla baja (m + g),2007-03-01,0,0,5,0,5,0,5
CHALLAPATA,desnutricion global - cronica,cronica talla baja (m + g),2007-03-01,20,32,20,23,40,55,95
CHIPAYA,desnutricion global - cronica,cronica talla baja (m + g),2007-03-01,0,0,0,2,0,2,2
CORQUE,desnutricion global - cronica,cronica talla baja (m + g),2007-03-01,7,7,9,8,16,15,31
COTOCA,desnutricion global - cronica,cronica talla baja (m + g),2007-03-01,2,0,1,0,3,0,3
CURAHUARA DE CARANGAS,desnutricion global - cronica,cronica talla baja (m + g),2007-03-01,3,2,6,2,9,4,13
EL PUENTE(TJA),desnutricion global - cronica,cronica talla baja (m + g),2007-03-01,0,0,1,0,1,0,1
ESMERALDA,desnutricion global - cronica,cronica talla baja (m + g),2007-03-01,0,0,0,1,0,1,1
HUANUNI,desnutricion global - cronica,cronica talla baja (m + g),2007-03-01,0,2,1,4,1,6,7
ICHOCA,desnutricion global - cronica,cronica talla baja (m + g),2007-03-01,2,0,0,0,2,0,2
INQUISIVI,desnutricion global - cronica,cronica talla baja (m + g),2007-03-01,13,15,26,16,39,31,70
LA GUARDIA,desnutricion global - cronica,cronica talla baja (m + g),2007-03-01,8,10,7,7,15,17,32
LLALLAGUA,desnutricion global - cronica,cronica talla baja (m + g),2007-03-01,2,3,1,0,3,3,6
ORURO,desnutricion global - cronica,cronica talla baja (m + g),2007-03-01,55,41,34,28,89,69,158
POCOATA,desnutricion global - cronica,cronica talla baja (m + g),2007-03-01,6,5,1,2,7,7,14
POOPO,desnutricion global - cronica,cronica talla baja (m + g),2007-03-01,0,1,1,4,1,5,6
PRESTO,desnutricion global - cronica,cronica talla baja (m + g),2007-03-01,10,8,2,6,12,14,26
QUILLACOLLO,desnutricion global - cronica,cronica talla baja (m + g),2007-03-01,0,1,0,0,0,1,1
SABAYA,desnutricion global - cronica,cronica talla baja (m + g),2007-03-01,2,0,2,5,4,5,9
SALINAS DE GARCI MENDOZA,desnutricion global - cronica,cronica talla baja (m + g),2007-03-01,19,11,14,4,33,15,48
SAN BENITO,desnutricion global - cronica,cronica talla baja (m + g),2007-03-01,2,3,2,0,4,3,7
SAN IGNACIO,desnutricion global - cronica,cronica talla baja (m + g),2007-03-01,0,0,0,1,0,1,1
SAN LUCAS,desnutricion global - cronica,cronica talla baja (m + g),2007-03-01,4,1,1,3,5,4,9
SANTA CRUZ DE LA SIERRA,desnutricion global - cronica,cronica talla baja (m + g),2007-03-01,53,37,30,16,83,53,136
SANTA ROSA,desnutricion global - cronica,cronica talla baja (m + g),2007-03-01,4,7,0,1,4,8,12
SORACACHI,desnutricion global - cronica,cronica talla baja (m + g),2007-03-01,6,7,12,10,18,17,35
SUCRE,desnutricion global - cronica,cronica talla baja (m + g),2007-03-01,1,2,0,1,1,3,4
TARIJA,desnutricion global - cronica,cronica talla baja (m + g),2007-03-01,27,23,32,24,59,47,106
TOCO,desnutricion global - cronica,cronica talla baja (m + g),2007-03-01,0,0,3,1,3,1,4
TOLATA,desnutricion global - cronica,cronica talla baja (m + g),2007-03-01,0,1,0,1,0,2,2
TOLEDO,desnutricion global - cronica,cronica talla baja (m + g),2007-03-01,1,1,1,1,2,2,4
TORO TORO,desnutricion global - cronica,cronica talla baja (m + g),2007-03-01,9,10,16,15,25,25,50
TOTORA(ORR),desnutricion global - cronica,cronica talla baja (m + g),2007-03-01,0,0,2,1,2,1,3
TURCO,desnutricion global - cronica,cronica talla baja (m + g),2007-03-01,10,2,17,11,27,13,40
VILLA RIVERO,desnutricion global - cronica,cronica talla baja (m + g),2007-03-01,0,1,2,1,2,2,4
YACUIBA,desnutricion global - cronica,cronica talla baja (m + g),2007-03-01,0,8,5,9,5,17,22
ANDAMARCA,desnutricion global - cronica,cronica talla baja (m + g),2007-04-01,8,3,9,8,17,11,28
ANZALDO,desnutricion global - cronica,cronica talla baja (m + g),2007-04-01,3,5,0,0,3,5,8
ARBIETO,desnutricion global - cronica,cronica talla baja (m + g),2007-04-01,0,0,2,0,2,0,2
BELEN DE ANDAMARCA,desnutricion global - cronica,cronica talla baja (m + g),2007-04-01,0,2,0,0,0,2,2
CAJUATA,desnutricion global - cronica,cronica talla baja (m + g),2007-04-01,0,0,2,1,2,1,3
CAPINOTA,desnutricion global - cronica,cronica talla baja (m + g),2007-04-01,0,0,0,1,0,1,1
CHALLAPATA,desnutricion global - cronica,cronica talla baja (m + g),2007-04-01,25,29,16,24,41,53,94
CHOQUE COTA,desnutricion global - cronica,cronica talla baja (m + g),2007-04-01,1,0,0,0,1,0,1
CORQUE,desnutricion global - cronica,cronica talla baja (m + g),2007-04-01,3,10,6,7,9,17,26
COTOCA,desnutricion global - cronica,cronica talla baja (m + g),2007-04-01,3,12,1,1,4,13,17
CURAHUARA DE CARANGAS,desnutricion global - cronica,cronica talla baja (m + g),2007-04-01,1,0,1,0,2,0,2
EL TORNO,desnutricion global - cronica,cronica talla baja (m + g),2007-04-01,5,1,6,10,11,11,22
ESMERALDA,desnutricion global - cronica,cronica talla baja (m + g),2007-04-01,0,1,0,1,0,2,2
HUANUNI,desnutricion global - cronica,cronica talla baja (m + g),2007-04-01,0,0,0,3,0,3,3
ICHOCA,desnutricion global - cronica,cronica talla baja (m + g),2007-04-01,2,2,0,0,2,2,4
INQUISIVI,desnutricion global - cronica,cronica talla baja (m + g),2007-04-01,12,7,14,12,26,19,45
LA GUARDIA,desnutricion global - cronica,cronica talla baja (m + g),2007-04-01,17,20,13,10,30,30,60
LLALLAGUA,desnutricion global - cronica,cronica talla baja (m + g),2007-04-01,1,1,0,0,1,1,2
ORURO,desnutricion global - cronica,cronica talla baja (m + g),2007-04-01,61,41,33,43,94,84,178
POCOATA,desnutricion global - cronica,cronica talla baja (m + g),2007-04-01,4,8,0,0,4,8,12
POOPO,desnutricion global - cronica,cronica talla baja (m + g),2007-04-01,6,5,2,1,8,6,14
PORCO,desnutricion global - cronica,cronica talla baja (m + g),2007-04-01,1,3,2,3,3,6,9
PRESTO,desnutricion global - cronica,cronica talla baja (m + g),2007-04-01,8,4,5,4,13,8,21
RURRENABAQUE,desnutricion global - cronica,cronica talla baja (m + g),2007-04-01,1,0,1,0,2,0,2
SABAYA,desnutricion global - cronica,cronica talla baja (m + g),2007-04-01,1,3,0,2,1,5,6
SALINAS DE GARCI MENDOZA,desnutricion global - cronica,cronica talla baja (m + g),2007-04-01,5,4,5,2,10,6,16
SAN BORJA,desnutricion global - cronica,cronica talla baja (m + g),2007-04-01,1,0,0,0,1,0,1
SAN LUCAS,desnutricion global - cronica,cronica talla baja (m + g),2007-04-01,4,9,5,4,9,13,22
SANTA CRUZ DE LA SIERRA,desnutricion global - cronica,cronica talla baja (m + g),2007-04-01,11,9,4,3,15,12,27
SORACACHI,desnutricion global - cronica,cronica talla baja (m + g),2007-04-01,0,0,2,0,2,0,2
TARIJA,desnutricion global - cronica,cronica talla baja (m + g),2007-04-01,12,9,9,14,21,23,44
TIRAQUE (CBBA),desnutricion global - cronica,cronica talla baja (m + g),2007-04-01,0,0,0,6,0,6,6
TOTORA(ORR),desnutricion global - cronica,cronica talla baja (m + g),2007-04-01,2,1,1,0,3,1,4
TURCO,desnutricion global - cronica,cronica talla baja (m + g),2007-04-01,7,4,10,2,17,6,23
VILLA TUNARI,desnutricion global - cronica,cronica talla baja (m + g),2007-04-01,0,1,0,0,0,1,1
YACUIBA,desnutricion global - cronica,cronica talla baja (m + g),2007-04-01,2,9,1,9,3,18,21
YAPACANI,desnutricion global - cronica,cronica talla baja (m + g),2007-04-01,0,3,0,2,0,5,5
ALALAY,desnutricion global - cronica,cronica talla baja (m + g),2007-05-01,2,0,0,0,2,0,2
ANDAMARCA,desnutricion global - cronica,cronica talla baja (m + g),2007-05-01,8,8,13,15,21,23,44
ANZALDO,desnutricion global - cronica,cronica talla baja (m + g),2007-05-01,0,0,1,0,1,0,1
ARBIETO,desnutricion global - cronica,cronica talla baja (m + g),2007-05-01,0,1,1,2,1,3,4
BELEN DE ANDAMARCA,desnutricion global - cronica,cronica talla baja (m + g),2007-05-01,0,0,0,1,0,1,1
BETANZOS,desnutricion global - cronica,cronica talla baja (m + g),2007-05-01,3,0,2,0,5,0,5
CHALLAPATA,desnutricion global - cronica,cronica talla baja (m + g),2007-05-01,32,33,17,21,49,54,103
CHOQUE COTA,desnutricion global - cronica,cronica talla baja (m + g),2007-05-01,1,0,0,0,1,0,1
CORQUE,desnutricion global - cronica,cronica talla baja (m + g),2007-05-01,19,13,14,13,33,26,59
COTOCA,desnutricion global - cronica,cronica talla baja (m + g),2007-05-01,6,7,3,4,9,11,20
CURAHUARA DE CARANGAS,desnutricion global - cronica,cronica talla baja (m + g),2007-05-01,8,5,7,8,15,13,28
EL CHORO,desnutricion global - cronica,cronica talla baja (m + g),2007-05-01,0,0,0,1,0,1,1
EL TORNO,desnutricion global - cronica,cronica talla baja (m + g),2007-05-01,7,6,14,13,21,19,40
ESMERALDA,desnutricion global - cronica,cronica talla baja (m + g),2007-05-01,2,2,0,2,2,4,6
EXALTACION,desnutricion global - cronica,cronica talla baja (m + g),2007-05-01,0,0,0,2,0,2,2
HUACHACALLA,desnutricion global - cronica,cronica talla baja (m + g),2007-05-01,0,0,4,2,4,2,6
HUANUNI,desnutricion global - cronica,cronica talla baja (m + g),2007-05-01,2,4,5,6,7,10,17
ICHOCA,desnutricion global - cronica,cronica talla baja (m + g),2007-05-01,0,3,0,0,0,3,3
INQUISIVI,desnutricion global - cronica,cronica talla baja (m + g),2007-05-01,5,4,6,5,11,9,20
LA GUARDIA,desnutricion global - cronica,cronica talla baja (m + g),2007-05-01,17,17,8,11,25,28,53
LLALLAGUA,desnutricion global - cronica,cronica talla baja (m + g),2007-05-01,0,2,1,1,1,3,4
MACHACAMARCA,desnutricion global - cronica,cronica talla baja (m + g),2007-05-01,3,0,1,0,4,0,4
ORURO,desnutricion global - cronica,cronica talla baja (m + g),2007-05-01,71,47,55,44,126,91,217
PADCAYA,desnutricion global - cronica,cronica talla baja (m + g),2007-05-01,0,0,1,0,1,0,1
POCOATA,desnutricion global - cronica,cronica talla baja (m + g),2007-05-01,5,8,0,0,5,8,13
POJO (CBBA),desnutricion global - cronica,cronica talla baja (m + g),2007-05-01,0,0,1,0,1,0,1
POOPO,desnutricion global - cronica,cronica talla baja (m + g),2007-05-01,4,0,1,0,5,0,5
PORONGO,desnutricion global - cronica,cronica talla baja (m + g),2007-05-01,0,0,0,1,0,1,1
PRESTO,desnutricion global - cronica,cronica talla baja (m + g),2007-05-01,10,6,8,5,18,11,29
RURRENABAQUE,desnutricion global - cronica,cronica talla baja (m + g),2007-05-01,2,2,0,2,2,4,6
SABAYA,desnutricion global - cronica,cronica talla baja (m + g),2007-05-01,5,2,3,1,8,3,11
SACABAMBA,desnutricion global - cronica,cronica talla baja (m + g),2007-05-01,2,1,0,0,2,1,3
SALINAS DE GARCI MENDOZA,desnutricion global - cronica,cronica talla baja (m + g),2007-05-01,22,15,13,12,35,27,62
SAN ANDRES,desnutricion global - cronica,cronica talla baja (m + g),2007-05-01,1,0,0,0,1,0,1
SAN JULIAN,desnutricion global - cronica,cronica talla baja (m + g),2007-05-01,3,2,0,0,3,2,5
SAN LORENZO(TJA),desnutricion global - cronica,cronica talla baja (m + g),2007-05-01,1,1,0,0,1,1,2
SAN LUCAS,desnutricion global - cronica,cronica talla baja (m + g),2007-05-01,7,4,5,6,12,10,22
SANTA ANA,desnutricion global - cronica,cronica talla baja (m + g),2007-05-01,12,10,2,4,14,14,28
SANTA CRUZ DE LA SIERRA,desnutricion global - cronica,cronica talla baja (m + g),2007-05-01,5,8,2,7,7,15,22
SANTIAGO DE HUARI,desnutricion global - cronica,cronica talla baja (m + g),2007-05-01,0,0,0,1,0,1,1
SENA,desnutricion global - cronica,cronica talla baja (m + g),2007-05-01,4,4,2,3,6,7,13
TAPACARI,desnutricion global - cronica,cronica talla baja (m + g),2007-05-01,4,7,4,4,8,11,19
TARIJA,desnutricion global - cronica,cronica talla baja (m + g),2007-05-01,1,1,1,1,2,2,4
TOLEDO,desnutricion global - cronica,cronica talla baja (m + g),2007-05-01,0,2,0,0,0,2,2
TORO TORO,desnutricion global - cronica,cronica talla baja (m + g),2007-05-01,6,8,6,8,12,16,28
TOTORA(ORR),desnutricion global - cronica,cronica talla baja (m + g),2007-05-01,0,0,1,2,1,2,3
TRINIDAD,desnutricion global - cronica,cronica talla baja (m + g),2007-05-01,4,2,1,1,5,3,8
TURCO,desnutricion global - cronica,cronica talla baja (m + g),2007-05-01,4,0,2,2,6,2,8
VILLA RIVERO,desnutricion global - cronica,cronica talla baja (m + g),2007-05-01,0,0,1,1,1,1,2
YACUIBA,desnutricion global - cronica,cronica talla baja (m + g),2007-05-01,1,4,0,4,1,8,9
ALALAY,desnutricion global - cronica,cronica talla baja (m + g),2007-06-01,0,0,0,3,0,3,3
ANDAMARCA,desnutricion global - cronica,cronica talla baja (m + g),2007-06-01,12,6,16,19,28,25,53
ANZALDO,desnutricion global - cronica,cronica talla baja (m + g),2007-06-01,2,0,0,1,2,1,3
ARANI,desnutricion global - cronica,cronica talla baja (m + g),2007-06-01,6,3,0,0,6,3,9
ARBIETO,desnutricion global - cronica,cronica talla baja (m + g),2007-06-01,0,0,0,1,0,1,1
CARACOLLO,desnutricion global - cronica,cronica talla baja (m + g),2007-06-01,1,0,0,0,1,0,1
CHALLAPATA,desnutricion global - cronica,cronica talla baja (m + g),2007-06-01,36,29,42,37,78,66,144
CHOQUE COTA,desnutricion global - cronica,cronica talla baja (m + g),2007-06-01,3,0,0,0,3,0,3
COLQUIRI,desnutricion global - cronica,cronica talla baja (m + g),2007-06-01,14,5,5,8,19,13,32
CORQUE,desnutricion global - cronica,cronica talla baja (m + g),2007-06-01,8,6,9,9,17,15,32
COTOCA,desnutricion global - cronica,cronica talla baja (m + g),2007-06-01,3,5,2,2,5,7,12
CURAHUARA DE CARANGAS,desnutricion global - cronica,cronica talla baja (m + g),2007-06-01,6,6,10,5,16,11,27
EL CHORO,desnutricion global - cronica,cronica talla baja (m + g),2007-06-01,3,1,2,0,5,1,6
EL TORNO,desnutricion global - cronica,cronica talla baja (m + g),2007-06-01,15,1,10,12,25,13,38
HUACHACALLA,desnutricion global - cronica,cronica talla baja (m + g),2007-06-01,1,2,2,3,3,5,8
HUANUNI,desnutricion global - cronica,cronica talla baja (m + g),2007-06-01,2,2,2,3,4,5,9
ICHOCA,desnutricion global - cronica,cronica talla baja (m + g),2007-06-01,3,6,7,8,10,14,24
INQUISIVI,desnutricion global - cronica,cronica talla baja (m + g),2007-06-01,32,22,15,12,47,34,81
LA GUARDIA,desnutricion global - cronica,cronica talla baja (m + g),2007-06-01,13,13,9,8,22,21,43
LLALLAGUA,desnutricion global - cronica,cronica talla baja (m + g),2007-06-01,1,0,1,0,2,0,2
MACHACAMARCA,desnutricion global - cronica,cronica talla baja (m + g),2007-06-01,0,0,0,1,0,1,1
ORURO,desnutricion global - cronica,cronica talla baja (m + g),2007-06-01,81,47,35,51,116,98,214
PAZÑA,desnutricion global - cronica,cronica talla baja (m + g),2007-06-01,3,1,1,1,4,2,6
POCOATA,desnutricion global - cronica,cronica talla baja (m + g),2007-06-01,4,6,1,3,5,9,14
POOPO,desnutricion global - cronica,cronica talla baja (m + g),2007-06-01,2,1,0,0,2,1,3
PRESTO,desnutricion global - cronica,cronica talla baja (m + g),2007-06-01,16,6,3,10,19,16,35
ROBORE,desnutricion global - cronica,cronica talla baja (m + g),2007-06-01,1,1,0,0,1,1,2
RURRENABAQUE,desnutricion global - cronica,cronica talla baja (m + g),2007-06-01,7,4,2,0,9,4,13
SABAYA,desnutricion global - cronica,cronica talla baja (m + g),2007-06-01,6,6,1,0,7,6,13
SACABAMBA,desnutricion global - cronica,cronica talla baja (m + g),2007-06-01,3,2,1,1,4,3,7
SACACA,desnutricion global - cronica,cronica talla baja (m + g),2007-06-01,4,3,2,2,6,5,11
SALINAS DE GARCI MENDOZA,desnutricion global - cronica,cronica talla baja (m + g),2007-06-01,6,5,13,6,19,11,30
SAN ANDRES,desnutricion global - cronica,cronica talla baja (m + g),2007-06-01,0,1,0,1,0,2,2
SAN BENITO,desnutricion global - cronica,cronica talla baja (m + g),2007-06-01,3,6,10,7,13,13,26
SAN LUCAS,desnutricion global - cronica,cronica talla baja (m + g),2007-06-01,8,7,11,5,19,12,31
SAN MATIAS,desnutricion global - cronica,cronica talla baja (m + g),2007-06-01,1,1,1,0,2,1,3
SANTA ANA,desnutricion global - cronica,cronica talla baja (m + g),2007-06-01,10,7,4,5,14,12,26
SANTA CRUZ DE LA SIERRA,desnutricion global - cronica,cronica talla baja (m + g),2007-06-01,6,1,0,4,6,5,11
SANTA ROSA,desnutricion global - cronica,cronica talla baja (m + g),2007-06-01,0,2,2,0,2,2,4
SORACACHI,desnutricion global - cronica,cronica talla baja (m + g),2007-06-01,8,8,6,9,14,17,31
SUCRE,desnutricion global - cronica,cronica talla baja (m + g),2007-06-01,0,1,0,0,0,1,1
TAPACARI,desnutricion global - cronica,cronica talla baja (m + g),2007-06-01,5,10,3,5,8,15,23
TARATA,desnutricion global - cronica,cronica talla baja (m + g),2007-06-01,1,1,0,0,1,1,2
TOCO,desnutricion global - cronica,cronica talla baja (m + g),2007-06-01,0,0,3,0,3,0,3
TOLEDO,desnutricion global - cronica,cronica talla baja (m + g),2007-06-01,0,1,0,0,0,1,1
TORO TORO,desnutricion global - cronica,cronica talla baja (m + g),2007-06-01,19,30,37,48,56,78,134
TOTORA(ORR),desnutricion global - cronica,cronica talla baja (m + g),2007-06-01,0,0,1,2,1,2,3
TRINIDAD,desnutricion global - cronica,cronica talla baja (m + g),2007-06-01,19,11,3,1,22,12,34
TURCO,desnutricion global - cronica,cronica talla baja (m + g),2007-06-01,4,2,12,5,16,7,23
VILLA RIVERO,desnutricion global - cronica,cronica talla baja (m + g),2007-06-01,0,0,0,3,0,3,3
YACUIBA,desnutricion global - cronica,cronica talla baja (m + g),2007-06-01,1,2,2,1,3,3,6
YOTALA,desnutricion global - cronica,cronica talla baja (m + g),2007-06-01,7,6,9,10,16,16,32
AIQUILE,desnutricion global - cronica,cronica talla baja (m + g),2007-07-01,2,1,0,1,2,2,4
ALALAY,desnutricion global - cronica,cronica talla baja (m + g),2007-07-01,3,0,1,0,4,0,4
ANDAMARCA,desnutricion global - cronica,cronica talla baja (m + g),2007-07-01,10,1,2,8,12,9,21
ANZALDO,desnutricion global - cronica,cronica talla baja (m + g),2007-07-01,2,1,0,0,2,1,3
ARBIETO,desnutricion global - cronica,cronica talla baja (m + g),2007-07-01,0,2,1,0,1,2,3
BELEN DE ANDAMARCA,desnutricion global - cronica,cronica talla baja (m + g),2007-07-01,1,0,0,0,1,0,1
BERMEJO,desnutricion global - cronica,cronica talla baja (m + g),2007-07-01,1,1,0,1,1,2,3
BETANZOS,desnutricion global - cronica,cronica talla baja (m + g),2007-07-01,8,2,11,4,19,6,25
CABEZAS,desnutricion global - cronica,cronica talla baja (m + g),2007-07-01,0,0,1,0,1,0,1
CHALLAPATA,desnutricion global - cronica,cronica talla baja (m + g),2007-07-01,39,27,39,37,78,64,142
CHOQUE COTA,desnutricion global - cronica,cronica talla baja (m + g),2007-07-01,1,0,0,0,1,0,1
COLQUIRI,desnutricion global - cronica,cronica talla baja (m + g),2007-07-01,19,6,12,12,31,18,49
COMARAPA,desnutricion global - cronica,cronica talla baja (m + g),2007-07-01,1,0,1,0,2,0,2
CORQUE,desnutricion global - cronica,cronica talla baja (m + g),2007-07-01,11,7,3,7,14,14,28
COTOCA,desnutricion global - cronica,cronica talla baja (m + g),2007-07-01,8,4,1,1,9,5,14
CURAHUARA DE CARANGAS,desnutricion global - cronica,cronica talla baja (m + g),2007-07-01,3,3,5,4,8,7,15
EL CHORO,desnutricion global - cronica,cronica talla baja (m + g),2007-07-01,2,0,1,0,3,0,3
EL TORNO,desnutricion global - cronica,cronica talla baja (m + g),2007-07-01,5,12,6,11,11,23,34
ENTRE RIOS,desnutricion global - cronica,cronica talla baja (m + g),2007-07-01,1,0,0,1,1,1,2
HUACHACALLA,desnutricion global - cronica,cronica talla baja (m + g),2007-07-01,1,1,0,0,1,1,2
HUANUNI,desnutricion global - cronica,cronica talla baja (m + g),2007-07-01,2,1,0,5,2,6,8
ICHOCA,desnutricion global - cronica,cronica talla baja (m + g),2007-07-01,0,2,0,0,0,2,2
INQUISIVI,desnutricion global - cronica,cronica talla baja (m + g),2007-07-01,35,22,35,20,70,42,112
LA GUARDIA,desnutricion global - cronica,cronica talla baja (m + g),2007-07-01,21,15,6,5,27,20,47
LAGUNILLAS,desnutricion global - cronica,cronica talla baja (m + g),2007-07-01,0,1,0,0,0,1,1
LICOMA PAMPA,desnutricion global - cronica,cronica talla baja (m + g),2007-07-01,0,0,1,0,1,0,1
MACHACAMARCA,desnutricion global - cronica,cronica talla baja (m + g),2007-07-01,0,2,1,0,1,2,3
ORURO,desnutricion global - cronica,cronica talla baja (m + g),2007-07-01,110,73,55,55,165,128,293
PAMPA AULLAGAS,desnutricion global - cronica,cronica talla baja (m + g),2007-07-01,5,4,1,8,6,12,18
PAZÑA,desnutricion global - cronica,cronica talla baja (m + g),2007-07-01,3,0,3,0,6,0,6
POCOATA,desnutricion global - cronica,cronica talla baja (m + g),2007-07-01,2,8,6,1,8,9,17
PORCO,desnutricion global - cronica,cronica talla baja (m + g),2007-07-01,1,2,1,0,2,2,4
PRESTO,desnutricion global - cronica,cronica talla baja (m + g),2007-07-01,9,7,4,7,13,14,27
RIBERALTA,desnutricion global - cronica,cronica talla baja (m + g),2007-07-01,1,0,1,0,2,0,2
SALINAS DE GARCI MENDOZA,desnutricion global - cronica,cronica talla baja (m + g),2007-07-01,3,0,4,0,7,0,7
SAN BENITO,desnutricion global - cronica,cronica talla baja (m + g),2007-07-01,0,0,3,2,3,2,5
SAN IGNACIO,desnutricion global - cronica,cronica talla baja (m + g),2007-07-01,1,0,0,1,1,1,2
SAN LUCAS,desnutricion global - cronica,cronica talla baja (m + g),2007-07-01,4,6,2,2,6,8,14
SANTA ANA,desnutricion global - cronica,cronica talla baja (m + g),2007-07-01,8,1,1,1,9,2,11
SANTA CRUZ DE LA SIERRA,desnutricion global - cronica,cronica talla baja (m + g),2007-07-01,7,8,2,1,9,9,18
SANTA ROSA,desnutricion global - cronica,cronica talla baja (m + g),2007-07-01,0,1,1,0,1,1,2
SORACACHI,desnutricion global - cronica,cronica talla baja (m + g),2007-07-01,5,3,6,6,11,9,20
TAPACARI,desnutricion global - cronica,cronica talla baja (m + g),2007-07-01,2,5,3,3,5,8,13
TARATA,desnutricion global - cronica,cronica talla baja (m + g),2007-07-01,2,1,0,0,2,1,3
TARIJA,desnutricion global - cronica,cronica talla baja (m + g),2007-07-01,1,0,0,1,1,1,2
TOLEDO,desnutricion global - cronica,cronica talla baja (m + g),2007-07-01,2,3,0,2,2,5,7
TORO TORO,desnutricion global - cronica,cronica talla baja (m + g),2007-07-01,4,7,9,5,13,12,25
TOTORA(ORR),desnutricion global - cronica,cronica talla baja (m + g),2007-07-01,3,0,3,5,6,5,11
TURCO,desnutricion global - cronica,cronica talla baja (m + g),2007-07-01,8,4,7,12,15,16,31
VIACHA,desnutricion global - cronica,cronica talla baja (m + g),2007-07-01,2,1,0,0,2,1,3
VILLA TUNARI,desnutricion global - cronica,cronica talla baja (m + g),2007-07-01,0,1,1,1,1,2,3
YACUIBA,desnutricion global - cronica,cronica talla baja (m + g),2007-07-01,5,2,7,0,12,2,14
ACACIO,desnutricion global - cronica,cronica talla baja (m + g),2007-08-01,1,1,0,0,1,1,2
ALALAY,desnutricion global - cronica,cronica talla baja (m + g),2007-08-01,1,0,0,0,1,0,1
ANDAMARCA,desnutricion global - cronica,cronica talla baja (m + g),2007-08-01,18,12,29,28,47,40,87
ARBIETO,desnutricion global - cronica,cronica talla baja (m + g),2007-08-01,1,0,0,0,1,0,1
ASCENCION DE GUARAYOS,desnutricion global - cronica,cronica talla baja (m + g),2007-08-01,7,25,7,16,14,41,55
BETANZOS,desnutricion global - cronica,cronica talla baja (m + g),2007-08-01,12,5,13,8,25,13,38
CHALLAPATA,desnutricion global - cronica,cronica talla baja (m + g),2007-08-01,35,35,38,33,73,68,141
CHOQUE COTA,desnutricion global - cronica,cronica talla baja (m + g),2007-08-01,1,0,0,1,1,1,2
COIPASA,desnutricion global - cronica,cronica talla baja (m + g),2007-08-01,0,0,0,1,0,1,1
COLQUIRI,desnutricion global - cronica,cronica talla baja (m + g),2007-08-01,42,22,32,37,74,59,133
CORQUE,desnutricion global - cronica,cronica talla baja (m + g),2007-08-01,11,10,16,17,27,27,54
COTOCA,desnutricion global - cronica,cronica talla baja (m + g),2007-08-01,9,14,9,9,18,23,41
CURAHUARA DE CARANGAS,desnutricion global - cronica,cronica talla baja (m + g),2007-08-01,10,9,12,11,22,20,42
CURVA,desnutricion global - cronica,cronica talla baja (m + g),2007-08-01,3,0,12,3,15,3,18
EL CHORO,desnutricion global - cronica,cronica talla baja (m + g),2007-08-01,4,2,2,2,6,4,10
EL TORNO,desnutricion global - cronica,cronica talla baja (m + g),2007-08-01,9,6,8,11,17,17,34
ENTRE RIOS,desnutricion global - cronica,cronica talla baja (m + g),2007-08-01,2,1,1,4,3,5,8
HUACHACALLA,desnutricion global - cronica,cronica talla baja (m + g),2007-08-01,2,0,3,2,5,2,7
HUANUNI,desnutricion global - cronica,cronica talla baja (m + g),2007-08-01,9,6,8,4,17,10,27
HUAYLLAMARCA,desnutricion global - cronica,cronica talla baja (m + g),2007-08-01,0,1,3,3,3,4,7
INQUISIVI,desnutricion global - cronica,cronica talla baja (m + g),2007-08-01,10,12,14,10,24,22,46
LA GUARDIA,desnutricion global - cronica,cronica talla baja (m + g),2007-08-01,35,17,11,7,46,24,70
LORETO,desnutricion global - cronica,cronica talla baja (m + g),2007-08-01,2,2,2,3,4,5,9
ORURO,desnutricion global - cronica,cronica talla baja (m + g),2007-08-01,170,125,84,78,254,203,457
PADCAYA,desnutricion global - cronica,cronica talla baja (m + g),2007-08-01,0,0,0,2,0,2,2
PAMPA AULLAGAS,desnutricion global - cronica,cronica talla baja (m + g),2007-08-01,6,6,8,5,14,11,25
PAZÑA,desnutricion global - cronica,cronica talla baja (m + g),2007-08-01,5,3,2,3,7,6,13
POCOATA,desnutricion global - cronica,cronica talla baja (m + g),2007-08-01,2,9,1,0,3,9,12
POOPO,desnutricion global - cronica,cronica talla baja (m + g),2007-08-01,3,1,1,2,4,3,7
PORCO,desnutricion global - cronica,cronica talla baja (m + g),2007-08-01,2,6,0,1,2,7,9
POTOSI,desnutricion global - cronica,cronica talla baja (m + g),2007-08-01,1,0,0,0,1,0,1
PRESTO,desnutricion global - cronica,cronica talla baja (m + g),2007-08-01,8,6,2,6,10,12,22
PUNA,desnutricion global - cronica,cronica talla baja (m + g),2007-08-01,1,0,0,2,1,2,3
QUILLACOLLO,desnutricion global - cronica,cronica talla baja (m + g),2007-08-01,0,1,0,0,0,1,1
RIBERALTA,desnutricion global - cronica,cronica talla baja (m + g),2007-08-01,0,1,0,0,0,1,1
RURRENABAQUE,desnutricion global - cronica,cronica talla baja (m + g),2007-08-01,0,4,0,1,0,5,5
SACACA,desnutricion global - cronica,cronica talla baja (m + g),2007-08-01,2,5,4,3,6,8,14
SALINAS DE GARCI MENDOZA,desnutricion global - cronica,cronica talla baja (m + g),2007-08-01,5,2,10,4,15,6,21
SAN ANDRES,desnutricion global - cronica,cronica talla baja (m + g),2007-08-01,10,15,1,3,11,18,29
SAN IGNACIO,desnutricion global - cronica,cronica talla baja (m + g),2007-08-01,2,7,4,7,6,14,20
SAN JAVIER(BNI),desnutricion global - cronica,cronica talla baja (m + g),2007-08-01,2,1,1,1,3,2,5
SAN LUCAS,desnutricion global - cronica,cronica talla baja (m + g),2007-08-01,4,3,2,4,6,7,13
SANTA ANA,desnutricion global - cronica,cronica talla baja (m + g),2007-08-01,7,1,0,0,7,1,8
SANTA CRUZ DE LA SIERRA,desnutricion global - cronica,cronica talla baja (m + g),2007-08-01,2,3,9,3,11,6,17
SANTA ROSA,desnutricion global - cronica,cronica talla baja (m + g),2007-08-01,3,4,1,1,4,5,9
SANTIAGO DE HUARI,desnutricion global - cronica,cronica talla baja (m + g),2007-08-01,0,2,1,3,1,5,6
SORACACHI,desnutricion global - cronica,cronica talla baja (m + g),2007-08-01,6,1,14,12,20,13,33
SUCRE,desnutricion global - cronica,cronica talla baja (m + g),2007-08-01,1,0,0,0,1,0,1
TIQUIPAYA,desnutricion global - cronica,cronica talla baja (m + g),2007-08-01,1,0,0,1,1,1,2
TOLATA,desnutricion global - cronica,cronica talla baja (m + g),2007-08-01,0,1,0,0,0,1,1
TOLEDO,desnutricion global - cronica,cronica talla baja (m + g),2007-08-01,0,2,4,4,4,6,10
TORO TORO,desnutricion global - cronica,cronica talla baja (m + g),2007-08-01,29,26,25,28,54,54,108
TOTORA(ORR),desnutricion global - cronica,cronica talla baja (m + g),2007-08-01,1,2,2,1,3,3,6
TRINIDAD,desnutricion global - cronica,cronica talla baja (m + g),2007-08-01,11,11,3,3,14,14,28
TURCO,desnutricion global - cronica,cronica talla baja (m + g),2007-08-01,10,6,8,6,18,12,30
VIACHA,desnutricion global - cronica,cronica talla baja (m + g),2007-08-01,3,0,0,0,3,0,3
VILLA RIVERO,desnutricion global - cronica,cronica talla baja (m + g),2007-08-01,0,0,0,1,0,1,1
YACUIBA,desnutricion global - cronica,cronica talla baja (m + g),2007-08-01,8,4,4,5,12,9,21
YOTALA,desnutricion global - cronica,cronica talla baja (m + g),2007-08-01,30,42,59,74,89,116,205
YUNCHARA,desnutricion global - cronica,cronica talla baja (m + g),2007-08-01,0,0,2,1,2,1,3
ZUDAÑEZ,desnutricion global - cronica,cronica talla baja (m + g),2007-08-01,1,1,3,4,4,5,9
ALALAY,desnutricion global - cronica,cronica talla baja (m + g),2007-09-01,1,0,0,0,1,0,1
ANDAMARCA,desnutricion global - cronica,cronica talla baja (m + g),2007-09-01,9,5,13,9,22,14,36
ARBIETO,desnutricion global - cronica,cronica talla baja (m + g),2007-09-01,0,1,0,0,0,1,1
BELEN DE ANDAMARCA,desnutricion global - cronica,cronica talla baja (m + g),2007-09-01,0,1,0,1,0,2,2
BETANZOS,desnutricion global - cronica,cronica talla baja (m + g),2007-09-01,6,5,12,2,18,7,25
CABEZAS,desnutricion global - cronica,cronica talla baja (m + g),2007-09-01,0,0,0,1,0,1,1
CHALLAPATA,desnutricion global - cronica,cronica talla baja (m + g),2007-09-01,42,33,43,39,85,72,157
CHOQUE COTA,desnutricion global - cronica,cronica talla baja (m + g),2007-09-01,0,1,0,0,0,1,1
COLQUIRI,desnutricion global - cronica,cronica talla baja (m + g),2007-09-01,35,25,41,18,76,43,119
CORQUE,desnutricion global - cronica,cronica talla baja (m + g),2007-09-01,6,11,11,10,17,21,38
COTAGAITA,desnutricion global - cronica,cronica talla baja (m + g),2007-09-01,8,12,21,15,29,27,56
COTOCA,desnutricion global - cronica,cronica talla baja (m + g),2007-09-01,9,7,8,6,17,13,30
CURAHUARA DE CARANGAS,desnutricion global - cronica,cronica talla baja (m + g),2007-09-01,1,0,1,3,2,3,5
CURVA,desnutricion global - cronica,cronica talla baja (m + g),2007-09-01,3,2,5,3,8,5,13
EL TORNO,desnutricion global - cronica,cronica talla baja (m + g),2007-09-01,7,4,8,18,15,22,37
EUCALIPTUS,desnutricion global - cronica,cronica talla baja (m + g),2007-09-01,5,2,3,3,8,5,13
HUACHACALLA,desnutricion global - cronica,cronica talla baja (m + g),2007-09-01,3,1,1,1,4,2,6
HUANUNI,desnutricion global - cronica,cronica talla baja (m + g),2007-09-01,8,6,5,10,13,16,29
HUAYLLAMARCA,desnutricion global - cronica,cronica talla baja (m + g),2007-09-01,1,0,3,2,4,2,6
INQUISIVI,desnutricion global - cronica,cronica talla baja (m + g),2007-09-01,25,18,47,40,72,58,130
LA GUARDIA,desnutricion global - cronica,cronica talla baja (m + g),2007-09-01,31,19,11,3,42,22,64
MOJOCOYA,desnutricion global - cronica,cronica talla baja (m + g),2007-09-01,1,0,0,0,1,0,1
ORURO,desnutricion global - cronica,cronica talla baja (m + g),2007-09-01,100,69,52,53,152,122,274
PALCA,desnutricion global - cronica,cronica talla baja (m + g),2007-09-01,0,0,0,1,0,1,1
PAZÑA,desnutricion global - cronica,cronica talla baja (m + g),2007-09-01,3,2,1,1,4,3,7
POCOATA,desnutricion global - cronica,cronica talla baja (m + g),2007-09-01,1,4,3,3,4,7,11
POCONA,desnutricion global - cronica,cronica talla baja (m + g),2007-09-01,0,2,0,0,0,2,2
PORCO,desnutricion global - cronica,cronica talla baja (m + g),2007-09-01,3,3,1,0,4,3,7
POTOSI,desnutricion global - cronica,cronica talla baja (m + g),2007-09-01,11,1,0,0,11,1,12
PRESTO,desnutricion global - cronica,cronica talla baja (m + g),2007-09-01,6,2,3,3,9,5,14
REYES,desnutricion global - cronica,cronica talla baja (m + g),2007-09-01,1,0,2,0,3,0,3
RIBERALTA,desnutricion global - cronica,cronica talla baja (m + g),2007-09-01,23,34,11,7,34,41,75
ROBORE,desnutricion global - cronica,cronica talla baja (m + g),2007-09-01,0,0,1,0,1,0,1
RURRENABAQUE,desnutricion global - cronica,cronica talla baja (m + g),2007-09-01,3,0,1,2,4,2,6
SABAYA,desnutricion global - cronica,cronica talla baja (m + g),2007-09-01,0,1,0,1,0,2,2
SACACA,desnutricion global - cronica,cronica talla baja (m + g),2007-09-01,14,12,10,17,24,29,53
SALINAS DE GARCI MENDOZA,desnutricion global - cronica,cronica talla baja (m + g),2007-09-01,7,6,13,4,20,10,30
SAN ANDRES,desnutricion global - cronica,cronica talla baja (m + g),2007-09-01,1,3,0,1,1,4,5
SAN BENITO,desnutricion global - cronica,cronica talla baja (m + g),2007-09-01,2,1,0,1,2,2,4
SAN IGNACIO,desnutricion global - cronica,cronica talla baja (m + g),2007-09-01,6,3,1,0,7,3,10
SAN JAVIER(BNI),desnutricion global - cronica,cronica talla baja (m + g),2007-09-01,1,0,0,1,1,1,2
SAN LUCAS,desnutricion global - cronica,cronica talla baja (m + g),2007-09-01,1,0,0,2,1,2,3
SANTA ANA,desnutricion global - cronica,cronica talla baja (m + g),2007-09-01,2,0,0,0,2,0,2
SANTA CRUZ DE LA SIERRA,desnutricion global - cronica,cronica talla baja (m + g),2007-09-01,0,2,0,1,0,3,3
SANTA ROSA,desnutricion global - cronica,cronica talla baja (m + g),2007-09-01,1,1,0,0,1,1,2
SANTIAGO DE HUARI,desnutricion global - cronica,cronica talla baja (m + g),2007-09-01,1,1,3,6,4,7,11
SORACACHI,desnutricion global - cronica,cronica talla baja (m + g),2007-09-01,3,2,1,6,4,8,12
SUCRE,desnutricion global - cronica,cronica talla baja (m + g),2007-09-01,0,0,0,2,0,2,2
TAPACARI,desnutricion global - cronica,cronica talla baja (m + g),2007-09-01,1,9,3,4,4,13,17
TOCO,desnutricion global - cronica,cronica talla baja (m + g),2007-09-01,0,0,1,3,1,3,4
TOLEDO,desnutricion global - cronica,cronica talla baja (m + g),2007-09-01,1,12,1,1,2,13,15
TORO TORO,desnutricion global - cronica,cronica talla baja (m + g),2007-09-01,39,33,50,55,89,88,177
TOTORA(ORR),desnutricion global - cronica,cronica talla baja (m + g),2007-09-01,2,2,1,5,3,7,10
TRINIDAD,desnutricion global - cronica,cronica talla baja (m + g),2007-09-01,23,18,5,13,28,31,59
TURCO,desnutricion global - cronica,cronica talla baja (m + g),2007-09-01,9,3,12,5,21,8,29
VILLA TUNARI,desnutricion global - cronica,cronica talla baja (m + g),2007-09-01,1,0,0,0,1,0,1
YACUIBA,desnutricion global - cronica,cronica talla baja (m + g),2007-09-01,2,3,5,3,7,6,13
YOTALA,desnutricion global - cronica,cronica talla baja (m + g),2007-09-01,33,23,53,50,86,73,159
YUNCHARA,desnutricion global - cronica,cronica talla baja (m + g),2007-09-01,0,0,1,0,1,0,1
ZUDAÑEZ,desnutricion global - cronica,cronica talla baja (m + g),2007-09-01,2,2,2,3,4,5,9
ACHOCALLA,desnutricion global - cronica,cronica talla baja (m + g),2007-10-01,7,4,2,5,9,9,18
ANDAMARCA,desnutricion global - cronica,cronica talla baja (m + g),2007-10-01,12,8,19,24,31,32,63
ARBIETO,desnutricion global - cronica,cronica talla baja (m + g),2007-10-01,0,1,2,1,2,2,4
BELEN DE ANDAMARCA,desnutricion global - cronica,cronica talla baja (m + g),2007-10-01,1,1,0,1,1,2,3
BETANZOS,desnutricion global - cronica,cronica talla baja (m + g),2007-10-01,7,5,18,8,25,13,38
CABEZAS,desnutricion global - cronica,cronica talla baja (m + g),2007-10-01,1,0,0,0,1,0,1
CAPINOTA,desnutricion global - cronica,cronica talla baja (m + g),2007-10-01,0,2,0,0,0,2,2
CARACOLLO,desnutricion global - cronica,cronica talla baja (m + g),2007-10-01,2,2,0,1,2,3,5
CHALLAPATA,desnutricion global - cronica,cronica talla baja (m + g),2007-10-01,57,54,55,73,112,127,239
COLQUIRI,desnutricion global - cronica,cronica talla baja (m + g),2007-10-01,38,16,44,45,82,61,143
CORQUE,desnutricion global - cronica,cronica talla baja (m + g),2007-10-01,8,12,6,11,14,23,37
COTAGAITA,desnutricion global - cronica,cronica talla baja (m + g),2007-10-01,8,12,13,15,21,27,48
COTOCA,desnutricion global - cronica,cronica talla baja (m + g),2007-10-01,7,6,7,6,14,12,26
CURAHUARA DE CARANGAS,desnutricion global - cronica,cronica talla baja (m + g),2007-10-01,8,7,11,10,19,17,36
EL CHORO,desnutricion global - cronica,cronica talla baja (m + g),2007-10-01,0,2,2,1,2,3,5
EL TORNO,desnutricion global - cronica,cronica talla baja (m + g),2007-10-01,4,5,3,7,7,12,19
EUCALIPTUS,desnutricion global - cronica,cronica talla baja (m + g),2007-10-01,13,13,23,16,36,29,65
EXALTACION,desnutricion global - cronica,cronica talla baja (m + g),2007-10-01,5,1,1,0,6,1,7
HUACHACALLA,desnutricion global - cronica,cronica talla baja (m + g),2007-10-01,5,3,3,4,8,7,15
HUANUNI,desnutricion global - cronica,cronica talla baja (m + g),2007-10-01,28,26,16,18,44,44,88
HUAYLLAMARCA,desnutricion global - cronica,cronica talla baja (m + g),2007-10-01,0,0,1,1,1,1,2
INQUISIVI,desnutricion global - cronica,cronica talla baja (m + g),2007-10-01,17,6,15,15,32,21,53
LA GUARDIA,desnutricion global - cronica,cronica talla baja (m + g),2007-10-01,34,31,9,12,43,43,86
LA RIVERA,desnutricion global - cronica,cronica talla baja (m + g),2007-10-01,0,1,0,0,0,1,1
LICOMA PAMPA,desnutricion global - cronica,cronica talla baja (m + g),2007-10-01,0,1,0,0,0,1,1
LORETO,desnutricion global - cronica,cronica talla baja (m + g),2007-10-01,0,0,2,2,2,2,4
MACHACAMARCA,desnutricion global - cronica,cronica talla baja (m + g),2007-10-01,1,0,0,2,1,2,3
MECAPACA,desnutricion global - cronica,cronica talla baja (m + g),2007-10-01,0,0,0,1,0,1,1
ORURO,desnutricion global - cronica,cronica talla baja (m + g),2007-10-01,121,82,65,52,186,134,320
PAMPA AULLAGAS,desnutricion global - cronica,cronica talla baja (m + g),2007-10-01,18,11,7,13,25,24,49
PAZÑA,desnutricion global - cronica,cronica talla baja (m + g),2007-10-01,2,2,1,0,3,2,5
POOPO,desnutricion global - cronica,cronica talla baja (m + g),2007-10-01,0,2,0,1,0,3,3
PORCO,desnutricion global - cronica,cronica talla baja (m + g),2007-10-01,0,0,1,1,1,1,2
POTOSI,desnutricion global - cronica,cronica talla baja (m + g),2007-10-01,1,0,1,0,2,0,2
PRESTO,desnutricion global - cronica,cronica talla baja (m + g),2007-10-01,6,2,4,2,10,4,14
PUERTO VILLARROEL,desnutricion global - cronica,cronica talla baja (m + g),2007-10-01,0,1,0,3,0,4,4
RIBERALTA,desnutricion global - cronica,cronica talla baja (m + g),2007-10-01,35,33,20,22,55,55,110
ROBORE,desnutricion global - cronica,cronica talla baja (m + g),2007-10-01,0,0,0,1,0,1,1
RURRENABAQUE,desnutricion global - cronica,cronica talla baja (m + g),2007-10-01,0,0,1,0,1,0,1
SACACA,desnutricion global - cronica,cronica talla baja (m + g),2007-10-01,13,10,15,17,28,27,55
SALINAS DE GARCI MENDOZA,desnutricion global - cronica,cronica talla baja (m + g),2007-10-01,10,5,13,8,23,13,36
SAN ANDRES,desnutricion global - cronica,cronica talla baja (m + g),2007-10-01,1,1,2,0,3,1,4
SAN BENITO,desnutricion global - cronica,cronica talla baja (m + g),2007-10-01,0,2,0,0,0,2,2
SAN IGNACIO,desnutricion global - cronica,cronica talla baja (m + g),2007-10-01,2,6,5,3,7,9,16
SAN LUCAS,desnutricion global - cronica,cronica talla baja (m + g),2007-10-01,1,2,1,2,2,4,6
SAN MATIAS,desnutricion global - cronica,cronica talla baja (m + g),2007-10-01,0,0,0,1,0,1,1
SANTA ANA,desnutricion global - cronica,cronica talla baja (m + g),2007-10-01,4,4,2,4,6,8,14
SANTA CRUZ DE LA SIERRA,desnutricion global - cronica,cronica talla baja (m + g),2007-10-01,3,0,0,0,3,0,3
SANTA ROSA,desnutricion global - cronica,cronica talla baja (m + g),2007-10-01,3,2,0,1,3,3,6
SANTIAGO DE HUARI,desnutricion global - cronica,cronica talla baja (m + g),2007-10-01,4,1,4,2,8,3,11
SORACACHI,desnutricion global - cronica,cronica talla baja (m + g),2007-10-01,6,6,15,11,21,17,38
TARATA,desnutricion global - cronica,cronica talla baja (m + g),2007-10-01,1,1,1,2,2,3,5
TOCO,desnutricion global - cronica,cronica talla baja (m + g),2007-10-01,0,2,2,2,2,4,6
TOLATA,desnutricion global - cronica,cronica talla baja (m + g),2007-10-01,0,1,0,0,0,1,1
TOLEDO,desnutricion global - cronica,cronica talla baja (m + g),2007-10-01,7,4,2,0,9,4,13
TORO TORO,desnutricion global - cronica,cronica talla baja (m + g),2007-10-01,38,27,26,35,64,62,126
TOTORA(CBBA),desnutricion global - cronica,cronica talla baja (m + g),2007-10-01,1,0,0,0,1,0,1
TRINIDAD,desnutricion global - cronica,cronica talla baja (m + g),2007-10-01,18,23,12,4,30,27,57
TURCO,desnutricion global - cronica,cronica talla baja (m + g),2007-10-01,12,5,5,8,17,13,30
VILA VILA,desnutricion global - cronica,cronica talla baja (m + g),2007-10-01,7,1,1,2,8,3,11
VILLA RIVERO,desnutricion global - cronica,cronica talla baja (m + g),2007-10-01,0,1,0,0,0,1,1
YACUIBA,desnutricion global - cronica,cronica talla baja (m + g),2007-10-01,4,5,4,4,8,9,17
YOTALA,desnutricion global - cronica,cronica talla baja (m + g),2007-10-01,27,20,58,60,85,80,165
ZUDAÑEZ,desnutricion global - cronica,cronica talla baja (m + g),2007-10-01,2,0,5,5,7,5,12
ACHOCALLA,desnutricion global - cronica,cronica talla baja (m + g),2007-11-01,1,0,0,2,1,2,3
ANDAMARCA,desnutricion global - cronica,cronica talla baja (m + g),2007-11-01,20,11,28,32,48,43,91
ANZALDO,desnutricion global - cronica,cronica talla baja (m + g),2007-11-01,0,1,0,0,0,1,1
BELEN DE ANDAMARCA,desnutricion global - cronica,cronica talla baja (m + g),2007-11-01,3,0,1,1,4,1,5
BETANZOS,desnutricion global - cronica,cronica talla baja (m + g),2007-11-01,10,8,3,4,13,12,25
CAPINOTA,desnutricion global - cronica,cronica talla baja (m + g),2007-11-01,1,3,0,0,1,3,4
CHALLAPATA,desnutricion global - cronica,cronica talla baja (m + g),2007-11-01,36,40,33,52,69,92,161
COLQUIRI,desnutricion global - cronica,cronica talla baja (m + g),2007-11-01,15,13,20,26,35,39,74
CORQUE,desnutricion global - cronica,cronica talla baja (m + g),2007-11-01,9,13,16,16,25,29,54
COTAGAITA,desnutricion global - cronica,cronica talla baja (m + g),2007-11-01,4,3,10,8,14,11,25
COTOCA,desnutricion global - cronica,cronica talla baja (m + g),2007-11-01,6,10,4,10,10,20,30
CURAHUARA DE CARANGAS,desnutricion global - cronica,cronica talla baja (m + g),2007-11-01,21,19,10,12,31,31,62
EL CHORO,desnutricion global - cronica,cronica talla baja (m + g),2007-11-01,3,2,5,2,8,4,12
EL TORNO,desnutricion global - cronica,cronica talla baja (m + g),2007-11-01,10,4,10,10,20,14,34
ENTRE RIOS,desnutricion global - cronica,cronica talla baja (m + g),2007-11-01,0,0,1,0,1,0,1
EUCALIPTUS,desnutricion global - cronica,cronica talla baja (m + g),2007-11-01,6,1,12,7,18,8,26
EXALTACION,desnutricion global - cronica,cronica talla baja (m + g),2007-11-01,0,0,1,0,1,0,1
HUACHACALLA,desnutricion global - cronica,cronica talla baja (m + g),2007-11-01,3,2,6,8,9,10,19
HUANUNI,desnutricion global - cronica,cronica talla baja (m + g),2007-11-01,27,14,12,14,39,28,67
HUAYLLAMARCA,desnutricion global - cronica,cronica talla baja (m + g),2007-11-01,0,0,1,0,1,0,1
INQUISIVI,desnutricion global - cronica,cronica talla baja (m + g),2007-11-01,23,6,14,10,37,16,53
LA GUARDIA,desnutricion global - cronica,cronica talla baja (m + g),2007-11-01,23,9,20,13,43,22,65
LORETO,desnutricion global - cronica,cronica talla baja (m + g),2007-11-01,0,0,1,1,1,1,2
ORURO,desnutricion global - cronica,cronica talla baja (m + g),2007-11-01,95,51,44,37,139,88,227
PADCAYA,desnutricion global - cronica,cronica talla baja (m + g),2007-11-01,1,1,0,0,1,1,2
PAMPA AULLAGAS,desnutricion global - cronica,cronica talla baja (m + g),2007-11-01,4,6,4,4,8,10,18
PAZÑA,desnutricion global - cronica,cronica talla baja (m + g),2007-11-01,7,4,4,0,11,4,15
POOPO,desnutricion global - cronica,cronica talla baja (m + g),2007-11-01,2,0,1,0,3,0,3
PRESTO,desnutricion global - cronica,cronica talla baja (m + g),2007-11-01,5,3,2,2,7,5,12
PUERTO VILLARROEL,desnutricion global - cronica,cronica talla baja (m + g),2007-11-01,0,0,0,1,0,1,1
REYES,desnutricion global - cronica,cronica talla baja (m + g),2007-11-01,0,1,0,1,0,2,2
RIBERALTA,desnutricion global - cronica,cronica talla baja (m + g),2007-11-01,37,24,15,15,52,39,91
RURRENABAQUE,desnutricion global - cronica,cronica talla baja (m + g),2007-11-01,0,1,1,0,1,1,2
SACACA,desnutricion global - cronica,cronica talla baja (m + g),2007-11-01,7,7,5,7,12,14,26
SALINAS DE GARCI MENDOZA,desnutricion global - cronica,cronica talla baja (m + g),2007-11-01,11,4,13,9,24,13,37
SAN IGNACIO,desnutricion global - cronica,cronica talla baja (m + g),2007-11-01,0,1,0,0,0,1,1
SAN IGNACIO DE VELASCO,desnutricion global - cronica,cronica talla baja (m + g),2007-11-01,1,1,0,5,1,6,7
SAN MATIAS,desnutricion global - cronica,cronica talla baja (m + g),2007-11-01,1,2,4,1,5,3,8
SANTA ANA,desnutricion global - cronica,cronica talla baja (m + g),2007-11-01,7,5,3,1,10,6,16
SANTA CRUZ DE LA SIERRA,desnutricion global - cronica,cronica talla baja (m + g),2007-11-01,1,0,0,0,1,0,1
SANTA ROSA,desnutricion global - cronica,cronica talla baja (m + g),2007-11-01,2,1,0,0,2,1,3
SORACACHI,desnutricion global - cronica,cronica talla baja (m + g),2007-11-01,2,1,1,1,3,2,5
SUCRE,desnutricion global - cronica,cronica talla baja (m + g),2007-11-01,0,1,0,1,0,2,2
TACOPAYA,desnutricion global - cronica,cronica talla baja (m + g),2007-11-01,5,10,14,12,19,22,41
TARATA,desnutricion global - cronica,cronica talla baja (m + g),2007-11-01,0,2,0,1,0,3,3
TOCO,desnutricion global - cronica,cronica talla baja (m + g),2007-11-01,1,0,0,0,1,0,1
TOLATA,desnutricion global - cronica,cronica talla baja (m + g),2007-11-01,0,1,0,0,0,1,1
TOLEDO,desnutricion global - cronica,cronica talla baja (m + g),2007-11-01,1,1,5,2,6,3,9
TORO TORO,desnutricion global - cronica,cronica talla baja (m + g),2007-11-01,10,12,11,11,21,23,44
TRINIDAD,desnutricion global - cronica,cronica talla baja (m + g),2007-11-01,5,7,0,3,5,10,15
TURCO,desnutricion global - cronica,cronica talla baja (m + g),2007-11-01,7,3,1,5,8,8,16
VILLA RIVERO,desnutricion global - cronica,cronica talla baja (m + g),2007-11-01,0,2,1,0,1,2,3
YACUIBA,desnutricion global - cronica,cronica talla baja (m + g),2007-11-01,2,1,0,2,2,3,5
YOTALA,desnutricion global - cronica,cronica talla baja (m + g),2007-11-01,35,20,48,49,83,69,152
ZUDAÑEZ,desnutricion global - cronica,cronica talla baja (m + g),2007-11-01,2,1,2,4,4,5,9
ACHOCALLA,desnutricion global - cronica,cronica talla baja (m + g),2007-12-01,3,2,0,1,3,3,6
ALALAY,desnutricion global - cronica,cronica talla baja (m + g),2007-12-01,1,1,0,0,1,1,2
ANDAMARCA,desnutricion global - cronica,cronica talla baja (m + g),2007-12-01,12,7,6,2,18,9,27
ASCENCION DE GUARAYOS,desnutricion global - cronica,cronica talla baja (m + g),2007-12-01,29,20,26,31,55,51,106
BELEN DE ANDAMARCA,desnutricion global - cronica,cronica talla baja (m + g),2007-12-01,3,1,0,2,3,3,6
BETANZOS,desnutricion global - cronica,cronica talla baja (m + g),2007-12-01,8,9,12,6,20,15,35
CAPINOTA,desnutricion global - cronica,cronica talla baja (m + g),2007-12-01,1,1,0,0,1,1,2
CARACOLLO,desnutricion global - cronica,cronica talla baja (m + g),2007-12-01,1,5,2,2,3,7,10
CHALLAPATA,desnutricion global - cronica,cronica talla baja (m + g),2007-12-01,28,35,20,27,48,62,110
COLQUIRI,desnutricion global - cronica,cronica talla baja (m + g),2007-12-01,36,23,25,25,61,48,109
CORQUE,desnutricion global - cronica,cronica talla baja (m + g),2007-12-01,10,17,7,11,17,28,45
COTAGAITA,desnutricion global - cronica,cronica talla baja (m + g),2007-12-01,11,8,13,7,24,15,39
COTOCA,desnutricion global - cronica,cronica talla baja (m + g),2007-12-01,10,7,1,2,11,9,20
CURAHUARA DE CARANGAS,desnutricion global - cronica,cronica talla baja (m + g),2007-12-01,18,6,7,9,25,15,40
EL CHORO,desnutricion global - cronica,cronica talla baja (m + g),2007-12-01,0,0,0,1,0,1,1
EL TORNO,desnutricion global - cronica,cronica talla baja (m + g),2007-12-01,4,4,10,12,14,16,30
EUCALIPTUS,desnutricion global - cronica,cronica talla baja (m + g),2007-12-01,6,6,8,7,14,13,27
HUACHACALLA,desnutricion global - cronica,cronica talla baja (m + g),2007-12-01,1,3,2,7,3,10,13
HUANUNI,desnutricion global - cronica,cronica talla baja (m + g),2007-12-01,25,7,7,9,32,16,48
INQUISIVI,desnutricion global - cronica,cronica talla baja (m + g),2007-12-01,16,4,15,10,31,14,45
LA GUARDIA,desnutricion global - cronica,cronica talla baja (m + g),2007-12-01,21,16,7,4,28,20,48
LORETO,desnutricion global - cronica,cronica talla baja (m + g),2007-12-01,0,0,0,1,0,1,1
MACHACAMARCA,desnutricion global - cronica,cronica talla baja (m + g),2007-12-01,1,0,0,1,1,1,2
ORURO,desnutricion global - cronica,cronica talla baja (m + g),2007-12-01,30,24,33,18,63,42,105
PAMPA AULLAGAS,desnutricion global - cronica,cronica talla baja (m + g),2007-12-01,1,5,4,4,5,9,14
PAZÑA,desnutricion global - cronica,cronica talla baja (m + g),2007-12-01,4,3,0,2,4,5,9
POOPO,desnutricion global - cronica,cronica talla baja (m + g),2007-12-01,0,0,3,1,3,1,4
PORCO,desnutricion global - cronica,cronica talla baja (m + g),2007-12-01,4,1,0,0,4,1,5
PRESTO,desnutricion global - cronica,cronica talla baja (m + g),2007-12-01,3,0,5,3,8,3,11
PUERTO QUIJARRO,desnutricion global - cronica,cronica talla baja (m + g),2007-12-01,2,0,0,0,2,0,2
REYES,desnutricion global - cronica,cronica talla baja (m + g),2007-12-01,0,0,1,0,1,0,1
RIBERALTA,desnutricion global - cronica,cronica talla baja (m + g),2007-12-01,19,26,7,11,26,37,63
ROBORE,desnutricion global - cronica,cronica talla baja (m + g),2007-12-01,3,2,1,0,4,2,6
RURRENABAQUE,desnutricion global - cronica,cronica talla baja (m + g),2007-12-01,0,4,0,0,0,4,4
SACABAMBA,desnutricion global - cronica,cronica talla baja (m + g),2007-12-01,1,0,2,0,3,0,3
SALINAS DE GARCI MENDOZA,desnutricion global - cronica,cronica talla baja (m + g),2007-12-01,16,10,21,18,37,28,65
SAN ANDRES,desnutricion global - cronica,cronica talla baja (m + g),2007-12-01,1,0,1,2,2,2,4
SAN IGNACIO,desnutricion global - cronica,cronica talla baja (m + g),2007-12-01,0,2,0,0,0,2,2
SAN IGNACIO DE VELASCO,desnutricion global - cronica,cronica talla baja (m + g),2007-12-01,0,1,2,2,2,3,5
SAN LUCAS,desnutricion global - cronica,cronica talla baja (m + g),2007-12-01,2,4,1,3,3,7,10
SAN MATIAS,desnutricion global - cronica,cronica talla baja (m + g),2007-12-01,2,1,0,0,2,1,3
SANTA ANA,desnutricion global - cronica,cronica talla baja (m + g),2007-12-01,3,7,3,2,6,9,15
SANTA CRUZ DE LA SIERRA,desnutricion global - cronica,cronica talla baja (m + g),2007-12-01,1,2,0,0,1,2,3
SANTA ROSA,desnutricion global - cronica,cronica talla baja (m + g),2007-12-01,1,3,0,0,1,3,4
SANTIAGO DE HUARI,desnutricion global - cronica,cronica talla baja (m + g),2007-12-01,1,5,3,8,4,13,17
SORACACHI,desnutricion global - cronica,cronica talla baja (m + g),2007-12-01,2,2,4,4,6,6,12
SUCRE,desnutricion global - cronica,cronica talla baja (m + g),2007-12-01,1,0,0,0,1,0,1
TACOPAYA,desnutricion global - cronica,cronica talla baja (m + g),2007-12-01,3,6,2,4,5,10,15
TARABUCO,desnutricion global - cronica,cronica talla baja (m + g),2007-12-01,5,4,1,0,6,4,10
TARATA,desnutricion global - cronica,cronica talla baja (m + g),2007-12-01,1,0,0,0,1,0,1
TOCO,desnutricion global - cronica,cronica talla baja (m + g),2007-12-01,2,1,2,0,4,1,5
TOLEDO,desnutricion global - cronica,cronica talla baja (m + g),2007-12-01,2,5,8,5,10,10,20
TORO TORO,desnutricion global - cronica,cronica talla baja (m + g),2007-12-01,19,21,36,48,55,69,124
TOTORA(CBBA),desnutricion global - cronica,cronica talla baja (m + g),2007-12-01,2,2,1,4,3,6,9
TOTORA(ORR),desnutricion global - cronica,cronica talla baja (m + g),2007-12-01,2,1,1,0,3,1,4
TRINIDAD,desnutricion global - cronica,cronica talla baja (m + g),2007-12-01,12,7,13,11,25,18,43
TURCO,desnutricion global - cronica,cronica talla baja (m + g),2007-12-01,6,0,6,5,12,5,17
VILLA TUNARI,desnutricion global - cronica,cronica talla baja (m + g),2007-12-01,7,3,8,6,15,9,24
YACUIBA,desnutricion global - cronica,cronica talla baja (m + g),2007-12-01,4,5,0,3,4,8,12
YOTALA,desnutricion global - cronica,cronica talla baja (m + g),2007-12-01,32,22,36,35,68,57,125
YUNCHARA,desnutricion global - cronica,cronica talla baja (m + g),2007-12-01,2,0,0,0,2,0,2
