municipality,group,variable,month,< de 2 años-H,< de 2 años-M,2 a 4 años-H,2 a 4 años-M,TOTAL-H,TOTAL-M,TOTAL
AIQUILE,desnutricion global - cronica,global peso bajo (m + g)),2007-01-01,0,1,1,3,1,4,5
ARBIETO,desnutricion global - cronica,global peso bajo (m + g)),2007-01-01,1,2,2,1,3,3,6
BELEN DE ANDAMARCA,desnutricion global - cronica,global peso bajo (m + g)),2007-01-01,1,0,0,0,1,0,1
BETANZOS,desnutricion global - cronica,global peso bajo (m + g)),2007-01-01,2,6,4,5,6,11,17
CARIPUYO,desnutricion global - cronica,global peso bajo (m + g)),2007-01-01,4,5,10,12,14,17,31
CHALLAPATA,desnutricion global - cronica,global peso bajo (m + g)),2007-01-01,4,9,2,4,6,13,19
CHAYANTA,desnutricion global - cronica,global peso bajo (m + g)),2007-01-01,1,2,1,6,2,8,10
CHOQUE COTA,desnutricion global - cronica,global peso bajo (m + g)),2007-01-01,1,1,0,1,1,2,3
COLCAPIRHUA,desnutricion global - cronica,global peso bajo (m + g)),2007-01-01,0,0,0,8,0,8,8
COLQUIRI,desnutricion global - cronica,global peso bajo (m + g)),2007-01-01,2,1,0,0,2,1,3
CORQUE,desnutricion global - cronica,global peso bajo (m + g)),2007-01-01,2,3,3,6,5,9,14
CURAHUARA DE CARANGAS,desnutricion global - cronica,global peso bajo (m + g)),2007-01-01,3,1,3,1,6,2,8
EL CHORO,desnutricion global - cronica,global peso bajo (m + g)),2007-01-01,1,1,0,1,1,2,3
ENTRE RIOS,desnutricion global - cronica,global peso bajo (m + g)),2007-01-01,0,1,0,0,0,1,1
EUCALIPTUS,desnutricion global - cronica,global peso bajo (m + g)),2007-01-01,0,1,0,0,0,1,1
INQUISIVI,desnutricion global - cronica,global peso bajo (m + g)),2007-01-01,7,2,3,3,10,5,15
LA GUARDIA,desnutricion global - cronica,global peso bajo (m + g)),2007-01-01,3,4,4,1,7,5,12
LLALLAGUA,desnutricion global - cronica,global peso bajo (m + g)),2007-01-01,6,8,3,1,9,9,18
LORETO,desnutricion global - cronica,global peso bajo (m + g)),2007-01-01,5,3,1,2,6,5,11
MOROCHATA,desnutricion global - cronica,global peso bajo (m + g)),2007-01-01,2,0,0,0,2,0,2
ORURO,desnutricion global - cronica,global peso bajo (m + g)),2007-01-01,15,16,6,8,21,24,45
POOPO,desnutricion global - cronica,global peso bajo (m + g)),2007-01-01,1,0,1,1,2,1,3
REYES,desnutricion global - cronica,global peso bajo (m + g)),2007-01-01,4,4,3,1,7,5,12
SABAYA,desnutricion global - cronica,global peso bajo (m + g)),2007-01-01,3,2,1,1,4,3,7
SALINAS DE GARCI MENDOZA,desnutricion global - cronica,global peso bajo (m + g)),2007-01-01,1,0,2,0,3,0,3
SAN ANDRES,desnutricion global - cronica,global peso bajo (m + g)),2007-01-01,33,32,34,33,67,65,132
SAN JAVIER(BNI),desnutricion global - cronica,global peso bajo (m + g)),2007-01-01,15,5,7,16,22,21,43
SAN LORENZO(TJA),desnutricion global - cronica,global peso bajo (m + g)),2007-01-01,0,10,4,5,4,15,19
SAN PEDRO DE BUENA VISTA,desnutricion global - cronica,global peso bajo (m + g)),2007-01-01,3,0,0,0,3,0,3
SANTA CRUZ DE LA SIERRA,desnutricion global - cronica,global peso bajo (m + g)),2007-01-01,327,294,187,146,514,440,954
SORACACHI,desnutricion global - cronica,global peso bajo (m + g)),2007-01-01,0,2,1,0,1,2,3
SUCRE,desnutricion global - cronica,global peso bajo (m + g)),2007-01-01,113,1,2,2,115,3,118
TARATA,desnutricion global - cronica,global peso bajo (m + g)),2007-01-01,1,0,0,0,1,0,1
TOLATA,desnutricion global - cronica,global peso bajo (m + g)),2007-01-01,0,0,1,0,1,0,1
TOLEDO,desnutricion global - cronica,global peso bajo (m + g)),2007-01-01,1,0,1,0,2,0,2
TORO TORO,desnutricion global - cronica,global peso bajo (m + g)),2007-01-01,2,0,0,0,2,0,2
TOTORA(ORR),desnutricion global - cronica,global peso bajo (m + g)),2007-01-01,20,26,12,20,32,46,78
TRINIDAD,desnutricion global - cronica,global peso bajo (m + g)),2007-01-01,87,91,15,25,102,116,218
TURCO,desnutricion global - cronica,global peso bajo (m + g)),2007-01-01,0,1,1,0,1,1,2
VILLA TUNARI,desnutricion global - cronica,global peso bajo (m + g)),2007-01-01,1,0,0,0,1,0,1
YACUIBA,desnutricion global - cronica,global peso bajo (m + g)),2007-01-01,3,2,0,0,3,2,5
YUNCHARA,desnutricion global - cronica,global peso bajo (m + g)),2007-01-01,2,3,3,7,5,10,15
AIQUILE,desnutricion global - cronica,global peso bajo (m + g)),2007-02-01,0,2,1,2,1,4,5
ANDAMARCA,desnutricion global - cronica,global peso bajo (m + g)),2007-02-01,1,1,0,0,1,1,2
ANZALDO,desnutricion global - cronica,global peso bajo (m + g)),2007-02-01,4,2,2,5,6,7,13
ARBIETO,desnutricion global - cronica,global peso bajo (m + g)),2007-02-01,2,0,4,1,6,1,7
ARQUE,desnutricion global - cronica,global peso bajo (m + g)),2007-02-01,0,1,1,1,1,2,3
BELEN DE ANDAMARCA,desnutricion global - cronica,global peso bajo (m + g)),2007-02-01,1,0,0,0,1,0,1
BETANZOS,desnutricion global - cronica,global peso bajo (m + g)),2007-02-01,1,1,0,2,1,3,4
CAMIRI,desnutricion global - cronica,global peso bajo (m + g)),2007-02-01,2,0,0,0,2,0,2
CARIPUYO,desnutricion global - cronica,global peso bajo (m + g)),2007-02-01,8,2,4,7,12,9,21
CHALLAPATA,desnutricion global - cronica,global peso bajo (m + g)),2007-02-01,1,1,2,0,3,1,4
CHAYANTA,desnutricion global - cronica,global peso bajo (m + g)),2007-02-01,0,8,2,3,2,11,13
CHOQUE COTA,desnutricion global - cronica,global peso bajo (m + g)),2007-02-01,1,0,0,1,1,1,2
COIPASA,desnutricion global - cronica,global peso bajo (m + g)),2007-02-01,0,1,0,0,0,1,1
COLQUECHACA,desnutricion global - cronica,global peso bajo (m + g)),2007-02-01,1,3,4,2,5,5,10
COLQUIRI,desnutricion global - cronica,global peso bajo (m + g)),2007-02-01,3,3,0,1,3,4,7
CORQUE,desnutricion global - cronica,global peso bajo (m + g)),2007-02-01,2,2,2,3,4,5,9
CURAHUARA DE CARANGAS,desnutricion global - cronica,global peso bajo (m + g)),2007-02-01,1,0,0,0,1,0,1
EL CHORO,desnutricion global - cronica,global peso bajo (m + g)),2007-02-01,4,2,0,2,4,4,8
ENTRE RIOS,desnutricion global - cronica,global peso bajo (m + g)),2007-02-01,0,0,2,0,2,0,2
EUCALIPTUS,desnutricion global - cronica,global peso bajo (m + g)),2007-02-01,2,1,0,0,2,1,3
HUANUNI,desnutricion global - cronica,global peso bajo (m + g)),2007-02-01,0,0,1,1,1,1,2
ICHOCA,desnutricion global - cronica,global peso bajo (m + g)),2007-02-01,4,0,0,0,4,0,4
ICLA,desnutricion global - cronica,global peso bajo (m + g)),2007-02-01,22,29,45,25,67,54,121
INQUISIVI,desnutricion global - cronica,global peso bajo (m + g)),2007-02-01,6,2,2,0,8,2,10
LLALLAGUA,desnutricion global - cronica,global peso bajo (m + g)),2007-02-01,4,3,5,1,9,4,13
LORETO,desnutricion global - cronica,global peso bajo (m + g)),2007-02-01,5,0,6,6,11,6,17
MACHACAMARCA,desnutricion global - cronica,global peso bajo (m + g)),2007-02-01,1,3,1,2,2,5,7
MOROCHATA,desnutricion global - cronica,global peso bajo (m + g)),2007-02-01,0,0,1,0,1,0,1
ORURO,desnutricion global - cronica,global peso bajo (m + g)),2007-02-01,17,11,4,16,21,27,48
PASORAPA,desnutricion global - cronica,global peso bajo (m + g)),2007-02-01,1,1,1,4,2,5,7
POCOATA,desnutricion global - cronica,global peso bajo (m + g)),2007-02-01,1,0,0,0,1,0,1
POOPO,desnutricion global - cronica,global peso bajo (m + g)),2007-02-01,3,2,2,4,5,6,11
PUERTO GONZALO MORENO,desnutricion global - cronica,global peso bajo (m + g)),2007-02-01,3,10,2,5,5,15,20
RAVELO,desnutricion global - cronica,global peso bajo (m + g)),2007-02-01,1,0,0,0,1,0,1
REYES,desnutricion global - cronica,global peso bajo (m + g)),2007-02-01,18,24,5,6,23,30,53
SABAYA,desnutricion global - cronica,global peso bajo (m + g)),2007-02-01,0,1,0,0,0,1,1
SALINAS DE GARCI MENDOZA,desnutricion global - cronica,global peso bajo (m + g)),2007-02-01,1,0,4,1,5,1,6
SAN JAVIER(BNI),desnutricion global - cronica,global peso bajo (m + g)),2007-02-01,4,3,2,3,6,6,12
SAN LORENZO(TJA),desnutricion global - cronica,global peso bajo (m + g)),2007-02-01,6,5,2,4,8,9,17
SAN PEDRO(PND),desnutricion global - cronica,global peso bajo (m + g)),2007-02-01,1,0,0,0,1,0,1
SANTA CRUZ DE LA SIERRA,desnutricion global - cronica,global peso bajo (m + g)),2007-02-01,158,146,59,57,217,203,420
SANTA ROSA,desnutricion global - cronica,global peso bajo (m + g)),2007-02-01,2,3,0,1,2,4,6
SORACACHI,desnutricion global - cronica,global peso bajo (m + g)),2007-02-01,4,2,0,0,4,2,6
SUCRE,desnutricion global - cronica,global peso bajo (m + g)),2007-02-01,0,1,2,2,2,3,5
TIRAQUE (CBBA),desnutricion global - cronica,global peso bajo (m + g)),2007-02-01,1,2,0,0,1,2,3
TOLATA,desnutricion global - cronica,global peso bajo (m + g)),2007-02-01,0,1,0,0,0,1,1
TOLEDO,desnutricion global - cronica,global peso bajo (m + g)),2007-02-01,3,3,0,2,3,5,8
TORO TORO,desnutricion global - cronica,global peso bajo (m + g)),2007-02-01,12,3,5,4,17,7,24
TOTORA(ORR),desnutricion global - cronica,global peso bajo (m + g)),2007-02-01,2,1,2,3,4,4,8
TURCO,desnutricion global - cronica,global peso bajo (m + g)),2007-02-01,1,4,1,3,2,7,9
YACUIBA,desnutricion global - cronica,global peso bajo (m + g)),2007-02-01,4,0,0,1,4,1,5
YOTALA,desnutricion global - cronica,global peso bajo (m + g)),2007-02-01,0,8,28,34,28,42,70
YUNCHARA,desnutricion global - cronica,global peso bajo (m + g)),2007-02-01,4,1,6,8,10,9,19
AIQUILE,desnutricion global - cronica,global peso bajo (m + g)),2007-03-01,4,6,1,3,5,9,14
ANDAMARCA,desnutricion global - cronica,global peso bajo (m + g)),2007-03-01,1,2,1,1,2,3,5
ANZALDO,desnutricion global - cronica,global peso bajo (m + g)),2007-03-01,4,4,8,10,12,14,26
ARBIETO,desnutricion global - cronica,global peso bajo (m + g)),2007-03-01,5,1,6,8,11,9,20
ARQUE,desnutricion global - cronica,global peso bajo (m + g)),2007-03-01,0,2,0,3,0,5,5
BELEN DE ANDAMARCA,desnutricion global - cronica,global peso bajo (m + g)),2007-03-01,1,0,0,0,1,0,1
BERMEJO,desnutricion global - cronica,global peso bajo (m + g)),2007-03-01,1,0,0,2,1,2,3
BETANZOS,desnutricion global - cronica,global peso bajo (m + g)),2007-03-01,7,11,2,10,9,21,30
BUENA VISTA,desnutricion global - cronica,global peso bajo (m + g)),2007-03-01,3,5,8,3,11,8,19
CARIPUYO,desnutricion global - cronica,global peso bajo (m + g)),2007-03-01,19,18,5,8,24,26,50
CHALLAPATA,desnutricion global - cronica,global peso bajo (m + g)),2007-03-01,9,12,4,11,13,23,36
CHAYANTA,desnutricion global - cronica,global peso bajo (m + g)),2007-03-01,0,1,1,0,1,1,2
COLQUIRI,desnutricion global - cronica,global peso bajo (m + g)),2007-03-01,2,1,0,2,2,3,5
CORQUE,desnutricion global - cronica,global peso bajo (m + g)),2007-03-01,4,9,8,5,12,14,26
COTOCA,desnutricion global - cronica,global peso bajo (m + g)),2007-03-01,2,13,1,0,3,13,16
CURAHUARA DE CARANGAS,desnutricion global - cronica,global peso bajo (m + g)),2007-03-01,0,0,0,2,0,2,2
EL PUENTE(TJA),desnutricion global - cronica,global peso bajo (m + g)),2007-03-01,0,0,1,0,1,0,1
EL VILLAR,desnutricion global - cronica,global peso bajo (m + g)),2007-03-01,8,0,0,0,8,0,8
ENTRE RIOS,desnutricion global - cronica,global peso bajo (m + g)),2007-03-01,2,3,0,4,2,7,9
INQUISIVI,desnutricion global - cronica,global peso bajo (m + g)),2007-03-01,7,2,5,4,12,6,18
LA GUARDIA,desnutricion global - cronica,global peso bajo (m + g)),2007-03-01,1,6,1,5,2,11,13
LLALLAGUA,desnutricion global - cronica,global peso bajo (m + g)),2007-03-01,6,5,3,3,9,8,17
MACHACAMARCA,desnutricion global - cronica,global peso bajo (m + g)),2007-03-01,2,3,0,1,2,4,6
MOROCHATA,desnutricion global - cronica,global peso bajo (m + g)),2007-03-01,1,2,0,0,1,2,3
ORURO,desnutricion global - cronica,global peso bajo (m + g)),2007-03-01,20,13,5,10,25,23,48
PASORAPA,desnutricion global - cronica,global peso bajo (m + g)),2007-03-01,0,1,0,0,0,1,1
POCOATA,desnutricion global - cronica,global peso bajo (m + g)),2007-03-01,4,2,4,7,8,9,17
POOPO,desnutricion global - cronica,global peso bajo (m + g)),2007-03-01,0,1,1,4,1,5,6
PRESTO,desnutricion global - cronica,global peso bajo (m + g)),2007-03-01,14,12,5,7,19,19,38
QUILLACOLLO,desnutricion global - cronica,global peso bajo (m + g)),2007-03-01,0,1,0,0,0,1,1
SALINAS DE GARCI MENDOZA,desnutricion global - cronica,global peso bajo (m + g)),2007-03-01,10,10,5,8,15,18,33
SAN BENITO,desnutricion global - cronica,global peso bajo (m + g)),2007-03-01,2,3,2,0,4,3,7
SAN IGNACIO,desnutricion global - cronica,global peso bajo (m + g)),2007-03-01,0,0,0,1,0,1,1
SAN IGNACIO DE VELASCO,desnutricion global - cronica,global peso bajo (m + g)),2007-03-01,6,2,3,5,9,7,16
SAN LORENZO(TJA),desnutricion global - cronica,global peso bajo (m + g)),2007-03-01,6,6,5,3,11,9,20
SAN LUCAS,desnutricion global - cronica,global peso bajo (m + g)),2007-03-01,4,1,1,3,5,4,9
SANTA CRUZ DE LA SIERRA,desnutricion global - cronica,global peso bajo (m + g)),2007-03-01,296,256,124,87,420,343,763
SANTA ROSA,desnutricion global - cronica,global peso bajo (m + g)),2007-03-01,4,7,0,1,4,8,12
SIPE SIPE,desnutricion global - cronica,global peso bajo (m + g)),2007-03-01,0,2,0,3,0,5,5
SORACACHI,desnutricion global - cronica,global peso bajo (m + g)),2007-03-01,4,1,2,1,6,2,8
SUCRE,desnutricion global - cronica,global peso bajo (m + g)),2007-03-01,5,5,2,4,7,9,16
TACACHI,desnutricion global - cronica,global peso bajo (m + g)),2007-03-01,1,0,1,0,2,0,2
TACOBAMBA,desnutricion global - cronica,global peso bajo (m + g)),2007-03-01,5,3,1,1,6,4,10
TARATA,desnutricion global - cronica,global peso bajo (m + g)),2007-03-01,0,2,1,2,1,4,5
TARVITA,desnutricion global - cronica,global peso bajo (m + g)),2007-03-01,5,1,5,9,10,10,20
TOLATA,desnutricion global - cronica,global peso bajo (m + g)),2007-03-01,0,2,0,1,0,3,3
TOLEDO,desnutricion global - cronica,global peso bajo (m + g)),2007-03-01,4,5,4,3,8,8,16
TORO TORO,desnutricion global - cronica,global peso bajo (m + g)),2007-03-01,24,25,16,24,40,49,89
TOTORA(ORR),desnutricion global - cronica,global peso bajo (m + g)),2007-03-01,0,1,1,0,1,1,2
TURCO,desnutricion global - cronica,global peso bajo (m + g)),2007-03-01,0,0,0,2,0,2,2
VACAS,desnutricion global - cronica,global peso bajo (m + g)),2007-03-01,6,2,0,2,6,4,10
VILLA RIVERO,desnutricion global - cronica,global peso bajo (m + g)),2007-03-01,0,1,2,1,2,2,4
YACUIBA,desnutricion global - cronica,global peso bajo (m + g)),2007-03-01,0,6,1,2,1,8,9
YAMPARAEZ,desnutricion global - cronica,global peso bajo (m + g)),2007-03-01,4,3,3,4,7,7,14
YUNCHARA,desnutricion global - cronica,global peso bajo (m + g)),2007-03-01,6,3,4,4,10,7,17
ACACIO,desnutricion global - cronica,global peso bajo (m + g)),2007-04-01,4,3,3,3,7,6,13
AIQUILE,desnutricion global - cronica,global peso bajo (m + g)),2007-04-01,1,1,1,0,2,1,3
ALALAY,desnutricion global - cronica,global peso bajo (m + g)),2007-04-01,0,1,2,3,2,4,6
ANDAMARCA,desnutricion global - cronica,global peso bajo (m + g)),2007-04-01,3,1,1,2,4,3,7
ANZALDO,desnutricion global - cronica,global peso bajo (m + g)),2007-04-01,0,6,0,0,0,6,6
ARBIETO,desnutricion global - cronica,global peso bajo (m + g)),2007-04-01,3,0,3,1,6,1,7
ARQUE,desnutricion global - cronica,global peso bajo (m + g)),2007-04-01,0,1,1,2,1,3,4
BELEN DE ANDAMARCA,desnutricion global - cronica,global peso bajo (m + g)),2007-04-01,0,2,0,0,0,2,2
BUENA VISTA,desnutricion global - cronica,global peso bajo (m + g)),2007-04-01,3,1,3,0,6,1,7
CARACOLLO,desnutricion global - cronica,global peso bajo (m + g)),2007-04-01,1,1,1,0,2,1,3
CARIPUYO,desnutricion global - cronica,global peso bajo (m + g)),2007-04-01,9,4,9,11,18,15,33
CHALLAPATA,desnutricion global - cronica,global peso bajo (m + g)),2007-04-01,9,16,11,12,20,28,48
CHAYANTA,desnutricion global - cronica,global peso bajo (m + g)),2007-04-01,0,2,1,1,1,3,4
CHOQUE COTA,desnutricion global - cronica,global peso bajo (m + g)),2007-04-01,1,0,0,0,1,0,1
COLQUECHACA,desnutricion global - cronica,global peso bajo (m + g)),2007-04-01,1,1,0,0,1,1,2
CORQUE,desnutricion global - cronica,global peso bajo (m + g)),2007-04-01,2,3,2,2,4,5,9
COTOCA,desnutricion global - cronica,global peso bajo (m + g)),2007-04-01,3,15,1,2,4,17,21
CURAHUARA DE CARANGAS,desnutricion global - cronica,global peso bajo (m + g)),2007-04-01,0,2,3,0,3,2,5
EL TORNO,desnutricion global - cronica,global peso bajo (m + g)),2007-04-01,2,3,3,1,5,4,9
ENTRE RIOS,desnutricion global - cronica,global peso bajo (m + g)),2007-04-01,0,0,1,0,1,0,1
ICHOCA,desnutricion global - cronica,global peso bajo (m + g)),2007-04-01,2,0,0,0,2,0,2
ICLA,desnutricion global - cronica,global peso bajo (m + g)),2007-04-01,1,0,1,2,2,2,4
INQUISIVI,desnutricion global - cronica,global peso bajo (m + g)),2007-04-01,4,2,6,1,10,3,13
LA GUARDIA,desnutricion global - cronica,global peso bajo (m + g)),2007-04-01,8,16,8,2,16,18,34
LLALLAGUA,desnutricion global - cronica,global peso bajo (m + g)),2007-04-01,3,6,2,2,5,8,13
MIZQUE,desnutricion global - cronica,global peso bajo (m + g)),2007-04-01,0,0,1,1,1,1,2
MOJOCOYA,desnutricion global - cronica,global peso bajo (m + g)),2007-04-01,2,0,2,1,4,1,5
MOROCHATA,desnutricion global - cronica,global peso bajo (m + g)),2007-04-01,6,1,2,0,8,1,9
ORURO,desnutricion global - cronica,global peso bajo (m + g)),2007-04-01,30,20,19,15,49,35,84
PADILLA,desnutricion global - cronica,global peso bajo (m + g)),2007-04-01,7,5,4,6,11,11,22
POCOATA,desnutricion global - cronica,global peso bajo (m + g)),2007-04-01,4,7,2,2,6,9,15
POOPO,desnutricion global - cronica,global peso bajo (m + g)),2007-04-01,4,2,6,2,10,4,14
PORCO,desnutricion global - cronica,global peso bajo (m + g)),2007-04-01,1,3,2,3,3,6,9
PRESTO,desnutricion global - cronica,global peso bajo (m + g)),2007-04-01,12,9,7,4,19,13,32
RAVELO,desnutricion global - cronica,global peso bajo (m + g)),2007-04-01,45,39,34,48,79,87,166
RURRENABAQUE,desnutricion global - cronica,global peso bajo (m + g)),2007-04-01,1,0,2,0,3,0,3
SABAYA,desnutricion global - cronica,global peso bajo (m + g)),2007-04-01,1,2,0,1,1,3,4
SACABAMBA,desnutricion global - cronica,global peso bajo (m + g)),2007-04-01,1,0,1,0,2,0,2
SALINAS DE GARCI MENDOZA,desnutricion global - cronica,global peso bajo (m + g)),2007-04-01,1,1,0,0,1,1,2
SAN BORJA,desnutricion global - cronica,global peso bajo (m + g)),2007-04-01,1,0,0,0,1,0,1
SAN IGNACIO,desnutricion global - cronica,global peso bajo (m + g)),2007-04-01,0,0,1,2,1,2,3
SAN LORENZO(TJA),desnutricion global - cronica,global peso bajo (m + g)),2007-04-01,6,7,6,5,12,12,24
SAN LUCAS,desnutricion global - cronica,global peso bajo (m + g)),2007-04-01,6,34,5,7,11,41,52
SANTA CRUZ DE LA SIERRA,desnutricion global - cronica,global peso bajo (m + g)),2007-04-01,160,132,64,48,224,180,404
SOPACHUY,desnutricion global - cronica,global peso bajo (m + g)),2007-04-01,3,2,0,7,3,9,12
SORACACHI,desnutricion global - cronica,global peso bajo (m + g)),2007-04-01,3,3,5,1,8,4,12
SUCRE,desnutricion global - cronica,global peso bajo (m + g)),2007-04-01,2,0,0,0,2,0,2
TAPACARI,desnutricion global - cronica,global peso bajo (m + g)),2007-04-01,9,4,1,2,10,6,16
TOLEDO,desnutricion global - cronica,global peso bajo (m + g)),2007-04-01,2,5,4,3,6,8,14
TORO TORO,desnutricion global - cronica,global peso bajo (m + g)),2007-04-01,1,0,0,1,1,1,2
TOTORA(ORR),desnutricion global - cronica,global peso bajo (m + g)),2007-04-01,0,0,1,1,1,1,2
TRINIDAD,desnutricion global - cronica,global peso bajo (m + g)),2007-04-01,1,0,0,0,1,0,1
TURCO,desnutricion global - cronica,global peso bajo (m + g)),2007-04-01,3,0,0,0,3,0,3
VACAS,desnutricion global - cronica,global peso bajo (m + g)),2007-04-01,4,1,1,4,5,5,10
VILLA RIVERO,desnutricion global - cronica,global peso bajo (m + g)),2007-04-01,0,3,3,2,3,5,8
VILLA TUNARI,desnutricion global - cronica,global peso bajo (m + g)),2007-04-01,3,5,3,3,6,8,14
YACUIBA,desnutricion global - cronica,global peso bajo (m + g)),2007-04-01,0,0,0,1,0,1,1
YAPACANI,desnutricion global - cronica,global peso bajo (m + g)),2007-04-01,12,10,4,9,16,19,35
YUNCHARA,desnutricion global - cronica,global peso bajo (m + g)),2007-04-01,6,0,5,7,11,7,18
AIQUILE,desnutricion global - cronica,global peso bajo (m + g)),2007-05-01,3,6,3,2,6,8,14
ALALAY,desnutricion global - cronica,global peso bajo (m + g)),2007-05-01,5,4,0,0,5,4,9
ANDAMARCA,desnutricion global - cronica,global peso bajo (m + g)),2007-05-01,3,1,0,0,3,1,4
ANZALDO,desnutricion global - cronica,global peso bajo (m + g)),2007-05-01,1,0,0,1,1,1,2
ARANI,desnutricion global - cronica,global peso bajo (m + g)),2007-05-01,3,6,3,3,6,9,15
ARBIETO,desnutricion global - cronica,global peso bajo (m + g)),2007-05-01,0,1,1,2,1,3,4
ARQUE,desnutricion global - cronica,global peso bajo (m + g)),2007-05-01,0,2,0,5,0,7,7
BETANZOS,desnutricion global - cronica,global peso bajo (m + g)),2007-05-01,6,1,4,4,10,5,15
CAMARGO,desnutricion global - cronica,global peso bajo (m + g)),2007-05-01,1,0,2,0,3,0,3
CARIPUYO,desnutricion global - cronica,global peso bajo (m + g)),2007-05-01,11,7,9,13,20,20,40
CHALLAPATA,desnutricion global - cronica,global peso bajo (m + g)),2007-05-01,15,14,7,8,22,22,44
CHAYANTA,desnutricion global - cronica,global peso bajo (m + g)),2007-05-01,1,2,1,1,2,3,5
CHOQUE COTA,desnutricion global - cronica,global peso bajo (m + g)),2007-05-01,1,0,0,0,1,0,1
COLQUIRI,desnutricion global - cronica,global peso bajo (m + g)),2007-05-01,2,0,0,1,2,1,3
COMARAPA,desnutricion global - cronica,global peso bajo (m + g)),2007-05-01,0,1,1,0,1,1,2
CORQUE,desnutricion global - cronica,global peso bajo (m + g)),2007-05-01,7,11,5,7,12,18,30
COTOCA,desnutricion global - cronica,global peso bajo (m + g)),2007-05-01,5,8,3,4,8,12,20
CURAHUARA DE CARANGAS,desnutricion global - cronica,global peso bajo (m + g)),2007-05-01,5,9,4,6,9,15,24
EL TORNO,desnutricion global - cronica,global peso bajo (m + g)),2007-05-01,3,4,1,6,4,10,14
ENTRE RIOS,desnutricion global - cronica,global peso bajo (m + g)),2007-05-01,2,0,0,1,2,1,3
EXALTACION,desnutricion global - cronica,global peso bajo (m + g)),2007-05-01,0,0,0,2,0,2,2
ICHOCA,desnutricion global - cronica,global peso bajo (m + g)),2007-05-01,0,1,0,0,0,1,1
ICLA,desnutricion global - cronica,global peso bajo (m + g)),2007-05-01,0,1,1,2,1,3,4
INQUISIVI,desnutricion global - cronica,global peso bajo (m + g)),2007-05-01,3,0,0,0,3,0,3
LA GUARDIA,desnutricion global - cronica,global peso bajo (m + g)),2007-05-01,9,11,3,3,12,14,26
LA RIVERA,desnutricion global - cronica,global peso bajo (m + g)),2007-05-01,0,1,0,0,0,1,1
LLALLAGUA,desnutricion global - cronica,global peso bajo (m + g)),2007-05-01,4,6,1,1,5,7,12
MIZQUE,desnutricion global - cronica,global peso bajo (m + g)),2007-05-01,0,2,0,1,0,3,3
ORURO,desnutricion global - cronica,global peso bajo (m + g)),2007-05-01,44,38,27,29,71,67,138
PADCAYA,desnutricion global - cronica,global peso bajo (m + g)),2007-05-01,0,0,1,0,1,0,1
PASORAPA,desnutricion global - cronica,global peso bajo (m + g)),2007-05-01,11,0,0,1,11,1,12
PAZÑA,desnutricion global - cronica,global peso bajo (m + g)),2007-05-01,0,1,0,0,0,1,1
POCOATA,desnutricion global - cronica,global peso bajo (m + g)),2007-05-01,0,4,1,5,1,9,10
POJO (CBBA),desnutricion global - cronica,global peso bajo (m + g)),2007-05-01,0,0,1,0,1,0,1
POOPO,desnutricion global - cronica,global peso bajo (m + g)),2007-05-01,2,2,1,0,3,2,5
PORCO,desnutricion global - cronica,global peso bajo (m + g)),2007-05-01,1,5,1,1,2,6,8
POROMA,desnutricion global - cronica,global peso bajo (m + g)),2007-05-01,1,0,0,1,1,1,2
PORONGO,desnutricion global - cronica,global peso bajo (m + g)),2007-05-01,0,0,0,1,0,1,1
PRESTO,desnutricion global - cronica,global peso bajo (m + g)),2007-05-01,11,7,9,7,20,14,34
RURRENABAQUE,desnutricion global - cronica,global peso bajo (m + g)),2007-05-01,2,1,0,2,2,3,5
SALINAS DE GARCI MENDOZA,desnutricion global - cronica,global peso bajo (m + g)),2007-05-01,1,3,0,3,1,6,7
SAN ANDRES,desnutricion global - cronica,global peso bajo (m + g)),2007-05-01,1,0,0,0,1,0,1
SAN IGNACIO,desnutricion global - cronica,global peso bajo (m + g)),2007-05-01,0,1,4,1,4,2,6
SAN JULIAN,desnutricion global - cronica,global peso bajo (m + g)),2007-05-01,6,2,2,2,8,4,12
SAN LORENZO(TJA),desnutricion global - cronica,global peso bajo (m + g)),2007-05-01,5,10,4,3,9,13,22
SAN LUCAS,desnutricion global - cronica,global peso bajo (m + g)),2007-05-01,1,4,1,3,2,7,9
SANTA ANA,desnutricion global - cronica,global peso bajo (m + g)),2007-05-01,12,10,2,4,14,14,28
SANTA CRUZ DE LA SIERRA,desnutricion global - cronica,global peso bajo (m + g)),2007-05-01,58,42,11,13,69,55,124
SANTA ROSA DEL SARA,desnutricion global - cronica,global peso bajo (m + g)),2007-05-01,1,0,1,1,2,1,3
SENA,desnutricion global - cronica,global peso bajo (m + g)),2007-05-01,11,19,1,3,12,22,34
SORACACHI,desnutricion global - cronica,global peso bajo (m + g)),2007-05-01,2,1,1,2,3,3,6
SUCRE,desnutricion global - cronica,global peso bajo (m + g)),2007-05-01,7,10,0,5,7,15,22
TACOBAMBA,desnutricion global - cronica,global peso bajo (m + g)),2007-05-01,7,3,0,0,7,3,10
TAPACARI,desnutricion global - cronica,global peso bajo (m + g)),2007-05-01,4,7,4,4,8,11,19
TARATA,desnutricion global - cronica,global peso bajo (m + g)),2007-05-01,7,4,1,0,8,4,12
TARIJA,desnutricion global - cronica,global peso bajo (m + g)),2007-05-01,3,9,1,6,4,15,19
TINGUIPAYA,desnutricion global - cronica,global peso bajo (m + g)),2007-05-01,8,3,3,4,11,7,18
TOCO,desnutricion global - cronica,global peso bajo (m + g)),2007-05-01,0,0,3,0,3,0,3
TOLATA,desnutricion global - cronica,global peso bajo (m + g)),2007-05-01,3,2,0,0,3,2,5
TOLEDO,desnutricion global - cronica,global peso bajo (m + g)),2007-05-01,1,1,0,0,1,1,2
TOMINA,desnutricion global - cronica,global peso bajo (m + g)),2007-05-01,4,0,0,0,4,0,4
TORO TORO,desnutricion global - cronica,global peso bajo (m + g)),2007-05-01,11,8,8,10,19,18,37
TOTORA(CBBA),desnutricion global - cronica,global peso bajo (m + g)),2007-05-01,0,3,1,0,1,3,4
TOTORA(ORR),desnutricion global - cronica,global peso bajo (m + g)),2007-05-01,2,0,2,1,4,1,5
TRINIDAD,desnutricion global - cronica,global peso bajo (m + g)),2007-05-01,4,1,2,0,6,1,7
TURCO,desnutricion global - cronica,global peso bajo (m + g)),2007-05-01,0,1,3,0,3,1,4
VILA VILA,desnutricion global - cronica,global peso bajo (m + g)),2007-05-01,3,2,2,0,5,2,7
VILLA RIVERO,desnutricion global - cronica,global peso bajo (m + g)),2007-05-01,0,0,1,1,1,1,2
VILLA TUNARI,desnutricion global - cronica,global peso bajo (m + g)),2007-05-01,8,10,5,8,13,18,31
YACUIBA,desnutricion global - cronica,global peso bajo (m + g)),2007-05-01,2,2,2,2,4,4,8
YOTALA,desnutricion global - cronica,global peso bajo (m + g)),2007-05-01,27,0,0,0,27,0,27
YUNCHARA,desnutricion global - cronica,global peso bajo (m + g)),2007-05-01,4,0,0,6,4,6,10
AIQUILE,desnutricion global - cronica,global peso bajo (m + g)),2007-06-01,4,6,5,6,9,12,21
ALALAY,desnutricion global - cronica,global peso bajo (m + g)),2007-06-01,2,4,1,5,3,9,12
ANDAMARCA,desnutricion global - cronica,global peso bajo (m + g)),2007-06-01,4,1,0,1,4,2,6
ANZALDO,desnutricion global - cronica,global peso bajo (m + g)),2007-06-01,3,0,0,1,3,1,4
ARANI,desnutricion global - cronica,global peso bajo (m + g)),2007-06-01,6,4,0,0,6,4,10
ARBIETO,desnutricion global - cronica,global peso bajo (m + g)),2007-06-01,0,2,0,1,0,3,3
ARQUE,desnutricion global - cronica,global peso bajo (m + g)),2007-06-01,0,2,2,1,2,3,5
ASCENCION DE GUARAYOS,desnutricion global - cronica,global peso bajo (m + g)),2007-06-01,27,26,10,13,37,39,76
BERMEJO,desnutricion global - cronica,global peso bajo (m + g)),2007-06-01,1,0,0,0,1,0,1
BETANZOS,desnutricion global - cronica,global peso bajo (m + g)),2007-06-01,2,10,5,9,7,19,26
CARACOLLO,desnutricion global - cronica,global peso bajo (m + g)),2007-06-01,1,0,0,0,1,0,1
CARIPUYO,desnutricion global - cronica,global peso bajo (m + g)),2007-06-01,5,8,9,10,14,18,32
CHALLAPATA,desnutricion global - cronica,global peso bajo (m + g)),2007-06-01,18,13,13,15,31,28,59
CHAYANTA,desnutricion global - cronica,global peso bajo (m + g)),2007-06-01,3,4,0,2,3,6,9
CHOQUE COTA,desnutricion global - cronica,global peso bajo (m + g)),2007-06-01,3,0,0,0,3,0,3
COLQUECHACA,desnutricion global - cronica,global peso bajo (m + g)),2007-06-01,5,3,0,2,5,5,10
COLQUIRI,desnutricion global - cronica,global peso bajo (m + g)),2007-06-01,3,6,1,3,4,9,13
COMARAPA,desnutricion global - cronica,global peso bajo (m + g)),2007-06-01,1,0,0,0,1,0,1
CORQUE,desnutricion global - cronica,global peso bajo (m + g)),2007-06-01,4,0,0,1,4,1,5
COTOCA,desnutricion global - cronica,global peso bajo (m + g)),2007-06-01,3,5,2,2,5,7,12
CURAHUARA DE CARANGAS,desnutricion global - cronica,global peso bajo (m + g)),2007-06-01,4,5,0,1,4,6,10
EL TORNO,desnutricion global - cronica,global peso bajo (m + g)),2007-06-01,7,0,2,2,9,2,11
ENTRE RIOS,desnutricion global - cronica,global peso bajo (m + g)),2007-06-01,1,0,0,0,1,0,1
ESCARA,desnutricion global - cronica,global peso bajo (m + g)),2007-06-01,1,0,0,0,1,0,1
HUACHACALLA,desnutricion global - cronica,global peso bajo (m + g)),2007-06-01,1,2,1,2,2,4,6
HUANUNI,desnutricion global - cronica,global peso bajo (m + g)),2007-06-01,0,0,0,1,0,1,1
ICLA,desnutricion global - cronica,global peso bajo (m + g)),2007-06-01,0,0,1,1,1,1,2
INQUISIVI,desnutricion global - cronica,global peso bajo (m + g)),2007-06-01,3,1,1,2,4,3,7
LA GUARDIA,desnutricion global - cronica,global peso bajo (m + g)),2007-06-01,7,8,1,6,8,14,22
LLALLAGUA,desnutricion global - cronica,global peso bajo (m + g)),2007-06-01,1,1,1,2,2,3,5
LORETO,desnutricion global - cronica,global peso bajo (m + g)),2007-06-01,4,1,0,0,4,1,5
MACHACAMARCA,desnutricion global - cronica,global peso bajo (m + g)),2007-06-01,1,0,0,0,1,0,1
MINEROS,desnutricion global - cronica,global peso bajo (m + g)),2007-06-01,0,1,1,0,1,1,2
MIZQUE,desnutricion global - cronica,global peso bajo (m + g)),2007-06-01,0,5,1,0,1,5,6
MOROCHATA,desnutricion global - cronica,global peso bajo (m + g)),2007-06-01,2,1,1,3,3,4,7
OCURI,desnutricion global - cronica,global peso bajo (m + g)),2007-06-01,7,6,5,3,12,9,21
OMEREQUE,desnutricion global - cronica,global peso bajo (m + g)),2007-06-01,0,0,0,1,0,1,1
ORURO,desnutricion global - cronica,global peso bajo (m + g)),2007-06-01,20,9,8,9,28,18,46
PAZÑA,desnutricion global - cronica,global peso bajo (m + g)),2007-06-01,1,0,0,0,1,0,1
POCOATA,desnutricion global - cronica,global peso bajo (m + g)),2007-06-01,4,3,0,1,4,4,8
POOPO,desnutricion global - cronica,global peso bajo (m + g)),2007-06-01,0,2,0,0,0,2,2
PORCO,desnutricion global - cronica,global peso bajo (m + g)),2007-06-01,5,2,3,4,8,6,14
POROMA,desnutricion global - cronica,global peso bajo (m + g)),2007-06-01,9,14,9,6,18,20,38
PRESTO,desnutricion global - cronica,global peso bajo (m + g)),2007-06-01,76,6,4,7,80,13,93
ROBORE,desnutricion global - cronica,global peso bajo (m + g)),2007-06-01,1,0,0,0,1,0,1
RURRENABAQUE,desnutricion global - cronica,global peso bajo (m + g)),2007-06-01,9,4,2,1,11,5,16
SABAYA,desnutricion global - cronica,global peso bajo (m + g)),2007-06-01,2,1,1,0,3,1,4
SACABAMBA,desnutricion global - cronica,global peso bajo (m + g)),2007-06-01,2,0,0,0,2,0,2
SACACA,desnutricion global - cronica,global peso bajo (m + g)),2007-06-01,4,3,2,2,6,5,11
SAN ANDRES,desnutricion global - cronica,global peso bajo (m + g)),2007-06-01,0,2,1,1,1,3,4
SAN BENITO,desnutricion global - cronica,global peso bajo (m + g)),2007-06-01,3,6,10,7,13,13,26
SAN BORJA,desnutricion global - cronica,global peso bajo (m + g)),2007-06-01,1,0,0,0,1,0,1
SAN IGNACIO,desnutricion global - cronica,global peso bajo (m + g)),2007-06-01,0,1,0,0,0,1,1
SAN LORENZO(TJA),desnutricion global - cronica,global peso bajo (m + g)),2007-06-01,0,0,1,3,1,3,4
SAN LUCAS,desnutricion global - cronica,global peso bajo (m + g)),2007-06-01,5,3,6,3,11,6,17
SAN MATIAS,desnutricion global - cronica,global peso bajo (m + g)),2007-06-01,1,1,1,0,2,1,3
SANTA ANA,desnutricion global - cronica,global peso bajo (m + g)),2007-06-01,10,7,4,5,14,12,26
SANTA CRUZ DE LA SIERRA,desnutricion global - cronica,global peso bajo (m + g)),2007-06-01,82,44,23,15,105,59,164
SANTA ROSA,desnutricion global - cronica,global peso bajo (m + g)),2007-06-01,0,2,2,0,2,2,4
SANTA ROSA DEL SARA,desnutricion global - cronica,global peso bajo (m + g)),2007-06-01,1,3,2,2,3,5,8
SANTIAGO DE HUARI,desnutricion global - cronica,global peso bajo (m + g)),2007-06-01,1,2,0,0,1,2,3
SORACACHI,desnutricion global - cronica,global peso bajo (m + g)),2007-06-01,4,3,4,6,8,9,17
SUCRE,desnutricion global - cronica,global peso bajo (m + g)),2007-06-01,0,1,0,1,0,2,2
TAPACARI,desnutricion global - cronica,global peso bajo (m + g)),2007-06-01,5,10,3,5,8,15,23
TARATA,desnutricion global - cronica,global peso bajo (m + g)),2007-06-01,7,4,2,1,9,5,14
TARVITA,desnutricion global - cronica,global peso bajo (m + g)),2007-06-01,1,5,5,1,6,6,12
TINGUIPAYA,desnutricion global - cronica,global peso bajo (m + g)),2007-06-01,8,6,4,3,12,9,21
TOCO,desnutricion global - cronica,global peso bajo (m + g)),2007-06-01,0,0,3,2,3,2,5
TOLEDO,desnutricion global - cronica,global peso bajo (m + g)),2007-06-01,0,1,0,0,0,1,1
TORO TORO,desnutricion global - cronica,global peso bajo (m + g)),2007-06-01,12,18,7,6,19,24,43
TOTORA(ORR),desnutricion global - cronica,global peso bajo (m + g)),2007-06-01,0,0,1,0,1,0,1
TRINIDAD,desnutricion global - cronica,global peso bajo (m + g)),2007-06-01,55,50,29,35,84,85,169
VILA VILA,desnutricion global - cronica,global peso bajo (m + g)),2007-06-01,1,8,1,2,2,10,12
VILLA RIVERO,desnutricion global - cronica,global peso bajo (m + g)),2007-06-01,0,0,0,3,0,3,3
VILLA SERRANO,desnutricion global - cronica,global peso bajo (m + g)),2007-06-01,1,0,0,0,1,0,1
VILLA TUNARI,desnutricion global - cronica,global peso bajo (m + g)),2007-06-01,3,10,7,1,10,11,21
WARNES,desnutricion global - cronica,global peso bajo (m + g)),2007-06-01,1,0,0,1,1,1,2
YACUIBA,desnutricion global - cronica,global peso bajo (m + g)),2007-06-01,7,2,2,0,9,2,11
YOTALA,desnutricion global - cronica,global peso bajo (m + g)),2007-06-01,2,0,4,5,6,5,11
YUNCHARA,desnutricion global - cronica,global peso bajo (m + g)),2007-06-01,5,1,2,7,7,8,15
AIQUILE,desnutricion global - cronica,global peso bajo (m + g)),2007-07-01,8,6,6,8,14,14,28
ALALAY,desnutricion global - cronica,global peso bajo (m + g)),2007-07-01,4,1,1,2,5,3,8
ANZALDO,desnutricion global - cronica,global peso bajo (m + g)),2007-07-01,0,1,1,0,1,1,2
ARBIETO,desnutricion global - cronica,global peso bajo (m + g)),2007-07-01,0,3,2,2,2,5,7
BELEN DE ANDAMARCA,desnutricion global - cronica,global peso bajo (m + g)),2007-07-01,1,0,0,0,1,0,1
BERMEJO,desnutricion global - cronica,global peso bajo (m + g)),2007-07-01,2,2,0,2,2,4,6
BETANZOS,desnutricion global - cronica,global peso bajo (m + g)),2007-07-01,4,8,4,2,8,10,18
CABEZAS,desnutricion global - cronica,global peso bajo (m + g)),2007-07-01,2,0,2,0,4,0,4
CARIPUYO,desnutricion global - cronica,global peso bajo (m + g)),2007-07-01,4,6,10,10,14,16,30
CHALLAPATA,desnutricion global - cronica,global peso bajo (m + g)),2007-07-01,22,16,14,26,36,42,78
CHAYANTA,desnutricion global - cronica,global peso bajo (m + g)),2007-07-01,3,1,3,3,6,4,10
CHOQUE COTA,desnutricion global - cronica,global peso bajo (m + g)),2007-07-01,1,0,0,0,1,0,1
COLQUIRI,desnutricion global - cronica,global peso bajo (m + g)),2007-07-01,4,2,1,3,5,5,10
COMARAPA,desnutricion global - cronica,global peso bajo (m + g)),2007-07-01,2,0,2,2,4,2,6
CORQUE,desnutricion global - cronica,global peso bajo (m + g)),2007-07-01,1,3,1,0,2,3,5
COTOCA,desnutricion global - cronica,global peso bajo (m + g)),2007-07-01,6,4,1,1,7,5,12
EL CHORO,desnutricion global - cronica,global peso bajo (m + g)),2007-07-01,1,0,0,0,1,0,1
EL TORNO,desnutricion global - cronica,global peso bajo (m + g)),2007-07-01,2,3,1,2,3,5,8
EL VILLAR,desnutricion global - cronica,global peso bajo (m + g)),2007-07-01,1,0,0,0,1,0,1
ENTRE RIOS,desnutricion global - cronica,global peso bajo (m + g)),2007-07-01,1,2,0,0,1,2,3
HUACHACALLA,desnutricion global - cronica,global peso bajo (m + g)),2007-07-01,1,1,1,0,2,1,3
ICHOCA,desnutricion global - cronica,global peso bajo (m + g)),2007-07-01,0,1,2,0,2,1,3
ICLA,desnutricion global - cronica,global peso bajo (m + g)),2007-07-01,2,0,0,0,2,0,2
INQUISIVI,desnutricion global - cronica,global peso bajo (m + g)),2007-07-01,5,2,4,1,9,3,12
LA GUARDIA,desnutricion global - cronica,global peso bajo (m + g)),2007-07-01,8,8,1,5,9,13,22
LLALLAGUA,desnutricion global - cronica,global peso bajo (m + g)),2007-07-01,1,3,4,2,5,5,10
MIZQUE,desnutricion global - cronica,global peso bajo (m + g)),2007-07-01,5,0,0,0,5,0,5
OCURI,desnutricion global - cronica,global peso bajo (m + g)),2007-07-01,7,5,2,7,9,12,21
ORURO,desnutricion global - cronica,global peso bajo (m + g)),2007-07-01,21,19,1,9,22,28,50
PAMPA AULLAGAS,desnutricion global - cronica,global peso bajo (m + g)),2007-07-01,2,0,0,0,2,0,2
PASORAPA,desnutricion global - cronica,global peso bajo (m + g)),2007-07-01,0,0,1,1,1,1,2
POCOATA,desnutricion global - cronica,global peso bajo (m + g)),2007-07-01,3,4,2,1,5,5,10
POOPO,desnutricion global - cronica,global peso bajo (m + g)),2007-07-01,0,1,0,0,0,1,1
PORCO,desnutricion global - cronica,global peso bajo (m + g)),2007-07-01,1,2,1,0,2,2,4
POROMA,desnutricion global - cronica,global peso bajo (m + g)),2007-07-01,10,16,2,4,12,20,32
PRESTO,desnutricion global - cronica,global peso bajo (m + g)),2007-07-01,14,8,6,5,20,13,33
PUNATA,desnutricion global - cronica,global peso bajo (m + g)),2007-07-01,1,0,0,0,1,0,1
RIBERALTA,desnutricion global - cronica,global peso bajo (m + g)),2007-07-01,1,3,1,0,2,3,5
SAN ANDRES,desnutricion global - cronica,global peso bajo (m + g)),2007-07-01,2,1,2,0,4,1,5
SAN BENITO,desnutricion global - cronica,global peso bajo (m + g)),2007-07-01,0,0,3,2,3,2,5
SAN IGNACIO,desnutricion global - cronica,global peso bajo (m + g)),2007-07-01,1,0,0,0,1,0,1
SAN LORENZO(TJA),desnutricion global - cronica,global peso bajo (m + g)),2007-07-01,1,6,4,1,5,7,12
SAN LUCAS,desnutricion global - cronica,global peso bajo (m + g)),2007-07-01,1,4,1,1,2,5,7
SANTA ANA,desnutricion global - cronica,global peso bajo (m + g)),2007-07-01,8,1,1,1,9,2,11
SANTA CRUZ DE LA SIERRA,desnutricion global - cronica,global peso bajo (m + g)),2007-07-01,58,55,12,13,70,68,138
SANTA ROSA,desnutricion global - cronica,global peso bajo (m + g)),2007-07-01,0,1,1,0,1,1,2
SANTA ROSA DEL SARA,desnutricion global - cronica,global peso bajo (m + g)),2007-07-01,3,3,0,0,3,3,6
SORACACHI,desnutricion global - cronica,global peso bajo (m + g)),2007-07-01,3,3,5,2,8,5,13
SUCRE,desnutricion global - cronica,global peso bajo (m + g)),2007-07-01,0,0,0,1,0,1,1
TACOBAMBA,desnutricion global - cronica,global peso bajo (m + g)),2007-07-01,5,2,3,2,8,4,12
TAPACARI,desnutricion global - cronica,global peso bajo (m + g)),2007-07-01,2,5,3,3,5,8,13
TARABUCO,desnutricion global - cronica,global peso bajo (m + g)),2007-07-01,5,0,0,0,5,0,5
TARATA,desnutricion global - cronica,global peso bajo (m + g)),2007-07-01,2,2,0,1,2,3,5
TINGUIPAYA,desnutricion global - cronica,global peso bajo (m + g)),2007-07-01,0,1,0,0,0,1,1
TORO TORO,desnutricion global - cronica,global peso bajo (m + g)),2007-07-01,12,8,3,5,15,13,28
TOTORA(CBBA),desnutricion global - cronica,global peso bajo (m + g)),2007-07-01,0,0,1,0,1,0,1
TOTORA(ORR),desnutricion global - cronica,global peso bajo (m + g)),2007-07-01,1,0,0,1,1,1,2
VACAS,desnutricion global - cronica,global peso bajo (m + g)),2007-07-01,0,1,0,0,0,1,1
VIACHA,desnutricion global - cronica,global peso bajo (m + g)),2007-07-01,1,0,0,0,1,0,1
VILA VILA,desnutricion global - cronica,global peso bajo (m + g)),2007-07-01,6,7,0,0,6,7,13
VILLA TUNARI,desnutricion global - cronica,global peso bajo (m + g)),2007-07-01,1,2,0,1,1,3,4
YACUIBA,desnutricion global - cronica,global peso bajo (m + g)),2007-07-01,2,5,5,1,7,6,13
YUNCHARA,desnutricion global - cronica,global peso bajo (m + g)),2007-07-01,5,2,2,2,7,4,11
ACACIO,desnutricion global - cronica,global peso bajo (m + g)),2007-08-01,1,0,0,0,1,0,1
AIQUILE,desnutricion global - cronica,global peso bajo (m + g)),2007-08-01,1,3,0,2,1,5,6
ALALAY,desnutricion global - cronica,global peso bajo (m + g)),2007-08-01,4,6,1,6,5,12,17
ANDAMARCA,desnutricion global - cronica,global peso bajo (m + g)),2007-08-01,3,1,0,0,3,1,4
ANZALDO,desnutricion global - cronica,global peso bajo (m + g)),2007-08-01,0,1,0,0,0,1,1
ARBIETO,desnutricion global - cronica,global peso bajo (m + g)),2007-08-01,1,0,0,0,1,0,1
ARQUE,desnutricion global - cronica,global peso bajo (m + g)),2007-08-01,1,3,1,3,2,6,8
ASCENCION DE GUARAYOS,desnutricion global - cronica,global peso bajo (m + g)),2007-08-01,7,25,7,16,14,41,55
BELEN DE ANDAMARCA,desnutricion global - cronica,global peso bajo (m + g)),2007-08-01,1,0,0,1,1,1,2
BERMEJO,desnutricion global - cronica,global peso bajo (m + g)),2007-08-01,0,0,2,0,2,0,2
BETANZOS,desnutricion global - cronica,global peso bajo (m + g)),2007-08-01,4,9,1,4,5,13,18
CARACOLLO,desnutricion global - cronica,global peso bajo (m + g)),2007-08-01,1,0,3,2,4,2,6
CARIPUYO,desnutricion global - cronica,global peso bajo (m + g)),2007-08-01,1,0,3,1,4,1,5
CHALLAPATA,desnutricion global - cronica,global peso bajo (m + g)),2007-08-01,11,13,17,15,28,28,56
CHAYANTA,desnutricion global - cronica,global peso bajo (m + g)),2007-08-01,12,7,2,13,14,20,34
CHOQUE COTA,desnutricion global - cronica,global peso bajo (m + g)),2007-08-01,1,0,0,1,1,1,2
COIPASA,desnutricion global - cronica,global peso bajo (m + g)),2007-08-01,1,0,0,0,1,0,1
COLPA BELGICA,desnutricion global - cronica,global peso bajo (m + g)),2007-08-01,0,1,0,0,0,1,1
COLQUIRI,desnutricion global - cronica,global peso bajo (m + g)),2007-08-01,9,10,6,10,15,20,35
COMARAPA,desnutricion global - cronica,global peso bajo (m + g)),2007-08-01,3,1,0,2,3,3,6
CORQUE,desnutricion global - cronica,global peso bajo (m + g)),2007-08-01,3,2,1,0,4,2,6
COTAGAITA,desnutricion global - cronica,global peso bajo (m + g)),2007-08-01,4,2,3,2,7,4,11
COTOCA,desnutricion global - cronica,global peso bajo (m + g)),2007-08-01,8,13,9,10,17,23,40
CURAHUARA DE CARANGAS,desnutricion global - cronica,global peso bajo (m + g)),2007-08-01,4,3,2,2,6,5,11
CURVA,desnutricion global - cronica,global peso bajo (m + g)),2007-08-01,4,0,0,0,4,0,4
EL TORNO,desnutricion global - cronica,global peso bajo (m + g)),2007-08-01,5,2,4,0,9,2,11
EL VILLAR,desnutricion global - cronica,global peso bajo (m + g)),2007-08-01,19,14,13,26,32,40,72
HUACHACALLA,desnutricion global - cronica,global peso bajo (m + g)),2007-08-01,0,1,0,0,0,1,1
HUANUNI,desnutricion global - cronica,global peso bajo (m + g)),2007-08-01,5,1,0,0,5,1,6
HUAYLLAMARCA,desnutricion global - cronica,global peso bajo (m + g)),2007-08-01,0,2,2,0,2,2,4
ICLA,desnutricion global - cronica,global peso bajo (m + g)),2007-08-01,2,1,1,2,3,3,6
INQUISIVI,desnutricion global - cronica,global peso bajo (m + g)),2007-08-01,6,7,3,2,9,9,18
LA GUARDIA,desnutricion global - cronica,global peso bajo (m + g)),2007-08-01,14,8,5,2,19,10,29
LLALLAGUA,desnutricion global - cronica,global peso bajo (m + g)),2007-08-01,2,0,3,2,5,2,7
LORETO,desnutricion global - cronica,global peso bajo (m + g)),2007-08-01,3,0,2,1,5,1,6
MIZQUE,desnutricion global - cronica,global peso bajo (m + g)),2007-08-01,1,4,2,3,3,7,10
ORURO,desnutricion global - cronica,global peso bajo (m + g)),2007-08-01,25,18,6,18,31,36,67
PAZÑA,desnutricion global - cronica,global peso bajo (m + g)),2007-08-01,1,1,0,0,1,1,2
POCOATA,desnutricion global - cronica,global peso bajo (m + g)),2007-08-01,2,9,2,5,4,14,18
POOPO,desnutricion global - cronica,global peso bajo (m + g)),2007-08-01,8,17,9,5,17,22,39
PORCO,desnutricion global - cronica,global peso bajo (m + g)),2007-08-01,2,6,0,1,2,7,9
POROMA,desnutricion global - cronica,global peso bajo (m + g)),2007-08-01,10,9,6,5,16,14,30
PORONGO,desnutricion global - cronica,global peso bajo (m + g)),2007-08-01,0,0,0,1,0,1,1
POTOSI,desnutricion global - cronica,global peso bajo (m + g)),2007-08-01,1,0,0,0,1,0,1
PRESTO,desnutricion global - cronica,global peso bajo (m + g)),2007-08-01,12,8,7,5,19,13,32
PUNA,desnutricion global - cronica,global peso bajo (m + g)),2007-08-01,10,2,1,7,11,9,20
QUILLACOLLO,desnutricion global - cronica,global peso bajo (m + g)),2007-08-01,0,1,0,0,0,1,1
RIBERALTA,desnutricion global - cronica,global peso bajo (m + g)),2007-08-01,0,4,0,0,0,4,4
ROBORE,desnutricion global - cronica,global peso bajo (m + g)),2007-08-01,1,0,0,1,1,1,2
RURRENABAQUE,desnutricion global - cronica,global peso bajo (m + g)),2007-08-01,2,6,0,1,2,7,9
SACACA,desnutricion global - cronica,global peso bajo (m + g)),2007-08-01,2,5,4,3,6,8,14
SAN ANDRES,desnutricion global - cronica,global peso bajo (m + g)),2007-08-01,10,15,1,6,11,21,32
SAN IGNACIO,desnutricion global - cronica,global peso bajo (m + g)),2007-08-01,0,1,0,0,0,1,1
SAN JAVIER(BNI),desnutricion global - cronica,global peso bajo (m + g)),2007-08-01,8,4,1,3,9,7,16
SAN LORENZO(TJA),desnutricion global - cronica,global peso bajo (m + g)),2007-08-01,3,2,13,6,16,8,24
SAN LUCAS,desnutricion global - cronica,global peso bajo (m + g)),2007-08-01,20,10,2,6,22,16,38
SANTA ANA,desnutricion global - cronica,global peso bajo (m + g)),2007-08-01,7,1,0,0,7,1,8
SANTA CRUZ DE LA SIERRA,desnutricion global - cronica,global peso bajo (m + g)),2007-08-01,6,11,9,2,15,13,28
SANTA ROSA,desnutricion global - cronica,global peso bajo (m + g)),2007-08-01,3,4,1,1,4,5,9
SANTA ROSA DEL SARA,desnutricion global - cronica,global peso bajo (m + g)),2007-08-01,0,1,5,1,5,2,7
SANTIAGO DE HUARI,desnutricion global - cronica,global peso bajo (m + g)),2007-08-01,2,3,4,2,6,5,11
SIPE SIPE,desnutricion global - cronica,global peso bajo (m + g)),2007-08-01,1,1,0,0,1,1,2
SORACACHI,desnutricion global - cronica,global peso bajo (m + g)),2007-08-01,3,1,3,4,6,5,11
SUCRE,desnutricion global - cronica,global peso bajo (m + g)),2007-08-01,1,0,0,0,1,0,1
TACOBAMBA,desnutricion global - cronica,global peso bajo (m + g)),2007-08-01,5,4,0,2,5,6,11
TAPACARI,desnutricion global - cronica,global peso bajo (m + g)),2007-08-01,2,1,0,0,2,1,3
TARATA,desnutricion global - cronica,global peso bajo (m + g)),2007-08-01,2,1,4,0,6,1,7
TINGUIPAYA,desnutricion global - cronica,global peso bajo (m + g)),2007-08-01,3,4,4,2,7,6,13
TIQUIPAYA,desnutricion global - cronica,global peso bajo (m + g)),2007-08-01,1,0,0,1,1,1,2
TOLEDO,desnutricion global - cronica,global peso bajo (m + g)),2007-08-01,1,0,0,0,1,0,1
TORO TORO,desnutricion global - cronica,global peso bajo (m + g)),2007-08-01,16,9,10,7,26,16,42
TOTORA(CBBA),desnutricion global - cronica,global peso bajo (m + g)),2007-08-01,0,0,1,0,1,0,1
TOTORA(ORR),desnutricion global - cronica,global peso bajo (m + g)),2007-08-01,4,1,2,2,6,3,9
TRINIDAD,desnutricion global - cronica,global peso bajo (m + g)),2007-08-01,11,16,3,4,14,20,34
TURCO,desnutricion global - cronica,global peso bajo (m + g)),2007-08-01,0,1,0,0,0,1,1
VACAS,desnutricion global - cronica,global peso bajo (m + g)),2007-08-01,0,2,4,1,4,3,7
VIACHA,desnutricion global - cronica,global peso bajo (m + g)),2007-08-01,0,1,0,0,0,1,1
VILA VILA,desnutricion global - cronica,global peso bajo (m + g)),2007-08-01,8,14,2,3,10,17,27
VILLA RIVERO,desnutricion global - cronica,global peso bajo (m + g)),2007-08-01,0,0,0,1,0,1,1
VILLA TUNARI,desnutricion global - cronica,global peso bajo (m + g)),2007-08-01,1,2,1,3,2,5,7
YACUIBA,desnutricion global - cronica,global peso bajo (m + g)),2007-08-01,5,1,3,4,8,5,13
YOTALA,desnutricion global - cronica,global peso bajo (m + g)),2007-08-01,25,19,34,33,59,52,111
YUNCHARA,desnutricion global - cronica,global peso bajo (m + g)),2007-08-01,0,1,2,0,2,1,3
ZUDAÑEZ,desnutricion global - cronica,global peso bajo (m + g)),2007-08-01,1,1,3,4,4,5,9
ACACIO,desnutricion global - cronica,global peso bajo (m + g)),2007-09-01,1,0,0,0,1,0,1
ALALAY,desnutricion global - cronica,global peso bajo (m + g)),2007-09-01,5,3,0,3,5,6,11
ANDAMARCA,desnutricion global - cronica,global peso bajo (m + g)),2007-09-01,3,2,0,0,3,2,5
ANZALDO,desnutricion global - cronica,global peso bajo (m + g)),2007-09-01,2,1,0,1,2,2,4
ARBIETO,desnutricion global - cronica,global peso bajo (m + g)),2007-09-01,7,4,2,4,9,8,17
ARQUE,desnutricion global - cronica,global peso bajo (m + g)),2007-09-01,2,1,0,4,2,5,7
BELEN DE ANDAMARCA,desnutricion global - cronica,global peso bajo (m + g)),2007-09-01,0,1,0,0,0,1,1
BETANZOS,desnutricion global - cronica,global peso bajo (m + g)),2007-09-01,6,6,1,7,7,13,20
CABEZAS,desnutricion global - cronica,global peso bajo (m + g)),2007-09-01,0,0,0,1,0,1,1
CARIPUYO,desnutricion global - cronica,global peso bajo (m + g)),2007-09-01,8,9,2,8,10,17,27
CHALLAPATA,desnutricion global - cronica,global peso bajo (m + g)),2007-09-01,15,13,12,15,27,28,55
CHARAGUA,desnutricion global - cronica,global peso bajo (m + g)),2007-09-01,0,0,1,0,1,0,1
CHAYANTA,desnutricion global - cronica,global peso bajo (m + g)),2007-09-01,1,3,2,2,3,5,8
CHOQUE COTA,desnutricion global - cronica,global peso bajo (m + g)),2007-09-01,0,1,0,0,0,1,1
COLQUIRI,desnutricion global - cronica,global peso bajo (m + g)),2007-09-01,13,18,7,9,20,27,47
COMARAPA,desnutricion global - cronica,global peso bajo (m + g)),2007-09-01,0,0,0,1,0,1,1
COTAGAITA,desnutricion global - cronica,global peso bajo (m + g)),2007-09-01,5,3,6,5,11,8,19
COTOCA,desnutricion global - cronica,global peso bajo (m + g)),2007-09-01,7,6,9,4,16,10,26
CURAHUARA DE CARANGAS,desnutricion global - cronica,global peso bajo (m + g)),2007-09-01,0,2,1,0,1,2,3
EL TORNO,desnutricion global - cronica,global peso bajo (m + g)),2007-09-01,4,4,2,11,6,15,21
EL VILLAR,desnutricion global - cronica,global peso bajo (m + g)),2007-09-01,15,17,15,23,30,40,70
ENTRE RIOS,desnutricion global - cronica,global peso bajo (m + g)),2007-09-01,0,1,0,0,0,1,1
EUCALIPTUS,desnutricion global - cronica,global peso bajo (m + g)),2007-09-01,3,1,0,0,3,1,4
HUACHACALLA,desnutricion global - cronica,global peso bajo (m + g)),2007-09-01,1,0,0,0,1,0,1
HUANUNI,desnutricion global - cronica,global peso bajo (m + g)),2007-09-01,1,1,0,0,1,1,2
ICHOCA,desnutricion global - cronica,global peso bajo (m + g)),2007-09-01,0,0,0,1,0,1,1
INQUISIVI,desnutricion global - cronica,global peso bajo (m + g)),2007-09-01,14,11,9,14,23,25,48
LA GUARDIA,desnutricion global - cronica,global peso bajo (m + g)),2007-09-01,9,6,9,2,18,8,26
LLALLAGUA,desnutricion global - cronica,global peso bajo (m + g)),2007-09-01,5,5,2,2,7,7,14
LORETO,desnutricion global - cronica,global peso bajo (m + g)),2007-09-01,1,1,0,0,1,1,2
MOJOCOYA,desnutricion global - cronica,global peso bajo (m + g)),2007-09-01,0,2,0,0,0,2,2
MOROCHATA,desnutricion global - cronica,global peso bajo (m + g)),2007-09-01,2,1,1,1,3,2,5
OCURI,desnutricion global - cronica,global peso bajo (m + g)),2007-09-01,0,1,0,1,0,2,2
ORURO,desnutricion global - cronica,global peso bajo (m + g)),2007-09-01,18,18,4,6,22,24,46
PADCAYA,desnutricion global - cronica,global peso bajo (m + g)),2007-09-01,0,0,0,1,0,1,1
PASORAPA,desnutricion global - cronica,global peso bajo (m + g)),2007-09-01,0,2,0,0,0,2,2
POCOATA,desnutricion global - cronica,global peso bajo (m + g)),2007-09-01,3,3,2,1,5,4,9
PORCO,desnutricion global - cronica,global peso bajo (m + g)),2007-09-01,3,3,1,0,4,3,7
PORONGO,desnutricion global - cronica,global peso bajo (m + g)),2007-09-01,1,1,2,0,3,1,4
POTOSI,desnutricion global - cronica,global peso bajo (m + g)),2007-09-01,26,30,11,7,37,37,74
PRESTO,desnutricion global - cronica,global peso bajo (m + g)),2007-09-01,8,5,3,3,11,8,19
RIBERALTA,desnutricion global - cronica,global peso bajo (m + g)),2007-09-01,30,38,14,13,44,51,95
ROBORE,desnutricion global - cronica,global peso bajo (m + g)),2007-09-01,1,1,0,0,1,1,2
RURRENABAQUE,desnutricion global - cronica,global peso bajo (m + g)),2007-09-01,3,3,1,1,4,4,8
SACACA,desnutricion global - cronica,global peso bajo (m + g)),2007-09-01,14,12,10,17,24,29,53
SALINAS DE GARCI MENDOZA,desnutricion global - cronica,global peso bajo (m + g)),2007-09-01,12,4,8,1,20,5,25
SAN ANDRES,desnutricion global - cronica,global peso bajo (m + g)),2007-09-01,1,5,1,3,2,8,10
SAN BENITO,desnutricion global - cronica,global peso bajo (m + g)),2007-09-01,2,1,0,1,2,2,4
SAN IGNACIO,desnutricion global - cronica,global peso bajo (m + g)),2007-09-01,4,3,2,0,6,3,9
SAN JAVIER(BNI),desnutricion global - cronica,global peso bajo (m + g)),2007-09-01,1,0,0,1,1,1,2
SAN LORENZO(TJA),desnutricion global - cronica,global peso bajo (m + g)),2007-09-01,4,6,1,3,5,9,14
SAN LUCAS,desnutricion global - cronica,global peso bajo (m + g)),2007-09-01,7,3,1,2,8,5,13
SANTA ANA,desnutricion global - cronica,global peso bajo (m + g)),2007-09-01,2,0,0,0,2,0,2
SANTA CRUZ DE LA SIERRA,desnutricion global - cronica,global peso bajo (m + g)),2007-09-01,6,7,4,4,10,11,21
SANTA ROSA,desnutricion global - cronica,global peso bajo (m + g)),2007-09-01,1,1,0,0,1,1,2
SANTA ROSA DEL SARA,desnutricion global - cronica,global peso bajo (m + g)),2007-09-01,1,1,3,3,4,4,8
SORACACHI,desnutricion global - cronica,global peso bajo (m + g)),2007-09-01,2,4,2,2,4,6,10
SUCRE,desnutricion global - cronica,global peso bajo (m + g)),2007-09-01,0,0,0,2,0,2,2
TAPACARI,desnutricion global - cronica,global peso bajo (m + g)),2007-09-01,6,10,5,5,11,15,26
TARATA,desnutricion global - cronica,global peso bajo (m + g)),2007-09-01,4,1,0,1,4,2,6
TINGUIPAYA,desnutricion global - cronica,global peso bajo (m + g)),2007-09-01,1,0,0,0,1,0,1
TOCO,desnutricion global - cronica,global peso bajo (m + g)),2007-09-01,0,1,4,2,4,3,7
TOLATA,desnutricion global - cronica,global peso bajo (m + g)),2007-09-01,0,0,0,1,0,1,1
TORO TORO,desnutricion global - cronica,global peso bajo (m + g)),2007-09-01,18,9,17,15,35,24,59
TOTORA(CBBA),desnutricion global - cronica,global peso bajo (m + g)),2007-09-01,0,0,0,1,0,1,1
TOTORA(ORR),desnutricion global - cronica,global peso bajo (m + g)),2007-09-01,2,0,1,1,3,1,4
TRINIDAD,desnutricion global - cronica,global peso bajo (m + g)),2007-09-01,11,14,2,3,13,17,30
VILA VILA,desnutricion global - cronica,global peso bajo (m + g)),2007-09-01,7,10,18,16,25,26,51
VILLA TUNARI,desnutricion global - cronica,global peso bajo (m + g)),2007-09-01,0,7,4,2,4,9,13
YACUIBA,desnutricion global - cronica,global peso bajo (m + g)),2007-09-01,1,4,3,5,4,9,13
YOTALA,desnutricion global - cronica,global peso bajo (m + g)),2007-09-01,41,37,49,56,90,93,183
YUNCHARA,desnutricion global - cronica,global peso bajo (m + g)),2007-09-01,2,1,2,3,4,4,8
ZUDAÑEZ,desnutricion global - cronica,global peso bajo (m + g)),2007-09-01,2,1,2,3,4,4,8
ALALAY,desnutricion global - cronica,global peso bajo (m + g)),2007-10-01,5,4,2,9,7,13,20
ARBIETO,desnutricion global - cronica,global peso bajo (m + g)),2007-10-01,0,1,2,1,2,2,4
ARQUE,desnutricion global - cronica,global peso bajo (m + g)),2007-10-01,0,4,3,1,3,5,8
ASCENCION DE GUARAYOS,desnutricion global - cronica,global peso bajo (m + g)),2007-10-01,6,13,16,14,22,27,49
BETANZOS,desnutricion global - cronica,global peso bajo (m + g)),2007-10-01,3,5,3,2,6,7,13
CABEZAS,desnutricion global - cronica,global peso bajo (m + g)),2007-10-01,1,0,0,0,1,0,1
CAPINOTA,desnutricion global - cronica,global peso bajo (m + g)),2007-10-01,0,2,0,0,0,2,2
CARACOLLO,desnutricion global - cronica,global peso bajo (m + g)),2007-10-01,2,2,0,1,2,3,5
CARAPARI,desnutricion global - cronica,global peso bajo (m + g)),2007-10-01,0,0,0,1,0,1,1
CHALLAPATA,desnutricion global - cronica,global peso bajo (m + g)),2007-10-01,19,11,19,26,38,37,75
CHAYANTA,desnutricion global - cronica,global peso bajo (m + g)),2007-10-01,4,2,4,5,8,7,15
COIPASA,desnutricion global - cronica,global peso bajo (m + g)),2007-10-01,1,0,0,0,1,0,1
COLQUIRI,desnutricion global - cronica,global peso bajo (m + g)),2007-10-01,4,5,3,5,7,10,17
COMARAPA,desnutricion global - cronica,global peso bajo (m + g)),2007-10-01,1,1,2,1,3,2,5
CORQUE,desnutricion global - cronica,global peso bajo (m + g)),2007-10-01,3,0,0,1,3,1,4
COTAGAITA,desnutricion global - cronica,global peso bajo (m + g)),2007-10-01,12,12,17,19,29,31,60
COTOCA,desnutricion global - cronica,global peso bajo (m + g)),2007-10-01,4,12,8,7,12,19,31
CURAHUARA DE CARANGAS,desnutricion global - cronica,global peso bajo (m + g)),2007-10-01,0,5,0,1,0,6,6
EL TORNO,desnutricion global - cronica,global peso bajo (m + g)),2007-10-01,2,5,4,0,6,5,11
EUCALIPTUS,desnutricion global - cronica,global peso bajo (m + g)),2007-10-01,1,1,1,0,2,1,3
EXALTACION,desnutricion global - cronica,global peso bajo (m + g)),2007-10-01,5,1,1,0,6,1,7
HUACHACALLA,desnutricion global - cronica,global peso bajo (m + g)),2007-10-01,0,2,0,0,0,2,2
HUANUNI,desnutricion global - cronica,global peso bajo (m + g)),2007-10-01,3,3,0,0,3,3,6
INQUISIVI,desnutricion global - cronica,global peso bajo (m + g)),2007-10-01,14,3,20,18,34,21,55
LA GUARDIA,desnutricion global - cronica,global peso bajo (m + g)),2007-10-01,15,15,5,4,20,19,39
LA RIVERA,desnutricion global - cronica,global peso bajo (m + g)),2007-10-01,0,1,0,0,0,1,1
LICOMA PAMPA,desnutricion global - cronica,global peso bajo (m + g)),2007-10-01,0,1,0,0,0,1,1
LLALLAGUA,desnutricion global - cronica,global peso bajo (m + g)),2007-10-01,1,1,0,0,1,1,2
MIZQUE,desnutricion global - cronica,global peso bajo (m + g)),2007-10-01,0,3,0,0,0,3,3
ORURO,desnutricion global - cronica,global peso bajo (m + g)),2007-10-01,20,18,4,10,24,28,52
PASORAPA,desnutricion global - cronica,global peso bajo (m + g)),2007-10-01,0,1,0,0,0,1,1
POCOATA,desnutricion global - cronica,global peso bajo (m + g)),2007-10-01,1,1,1,1,2,2,4
PORCO,desnutricion global - cronica,global peso bajo (m + g)),2007-10-01,0,0,1,1,1,1,2
POROMA,desnutricion global - cronica,global peso bajo (m + g)),2007-10-01,14,14,6,7,20,21,41
POTOSI,desnutricion global - cronica,global peso bajo (m + g)),2007-10-01,11,0,1,0,12,0,12
PRESTO,desnutricion global - cronica,global peso bajo (m + g)),2007-10-01,5,3,2,2,7,5,12
PUERTO VILLARROEL,desnutricion global - cronica,global peso bajo (m + g)),2007-10-01,0,1,0,3,0,4,4
RIBERALTA,desnutricion global - cronica,global peso bajo (m + g)),2007-10-01,49,47,27,35,76,82,158
ROBORE,desnutricion global - cronica,global peso bajo (m + g)),2007-10-01,0,0,0,1,0,1,1
RURRENABAQUE,desnutricion global - cronica,global peso bajo (m + g)),2007-10-01,0,0,1,0,1,0,1
SACACA,desnutricion global - cronica,global peso bajo (m + g)),2007-10-01,13,10,15,17,28,27,55
SALINAS DE GARCI MENDOZA,desnutricion global - cronica,global peso bajo (m + g)),2007-10-01,3,3,2,2,5,5,10
SAN ANDRES,desnutricion global - cronica,global peso bajo (m + g)),2007-10-01,2,1,2,1,4,2,6
SAN BENITO,desnutricion global - cronica,global peso bajo (m + g)),2007-10-01,0,2,0,0,0,2,2
SAN IGNACIO,desnutricion global - cronica,global peso bajo (m + g)),2007-10-01,2,8,5,1,7,9,16
SAN IGNACIO DE VELASCO,desnutricion global - cronica,global peso bajo (m + g)),2007-10-01,14,24,9,14,23,38,61
SAN JAVIER(BNI),desnutricion global - cronica,global peso bajo (m + g)),2007-10-01,1,0,0,0,1,0,1
SAN JUAN DE YAPACANI,desnutricion global - cronica,global peso bajo (m + g)),2007-10-01,1,0,1,0,2,0,2
SAN LORENZO(TJA),desnutricion global - cronica,global peso bajo (m + g)),2007-10-01,0,1,1,1,1,2,3
SAN LUCAS,desnutricion global - cronica,global peso bajo (m + g)),2007-10-01,4,5,2,3,6,8,14
SAN MATIAS,desnutricion global - cronica,global peso bajo (m + g)),2007-10-01,0,1,0,2,0,3,3
SANTA ANA,desnutricion global - cronica,global peso bajo (m + g)),2007-10-01,4,4,2,4,6,8,14
SANTA CRUZ DE LA SIERRA,desnutricion global - cronica,global peso bajo (m + g)),2007-10-01,10,8,5,1,15,9,24
SANTA ROSA,desnutricion global - cronica,global peso bajo (m + g)),2007-10-01,3,2,0,1,3,3,6
SORACACHI,desnutricion global - cronica,global peso bajo (m + g)),2007-10-01,1,1,0,0,1,1,2
TACACHI,desnutricion global - cronica,global peso bajo (m + g)),2007-10-01,0,0,1,0,1,0,1
TARATA,desnutricion global - cronica,global peso bajo (m + g)),2007-10-01,1,0,2,2,3,2,5
TARIJA,desnutricion global - cronica,global peso bajo (m + g)),2007-10-01,6,0,0,0,6,0,6
TINGUIPAYA,desnutricion global - cronica,global peso bajo (m + g)),2007-10-01,5,4,7,6,12,10,22
TOCO,desnutricion global - cronica,global peso bajo (m + g)),2007-10-01,2,3,3,6,5,9,14
TOLATA,desnutricion global - cronica,global peso bajo (m + g)),2007-10-01,0,2,0,0,0,2,2
TORO TORO,desnutricion global - cronica,global peso bajo (m + g)),2007-10-01,13,11,3,7,16,18,34
TOTORA(CBBA),desnutricion global - cronica,global peso bajo (m + g)),2007-10-01,1,0,0,0,1,0,1
TOTORA(ORR),desnutricion global - cronica,global peso bajo (m + g)),2007-10-01,0,0,2,1,2,1,3
TRINIDAD,desnutricion global - cronica,global peso bajo (m + g)),2007-10-01,11,19,1,3,12,22,34
TURCO,desnutricion global - cronica,global peso bajo (m + g)),2007-10-01,1,1,0,0,1,1,2
VACAS,desnutricion global - cronica,global peso bajo (m + g)),2007-10-01,1,1,1,1,2,2,4
VILA VILA,desnutricion global - cronica,global peso bajo (m + g)),2007-10-01,6,9,2,0,8,9,17
VILLA RIVERO,desnutricion global - cronica,global peso bajo (m + g)),2007-10-01,0,1,2,0,2,1,3
VILLA SERRANO,desnutricion global - cronica,global peso bajo (m + g)),2007-10-01,0,61,0,77,0,138,138
VILLA TUNARI,desnutricion global - cronica,global peso bajo (m + g)),2007-10-01,7,10,1,2,8,12,20
YACUIBA,desnutricion global - cronica,global peso bajo (m + g)),2007-10-01,4,5,3,7,7,12,19
YOTALA,desnutricion global - cronica,global peso bajo (m + g)),2007-10-01,25,26,37,55,62,81,143
ZUDAÑEZ,desnutricion global - cronica,global peso bajo (m + g)),2007-10-01,2,0,5,5,7,5,12
AIQUILE,desnutricion global - cronica,global peso bajo (m + g)),2007-11-01,12,2,1,1,13,3,16
ALALAY,desnutricion global - cronica,global peso bajo (m + g)),2007-11-01,3,1,0,1,3,2,5
ANDAMARCA,desnutricion global - cronica,global peso bajo (m + g)),2007-11-01,1,4,0,0,1,4,5
ANZALDO,desnutricion global - cronica,global peso bajo (m + g)),2007-11-01,0,0,1,43,1,43,44
ARBIETO,desnutricion global - cronica,global peso bajo (m + g)),2007-11-01,0,1,0,1,0,2,2
ARQUE,desnutricion global - cronica,global peso bajo (m + g)),2007-11-01,0,0,0,1,0,1,1
BETANZOS,desnutricion global - cronica,global peso bajo (m + g)),2007-11-01,3,1,2,0,5,1,6
"CAIZA ""D""",desnutricion global - cronica,global peso bajo (m + g)),2007-11-01,0,3,0,0,0,3,3
CAPINOTA,desnutricion global - cronica,global peso bajo (m + g)),2007-11-01,1,3,0,0,1,3,4
CHALLAPATA,desnutricion global - cronica,global peso bajo (m + g)),2007-11-01,14,17,14,21,28,38,66
CHAYANTA,desnutricion global - cronica,global peso bajo (m + g)),2007-11-01,8,5,8,8,16,13,29
COLQUIRI,desnutricion global - cronica,global peso bajo (m + g)),2007-11-01,3,4,4,3,7,7,14
COMARAPA,desnutricion global - cronica,global peso bajo (m + g)),2007-11-01,0,1,0,0,0,1,1
CORQUE,desnutricion global - cronica,global peso bajo (m + g)),2007-11-01,3,5,0,0,3,5,8
COTAGAITA,desnutricion global - cronica,global peso bajo (m + g)),2007-11-01,5,3,5,4,10,7,17
COTOCA,desnutricion global - cronica,global peso bajo (m + g)),2007-11-01,8,16,4,9,12,25,37
CURAHUARA DE CARANGAS,desnutricion global - cronica,global peso bajo (m + g)),2007-11-01,3,1,0,0,3,1,4
EL CHORO,desnutricion global - cronica,global peso bajo (m + g)),2007-11-01,0,2,0,0,0,2,2
EL TORNO,desnutricion global - cronica,global peso bajo (m + g)),2007-11-01,6,4,5,2,11,6,17
ENTRE RIOS,desnutricion global - cronica,global peso bajo (m + g)),2007-11-01,0,0,0,1,0,1,1
EUCALIPTUS,desnutricion global - cronica,global peso bajo (m + g)),2007-11-01,0,1,3,1,3,2,5
EXALTACION,desnutricion global - cronica,global peso bajo (m + g)),2007-11-01,0,0,1,0,1,0,1
HUACHACALLA,desnutricion global - cronica,global peso bajo (m + g)),2007-11-01,0,1,1,0,1,1,2
HUANUNI,desnutricion global - cronica,global peso bajo (m + g)),2007-11-01,21,7,6,5,27,12,39
INQUISIVI,desnutricion global - cronica,global peso bajo (m + g)),2007-11-01,26,6,9,13,35,19,54
LA GUARDIA,desnutricion global - cronica,global peso bajo (m + g)),2007-11-01,13,9,12,5,25,14,39
LICOMA PAMPA,desnutricion global - cronica,global peso bajo (m + g)),2007-11-01,1,0,0,0,1,0,1
LLALLAGUA,desnutricion global - cronica,global peso bajo (m + g)),2007-11-01,3,1,2,1,5,2,7
LORETO,desnutricion global - cronica,global peso bajo (m + g)),2007-11-01,1,0,0,1,1,1,2
MINEROS,desnutricion global - cronica,global peso bajo (m + g)),2007-11-01,0,0,1,0,1,0,1
MIZQUE,desnutricion global - cronica,global peso bajo (m + g)),2007-11-01,6,10,1,0,7,10,17
MOROCHATA,desnutricion global - cronica,global peso bajo (m + g)),2007-11-01,2,0,0,0,2,0,2
ORURO,desnutricion global - cronica,global peso bajo (m + g)),2007-11-01,7,11,1,4,8,15,23
PADCAYA,desnutricion global - cronica,global peso bajo (m + g)),2007-11-01,1,1,0,0,1,1,2
PAZÑA,desnutricion global - cronica,global peso bajo (m + g)),2007-11-01,0,2,1,0,1,2,3
POCOATA,desnutricion global - cronica,global peso bajo (m + g)),2007-11-01,4,2,2,3,6,5,11
POCONA,desnutricion global - cronica,global peso bajo (m + g)),2007-11-01,0,1,0,0,0,1,1
POOPO,desnutricion global - cronica,global peso bajo (m + g)),2007-11-01,1,0,3,0,4,0,4
PORCO,desnutricion global - cronica,global peso bajo (m + g)),2007-11-01,0,1,2,0,2,1,3
POROMA,desnutricion global - cronica,global peso bajo (m + g)),2007-11-01,4,4,4,5,8,9,17
PORONGO,desnutricion global - cronica,global peso bajo (m + g)),2007-11-01,1,1,0,1,1,2,3
PRESTO,desnutricion global - cronica,global peso bajo (m + g)),2007-11-01,5,3,3,3,8,6,14
RIBERALTA,desnutricion global - cronica,global peso bajo (m + g)),2007-11-01,62,55,26,36,88,91,179
RURRENABAQUE,desnutricion global - cronica,global peso bajo (m + g)),2007-11-01,0,1,1,0,1,1,2
SACACA,desnutricion global - cronica,global peso bajo (m + g)),2007-11-01,7,7,5,7,12,14,26
SALINAS DE GARCI MENDOZA,desnutricion global - cronica,global peso bajo (m + g)),2007-11-01,1,2,2,0,3,2,5
SAN ANDRES,desnutricion global - cronica,global peso bajo (m + g)),2007-11-01,1,1,0,0,1,1,2
SAN IGNACIO,desnutricion global - cronica,global peso bajo (m + g)),2007-11-01,0,2,0,0,0,2,2
SAN IGNACIO DE VELASCO,desnutricion global - cronica,global peso bajo (m + g)),2007-11-01,15,23,5,10,20,33,53
SAN JUAN DE YAPACANI,desnutricion global - cronica,global peso bajo (m + g)),2007-11-01,1,0,0,0,1,0,1
SAN LORENZO(TJA),desnutricion global - cronica,global peso bajo (m + g)),2007-11-01,1,1,2,3,3,4,7
SAN LUCAS,desnutricion global - cronica,global peso bajo (m + g)),2007-11-01,5,5,2,6,7,11,18
SAN MATIAS,desnutricion global - cronica,global peso bajo (m + g)),2007-11-01,1,2,4,1,5,3,8
SANTA ANA,desnutricion global - cronica,global peso bajo (m + g)),2007-11-01,7,5,3,1,10,6,16
SANTA CRUZ DE LA SIERRA,desnutricion global - cronica,global peso bajo (m + g)),2007-11-01,2,4,1,0,3,4,7
SANTA ROSA,desnutricion global - cronica,global peso bajo (m + g)),2007-11-01,2,1,0,0,2,1,3
SORACACHI,desnutricion global - cronica,global peso bajo (m + g)),2007-11-01,0,2,0,2,0,4,4
SUCRE,desnutricion global - cronica,global peso bajo (m + g)),2007-11-01,1,2,0,2,1,4,5
TACOPAYA,desnutricion global - cronica,global peso bajo (m + g)),2007-11-01,1,2,0,0,1,2,3
TARABUCO,desnutricion global - cronica,global peso bajo (m + g)),2007-11-01,0,0,0,1,0,1,1
TARATA,desnutricion global - cronica,global peso bajo (m + g)),2007-11-01,2,5,1,0,3,5,8
TARVITA,desnutricion global - cronica,global peso bajo (m + g)),2007-11-01,1,1,4,10,5,11,16
TINGUIPAYA,desnutricion global - cronica,global peso bajo (m + g)),2007-11-01,1,5,4,0,5,5,10
TOCO,desnutricion global - cronica,global peso bajo (m + g)),2007-11-01,2,0,0,0,2,0,2
TOLATA,desnutricion global - cronica,global peso bajo (m + g)),2007-11-01,0,1,0,0,0,1,1
TOLEDO,desnutricion global - cronica,global peso bajo (m + g)),2007-11-01,1,0,0,0,1,0,1
TORO TORO,desnutricion global - cronica,global peso bajo (m + g)),2007-11-01,10,9,4,10,14,19,33
TOTORA(CBBA),desnutricion global - cronica,global peso bajo (m + g)),2007-11-01,0,0,0,4,0,4,4
TOTORA(ORR),desnutricion global - cronica,global peso bajo (m + g)),2007-11-01,1,0,1,1,2,1,3
TRINIDAD,desnutricion global - cronica,global peso bajo (m + g)),2007-11-01,11,11,13,5,24,16,40
VACAS,desnutricion global - cronica,global peso bajo (m + g)),2007-11-01,1,1,0,1,1,2,3
VILA VILA,desnutricion global - cronica,global peso bajo (m + g)),2007-11-01,6,8,2,2,8,10,18
VILLA RIVERO,desnutricion global - cronica,global peso bajo (m + g)),2007-11-01,0,2,1,0,1,2,3
VILLA TUNARI,desnutricion global - cronica,global peso bajo (m + g)),2007-11-01,5,6,3,5,8,11,19
YACUIBA,desnutricion global - cronica,global peso bajo (m + g)),2007-11-01,5,6,2,8,7,14,21
YOTALA,desnutricion global - cronica,global peso bajo (m + g)),2007-11-01,26,24,43,44,69,68,137
YUNCHARA,desnutricion global - cronica,global peso bajo (m + g)),2007-11-01,3,1,3,2,6,3,9
ZUDAÑEZ,desnutricion global - cronica,global peso bajo (m + g)),2007-11-01,2,1,2,4,4,5,9
AIQUILE,desnutricion global - cronica,global peso bajo (m + g)),2007-12-01,6,5,6,3,12,8,20
ALALAY,desnutricion global - cronica,global peso bajo (m + g)),2007-12-01,1,1,0,2,1,3,4
ANDAMARCA,desnutricion global - cronica,global peso bajo (m + g)),2007-12-01,2,2,0,0,2,2,4
ARBIETO,desnutricion global - cronica,global peso bajo (m + g)),2007-12-01,0,1,0,0,0,1,1
ARQUE,desnutricion global - cronica,global peso bajo (m + g)),2007-12-01,2,5,1,0,3,5,8
ASCENCION DE GUARAYOS,desnutricion global - cronica,global peso bajo (m + g)),2007-12-01,29,20,26,31,55,51,106
BETANZOS,desnutricion global - cronica,global peso bajo (m + g)),2007-12-01,7,4,3,3,10,7,17
CABEZAS,desnutricion global - cronica,global peso bajo (m + g)),2007-12-01,4,0,0,0,4,0,4
CAPINOTA,desnutricion global - cronica,global peso bajo (m + g)),2007-12-01,1,1,0,0,1,1,2
CARACOLLO,desnutricion global - cronica,global peso bajo (m + g)),2007-12-01,4,5,3,2,7,7,14
CARAPARI,desnutricion global - cronica,global peso bajo (m + g)),2007-12-01,0,0,0,3,0,3,3
CARIPUYO,desnutricion global - cronica,global peso bajo (m + g)),2007-12-01,1,0,0,3,1,3,4
CHALLAPATA,desnutricion global - cronica,global peso bajo (m + g)),2007-12-01,15,16,10,14,25,30,55
CHAYANTA,desnutricion global - cronica,global peso bajo (m + g)),2007-12-01,5,4,2,6,7,10,17
COLQUIRI,desnutricion global - cronica,global peso bajo (m + g)),2007-12-01,3,4,3,2,6,6,12
CORQUE,desnutricion global - cronica,global peso bajo (m + g)),2007-12-01,2,3,0,0,2,3,5
COTAGAITA,desnutricion global - cronica,global peso bajo (m + g)),2007-12-01,1,2,4,2,5,4,9
COTOCA,desnutricion global - cronica,global peso bajo (m + g)),2007-12-01,12,10,2,5,14,15,29
CURAHUARA DE CARANGAS,desnutricion global - cronica,global peso bajo (m + g)),2007-12-01,1,0,0,1,1,1,2
EL PUENTE(TJA),desnutricion global - cronica,global peso bajo (m + g)),2007-12-01,0,0,0,2,0,2,2
EL TORNO,desnutricion global - cronica,global peso bajo (m + g)),2007-12-01,13,7,10,3,23,10,33
HUACHACALLA,desnutricion global - cronica,global peso bajo (m + g)),2007-12-01,1,1,1,2,2,3,5
HUANUNI,desnutricion global - cronica,global peso bajo (m + g)),2007-12-01,144,3,1,5,145,8,153
ICLA,desnutricion global - cronica,global peso bajo (m + g)),2007-12-01,0,0,0,1,0,1,1
INQUISIVI,desnutricion global - cronica,global peso bajo (m + g)),2007-12-01,11,5,3,5,14,10,24
LA GUARDIA,desnutricion global - cronica,global peso bajo (m + g)),2007-12-01,8,13,2,6,10,19,29
LLALLAGUA,desnutricion global - cronica,global peso bajo (m + g)),2007-12-01,1,2,0,1,1,3,4
LORETO,desnutricion global - cronica,global peso bajo (m + g)),2007-12-01,1,0,1,1,2,1,3
OCURI,desnutricion global - cronica,global peso bajo (m + g)),2007-12-01,5,3,0,0,5,3,8
OMEREQUE,desnutricion global - cronica,global peso bajo (m + g)),2007-12-01,0,2,1,2,1,4,5
ORURO,desnutricion global - cronica,global peso bajo (m + g)),2007-12-01,5,1,1,0,6,1,7
PASORAPA,desnutricion global - cronica,global peso bajo (m + g)),2007-12-01,1,0,0,0,1,0,1
POCONA,desnutricion global - cronica,global peso bajo (m + g)),2007-12-01,1,0,1,0,2,0,2
POJO (CBBA),desnutricion global - cronica,global peso bajo (m + g)),2007-12-01,0,0,0,3,0,3,3
PORCO,desnutricion global - cronica,global peso bajo (m + g)),2007-12-01,4,1,0,0,4,1,5
POROMA,desnutricion global - cronica,global peso bajo (m + g)),2007-12-01,3,9,3,1,6,10,16
PORONGO,desnutricion global - cronica,global peso bajo (m + g)),2007-12-01,1,0,0,0,1,0,1
PRESTO,desnutricion global - cronica,global peso bajo (m + g)),2007-12-01,3,0,3,3,6,3,9
PUERTO QUIJARRO,desnutricion global - cronica,global peso bajo (m + g)),2007-12-01,6,0,0,0,6,0,6
RIBERALTA,desnutricion global - cronica,global peso bajo (m + g)),2007-12-01,34,49,13,19,47,68,115
ROBORE,desnutricion global - cronica,global peso bajo (m + g)),2007-12-01,3,2,0,3,3,5,8
RURRENABAQUE,desnutricion global - cronica,global peso bajo (m + g)),2007-12-01,0,4,0,0,0,4,4
SACABAMBA,desnutricion global - cronica,global peso bajo (m + g)),2007-12-01,1,0,0,0,1,0,1
SALINAS DE GARCI MENDOZA,desnutricion global - cronica,global peso bajo (m + g)),2007-12-01,1,0,2,2,3,2,5
SAN ANDRES,desnutricion global - cronica,global peso bajo (m + g)),2007-12-01,1,0,0,0,1,0,1
SAN CARLOS,desnutricion global - cronica,global peso bajo (m + g)),2007-12-01,2,3,1,0,3,3,6
SAN IGNACIO,desnutricion global - cronica,global peso bajo (m + g)),2007-12-01,0,2,0,0,0,2,2
SAN IGNACIO DE VELASCO,desnutricion global - cronica,global peso bajo (m + g)),2007-12-01,4,16,6,10,10,26,36
SAN LORENZO(TJA),desnutricion global - cronica,global peso bajo (m + g)),2007-12-01,1,1,0,1,1,2,3
SAN LUCAS,desnutricion global - cronica,global peso bajo (m + g)),2007-12-01,2,4,1,3,3,7,10
SAN MATIAS,desnutricion global - cronica,global peso bajo (m + g)),2007-12-01,2,1,0,0,2,1,3
SAN RAFAEL,desnutricion global - cronica,global peso bajo (m + g)),2007-12-01,1,0,1,1,2,1,3
SANTA ANA,desnutricion global - cronica,global peso bajo (m + g)),2007-12-01,3,7,3,2,6,9,15
SANTA CRUZ DE LA SIERRA,desnutricion global - cronica,global peso bajo (m + g)),2007-12-01,4,8,3,2,7,10,17
SANTA ROSA,desnutricion global - cronica,global peso bajo (m + g)),2007-12-01,1,3,0,0,1,3,4
SANTIAGO DE HUARI,desnutricion global - cronica,global peso bajo (m + g)),2007-12-01,0,0,1,0,1,0,1
SORACACHI,desnutricion global - cronica,global peso bajo (m + g)),2007-12-01,2,0,2,1,4,1,5
SUCRE,desnutricion global - cronica,global peso bajo (m + g)),2007-12-01,3,0,1,0,4,0,4
TACOBAMBA,desnutricion global - cronica,global peso bajo (m + g)),2007-12-01,2,1,0,1,2,2,4
TACOPAYA,desnutricion global - cronica,global peso bajo (m + g)),2007-12-01,2,0,0,0,2,0,2
TARABUCO,desnutricion global - cronica,global peso bajo (m + g)),2007-12-01,5,4,1,0,6,4,10
TARATA,desnutricion global - cronica,global peso bajo (m + g)),2007-12-01,2,2,0,1,2,3,5
TOCO,desnutricion global - cronica,global peso bajo (m + g)),2007-12-01,2,1,2,0,4,1,5
TORO TORO,desnutricion global - cronica,global peso bajo (m + g)),2007-12-01,9,7,4,6,13,13,26
TOTORA(CBBA),desnutricion global - cronica,global peso bajo (m + g)),2007-12-01,2,2,2,1,4,3,7
TOTORA(ORR),desnutricion global - cronica,global peso bajo (m + g)),2007-12-01,1,1,0,0,1,1,2
TRINIDAD,desnutricion global - cronica,global peso bajo (m + g)),2007-12-01,12,9,4,11,16,20,36
TURCO,desnutricion global - cronica,global peso bajo (m + g)),2007-12-01,1,1,0,0,1,1,2
VIACHA,desnutricion global - cronica,global peso bajo (m + g)),2007-12-01,4,0,0,0,4,0,4
VILA VILA,desnutricion global - cronica,global peso bajo (m + g)),2007-12-01,7,4,3,1,10,5,15
VILLA TUNARI,desnutricion global - cronica,global peso bajo (m + g)),2007-12-01,2,5,1,1,3,6,9
YACUIBA,desnutricion global - cronica,global peso bajo (m + g)),2007-12-01,8,7,1,5,9,12,21
YOTALA,desnutricion global - cronica,global peso bajo (m + g)),2007-12-01,23,22,23,24,46,46,92
YUNCHARA,desnutricion global - cronica,global peso bajo (m + g)),2007-12-01,1,1,0,1,1,2,3
ZUDAÑEZ,desnutricion global - cronica,global peso bajo (m + g)),2007-12-01,1,3,3,0,4,3,7
