municipality,group,variable,month,< de 2 años-H,< de 2 años-M,2 a 4 años-H,2 a 4 años-M,TOTAL-H,TOTAL-M,TOTAL
ACACIO,desnutricion aguda,desnutricion moderada (m),2007-01-01,1,2,1,3,2,5,7
AIQUILE,desnutricion aguda,desnutricion moderada (m),2007-01-01,4,9,3,6,7,15,22
ALALAY,desnutricion aguda,desnutricion moderada (m),2007-01-01,2,0,0,0,2,0,2
ALCALA,desnutricion aguda,desnutricion moderada (m),2007-01-01,3,2,1,5,4,7,11
ANDAMARCA,desnutricion aguda,desnutricion moderada (m),2007-01-01,1,0,0,0,1,0,1
ANZALDO,desnutricion aguda,desnutricion moderada (m),2007-01-01,3,1,1,1,4,2,6
ARAMPAMPA,desnutricion aguda,desnutricion moderada (m),2007-01-01,4,5,6,5,10,10,20
ARANI,desnutricion aguda,desnutricion moderada (m),2007-01-01,1,3,1,4,2,7,9
ARBIETO,desnutricion aguda,desnutricion moderada (m),2007-01-01,4,5,2,7,6,12,18
ARQUE,desnutricion aguda,desnutricion moderada (m),2007-01-01,9,11,41,11,50,22,72
ATOCHA,desnutricion aguda,desnutricion moderada (m),2007-01-01,3,2,4,3,7,5,12
AYOPAYA (V. DE INDEPENDENCIA),desnutricion aguda,desnutricion moderada (m),2007-01-01,3,4,2,3,5,7,12
AZURDUY,desnutricion aguda,desnutricion moderada (m),2007-01-01,11,14,8,15,19,29,48
BAURES,desnutricion aguda,desnutricion moderada (m),2007-01-01,2,2,0,3,2,5,7
BELEN DE URMIRI,desnutricion aguda,desnutricion moderada (m),2007-01-01,0,1,1,1,1,2,3
BELLA FLOR,desnutricion aguda,desnutricion moderada (m),2007-01-01,1,1,0,2,1,3,4
BERMEJO,desnutricion aguda,desnutricion moderada (m),2007-01-01,0,0,1,0,1,0,1
BETANZOS,desnutricion aguda,desnutricion moderada (m),2007-01-01,13,21,17,15,30,36,66
BOLIVAR,desnutricion aguda,desnutricion moderada (m),2007-01-01,18,8,4,5,22,13,35
BOYUIBE,desnutricion aguda,desnutricion moderada (m),2007-01-01,2,0,3,1,5,1,6
BUENA VISTA,desnutricion aguda,desnutricion moderada (m),2007-01-01,0,1,0,0,0,1,1
CABEZAS,desnutricion aguda,desnutricion moderada (m),2007-01-01,1,5,5,10,6,15,21
"CAIZA ""D""",desnutricion aguda,desnutricion moderada (m),2007-01-01,2,0,1,2,3,2,5
CAJUATA,desnutricion aguda,desnutricion moderada (m),2007-01-01,1,4,1,2,2,6,8
CAMARGO,desnutricion aguda,desnutricion moderada (m),2007-01-01,7,11,4,14,11,25,36
CAMATAQUI (C. VILLA ABECIA),desnutricion aguda,desnutricion moderada (m),2007-01-01,3,0,3,1,6,1,7
CAMIRI,desnutricion aguda,desnutricion moderada (m),2007-01-01,6,3,5,12,11,15,26
CAPINOTA,desnutricion aguda,desnutricion moderada (m),2007-01-01,19,9,11,16,30,25,55
CARACOLLO,desnutricion aguda,desnutricion moderada (m),2007-01-01,2,2,3,3,5,5,10
CARAPARI,desnutricion aguda,desnutricion moderada (m),2007-01-01,0,3,4,3,4,6,10
CARIPUYO,desnutricion aguda,desnutricion moderada (m),2007-01-01,6,7,11,11,17,18,35
CARMEN RIVERO TORREZ,desnutricion aguda,desnutricion moderada (m),2007-01-01,1,1,0,0,1,1,2
CHALLAPATA,desnutricion aguda,desnutricion moderada (m),2007-01-01,20,9,7,12,27,21,48
CHAQUI,desnutricion aguda,desnutricion moderada (m),2007-01-01,4,0,3,2,7,2,9
CHARAGUA,desnutricion aguda,desnutricion moderada (m),2007-01-01,6,5,0,10,6,15,21
CHAYANTA,desnutricion aguda,desnutricion moderada (m),2007-01-01,6,8,13,12,19,20,39
CHIMORE,desnutricion aguda,desnutricion moderada (m),2007-01-01,15,13,7,4,22,17,39
CHIPAYA,desnutricion aguda,desnutricion moderada (m),2007-01-01,1,2,0,1,1,3,4
COBIJA,desnutricion aguda,desnutricion moderada (m),2007-01-01,8,3,3,4,11,7,18
COCHABAMBA,desnutricion aguda,desnutricion moderada (m),2007-01-01,116,104,80,60,196,164,360
COIPASA,desnutricion aguda,desnutricion moderada (m),2007-01-01,1,1,0,0,1,1,2
COLCAPIRHUA,desnutricion aguda,desnutricion moderada (m),2007-01-01,4,7,0,4,4,11,15
"COLCHA ""K""",desnutricion aguda,desnutricion moderada (m),2007-01-01,1,1,1,0,2,1,3
COLOMI,desnutricion aguda,desnutricion moderada (m),2007-01-01,8,14,8,2,16,16,32
COLPA BELGICA,desnutricion aguda,desnutricion moderada (m),2007-01-01,4,0,4,3,8,3,11
COLQUECHACA,desnutricion aguda,desnutricion moderada (m),2007-01-01,17,20,8,11,25,31,56
COLQUIRI,desnutricion aguda,desnutricion moderada (m),2007-01-01,2,1,0,2,2,3,5
COMARAPA,desnutricion aguda,desnutricion moderada (m),2007-01-01,3,6,5,5,8,11,19
CONCEPCION,desnutricion aguda,desnutricion moderada (m),2007-01-01,3,5,2,4,5,9,14
CORQUE,desnutricion aguda,desnutricion moderada (m),2007-01-01,1,0,1,1,2,1,3
COTAGAITA,desnutricion aguda,desnutricion moderada (m),2007-01-01,10,14,11,7,21,21,42
CUATRO CAÑADAS,desnutricion aguda,desnutricion moderada (m),2007-01-01,1,0,1,0,2,0,2
CUCHUMUELA (V. G. VILLARROEL),desnutricion aguda,desnutricion moderada (m),2007-01-01,0,0,0,1,0,1,1
CUEVO,desnutricion aguda,desnutricion moderada (m),2007-01-01,2,3,2,2,4,5,9
CULPINA,desnutricion aguda,desnutricion moderada (m),2007-01-01,9,17,11,14,20,31,51
CURAHUARA DE CARANGAS,desnutricion aguda,desnutricion moderada (m),2007-01-01,2,1,2,2,4,3,7
EL PUENTE(STC),desnutricion aguda,desnutricion moderada (m),2007-01-01,7,3,1,3,8,6,14
EL PUENTE(TJA),desnutricion aguda,desnutricion moderada (m),2007-01-01,2,1,3,3,5,4,9
EL TORNO,desnutricion aguda,desnutricion moderada (m),2007-01-01,1,1,1,0,2,1,3
EL VILLAR,desnutricion aguda,desnutricion moderada (m),2007-01-01,2,2,1,3,3,5,8
ENTRE RIOS,desnutricion aguda,desnutricion moderada (m),2007-01-01,9,6,7,4,16,10,26
ENTRE RIOS,desnutricion aguda,desnutricion moderada (m),2007-01-01,1,1,10,8,11,9,20
EUCALIPTUS,desnutricion aguda,desnutricion moderada (m),2007-01-01,2,1,1,3,3,4,7
EXALTACION,desnutricion aguda,desnutricion moderada (m),2007-01-01,0,0,1,0,1,0,1
FERNANDEZ ALONSO,desnutricion aguda,desnutricion moderada (m),2007-01-01,0,2,1,2,1,4,5
GENERAL SAAVEDRA,desnutricion aguda,desnutricion moderada (m),2007-01-01,6,5,2,2,8,7,15
GUAYARAMERIN,desnutricion aguda,desnutricion moderada (m),2007-01-01,13,13,5,10,18,23,41
GUTIERREZ,desnutricion aguda,desnutricion moderada (m),2007-01-01,1,3,4,7,5,10,15
HUACARETA,desnutricion aguda,desnutricion moderada (m),2007-01-01,1,3,2,0,3,3,6
HUACAYA (VILLA DE HUACAYA),desnutricion aguda,desnutricion moderada (m),2007-01-01,0,1,1,1,1,2,3
HUANUNI,desnutricion aguda,desnutricion moderada (m),2007-01-01,5,8,5,3,10,11,21
HUARACAJE,desnutricion aguda,desnutricion moderada (m),2007-01-01,1,0,1,1,2,1,3
HUAYLLAMARCA,desnutricion aguda,desnutricion moderada (m),2007-01-01,2,1,0,1,2,2,4
ICLA,desnutricion aguda,desnutricion moderada (m),2007-01-01,17,17,29,28,46,45,91
INCAHUASI,desnutricion aguda,desnutricion moderada (m),2007-01-01,20,14,12,20,32,34,66
INQUISIVI,desnutricion aguda,desnutricion moderada (m),2007-01-01,5,4,2,2,7,6,13
LA GUARDIA,desnutricion aguda,desnutricion moderada (m),2007-01-01,13,12,5,10,18,22,40
LAGUNILLAS,desnutricion aguda,desnutricion moderada (m),2007-01-01,4,12,2,6,6,18,24
LAS CARRERAS,desnutricion aguda,desnutricion moderada (m),2007-01-01,0,0,1,2,1,2,3
LLALLAGUA,desnutricion aguda,desnutricion moderada (m),2007-01-01,16,20,15,14,31,34,65
LLICA,desnutricion aguda,desnutricion moderada (m),2007-01-01,1,0,1,0,2,0,2
MACHACAMARCA,desnutricion aguda,desnutricion moderada (m),2007-01-01,4,6,6,0,10,6,16
MACHARETI,desnutricion aguda,desnutricion moderada (m),2007-01-01,1,3,3,3,4,6,10
MAGDALENA,desnutricion aguda,desnutricion moderada (m),2007-01-01,3,6,1,1,4,7,11
MAIRANA,desnutricion aguda,desnutricion moderada (m),2007-01-01,3,2,1,1,4,3,7
MINEROS,desnutricion aguda,desnutricion moderada (m),2007-01-01,1,6,0,2,1,8,9
MIZQUE,desnutricion aguda,desnutricion moderada (m),2007-01-01,15,8,12,20,27,28,55
MOJOCOYA,desnutricion aguda,desnutricion moderada (m),2007-01-01,4,2,0,4,4,6,10
MONTEAGUDO,desnutricion aguda,desnutricion moderada (m),2007-01-01,13,14,7,11,20,25,45
MONTERO,desnutricion aguda,desnutricion moderada (m),2007-01-01,44,41,25,32,69,73,142
MOROCHATA,desnutricion aguda,desnutricion moderada (m),2007-01-01,6,6,3,1,9,7,16
OCURI,desnutricion aguda,desnutricion moderada (m),2007-01-01,21,17,11,12,32,29,61
OKINAWA,desnutricion aguda,desnutricion moderada (m),2007-01-01,2,0,0,1,2,1,3
OMEREQUE,desnutricion aguda,desnutricion moderada (m),2007-01-01,2,2,1,4,3,6,9
ORURO,desnutricion aguda,desnutricion moderada (m),2007-01-01,71,74,27,47,98,121,219
PADCAYA,desnutricion aguda,desnutricion moderada (m),2007-01-01,2,3,0,3,2,6,8
PADILLA,desnutricion aguda,desnutricion moderada (m),2007-01-01,6,5,13,13,19,18,37
PAILON,desnutricion aguda,desnutricion moderada (m),2007-01-01,5,8,1,4,6,12,18
PAMPA AULLAGAS,desnutricion aguda,desnutricion moderada (m),2007-01-01,1,0,0,2,1,2,3
PAMPA GRANDE,desnutricion aguda,desnutricion moderada (m),2007-01-01,0,1,2,3,2,4,6
PASORAPA,desnutricion aguda,desnutricion moderada (m),2007-01-01,1,1,0,0,1,1,2
PAZÑA,desnutricion aguda,desnutricion moderada (m),2007-01-01,0,1,0,0,0,1,1
POCOATA,desnutricion aguda,desnutricion moderada (m),2007-01-01,11,9,5,10,16,19,35
POCONA,desnutricion aguda,desnutricion moderada (m),2007-01-01,5,4,5,5,10,9,19
POJO (CBBA),desnutricion aguda,desnutricion moderada (m),2007-01-01,1,2,2,1,3,3,6
POOPO,desnutricion aguda,desnutricion moderada (m),2007-01-01,3,1,1,1,4,2,6
PORCO,desnutricion aguda,desnutricion moderada (m),2007-01-01,12,10,3,7,15,17,32
POROMA,desnutricion aguda,desnutricion moderada (m),2007-01-01,2,4,2,1,4,5,9
PORONGO,desnutricion aguda,desnutricion moderada (m),2007-01-01,0,1,0,0,0,1,1
PORTACHUELO,desnutricion aguda,desnutricion moderada (m),2007-01-01,4,6,1,7,5,13,18
PORVENIR,desnutricion aguda,desnutricion moderada (m),2007-01-01,0,4,1,1,1,5,6
POSTRER VALLE,desnutricion aguda,desnutricion moderada (m),2007-01-01,0,0,1,0,1,0,1
POTOSI,desnutricion aguda,desnutricion moderada (m),2007-01-01,93,75,31,27,124,102,226
PRESTO,desnutricion aguda,desnutricion moderada (m),2007-01-01,13,7,5,2,18,9,27
PUERTO GONZALO MORENO,desnutricion aguda,desnutricion moderada (m),2007-01-01,1,5,5,7,6,12,18
PUERTO QUIJARRO,desnutricion aguda,desnutricion moderada (m),2007-01-01,0,2,1,0,1,2,3
PUERTO RICO,desnutricion aguda,desnutricion moderada (m),2007-01-01,0,0,0,3,0,3,3
PUERTO SUAREZ,desnutricion aguda,desnutricion moderada (m),2007-01-01,2,3,0,3,2,6,8
PUERTO VILLARROEL,desnutricion aguda,desnutricion moderada (m),2007-01-01,21,25,26,20,47,45,92
PUNA,desnutricion aguda,desnutricion moderada (m),2007-01-01,20,12,12,28,32,40,72
PUNATA,desnutricion aguda,desnutricion moderada (m),2007-01-01,12,9,5,2,17,11,28
QUILLACOLLO,desnutricion aguda,desnutricion moderada (m),2007-01-01,12,22,14,16,26,38,64
QUIME,desnutricion aguda,desnutricion moderada (m),2007-01-01,1,2,0,0,1,2,3
QUIRUSILLAS,desnutricion aguda,desnutricion moderada (m),2007-01-01,1,0,0,0,1,0,1
RAVELO,desnutricion aguda,desnutricion moderada (m),2007-01-01,23,26,20,20,43,46,89
REYES,desnutricion aguda,desnutricion moderada (m),2007-01-01,6,6,6,2,12,8,20
RIBERALTA,desnutricion aguda,desnutricion moderada (m),2007-01-01,39,61,28,39,67,100,167
ROBORE,desnutricion aguda,desnutricion moderada (m),2007-01-01,6,8,2,4,8,12,20
RURRENABAQUE,desnutricion aguda,desnutricion moderada (m),2007-01-01,3,2,2,1,5,3,8
SACABA,desnutricion aguda,desnutricion moderada (m),2007-01-01,10,8,6,6,16,14,30
SACABAMBA,desnutricion aguda,desnutricion moderada (m),2007-01-01,2,3,0,0,2,3,5
SACACA,desnutricion aguda,desnutricion moderada (m),2007-01-01,19,17,29,27,48,44,92
SAIPINA,desnutricion aguda,desnutricion moderada (m),2007-01-01,0,0,4,1,4,1,5
SALINAS DE GARCI MENDOZA,desnutricion aguda,desnutricion moderada (m),2007-01-01,1,0,2,0,3,0,3
SAMAIPATA,desnutricion aguda,desnutricion moderada (m),2007-01-01,1,0,0,2,1,2,3
SAN AGUSTIN,desnutricion aguda,desnutricion moderada (m),2007-01-01,0,0,0,1,0,1,1
SAN ANDRES,desnutricion aguda,desnutricion moderada (m),2007-01-01,3,2,2,3,5,5,10
SAN ANTONIO DE ESMORUCO,desnutricion aguda,desnutricion moderada (m),2007-01-01,0,1,1,0,1,1,2
SAN ANTONIO DE LOMERIO,desnutricion aguda,desnutricion moderada (m),2007-01-01,15,13,7,6,22,19,41
SAN BENITO,desnutricion aguda,desnutricion moderada (m),2007-01-01,1,7,4,5,5,12,17
SAN BORJA,desnutricion aguda,desnutricion moderada (m),2007-01-01,16,13,3,5,19,18,37
SAN CARLOS,desnutricion aguda,desnutricion moderada (m),2007-01-01,6,1,3,0,9,1,10
SAN IGNACIO,desnutricion aguda,desnutricion moderada (m),2007-01-01,18,13,5,7,23,20,43
SAN IGNACIO DE VELASCO,desnutricion aguda,desnutricion moderada (m),2007-01-01,37,43,14,32,51,75,126
SAN JAVIER(BNI),desnutricion aguda,desnutricion moderada (m),2007-01-01,0,0,1,0,1,0,1
SAN JOAQUIN,desnutricion aguda,desnutricion moderada (m),2007-01-01,0,1,0,2,0,3,3
SAN JOSE DE CHIQUITOS,desnutricion aguda,desnutricion moderada (m),2007-01-01,13,9,5,1,18,10,28
SAN JUAN DE YAPACANI,desnutricion aguda,desnutricion moderada (m),2007-01-01,3,1,0,0,3,1,4
SAN JULIAN,desnutricion aguda,desnutricion moderada (m),2007-01-01,1,1,4,3,5,4,9
SAN LORENZO(PND),desnutricion aguda,desnutricion moderada (m),2007-01-01,2,0,0,0,2,0,2
SAN LORENZO(TJA),desnutricion aguda,desnutricion moderada (m),2007-01-01,4,11,9,7,13,18,31
SAN LUCAS,desnutricion aguda,desnutricion moderada (m),2007-01-01,39,28,16,28,55,56,111
SAN MATIAS,desnutricion aguda,desnutricion moderada (m),2007-01-01,0,3,0,2,0,5,5
SAN MIGUEL DE VELASCO,desnutricion aguda,desnutricion moderada (m),2007-01-01,3,2,1,3,4,5,9
SAN PABLO DE LIPEZ,desnutricion aguda,desnutricion moderada (m),2007-01-01,1,0,0,1,1,1,2
SAN PEDRO,desnutricion aguda,desnutricion moderada (m),2007-01-01,4,4,2,3,6,7,13
SAN PEDRO(PND),desnutricion aguda,desnutricion moderada (m),2007-01-01,0,0,1,1,1,1,2
SAN RAFAEL,desnutricion aguda,desnutricion moderada (m),2007-01-01,3,3,1,7,4,10,14
SANTA ANA,desnutricion aguda,desnutricion moderada (m),2007-01-01,3,6,1,3,4,9,13
SANTA CRUZ DE LA SIERRA,desnutricion aguda,desnutricion moderada (m),2007-01-01,101,117,22,43,123,160,283
SANTA ROSA,desnutricion aguda,desnutricion moderada (m),2007-01-01,2,5,1,2,3,7,10
SANTA ROSA DEL SARA,desnutricion aguda,desnutricion moderada (m),2007-01-01,2,1,4,3,6,4,10
SANTIAGO DE HUARI,desnutricion aguda,desnutricion moderada (m),2007-01-01,5,0,0,2,5,2,7
SANTIVAÑES,desnutricion aguda,desnutricion moderada (m),2007-01-01,0,3,2,1,2,4,6
SANTUARIO DE QUILLACAS,desnutricion aguda,desnutricion moderada (m),2007-01-01,0,0,1,1,1,1,2
SENA,desnutricion aguda,desnutricion moderada (m),2007-01-01,2,1,3,4,5,5,10
SICAYA,desnutricion aguda,desnutricion moderada (m),2007-01-01,5,3,0,1,5,4,9
SIPE SIPE,desnutricion aguda,desnutricion moderada (m),2007-01-01,20,17,15,15,35,32,67
SOPACHUY,desnutricion aguda,desnutricion moderada (m),2007-01-01,7,12,5,15,12,27,39
SORACACHI,desnutricion aguda,desnutricion moderada (m),2007-01-01,3,5,1,1,4,6,10
SUCRE,desnutricion aguda,desnutricion moderada (m),2007-01-01,41,25,25,28,66,53,119
TACACHI,desnutricion aguda,desnutricion moderada (m),2007-01-01,1,0,0,1,1,1,2
TACOBAMBA,desnutricion aguda,desnutricion moderada (m),2007-01-01,2,7,1,1,3,8,11
TACOPAYA,desnutricion aguda,desnutricion moderada (m),2007-01-01,14,13,5,5,19,18,37
TAPACARI,desnutricion aguda,desnutricion moderada (m),2007-01-01,31,29,12,19,43,48,91
TARABUCO,desnutricion aguda,desnutricion moderada (m),2007-01-01,39,28,25,33,64,61,125
TARATA,desnutricion aguda,desnutricion moderada (m),2007-01-01,4,4,1,0,5,4,9
TARIJA,desnutricion aguda,desnutricion moderada (m),2007-01-01,28,35,28,31,56,66,122
TARVITA,desnutricion aguda,desnutricion moderada (m),2007-01-01,19,16,27,27,46,43,89
TINGUIPAYA,desnutricion aguda,desnutricion moderada (m),2007-01-01,17,12,8,13,25,25,50
TIQUIPAYA,desnutricion aguda,desnutricion moderada (m),2007-01-01,7,5,7,8,14,13,27
TIRAQUE (CBBA),desnutricion aguda,desnutricion moderada (m),2007-01-01,26,15,11,20,37,35,72
TOCO,desnutricion aguda,desnutricion moderada (m),2007-01-01,1,1,2,3,3,4,7
TOLATA,desnutricion aguda,desnutricion moderada (m),2007-01-01,0,0,1,0,1,0,1
TOLEDO,desnutricion aguda,desnutricion moderada (m),2007-01-01,4,3,0,0,4,3,7
TOMAVE,desnutricion aguda,desnutricion moderada (m),2007-01-01,6,2,5,1,11,3,14
TOMINA,desnutricion aguda,desnutricion moderada (m),2007-01-01,20,6,10,14,30,20,50
TORO TORO,desnutricion aguda,desnutricion moderada (m),2007-01-01,6,0,1,0,7,0,7
TOTORA(CBBA),desnutricion aguda,desnutricion moderada (m),2007-01-01,6,2,4,1,10,3,13
TOTORA(ORR),desnutricion aguda,desnutricion moderada (m),2007-01-01,1,2,1,0,2,2,4
TRIGAL,desnutricion aguda,desnutricion moderada (m),2007-01-01,2,0,0,0,2,0,2
TRINIDAD,desnutricion aguda,desnutricion moderada (m),2007-01-01,13,20,18,8,31,28,59
TUPIZA,desnutricion aguda,desnutricion moderada (m),2007-01-01,18,9,10,18,28,27,55
TURCO,desnutricion aguda,desnutricion moderada (m),2007-01-01,1,0,0,0,1,0,1
UNCIA,desnutricion aguda,desnutricion moderada (m),2007-01-01,4,1,1,3,5,4,9
URIONDO (A. CONCEPCION),desnutricion aguda,desnutricion moderada (m),2007-01-01,0,2,6,8,6,10,16
UYUNI,desnutricion aguda,desnutricion moderada (m),2007-01-01,3,1,1,2,4,3,7
VACAS,desnutricion aguda,desnutricion moderada (m),2007-01-01,4,6,1,0,5,6,11
VALLEGRANDE,desnutricion aguda,desnutricion moderada (m),2007-01-01,5,4,2,3,7,7,14
VILA VILA,desnutricion aguda,desnutricion moderada (m),2007-01-01,0,1,0,0,0,1,1
VILLA MONTES,desnutricion aguda,desnutricion moderada (m),2007-01-01,9,6,3,2,12,8,20
VILLA NUEVA (LOMA ALTA),desnutricion aguda,desnutricion moderada (m),2007-01-01,0,2,3,0,3,2,5
VILLA RIVERO,desnutricion aguda,desnutricion moderada (m),2007-01-01,4,3,3,3,7,6,13
VILLA SERRANO,desnutricion aguda,desnutricion moderada (m),2007-01-01,9,6,12,10,21,16,37
VILLA TUNARI,desnutricion aguda,desnutricion moderada (m),2007-01-01,32,27,13,22,45,49,94
VILLA VACA GUZMAN (MUYUPAMPA),desnutricion aguda,desnutricion moderada (m),2007-01-01,5,3,0,6,5,9,14
VILLAZON,desnutricion aguda,desnutricion moderada (m),2007-01-01,17,16,8,10,25,26,51
VINTO,desnutricion aguda,desnutricion moderada (m),2007-01-01,0,1,0,0,0,1,1
VITICHI,desnutricion aguda,desnutricion moderada (m),2007-01-01,6,7,5,6,11,13,24
WARNES,desnutricion aguda,desnutricion moderada (m),2007-01-01,11,8,3,10,14,18,32
YACUIBA,desnutricion aguda,desnutricion moderada (m),2007-01-01,11,11,8,13,19,24,43
YAMPARAEZ,desnutricion aguda,desnutricion moderada (m),2007-01-01,9,11,8,13,17,24,41
YAPACANI,desnutricion aguda,desnutricion moderada (m),2007-01-01,13,16,4,9,17,25,42
YOCALLA,desnutricion aguda,desnutricion moderada (m),2007-01-01,1,0,1,0,2,0,2
YOTALA,desnutricion aguda,desnutricion moderada (m),2007-01-01,2,0,1,3,3,3,6
YUNCHARA,desnutricion aguda,desnutricion moderada (m),2007-01-01,0,3,1,7,1,10,11
ZUDAÑEZ,desnutricion aguda,desnutricion moderada (m),2007-01-01,8,7,9,12,17,19,36
ACACIO,desnutricion aguda,desnutricion moderada (m),2007-02-01,10,3,7,6,17,9,26
AIQUILE,desnutricion aguda,desnutricion moderada (m),2007-02-01,7,6,5,7,12,13,25
ALALAY,desnutricion aguda,desnutricion moderada (m),2007-02-01,6,1,0,4,6,5,11
ALCALA,desnutricion aguda,desnutricion moderada (m),2007-02-01,1,3,2,8,3,11,14
ANDAMARCA,desnutricion aguda,desnutricion moderada (m),2007-02-01,2,0,1,0,3,0,3
ANZALDO,desnutricion aguda,desnutricion moderada (m),2007-02-01,10,8,2,1,12,9,21
ARAMPAMPA,desnutricion aguda,desnutricion moderada (m),2007-02-01,10,9,5,6,15,15,30
ARANI,desnutricion aguda,desnutricion moderada (m),2007-02-01,2,3,0,1,2,4,6
ARBIETO,desnutricion aguda,desnutricion moderada (m),2007-02-01,3,3,1,5,4,8,12
ARQUE,desnutricion aguda,desnutricion moderada (m),2007-02-01,3,12,3,5,6,17,23
ASCENCION DE GUARAYOS,desnutricion aguda,desnutricion moderada (m),2007-02-01,32,32,28,32,60,64,124
ATOCHA,desnutricion aguda,desnutricion moderada (m),2007-02-01,0,2,3,1,3,3,6
AYOPAYA (V. DE INDEPENDENCIA),desnutricion aguda,desnutricion moderada (m),2007-02-01,16,4,4,4,20,8,28
AZURDUY,desnutricion aguda,desnutricion moderada (m),2007-02-01,7,27,21,22,28,49,77
BAURES,desnutricion aguda,desnutricion moderada (m),2007-02-01,0,0,1,0,1,0,1
BELEN DE ANDAMARCA,desnutricion aguda,desnutricion moderada (m),2007-02-01,1,0,1,0,2,0,2
BELEN DE URMIRI,desnutricion aguda,desnutricion moderada (m),2007-02-01,0,0,0,2,0,2,2
BERMEJO,desnutricion aguda,desnutricion moderada (m),2007-02-01,1,1,2,0,3,1,4
BETANZOS,desnutricion aguda,desnutricion moderada (m),2007-02-01,11,11,9,11,20,22,42
BOLIVAR,desnutricion aguda,desnutricion moderada (m),2007-02-01,15,6,2,4,17,10,27
BOYUIBE,desnutricion aguda,desnutricion moderada (m),2007-02-01,2,1,1,0,3,1,4
BUENA VISTA,desnutricion aguda,desnutricion moderada (m),2007-02-01,2,0,1,0,3,0,3
CABEZAS,desnutricion aguda,desnutricion moderada (m),2007-02-01,1,3,4,2,5,5,10
"CAIZA ""D""",desnutricion aguda,desnutricion moderada (m),2007-02-01,1,0,1,5,2,5,7
CAJUATA,desnutricion aguda,desnutricion moderada (m),2007-02-01,3,1,0,1,3,2,5
CAMARGO,desnutricion aguda,desnutricion moderada (m),2007-02-01,9,8,8,7,17,15,32
CAMATAQUI (C. VILLA ABECIA),desnutricion aguda,desnutricion moderada (m),2007-02-01,2,0,1,1,3,1,4
CAMIRI,desnutricion aguda,desnutricion moderada (m),2007-02-01,6,20,3,13,9,33,42
CAPINOTA,desnutricion aguda,desnutricion moderada (m),2007-02-01,8,11,6,4,14,15,29
CARACOLLO,desnutricion aguda,desnutricion moderada (m),2007-02-01,3,2,0,2,3,4,7
CARAPARI,desnutricion aguda,desnutricion moderada (m),2007-02-01,2,1,3,4,5,5,10
CARIPUYO,desnutricion aguda,desnutricion moderada (m),2007-02-01,8,4,5,11,13,15,28
CARMEN RIVERO TORREZ,desnutricion aguda,desnutricion moderada (m),2007-02-01,1,1,0,0,1,1,2
CHALLAPATA,desnutricion aguda,desnutricion moderada (m),2007-02-01,14,7,7,7,21,14,35
CHAQUI,desnutricion aguda,desnutricion moderada (m),2007-02-01,2,1,1,1,3,2,5
CHARAGUA,desnutricion aguda,desnutricion moderada (m),2007-02-01,9,8,4,2,13,10,23
CHAYANTA,desnutricion aguda,desnutricion moderada (m),2007-02-01,21,22,15,22,36,44,80
CHIMORE,desnutricion aguda,desnutricion moderada (m),2007-02-01,16,7,6,6,22,13,35
CHIPAYA,desnutricion aguda,desnutricion moderada (m),2007-02-01,0,1,0,0,0,1,1
COBIJA,desnutricion aguda,desnutricion moderada (m),2007-02-01,8,6,2,4,10,10,20
COCHABAMBA,desnutricion aguda,desnutricion moderada (m),2007-02-01,83,67,44,50,127,117,244
COIPASA,desnutricion aguda,desnutricion moderada (m),2007-02-01,1,1,0,0,1,1,2
COLCAPIRHUA,desnutricion aguda,desnutricion moderada (m),2007-02-01,3,2,2,4,5,6,11
"COLCHA ""K""",desnutricion aguda,desnutricion moderada (m),2007-02-01,0,1,1,0,1,1,2
COLOMI,desnutricion aguda,desnutricion moderada (m),2007-02-01,10,3,4,2,14,5,19
COLPA BELGICA,desnutricion aguda,desnutricion moderada (m),2007-02-01,3,1,2,0,5,1,6
COLQUECHACA,desnutricion aguda,desnutricion moderada (m),2007-02-01,10,21,9,6,19,27,46
COLQUIRI,desnutricion aguda,desnutricion moderada (m),2007-02-01,1,3,0,1,1,4,5
COMARAPA,desnutricion aguda,desnutricion moderada (m),2007-02-01,7,4,2,3,9,7,16
CONCEPCION,desnutricion aguda,desnutricion moderada (m),2007-02-01,6,8,1,10,7,18,25
CORQUE,desnutricion aguda,desnutricion moderada (m),2007-02-01,2,0,1,1,3,1,4
COTAGAITA,desnutricion aguda,desnutricion moderada (m),2007-02-01,14,18,13,31,27,49,76
CUATRO CAÑADAS,desnutricion aguda,desnutricion moderada (m),2007-02-01,3,0,0,2,3,2,5
CUEVO,desnutricion aguda,desnutricion moderada (m),2007-02-01,0,0,0,2,0,2,2
CULPINA,desnutricion aguda,desnutricion moderada (m),2007-02-01,21,10,16,16,37,26,63
CURAHUARA DE CARANGAS,desnutricion aguda,desnutricion moderada (m),2007-02-01,1,2,1,0,2,2,4
EL CHORO,desnutricion aguda,desnutricion moderada (m),2007-02-01,1,0,0,0,1,0,1
EL PUENTE(STC),desnutricion aguda,desnutricion moderada (m),2007-02-01,2,2,1,2,3,4,7
EL PUENTE(TJA),desnutricion aguda,desnutricion moderada (m),2007-02-01,0,2,3,5,3,7,10
EL TORNO,desnutricion aguda,desnutricion moderada (m),2007-02-01,2,1,0,2,2,3,5
EL VILLAR,desnutricion aguda,desnutricion moderada (m),2007-02-01,3,3,1,2,4,5,9
ENTRE RIOS,desnutricion aguda,desnutricion moderada (m),2007-02-01,16,5,7,5,23,10,33
ENTRE RIOS,desnutricion aguda,desnutricion moderada (m),2007-02-01,4,6,5,7,9,13,22
EUCALIPTUS,desnutricion aguda,desnutricion moderada (m),2007-02-01,1,1,1,0,2,1,3
FERNANDEZ ALONSO,desnutricion aguda,desnutricion moderada (m),2007-02-01,0,2,0,2,0,4,4
FILADELFIA,desnutricion aguda,desnutricion moderada (m),2007-02-01,1,0,0,0,1,0,1
GENERAL SAAVEDRA,desnutricion aguda,desnutricion moderada (m),2007-02-01,5,3,2,4,7,7,14
GUAYARAMERIN,desnutricion aguda,desnutricion moderada (m),2007-02-01,15,14,7,10,22,24,46
GUTIERREZ,desnutricion aguda,desnutricion moderada (m),2007-02-01,1,3,1,3,2,6,8
HUACARETA,desnutricion aguda,desnutricion moderada (m),2007-02-01,7,5,0,3,7,8,15
HUACAYA (VILLA DE HUACAYA),desnutricion aguda,desnutricion moderada (m),2007-02-01,1,3,0,0,1,3,4
HUACHACALLA,desnutricion aguda,desnutricion moderada (m),2007-02-01,0,2,0,0,0,2,2
HUANUNI,desnutricion aguda,desnutricion moderada (m),2007-02-01,2,8,1,10,3,18,21
ICHOCA,desnutricion aguda,desnutricion moderada (m),2007-02-01,4,0,0,0,4,0,4
ICLA,desnutricion aguda,desnutricion moderada (m),2007-02-01,18,25,29,37,47,62,109
INCAHUASI,desnutricion aguda,desnutricion moderada (m),2007-02-01,34,28,24,22,58,50,108
INGAVI (HUMAITA),desnutricion aguda,desnutricion moderada (m),2007-02-01,0,0,1,0,1,0,1
INQUISIVI,desnutricion aguda,desnutricion moderada (m),2007-02-01,2,5,3,0,5,5,10
LA GUARDIA,desnutricion aguda,desnutricion moderada (m),2007-02-01,5,0,0,0,5,0,5
LAGUNILLAS,desnutricion aguda,desnutricion moderada (m),2007-02-01,5,4,3,5,8,9,17
LAS CARRERAS,desnutricion aguda,desnutricion moderada (m),2007-02-01,0,0,1,2,1,2,3
LLALLAGUA,desnutricion aguda,desnutricion moderada (m),2007-02-01,6,12,16,7,22,19,41
LLICA,desnutricion aguda,desnutricion moderada (m),2007-02-01,0,1,0,0,0,1,1
MACHACAMARCA,desnutricion aguda,desnutricion moderada (m),2007-02-01,1,3,1,2,2,5,7
MACHARETI,desnutricion aguda,desnutricion moderada (m),2007-02-01,2,1,2,4,4,5,9
MAGDALENA,desnutricion aguda,desnutricion moderada (m),2007-02-01,3,2,0,1,3,3,6
MAIRANA,desnutricion aguda,desnutricion moderada (m),2007-02-01,3,1,1,3,4,4,8
MINEROS,desnutricion aguda,desnutricion moderada (m),2007-02-01,7,9,1,3,8,12,20
MIZQUE,desnutricion aguda,desnutricion moderada (m),2007-02-01,10,13,8,17,18,30,48
MOJOCOYA,desnutricion aguda,desnutricion moderada (m),2007-02-01,3,3,1,4,4,7,11
MONTEAGUDO,desnutricion aguda,desnutricion moderada (m),2007-02-01,6,7,7,3,13,10,23
MONTERO,desnutricion aguda,desnutricion moderada (m),2007-02-01,22,23,13,24,35,47,82
MORO MORO,desnutricion aguda,desnutricion moderada (m),2007-02-01,1,0,1,0,2,0,2
MOROCHATA,desnutricion aguda,desnutricion moderada (m),2007-02-01,12,10,4,5,16,15,31
NACEBE (SANTA ROSA DEL ABUNA),desnutricion aguda,desnutricion moderada (m),2007-02-01,0,0,1,1,1,1,2
OCURI,desnutricion aguda,desnutricion moderada (m),2007-02-01,16,10,9,9,25,19,44
OKINAWA,desnutricion aguda,desnutricion moderada (m),2007-02-01,3,1,2,0,5,1,6
OMEREQUE,desnutricion aguda,desnutricion moderada (m),2007-02-01,2,1,2,1,4,2,6
ORURO,desnutricion aguda,desnutricion moderada (m),2007-02-01,57,44,21,34,78,78,156
PADCAYA,desnutricion aguda,desnutricion moderada (m),2007-02-01,2,4,0,2,2,6,8
PADILLA,desnutricion aguda,desnutricion moderada (m),2007-02-01,6,3,8,8,14,11,25
PAILON,desnutricion aguda,desnutricion moderada (m),2007-02-01,7,8,1,1,8,9,17
PAMPA AULLAGAS,desnutricion aguda,desnutricion moderada (m),2007-02-01,2,1,0,1,2,2,4
PAMPA GRANDE,desnutricion aguda,desnutricion moderada (m),2007-02-01,0,0,0,1,0,1,1
PASORAPA,desnutricion aguda,desnutricion moderada (m),2007-02-01,2,4,1,5,3,9,12
PAZÑA,desnutricion aguda,desnutricion moderada (m),2007-02-01,4,0,0,0,4,0,4
POCOATA,desnutricion aguda,desnutricion moderada (m),2007-02-01,13,15,7,13,20,28,48
POCONA,desnutricion aguda,desnutricion moderada (m),2007-02-01,2,1,3,3,5,4,9
POJO (CBBA),desnutricion aguda,desnutricion moderada (m),2007-02-01,1,2,0,1,1,3,4
POOPO,desnutricion aguda,desnutricion moderada (m),2007-02-01,1,2,2,1,3,3,6
PORCO,desnutricion aguda,desnutricion moderada (m),2007-02-01,5,7,1,4,6,11,17
POROMA,desnutricion aguda,desnutricion moderada (m),2007-02-01,8,12,7,15,15,27,42
PORONGO,desnutricion aguda,desnutricion moderada (m),2007-02-01,0,4,1,0,1,4,5
PORTACHUELO,desnutricion aguda,desnutricion moderada (m),2007-02-01,4,7,1,3,5,10,15
PORVENIR,desnutricion aguda,desnutricion moderada (m),2007-02-01,3,1,1,1,4,2,6
POSTRER VALLE,desnutricion aguda,desnutricion moderada (m),2007-02-01,4,1,1,2,5,3,8
POTOSI,desnutricion aguda,desnutricion moderada (m),2007-02-01,71,65,31,27,102,92,194
PRESTO,desnutricion aguda,desnutricion moderada (m),2007-02-01,12,4,4,1,16,5,21
PUCARA,desnutricion aguda,desnutricion moderada (m),2007-02-01,2,1,1,0,3,1,4
PUERTO GONZALO MORENO,desnutricion aguda,desnutricion moderada (m),2007-02-01,7,4,13,3,20,7,27
PUERTO QUIJARRO,desnutricion aguda,desnutricion moderada (m),2007-02-01,2,3,0,1,2,4,6
PUERTO RICO,desnutricion aguda,desnutricion moderada (m),2007-02-01,0,0,0,2,0,2,2
PUERTO SILES,desnutricion aguda,desnutricion moderada (m),2007-02-01,1,2,1,1,2,3,5
PUERTO SUAREZ,desnutricion aguda,desnutricion moderada (m),2007-02-01,2,3,1,0,3,3,6
PUERTO VILLARROEL,desnutricion aguda,desnutricion moderada (m),2007-02-01,29,34,14,3,43,37,80
PUNA,desnutricion aguda,desnutricion moderada (m),2007-02-01,23,18,18,15,41,33,74
PUNATA,desnutricion aguda,desnutricion moderada (m),2007-02-01,7,6,3,2,10,8,18
QUILLACOLLO,desnutricion aguda,desnutricion moderada (m),2007-02-01,11,14,12,15,23,29,52
QUIME,desnutricion aguda,desnutricion moderada (m),2007-02-01,1,0,2,2,3,2,5
RAVELO,desnutricion aguda,desnutricion moderada (m),2007-02-01,29,23,18,22,47,45,92
REYES,desnutricion aguda,desnutricion moderada (m),2007-02-01,1,1,2,3,3,4,7
RIBERALTA,desnutricion aguda,desnutricion moderada (m),2007-02-01,22,57,18,19,40,76,116
ROBORE,desnutricion aguda,desnutricion moderada (m),2007-02-01,2,5,1,2,3,7,10
RURRENABAQUE,desnutricion aguda,desnutricion moderada (m),2007-02-01,1,3,0,0,1,3,4
SACABA,desnutricion aguda,desnutricion moderada (m),2007-02-01,22,10,7,12,29,22,51
SACABAMBA,desnutricion aguda,desnutricion moderada (m),2007-02-01,1,0,1,0,2,0,2
SACACA,desnutricion aguda,desnutricion moderada (m),2007-02-01,38,30,38,43,76,73,149
SAIPINA,desnutricion aguda,desnutricion moderada (m),2007-02-01,0,2,0,0,0,2,2
SALINAS DE GARCI MENDOZA,desnutricion aguda,desnutricion moderada (m),2007-02-01,3,0,5,1,8,1,9
SAMAIPATA,desnutricion aguda,desnutricion moderada (m),2007-02-01,2,0,0,1,2,1,3
SAN ANDRES,desnutricion aguda,desnutricion moderada (m),2007-02-01,3,1,1,2,4,3,7
SAN ANTONIO DE LOMERIO,desnutricion aguda,desnutricion moderada (m),2007-02-01,10,6,5,3,15,9,24
SAN BENITO,desnutricion aguda,desnutricion moderada (m),2007-02-01,5,2,3,5,8,7,15
SAN BORJA,desnutricion aguda,desnutricion moderada (m),2007-02-01,12,17,9,5,21,22,43
SAN CARLOS,desnutricion aguda,desnutricion moderada (m),2007-02-01,4,7,1,4,5,11,16
SAN IGNACIO,desnutricion aguda,desnutricion moderada (m),2007-02-01,12,6,6,8,18,14,32
SAN IGNACIO DE VELASCO,desnutricion aguda,desnutricion moderada (m),2007-02-01,30,35,11,27,41,62,103
SAN JAVIER(BNI),desnutricion aguda,desnutricion moderada (m),2007-02-01,0,0,0,1,0,1,1
SAN JOAQUIN,desnutricion aguda,desnutricion moderada (m),2007-02-01,0,0,1,1,1,1,2
SAN JOSE DE CHIQUITOS,desnutricion aguda,desnutricion moderada (m),2007-02-01,4,7,1,4,5,11,16
SAN JULIAN,desnutricion aguda,desnutricion moderada (m),2007-02-01,3,2,5,1,8,3,11
SAN LORENZO(PND),desnutricion aguda,desnutricion moderada (m),2007-02-01,1,0,0,0,1,0,1
SAN LORENZO(TJA),desnutricion aguda,desnutricion moderada (m),2007-02-01,10,15,7,12,17,27,44
SAN LUCAS,desnutricion aguda,desnutricion moderada (m),2007-02-01,46,45,42,39,88,84,172
SAN MATIAS,desnutricion aguda,desnutricion moderada (m),2007-02-01,0,0,0,2,0,2,2
SAN MIGUEL DE VELASCO,desnutricion aguda,desnutricion moderada (m),2007-02-01,3,2,0,1,3,3,6
SAN PABLO DE LIPEZ,desnutricion aguda,desnutricion moderada (m),2007-02-01,2,0,1,0,3,0,3
SAN PEDRO,desnutricion aguda,desnutricion moderada (m),2007-02-01,4,6,4,3,8,9,17
SAN PEDRO(PND),desnutricion aguda,desnutricion moderada (m),2007-02-01,0,1,0,0,0,1,1
SAN RAFAEL,desnutricion aguda,desnutricion moderada (m),2007-02-01,2,1,0,0,2,1,3
SAN RAMON,desnutricion aguda,desnutricion moderada (m),2007-02-01,0,4,2,2,2,6,8
SANTA ANA,desnutricion aguda,desnutricion moderada (m),2007-02-01,2,4,1,0,3,4,7
SANTA CRUZ DE LA SIERRA,desnutricion aguda,desnutricion moderada (m),2007-02-01,83,96,43,51,126,147,273
SANTA ROSA,desnutricion aguda,desnutricion moderada (m),2007-02-01,1,2,0,1,1,3,4
SANTA ROSA DEL SARA,desnutricion aguda,desnutricion moderada (m),2007-02-01,4,2,2,1,6,3,9
SANTIAGO DE HUARI,desnutricion aguda,desnutricion moderada (m),2007-02-01,5,1,4,2,9,3,12
SANTIVAÑES,desnutricion aguda,desnutricion moderada (m),2007-02-01,1,2,0,1,1,3,4
SANTUARIO DE QUILLACAS,desnutricion aguda,desnutricion moderada (m),2007-02-01,0,0,0,2,0,2,2
SENA,desnutricion aguda,desnutricion moderada (m),2007-02-01,2,5,2,1,4,6,10
SICAYA,desnutricion aguda,desnutricion moderada (m),2007-02-01,1,2,1,1,2,3,5
SIPE SIPE,desnutricion aguda,desnutricion moderada (m),2007-02-01,15,6,5,11,20,17,37
SOPACHUY,desnutricion aguda,desnutricion moderada (m),2007-02-01,9,14,6,24,15,38,53
SORACACHI,desnutricion aguda,desnutricion moderada (m),2007-02-01,2,4,1,1,3,5,8
SUCRE,desnutricion aguda,desnutricion moderada (m),2007-02-01,43,39,48,39,91,78,169
TACACHI,desnutricion aguda,desnutricion moderada (m),2007-02-01,0,0,1,0,1,0,1
TACOBAMBA,desnutricion aguda,desnutricion moderada (m),2007-02-01,7,9,7,5,14,14,28
TACOPAYA,desnutricion aguda,desnutricion moderada (m),2007-02-01,10,10,5,5,15,15,30
TAPACARI,desnutricion aguda,desnutricion moderada (m),2007-02-01,32,22,12,16,44,38,82
TARABUCO,desnutricion aguda,desnutricion moderada (m),2007-02-01,46,40,32,42,78,82,160
TARATA,desnutricion aguda,desnutricion moderada (m),2007-02-01,4,3,0,0,4,3,7
TARIJA,desnutricion aguda,desnutricion moderada (m),2007-02-01,19,23,16,34,35,57,92
TARVITA,desnutricion aguda,desnutricion moderada (m),2007-02-01,15,12,10,23,25,35,60
TINGUIPAYA,desnutricion aguda,desnutricion moderada (m),2007-02-01,21,10,22,17,43,27,70
TIQUIPAYA,desnutricion aguda,desnutricion moderada (m),2007-02-01,14,8,3,8,17,16,33
TIRAQUE (CBBA),desnutricion aguda,desnutricion moderada (m),2007-02-01,21,12,8,14,29,26,55
TOCO,desnutricion aguda,desnutricion moderada (m),2007-02-01,1,0,0,1,1,1,2
TOLATA,desnutricion aguda,desnutricion moderada (m),2007-02-01,0,1,0,0,0,1,1
TOLEDO,desnutricion aguda,desnutricion moderada (m),2007-02-01,1,0,0,0,1,0,1
TOMAVE,desnutricion aguda,desnutricion moderada (m),2007-02-01,16,2,7,5,23,7,30
TOMINA,desnutricion aguda,desnutricion moderada (m),2007-02-01,26,12,11,20,37,32,69
TORO TORO,desnutricion aguda,desnutricion moderada (m),2007-02-01,13,3,5,5,18,8,26
TOTORA(CBBA),desnutricion aguda,desnutricion moderada (m),2007-02-01,3,4,5,5,8,9,17
TOTORA(ORR),desnutricion aguda,desnutricion moderada (m),2007-02-01,0,1,0,1,0,2,2
TRINIDAD,desnutricion aguda,desnutricion moderada (m),2007-02-01,23,22,10,8,33,30,63
TUPIZA,desnutricion aguda,desnutricion moderada (m),2007-02-01,19,9,11,16,30,25,55
UNCIA,desnutricion aguda,desnutricion moderada (m),2007-02-01,7,1,4,5,11,6,17
URIONDO (A. CONCEPCION),desnutricion aguda,desnutricion moderada (m),2007-02-01,1,3,5,4,6,7,13
URUBICHA,desnutricion aguda,desnutricion moderada (m),2007-02-01,23,37,18,27,41,64,105
UYUNI,desnutricion aguda,desnutricion moderada (m),2007-02-01,1,0,2,3,3,3,6
VACAS,desnutricion aguda,desnutricion moderada (m),2007-02-01,4,2,3,4,7,6,13
VALLEGRANDE,desnutricion aguda,desnutricion moderada (m),2007-02-01,3,1,0,0,3,1,4
VILA VILA,desnutricion aguda,desnutricion moderada (m),2007-02-01,2,2,0,0,2,2,4
VILLA MONTES,desnutricion aguda,desnutricion moderada (m),2007-02-01,9,11,4,3,13,14,27
VILLA NUEVA (LOMA ALTA),desnutricion aguda,desnutricion moderada (m),2007-02-01,1,2,2,6,3,8,11
VILLA RIVERO,desnutricion aguda,desnutricion moderada (m),2007-02-01,1,4,2,5,3,9,12
VILLA SERRANO,desnutricion aguda,desnutricion moderada (m),2007-02-01,8,5,11,9,19,14,33
VILLA TUNARI,desnutricion aguda,desnutricion moderada (m),2007-02-01,28,28,17,18,45,46,91
VILLA VACA GUZMAN (MUYUPAMPA),desnutricion aguda,desnutricion moderada (m),2007-02-01,4,2,1,1,5,3,8
VILLAZON,desnutricion aguda,desnutricion moderada (m),2007-02-01,16,12,2,13,18,25,43
VINTO,desnutricion aguda,desnutricion moderada (m),2007-02-01,0,2,0,0,0,2,2
VITICHI,desnutricion aguda,desnutricion moderada (m),2007-02-01,16,20,14,17,30,37,67
WARNES,desnutricion aguda,desnutricion moderada (m),2007-02-01,4,5,7,7,11,12,23
YACUIBA,desnutricion aguda,desnutricion moderada (m),2007-02-01,6,17,3,11,9,28,37
YAMPARAEZ,desnutricion aguda,desnutricion moderada (m),2007-02-01,20,9,15,24,35,33,68
YAPACANI,desnutricion aguda,desnutricion moderada (m),2007-02-01,19,10,2,5,21,15,36
YOCALLA,desnutricion aguda,desnutricion moderada (m),2007-02-01,2,0,0,1,2,1,3
YOTALA,desnutricion aguda,desnutricion moderada (m),2007-02-01,3,5,5,14,8,19,27
YUNCHARA,desnutricion aguda,desnutricion moderada (m),2007-02-01,4,1,9,10,13,11,24
ZUDAÑEZ,desnutricion aguda,desnutricion moderada (m),2007-02-01,3,6,7,8,10,14,24
ACACIO,desnutricion aguda,desnutricion moderada (m),2007-03-01,2,2,2,5,4,7,11
AIQUILE,desnutricion aguda,desnutricion moderada (m),2007-03-01,3,13,3,5,6,18,24
ALALAY,desnutricion aguda,desnutricion moderada (m),2007-03-01,3,1,3,0,6,1,7
ALCALA,desnutricion aguda,desnutricion moderada (m),2007-03-01,4,8,6,5,10,13,23
ANDAMARCA,desnutricion aguda,desnutricion moderada (m),2007-03-01,4,2,0,4,4,6,10
ANTEQUERA,desnutricion aguda,desnutricion moderada (m),2007-03-01,0,0,1,1,1,1,2
ANZALDO,desnutricion aguda,desnutricion moderada (m),2007-03-01,10,14,5,8,15,22,37
ARAMPAMPA,desnutricion aguda,desnutricion moderada (m),2007-03-01,10,7,5,7,15,14,29
ARANI,desnutricion aguda,desnutricion moderada (m),2007-03-01,3,4,2,1,5,5,10
ARBIETO,desnutricion aguda,desnutricion moderada (m),2007-03-01,1,1,4,6,5,7,12
ARQUE,desnutricion aguda,desnutricion moderada (m),2007-03-01,13,7,4,8,17,15,32
ATOCHA,desnutricion aguda,desnutricion moderada (m),2007-03-01,2,3,4,1,6,4,10
AYOPAYA (V. DE INDEPENDENCIA),desnutricion aguda,desnutricion moderada (m),2007-03-01,16,15,10,13,26,28,54
AZURDUY,desnutricion aguda,desnutricion moderada (m),2007-03-01,11,27,17,25,28,52,80
BAURES,desnutricion aguda,desnutricion moderada (m),2007-03-01,1,1,0,0,1,1,2
BELEN DE URMIRI,desnutricion aguda,desnutricion moderada (m),2007-03-01,1,6,2,3,3,9,12
BELLA FLOR,desnutricion aguda,desnutricion moderada (m),2007-03-01,1,2,2,0,3,2,5
BERMEJO,desnutricion aguda,desnutricion moderada (m),2007-03-01,1,2,4,3,5,5,10
BETANZOS,desnutricion aguda,desnutricion moderada (m),2007-03-01,22,28,19,23,41,51,92
BOLIVAR,desnutricion aguda,desnutricion moderada (m),2007-03-01,21,19,8,17,29,36,65
BOLPEBRA,desnutricion aguda,desnutricion moderada (m),2007-03-01,0,0,1,0,1,0,1
BOYUIBE,desnutricion aguda,desnutricion moderada (m),2007-03-01,2,3,1,0,3,3,6
BUENA VISTA,desnutricion aguda,desnutricion moderada (m),2007-03-01,2,2,1,1,3,3,6
CABEZAS,desnutricion aguda,desnutricion moderada (m),2007-03-01,3,4,2,4,5,8,13
"CAIZA ""D""",desnutricion aguda,desnutricion moderada (m),2007-03-01,2,0,4,7,6,7,13
CAJUATA,desnutricion aguda,desnutricion moderada (m),2007-03-01,0,2,2,0,2,2,4
CAMARGO,desnutricion aguda,desnutricion moderada (m),2007-03-01,11,8,7,17,18,25,43
CAMATAQUI (C. VILLA ABECIA),desnutricion aguda,desnutricion moderada (m),2007-03-01,0,1,1,0,1,1,2
CAMIRI,desnutricion aguda,desnutricion moderada (m),2007-03-01,15,28,11,11,26,39,65
CAPINOTA,desnutricion aguda,desnutricion moderada (m),2007-03-01,26,12,13,8,39,20,59
CARACOLLO,desnutricion aguda,desnutricion moderada (m),2007-03-01,5,6,2,6,7,12,19
CARAPARI,desnutricion aguda,desnutricion moderada (m),2007-03-01,2,1,2,1,4,2,6
CARIPUYO,desnutricion aguda,desnutricion moderada (m),2007-03-01,20,26,6,13,26,39,65
CARMEN RIVERO TORREZ,desnutricion aguda,desnutricion moderada (m),2007-03-01,1,3,2,0,3,3,6
CHALLAPATA,desnutricion aguda,desnutricion moderada (m),2007-03-01,10,5,6,7,16,12,28
CHAQUI,desnutricion aguda,desnutricion moderada (m),2007-03-01,4,2,5,5,9,7,16
CHARAGUA,desnutricion aguda,desnutricion moderada (m),2007-03-01,4,12,3,4,7,16,23
CHAYANTA,desnutricion aguda,desnutricion moderada (m),2007-03-01,3,7,20,18,23,25,48
CHIMORE,desnutricion aguda,desnutricion moderada (m),2007-03-01,5,12,9,3,14,15,29
CHIPAYA,desnutricion aguda,desnutricion moderada (m),2007-03-01,1,2,0,1,1,3,4
CHOQUE COTA,desnutricion aguda,desnutricion moderada (m),2007-03-01,1,0,0,1,1,1,2
COBIJA,desnutricion aguda,desnutricion moderada (m),2007-03-01,12,5,13,11,25,16,41
COCHABAMBA,desnutricion aguda,desnutricion moderada (m),2007-03-01,69,76,48,49,117,125,242
COLCAPIRHUA,desnutricion aguda,desnutricion moderada (m),2007-03-01,0,2,2,4,2,6,8
"COLCHA ""K""",desnutricion aguda,desnutricion moderada (m),2007-03-01,3,1,1,0,4,1,5
COLOMI,desnutricion aguda,desnutricion moderada (m),2007-03-01,8,5,4,2,12,7,19
COLPA BELGICA,desnutricion aguda,desnutricion moderada (m),2007-03-01,3,2,1,1,4,3,7
COLQUECHACA,desnutricion aguda,desnutricion moderada (m),2007-03-01,24,22,21,15,45,37,82
COLQUIRI,desnutricion aguda,desnutricion moderada (m),2007-03-01,5,2,0,2,5,4,9
COMARAPA,desnutricion aguda,desnutricion moderada (m),2007-03-01,3,11,2,3,5,14,19
CONCEPCION,desnutricion aguda,desnutricion moderada (m),2007-03-01,8,6,1,4,9,10,19
CORQUE,desnutricion aguda,desnutricion moderada (m),2007-03-01,3,1,0,1,3,2,5
COTAGAITA,desnutricion aguda,desnutricion moderada (m),2007-03-01,16,9,18,16,34,25,59
COTOCA,desnutricion aguda,desnutricion moderada (m),2007-03-01,0,1,0,0,0,1,1
CUATRO CAÑADAS,desnutricion aguda,desnutricion moderada (m),2007-03-01,1,0,1,2,2,2,4
CUEVO,desnutricion aguda,desnutricion moderada (m),2007-03-01,0,2,1,1,1,3,4
CULPINA,desnutricion aguda,desnutricion moderada (m),2007-03-01,23,22,16,16,39,38,77
CURAHUARA DE CARANGAS,desnutricion aguda,desnutricion moderada (m),2007-03-01,0,1,1,1,1,2,3
EL CHORO,desnutricion aguda,desnutricion moderada (m),2007-03-01,0,1,0,0,0,1,1
EL PUENTE(STC),desnutricion aguda,desnutricion moderada (m),2007-03-01,5,4,0,2,5,6,11
EL PUENTE(TJA),desnutricion aguda,desnutricion moderada (m),2007-03-01,0,1,1,1,1,2,3
EL VILLAR,desnutricion aguda,desnutricion moderada (m),2007-03-01,2,5,2,6,4,11,15
ENTRE RIOS,desnutricion aguda,desnutricion moderada (m),2007-03-01,13,12,6,8,19,20,39
ENTRE RIOS,desnutricion aguda,desnutricion moderada (m),2007-03-01,3,5,6,5,9,10,19
EUCALIPTUS,desnutricion aguda,desnutricion moderada (m),2007-03-01,1,2,1,1,2,3,5
FERNANDEZ ALONSO,desnutricion aguda,desnutricion moderada (m),2007-03-01,1,1,0,2,1,3,4
FILADELFIA,desnutricion aguda,desnutricion moderada (m),2007-03-01,3,2,0,1,3,3,6
GENERAL SAAVEDRA,desnutricion aguda,desnutricion moderada (m),2007-03-01,4,1,4,2,8,3,11
GUAYARAMERIN,desnutricion aguda,desnutricion moderada (m),2007-03-01,17,14,6,8,23,22,45
GUTIERREZ,desnutricion aguda,desnutricion moderada (m),2007-03-01,1,3,1,5,2,8,10
HUACARETA,desnutricion aguda,desnutricion moderada (m),2007-03-01,3,5,3,3,6,8,14
HUACAYA (VILLA DE HUACAYA),desnutricion aguda,desnutricion moderada (m),2007-03-01,0,2,0,1,0,3,3
HUANUNI,desnutricion aguda,desnutricion moderada (m),2007-03-01,2,0,0,1,2,1,3
ICLA,desnutricion aguda,desnutricion moderada (m),2007-03-01,11,25,25,23,36,48,84
INCAHUASI,desnutricion aguda,desnutricion moderada (m),2007-03-01,38,28,27,31,65,59,124
INGAVI (HUMAITA),desnutricion aguda,desnutricion moderada (m),2007-03-01,0,1,0,0,0,1,1
INQUISIVI,desnutricion aguda,desnutricion moderada (m),2007-03-01,2,0,2,1,4,1,5
LAGUNILLAS,desnutricion aguda,desnutricion moderada (m),2007-03-01,5,2,5,5,10,7,17
LAS CARRERAS,desnutricion aguda,desnutricion moderada (m),2007-03-01,0,1,1,3,1,4,5
LLALLAGUA,desnutricion aguda,desnutricion moderada (m),2007-03-01,20,30,16,13,36,43,79
LLICA,desnutricion aguda,desnutricion moderada (m),2007-03-01,1,3,0,0,1,3,4
LORETO,desnutricion aguda,desnutricion moderada (m),2007-03-01,1,0,0,0,1,0,1
MACHACAMARCA,desnutricion aguda,desnutricion moderada (m),2007-03-01,1,2,0,1,1,3,4
MACHARETI,desnutricion aguda,desnutricion moderada (m),2007-03-01,6,1,3,2,9,3,12
MAGDALENA,desnutricion aguda,desnutricion moderada (m),2007-03-01,0,1,1,0,1,1,2
MAIRANA,desnutricion aguda,desnutricion moderada (m),2007-03-01,4,3,3,2,7,5,12
MINEROS,desnutricion aguda,desnutricion moderada (m),2007-03-01,8,7,0,7,8,14,22
MIZQUE,desnutricion aguda,desnutricion moderada (m),2007-03-01,20,15,5,18,25,33,58
MOJOCOYA,desnutricion aguda,desnutricion moderada (m),2007-03-01,8,4,7,4,15,8,23
MONTEAGUDO,desnutricion aguda,desnutricion moderada (m),2007-03-01,7,6,5,11,12,17,29
MONTERO,desnutricion aguda,desnutricion moderada (m),2007-03-01,25,32,18,34,43,66,109
MORO MORO,desnutricion aguda,desnutricion moderada (m),2007-03-01,0,0,1,0,1,0,1
MOROCHATA,desnutricion aguda,desnutricion moderada (m),2007-03-01,13,9,10,4,23,13,36
NACEBE (SANTA ROSA DEL ABUNA),desnutricion aguda,desnutricion moderada (m),2007-03-01,1,0,0,0,1,0,1
OCURI,desnutricion aguda,desnutricion moderada (m),2007-03-01,30,12,14,16,44,28,72
OKINAWA,desnutricion aguda,desnutricion moderada (m),2007-03-01,1,2,0,3,1,5,6
OMEREQUE,desnutricion aguda,desnutricion moderada (m),2007-03-01,1,3,1,1,2,4,6
ORURO,desnutricion aguda,desnutricion moderada (m),2007-03-01,74,34,20,23,94,57,151
PADCAYA,desnutricion aguda,desnutricion moderada (m),2007-03-01,2,1,4,0,6,1,7
PADILLA,desnutricion aguda,desnutricion moderada (m),2007-03-01,13,8,10,9,23,17,40
PAILON,desnutricion aguda,desnutricion moderada (m),2007-03-01,5,4,1,3,6,7,13
PAMPA AULLAGAS,desnutricion aguda,desnutricion moderada (m),2007-03-01,0,3,0,0,0,3,3
PAMPA GRANDE,desnutricion aguda,desnutricion moderada (m),2007-03-01,2,3,1,4,3,7,10
PASORAPA,desnutricion aguda,desnutricion moderada (m),2007-03-01,1,1,1,1,2,2,4
PAZÑA,desnutricion aguda,desnutricion moderada (m),2007-03-01,0,4,0,0,0,4,4
POCOATA,desnutricion aguda,desnutricion moderada (m),2007-03-01,24,22,14,24,38,46,84
POCONA,desnutricion aguda,desnutricion moderada (m),2007-03-01,3,4,5,5,8,9,17
POJO (CBBA),desnutricion aguda,desnutricion moderada (m),2007-03-01,9,6,1,3,10,9,19
POOPO,desnutricion aguda,desnutricion moderada (m),2007-03-01,1,3,0,2,1,5,6
PORCO,desnutricion aguda,desnutricion moderada (m),2007-03-01,6,7,0,2,6,9,15
POROMA,desnutricion aguda,desnutricion moderada (m),2007-03-01,23,27,12,8,35,35,70
PORTACHUELO,desnutricion aguda,desnutricion moderada (m),2007-03-01,6,5,1,3,7,8,15
PORVENIR,desnutricion aguda,desnutricion moderada (m),2007-03-01,0,1,4,3,4,4,8
POSTRER VALLE,desnutricion aguda,desnutricion moderada (m),2007-03-01,2,0,0,0,2,0,2
POTOSI,desnutricion aguda,desnutricion moderada (m),2007-03-01,81,66,44,31,125,97,222
PRESTO,desnutricion aguda,desnutricion moderada (m),2007-03-01,24,9,9,6,33,15,48
PUCARA,desnutricion aguda,desnutricion moderada (m),2007-03-01,1,0,0,0,1,0,1
PUERTO GONZALO MORENO,desnutricion aguda,desnutricion moderada (m),2007-03-01,9,4,3,3,12,7,19
PUERTO QUIJARRO,desnutricion aguda,desnutricion moderada (m),2007-03-01,1,0,1,2,2,2,4
PUERTO RICO,desnutricion aguda,desnutricion moderada (m),2007-03-01,1,5,3,4,4,9,13
PUERTO SILES,desnutricion aguda,desnutricion moderada (m),2007-03-01,0,0,0,1,0,1,1
PUERTO SUAREZ,desnutricion aguda,desnutricion moderada (m),2007-03-01,0,1,0,0,0,1,1
PUERTO VILLARROEL,desnutricion aguda,desnutricion moderada (m),2007-03-01,31,45,16,21,47,66,113
PUNA,desnutricion aguda,desnutricion moderada (m),2007-03-01,29,27,20,34,49,61,110
PUNATA,desnutricion aguda,desnutricion moderada (m),2007-03-01,6,5,2,5,8,10,18
QUILLACOLLO,desnutricion aguda,desnutricion moderada (m),2007-03-01,6,10,4,11,10,21,31
QUIME,desnutricion aguda,desnutricion moderada (m),2007-03-01,0,2,1,0,1,2,3
QUIRUSILLAS,desnutricion aguda,desnutricion moderada (m),2007-03-01,3,0,1,1,4,1,5
RAVELO,desnutricion aguda,desnutricion moderada (m),2007-03-01,36,30,30,33,66,63,129
REYES,desnutricion aguda,desnutricion moderada (m),2007-03-01,8,2,1,3,9,5,14
RIBERALTA,desnutricion aguda,desnutricion moderada (m),2007-03-01,47,84,27,29,74,113,187
ROBORE,desnutricion aguda,desnutricion moderada (m),2007-03-01,5,6,0,5,5,11,16
RURRENABAQUE,desnutricion aguda,desnutricion moderada (m),2007-03-01,0,4,0,2,0,6,6
SABAYA,desnutricion aguda,desnutricion moderada (m),2007-03-01,0,0,1,0,1,0,1
SACABA,desnutricion aguda,desnutricion moderada (m),2007-03-01,16,25,9,20,25,45,70
SACABAMBA,desnutricion aguda,desnutricion moderada (m),2007-03-01,4,2,2,3,6,5,11
SACACA,desnutricion aguda,desnutricion moderada (m),2007-03-01,30,27,36,31,66,58,124
SAIPINA,desnutricion aguda,desnutricion moderada (m),2007-03-01,3,1,2,1,5,2,7
SALINAS DE GARCI MENDOZA,desnutricion aguda,desnutricion moderada (m),2007-03-01,2,2,1,5,3,7,10
SAMAIPATA,desnutricion aguda,desnutricion moderada (m),2007-03-01,4,0,3,2,7,2,9
SAN AGUSTIN,desnutricion aguda,desnutricion moderada (m),2007-03-01,0,1,1,0,1,1,2
SAN ANDRES,desnutricion aguda,desnutricion moderada (m),2007-03-01,1,1,2,2,3,3,6
SAN ANTONIO DE ESMORUCO,desnutricion aguda,desnutricion moderada (m),2007-03-01,1,0,0,0,1,0,1
SAN ANTONIO DE LOMERIO,desnutricion aguda,desnutricion moderada (m),2007-03-01,12,11,8,10,20,21,41
SAN BENITO,desnutricion aguda,desnutricion moderada (m),2007-03-01,5,4,7,1,12,5,17
SAN BORJA,desnutricion aguda,desnutricion moderada (m),2007-03-01,10,14,3,4,13,18,31
SAN CARLOS,desnutricion aguda,desnutricion moderada (m),2007-03-01,10,6,1,2,11,8,19
SAN IGNACIO,desnutricion aguda,desnutricion moderada (m),2007-03-01,16,12,2,7,18,19,37
SAN IGNACIO DE VELASCO,desnutricion aguda,desnutricion moderada (m),2007-03-01,23,40,31,47,54,87,141
SAN JOAQUIN,desnutricion aguda,desnutricion moderada (m),2007-03-01,0,0,0,1,0,1,1
SAN JOSE DE CHIQUITOS,desnutricion aguda,desnutricion moderada (m),2007-03-01,4,8,2,4,6,12,18
SAN JUAN DE YAPACANI,desnutricion aguda,desnutricion moderada (m),2007-03-01,1,4,1,0,2,4,6
SAN JULIAN,desnutricion aguda,desnutricion moderada (m),2007-03-01,6,7,6,7,12,14,26
SAN LORENZO(PND),desnutricion aguda,desnutricion moderada (m),2007-03-01,3,6,1,4,4,10,14
SAN LORENZO(TJA),desnutricion aguda,desnutricion moderada (m),2007-03-01,10,11,10,18,20,29,49
SAN LUCAS,desnutricion aguda,desnutricion moderada (m),2007-03-01,61,47,35,63,96,110,206
SAN MATIAS,desnutricion aguda,desnutricion moderada (m),2007-03-01,0,1,0,1,0,2,2
SAN MIGUEL DE VELASCO,desnutricion aguda,desnutricion moderada (m),2007-03-01,4,3,1,1,5,4,9
SAN PABLO DE LIPEZ,desnutricion aguda,desnutricion moderada (m),2007-03-01,0,1,0,0,0,1,1
SAN PEDRO,desnutricion aguda,desnutricion moderada (m),2007-03-01,7,2,1,1,8,3,11
SAN RAFAEL,desnutricion aguda,desnutricion moderada (m),2007-03-01,1,1,1,3,2,4,6
SAN RAMON,desnutricion aguda,desnutricion moderada (m),2007-03-01,1,2,0,1,1,3,4
SANTA ANA,desnutricion aguda,desnutricion moderada (m),2007-03-01,2,1,0,4,2,5,7
SANTA CRUZ DE LA SIERRA,desnutricion aguda,desnutricion moderada (m),2007-03-01,125,141,35,53,160,194,354
SANTA ROSA,desnutricion aguda,desnutricion moderada (m),2007-03-01,4,4,0,1,4,5,9
SANTA ROSA DEL SARA,desnutricion aguda,desnutricion moderada (m),2007-03-01,1,2,0,4,1,6,7
SANTIAGO DE HUARI,desnutricion aguda,desnutricion moderada (m),2007-03-01,3,2,4,3,7,5,12
SANTIVAÑES,desnutricion aguda,desnutricion moderada (m),2007-03-01,1,2,3,1,4,3,7
SANTUARIO DE QUILLACAS,desnutricion aguda,desnutricion moderada (m),2007-03-01,0,2,0,0,0,2,2
SENA,desnutricion aguda,desnutricion moderada (m),2007-03-01,0,2,5,0,5,2,7
SICAYA,desnutricion aguda,desnutricion moderada (m),2007-03-01,3,6,2,1,5,7,12
SIPE SIPE,desnutricion aguda,desnutricion moderada (m),2007-03-01,15,12,9,11,24,23,47
SOPACHUY,desnutricion aguda,desnutricion moderada (m),2007-03-01,14,18,8,25,22,43,65
SORACACHI,desnutricion aguda,desnutricion moderada (m),2007-03-01,1,2,4,2,5,4,9
SUCRE,desnutricion aguda,desnutricion moderada (m),2007-03-01,64,57,43,53,107,110,217
TACACHI,desnutricion aguda,desnutricion moderada (m),2007-03-01,1,0,1,0,2,0,2
TACOBAMBA,desnutricion aguda,desnutricion moderada (m),2007-03-01,11,7,1,1,12,8,20
TACOPAYA,desnutricion aguda,desnutricion moderada (m),2007-03-01,9,11,5,7,14,18,32
TAPACARI,desnutricion aguda,desnutricion moderada (m),2007-03-01,28,41,20,20,48,61,109
TARABUCO,desnutricion aguda,desnutricion moderada (m),2007-03-01,66,60,31,51,97,111,208
TARATA,desnutricion aguda,desnutricion moderada (m),2007-03-01,2,2,1,1,3,3,6
TARIJA,desnutricion aguda,desnutricion moderada (m),2007-03-01,38,30,44,34,82,64,146
TARVITA,desnutricion aguda,desnutricion moderada (m),2007-03-01,18,33,20,31,38,64,102
TINGUIPAYA,desnutricion aguda,desnutricion moderada (m),2007-03-01,28,26,20,15,48,41,89
TIQUIPAYA,desnutricion aguda,desnutricion moderada (m),2007-03-01,12,10,3,4,15,14,29
TIRAQUE (CBBA),desnutricion aguda,desnutricion moderada (m),2007-03-01,38,35,23,37,61,72,133
TOCO,desnutricion aguda,desnutricion moderada (m),2007-03-01,2,0,1,0,3,0,3
TOLATA,desnutricion aguda,desnutricion moderada (m),2007-03-01,0,2,0,1,0,3,3
TOLEDO,desnutricion aguda,desnutricion moderada (m),2007-03-01,2,0,0,0,2,0,2
TOMAVE,desnutricion aguda,desnutricion moderada (m),2007-03-01,8,5,3,2,11,7,18
TOMINA,desnutricion aguda,desnutricion moderada (m),2007-03-01,29,22,16,20,45,42,87
TORO TORO,desnutricion aguda,desnutricion moderada (m),2007-03-01,13,12,10,8,23,20,43
TOTORA(CBBA),desnutricion aguda,desnutricion moderada (m),2007-03-01,7,3,2,4,9,7,16
TOTORA(ORR),desnutricion aguda,desnutricion moderada (m),2007-03-01,1,0,2,0,3,0,3
TRIGAL,desnutricion aguda,desnutricion moderada (m),2007-03-01,0,0,0,1,0,1,1
TRINIDAD,desnutricion aguda,desnutricion moderada (m),2007-03-01,22,14,7,6,29,20,49
TUPIZA,desnutricion aguda,desnutricion moderada (m),2007-03-01,14,19,16,14,30,33,63
TURCO,desnutricion aguda,desnutricion moderada (m),2007-03-01,1,0,1,1,2,1,3
UNCIA,desnutricion aguda,desnutricion moderada (m),2007-03-01,14,7,4,9,18,16,34
URIONDO (A. CONCEPCION),desnutricion aguda,desnutricion moderada (m),2007-03-01,3,1,3,7,6,8,14
UYUNI,desnutricion aguda,desnutricion moderada (m),2007-03-01,6,3,3,4,9,7,16
VACAS,desnutricion aguda,desnutricion moderada (m),2007-03-01,8,5,0,3,8,8,16
VALLEGRANDE,desnutricion aguda,desnutricion moderada (m),2007-03-01,3,1,1,1,4,2,6
VILA VILA,desnutricion aguda,desnutricion moderada (m),2007-03-01,3,2,2,0,5,2,7
VILLA MONTES,desnutricion aguda,desnutricion moderada (m),2007-03-01,3,14,3,1,6,15,21
VILLA NUEVA (LOMA ALTA),desnutricion aguda,desnutricion moderada (m),2007-03-01,0,0,0,1,0,1,1
VILLA RIVERO,desnutricion aguda,desnutricion moderada (m),2007-03-01,0,1,2,1,2,2,4
VILLA SERRANO,desnutricion aguda,desnutricion moderada (m),2007-03-01,5,14,9,13,14,27,41
VILLA TUNARI,desnutricion aguda,desnutricion moderada (m),2007-03-01,33,26,25,35,58,61,119
VILLA VACA GUZMAN (MUYUPAMPA),desnutricion aguda,desnutricion moderada (m),2007-03-01,4,2,1,4,5,6,11
VILLAZON,desnutricion aguda,desnutricion moderada (m),2007-03-01,19,14,11,11,30,25,55
VINTO,desnutricion aguda,desnutricion moderada (m),2007-03-01,4,4,0,0,4,4,8
VITICHI,desnutricion aguda,desnutricion moderada (m),2007-03-01,19,16,8,8,27,24,51
WARNES,desnutricion aguda,desnutricion moderada (m),2007-03-01,5,9,3,6,8,15,23
YACUIBA,desnutricion aguda,desnutricion moderada (m),2007-03-01,5,14,4,11,9,25,34
YAMPARAEZ,desnutricion aguda,desnutricion moderada (m),2007-03-01,19,12,14,23,33,35,68
YAPACANI,desnutricion aguda,desnutricion moderada (m),2007-03-01,25,16,4,5,29,21,50
YOCALLA,desnutricion aguda,desnutricion moderada (m),2007-03-01,2,1,1,1,3,2,5
YOTALA,desnutricion aguda,desnutricion moderada (m),2007-03-01,7,7,3,7,10,14,24
YUNCHARA,desnutricion aguda,desnutricion moderada (m),2007-03-01,6,3,7,5,13,8,21
ZUDAÑEZ,desnutricion aguda,desnutricion moderada (m),2007-03-01,13,7,8,14,21,21,42
ACACIO,desnutricion aguda,desnutricion moderada (m),2007-04-01,15,7,9,8,24,15,39
AIQUILE,desnutricion aguda,desnutricion moderada (m),2007-04-01,6,6,4,5,10,11,21
ALALAY,desnutricion aguda,desnutricion moderada (m),2007-04-01,1,5,3,4,4,9,13
ALCALA,desnutricion aguda,desnutricion moderada (m),2007-04-01,7,5,7,4,14,9,23
ANDAMARCA,desnutricion aguda,desnutricion moderada (m),2007-04-01,2,0,1,1,3,1,4
ANTEQUERA,desnutricion aguda,desnutricion moderada (m),2007-04-01,0,1,4,5,4,6,10
ANZALDO,desnutricion aguda,desnutricion moderada (m),2007-04-01,5,10,1,8,6,18,24
ARAMPAMPA,desnutricion aguda,desnutricion moderada (m),2007-04-01,11,5,6,7,17,12,29
ARBIETO,desnutricion aguda,desnutricion moderada (m),2007-04-01,4,0,6,1,10,1,11
ARQUE,desnutricion aguda,desnutricion moderada (m),2007-04-01,6,5,12,12,18,17,35
ASCENCION DE GUARAYOS,desnutricion aguda,desnutricion moderada (m),2007-04-01,23,24,19,23,42,47,89
ATOCHA,desnutricion aguda,desnutricion moderada (m),2007-04-01,2,4,2,1,4,5,9
AYOPAYA (V. DE INDEPENDENCIA),desnutricion aguda,desnutricion moderada (m),2007-04-01,14,22,4,7,18,29,47
AZURDUY,desnutricion aguda,desnutricion moderada (m),2007-04-01,16,28,12,23,28,51,79
BAURES,desnutricion aguda,desnutricion moderada (m),2007-04-01,0,3,0,1,0,4,4
BELEN DE ANDAMARCA,desnutricion aguda,desnutricion moderada (m),2007-04-01,0,3,0,0,0,3,3
BELEN DE URMIRI,desnutricion aguda,desnutricion moderada (m),2007-04-01,2,2,0,1,2,3,5
BELLA FLOR,desnutricion aguda,desnutricion moderada (m),2007-04-01,1,2,1,0,2,2,4
BERMEJO,desnutricion aguda,desnutricion moderada (m),2007-04-01,0,0,1,1,1,1,2
BETANZOS,desnutricion aguda,desnutricion moderada (m),2007-04-01,19,23,15,22,34,45,79
BOLIVAR,desnutricion aguda,desnutricion moderada (m),2007-04-01,13,4,2,2,15,6,21
BOYUIBE,desnutricion aguda,desnutricion moderada (m),2007-04-01,3,0,0,0,3,0,3
BUENA VISTA,desnutricion aguda,desnutricion moderada (m),2007-04-01,0,0,1,1,1,1,2
CABEZAS,desnutricion aguda,desnutricion moderada (m),2007-04-01,5,10,7,2,12,12,24
"CAIZA ""D""",desnutricion aguda,desnutricion moderada (m),2007-04-01,4,3,1,2,5,5,10
CAJUATA,desnutricion aguda,desnutricion moderada (m),2007-04-01,4,4,0,2,4,6,10
CAMARGO,desnutricion aguda,desnutricion moderada (m),2007-04-01,17,17,9,19,26,36,62
CAMATAQUI (C. VILLA ABECIA),desnutricion aguda,desnutricion moderada (m),2007-04-01,0,0,2,3,2,3,5
CAMIRI,desnutricion aguda,desnutricion moderada (m),2007-04-01,11,10,4,7,15,17,32
CAPINOTA,desnutricion aguda,desnutricion moderada (m),2007-04-01,23,18,8,10,31,28,59
CARACOLLO,desnutricion aguda,desnutricion moderada (m),2007-04-01,1,1,1,0,2,1,3
CARANGAS,desnutricion aguda,desnutricion moderada (m),2007-04-01,0,2,0,0,0,2,2
CARAPARI,desnutricion aguda,desnutricion moderada (m),2007-04-01,2,2,2,1,4,3,7
CARIPUYO,desnutricion aguda,desnutricion moderada (m),2007-04-01,9,5,7,13,16,18,34
CARMEN RIVERO TORREZ,desnutricion aguda,desnutricion moderada (m),2007-04-01,0,0,0,3,0,3,3
CHALLAPATA,desnutricion aguda,desnutricion moderada (m),2007-04-01,12,9,10,3,22,12,34
CHAQUI,desnutricion aguda,desnutricion moderada (m),2007-04-01,4,2,5,3,9,5,14
CHARAGUA,desnutricion aguda,desnutricion moderada (m),2007-04-01,9,12,2,4,11,16,27
CHAYANTA,desnutricion aguda,desnutricion moderada (m),2007-04-01,9,11,12,10,21,21,42
CHIMORE,desnutricion aguda,desnutricion moderada (m),2007-04-01,7,3,5,4,12,7,19
CHIPAYA,desnutricion aguda,desnutricion moderada (m),2007-04-01,0,1,1,0,1,1,2
CHOQUE COTA,desnutricion aguda,desnutricion moderada (m),2007-04-01,1,0,0,0,1,0,1
COBIJA,desnutricion aguda,desnutricion moderada (m),2007-04-01,16,4,8,12,24,16,40
COCHABAMBA,desnutricion aguda,desnutricion moderada (m),2007-04-01,75,69,33,36,108,105,213
COLCAPIRHUA,desnutricion aguda,desnutricion moderada (m),2007-04-01,4,5,2,3,6,8,14
"COLCHA ""K""",desnutricion aguda,desnutricion moderada (m),2007-04-01,2,3,0,2,2,5,7
COLOMI,desnutricion aguda,desnutricion moderada (m),2007-04-01,13,5,6,4,19,9,28
COLPA BELGICA,desnutricion aguda,desnutricion moderada (m),2007-04-01,1,2,1,1,2,3,5
COLQUECHACA,desnutricion aguda,desnutricion moderada (m),2007-04-01,30,26,12,26,42,52,94
COLQUIRI,desnutricion aguda,desnutricion moderada (m),2007-04-01,1,1,2,0,3,1,4
COMARAPA,desnutricion aguda,desnutricion moderada (m),2007-04-01,5,1,4,5,9,6,15
CONCEPCION,desnutricion aguda,desnutricion moderada (m),2007-04-01,6,8,5,1,11,9,20
CORQUE,desnutricion aguda,desnutricion moderada (m),2007-04-01,0,0,1,2,1,2,3
COTAGAITA,desnutricion aguda,desnutricion moderada (m),2007-04-01,21,25,23,25,44,50,94
COTOCA,desnutricion aguda,desnutricion moderada (m),2007-04-01,9,15,1,7,10,22,32
CUATRO CAÑADAS,desnutricion aguda,desnutricion moderada (m),2007-04-01,2,3,2,1,4,4,8
CUCHUMUELA (V. G. VILLARROEL),desnutricion aguda,desnutricion moderada (m),2007-04-01,1,0,0,1,1,1,2
CUEVO,desnutricion aguda,desnutricion moderada (m),2007-04-01,2,0,2,1,4,1,5
CULPINA,desnutricion aguda,desnutricion moderada (m),2007-04-01,24,20,9,15,33,35,68
CURAHUARA DE CARANGAS,desnutricion aguda,desnutricion moderada (m),2007-04-01,0,2,1,0,1,2,3
EL CHORO,desnutricion aguda,desnutricion moderada (m),2007-04-01,0,0,0,1,0,1,1
EL PUENTE(STC),desnutricion aguda,desnutricion moderada (m),2007-04-01,0,2,2,1,2,3,5
EL PUENTE(TJA),desnutricion aguda,desnutricion moderada (m),2007-04-01,3,2,2,1,5,3,8
EL TORNO,desnutricion aguda,desnutricion moderada (m),2007-04-01,2,2,3,2,5,4,9
EL VILLAR,desnutricion aguda,desnutricion moderada (m),2007-04-01,2,4,3,7,5,11,16
ENTRE RIOS,desnutricion aguda,desnutricion moderada (m),2007-04-01,14,11,8,4,22,15,37
ENTRE RIOS,desnutricion aguda,desnutricion moderada (m),2007-04-01,2,1,4,6,6,7,13
EXALTACION,desnutricion aguda,desnutricion moderada (m),2007-04-01,0,2,0,0,0,2,2
FERNANDEZ ALONSO,desnutricion aguda,desnutricion moderada (m),2007-04-01,1,1,0,1,1,2,3
GENERAL SAAVEDRA,desnutricion aguda,desnutricion moderada (m),2007-04-01,4,3,2,2,6,5,11
GUAYARAMERIN,desnutricion aguda,desnutricion moderada (m),2007-04-01,12,11,5,9,17,20,37
GUTIERREZ,desnutricion aguda,desnutricion moderada (m),2007-04-01,11,8,9,9,20,17,37
HUACARETA,desnutricion aguda,desnutricion moderada (m),2007-04-01,5,5,1,5,6,10,16
HUACHACALLA,desnutricion aguda,desnutricion moderada (m),2007-04-01,2,0,0,1,2,1,3
HUANUNI,desnutricion aguda,desnutricion moderada (m),2007-04-01,1,0,0,0,1,0,1
HUARACAJE,desnutricion aguda,desnutricion moderada (m),2007-04-01,0,1,0,1,0,2,2
ICLA,desnutricion aguda,desnutricion moderada (m),2007-04-01,17,15,16,19,33,34,67
INCAHUASI,desnutricion aguda,desnutricion moderada (m),2007-04-01,34,37,25,34,59,71,130
INGAVI (HUMAITA),desnutricion aguda,desnutricion moderada (m),2007-04-01,0,0,1,1,1,1,2
INQUISIVI,desnutricion aguda,desnutricion moderada (m),2007-04-01,4,2,5,0,9,2,11
LA GUARDIA,desnutricion aguda,desnutricion moderada (m),2007-04-01,5,3,2,1,7,4,11
LAGUNILLAS,desnutricion aguda,desnutricion moderada (m),2007-04-01,1,2,2,2,3,4,7
LAS CARRERAS,desnutricion aguda,desnutricion moderada (m),2007-04-01,0,2,1,3,1,5,6
LLALLAGUA,desnutricion aguda,desnutricion moderada (m),2007-04-01,14,21,15,19,29,40,69
LLICA,desnutricion aguda,desnutricion moderada (m),2007-04-01,3,0,1,0,4,0,4
LORETO,desnutricion aguda,desnutricion moderada (m),2007-04-01,1,0,0,0,1,0,1
MACHARETI,desnutricion aguda,desnutricion moderada (m),2007-04-01,1,1,2,3,3,4,7
MAGDALENA,desnutricion aguda,desnutricion moderada (m),2007-04-01,0,1,0,2,0,3,3
MAIRANA,desnutricion aguda,desnutricion moderada (m),2007-04-01,0,1,1,0,1,1,2
MINEROS,desnutricion aguda,desnutricion moderada (m),2007-04-01,1,7,2,3,3,10,13
MIZQUE,desnutricion aguda,desnutricion moderada (m),2007-04-01,10,34,9,7,19,41,60
MOJOCOYA,desnutricion aguda,desnutricion moderada (m),2007-04-01,6,2,2,4,8,6,14
MONTEAGUDO,desnutricion aguda,desnutricion moderada (m),2007-04-01,8,7,9,3,17,10,27
MONTERO,desnutricion aguda,desnutricion moderada (m),2007-04-01,26,23,11,26,37,49,86
MORO MORO,desnutricion aguda,desnutricion moderada (m),2007-04-01,2,1,1,1,3,2,5
MOROCHATA,desnutricion aguda,desnutricion moderada (m),2007-04-01,9,3,5,10,14,13,27
NACEBE (SANTA ROSA DEL ABUNA),desnutricion aguda,desnutricion moderada (m),2007-04-01,1,0,1,0,2,0,2
NUEVO MANOA (NUEVA ESPERANZA),desnutricion aguda,desnutricion moderada (m),2007-04-01,1,1,0,0,1,1,2
OCURI,desnutricion aguda,desnutricion moderada (m),2007-04-01,13,5,8,7,21,12,33
OKINAWA,desnutricion aguda,desnutricion moderada (m),2007-04-01,2,1,2,3,4,4,8
OMEREQUE,desnutricion aguda,desnutricion moderada (m),2007-04-01,0,2,0,0,0,2,2
ORURO,desnutricion aguda,desnutricion moderada (m),2007-04-01,23,17,6,17,29,34,63
PADCAYA,desnutricion aguda,desnutricion moderada (m),2007-04-01,4,5,1,1,5,6,11
PADILLA,desnutricion aguda,desnutricion moderada (m),2007-04-01,12,2,4,15,16,17,33
PAILON,desnutricion aguda,desnutricion moderada (m),2007-04-01,4,4,3,2,7,6,13
PAMPA AULLAGAS,desnutricion aguda,desnutricion moderada (m),2007-04-01,2,0,2,0,4,0,4
PAMPA GRANDE,desnutricion aguda,desnutricion moderada (m),2007-04-01,0,2,0,0,0,2,2
PASORAPA,desnutricion aguda,desnutricion moderada (m),2007-04-01,2,1,1,2,3,3,6
PAZÑA,desnutricion aguda,desnutricion moderada (m),2007-04-01,0,1,0,0,0,1,1
POCOATA,desnutricion aguda,desnutricion moderada (m),2007-04-01,14,25,9,7,23,32,55
POCONA,desnutricion aguda,desnutricion moderada (m),2007-04-01,4,4,5,6,9,10,19
POJO (CBBA),desnutricion aguda,desnutricion moderada (m),2007-04-01,2,2,2,1,4,3,7
POOPO,desnutricion aguda,desnutricion moderada (m),2007-04-01,0,0,3,1,3,1,4
PORCO,desnutricion aguda,desnutricion moderada (m),2007-04-01,4,8,3,8,7,16,23
POROMA,desnutricion aguda,desnutricion moderada (m),2007-04-01,21,27,18,19,39,46,85
PORTACHUELO,desnutricion aguda,desnutricion moderada (m),2007-04-01,3,1,1,2,4,3,7
PORVENIR,desnutricion aguda,desnutricion moderada (m),2007-04-01,0,1,0,0,0,1,1
POSTRER VALLE,desnutricion aguda,desnutricion moderada (m),2007-04-01,1,1,0,1,1,2,3
POTOSI,desnutricion aguda,desnutricion moderada (m),2007-04-01,68,60,29,30,97,90,187
PRESTO,desnutricion aguda,desnutricion moderada (m),2007-04-01,15,14,5,7,20,21,41
PUERTO GONZALO MORENO,desnutricion aguda,desnutricion moderada (m),2007-04-01,7,1,0,0,7,1,8
PUERTO QUIJARRO,desnutricion aguda,desnutricion moderada (m),2007-04-01,0,2,1,0,1,2,3
PUERTO RICO,desnutricion aguda,desnutricion moderada (m),2007-04-01,3,1,0,0,3,1,4
PUERTO SILES,desnutricion aguda,desnutricion moderada (m),2007-04-01,0,1,0,0,0,1,1
PUERTO SUAREZ,desnutricion aguda,desnutricion moderada (m),2007-04-01,3,1,0,0,3,1,4
PUERTO VILLARROEL,desnutricion aguda,desnutricion moderada (m),2007-04-01,30,35,16,10,46,45,91
PUNA,desnutricion aguda,desnutricion moderada (m),2007-04-01,16,9,15,12,31,21,52
PUNATA,desnutricion aguda,desnutricion moderada (m),2007-04-01,4,7,3,1,7,8,15
QUILLACOLLO,desnutricion aguda,desnutricion moderada (m),2007-04-01,13,12,7,8,20,20,40
QUIME,desnutricion aguda,desnutricion moderada (m),2007-04-01,2,1,1,0,3,1,4
QUIRUSILLAS,desnutricion aguda,desnutricion moderada (m),2007-04-01,1,0,0,1,1,1,2
RAVELO,desnutricion aguda,desnutricion moderada (m),2007-04-01,23,20,22,41,45,61,106
REYES,desnutricion aguda,desnutricion moderada (m),2007-04-01,5,2,1,2,6,4,10
RIBERALTA,desnutricion aguda,desnutricion moderada (m),2007-04-01,47,72,18,24,65,96,161
ROBORE,desnutricion aguda,desnutricion moderada (m),2007-04-01,4,2,1,0,5,2,7
RURRENABAQUE,desnutricion aguda,desnutricion moderada (m),2007-04-01,1,1,1,0,2,1,3
SABAYA,desnutricion aguda,desnutricion moderada (m),2007-04-01,0,3,0,1,0,4,4
SACABA,desnutricion aguda,desnutricion moderada (m),2007-04-01,23,26,5,11,28,37,65
SACABAMBA,desnutricion aguda,desnutricion moderada (m),2007-04-01,1,0,2,0,3,0,3
SACACA,desnutricion aguda,desnutricion moderada (m),2007-04-01,25,32,35,32,60,64,124
SAIPINA,desnutricion aguda,desnutricion moderada (m),2007-04-01,1,0,1,0,2,0,2
SALINAS DE GARCI MENDOZA,desnutricion aguda,desnutricion moderada (m),2007-04-01,2,1,1,0,3,1,4
SAMAIPATA,desnutricion aguda,desnutricion moderada (m),2007-04-01,3,2,1,0,4,2,6
SAN AGUSTIN,desnutricion aguda,desnutricion moderada (m),2007-04-01,1,0,0,1,1,1,2
SAN ANTONIO DE ESMORUCO,desnutricion aguda,desnutricion moderada (m),2007-04-01,3,1,0,1,3,2,5
SAN ANTONIO DE LOMERIO,desnutricion aguda,desnutricion moderada (m),2007-04-01,11,14,9,11,20,25,45
SAN BENITO,desnutricion aguda,desnutricion moderada (m),2007-04-01,0,2,0,2,0,4,4
SAN BORJA,desnutricion aguda,desnutricion moderada (m),2007-04-01,11,4,2,4,13,8,21
SAN CARLOS,desnutricion aguda,desnutricion moderada (m),2007-04-01,11,3,1,9,12,12,24
SAN IGNACIO,desnutricion aguda,desnutricion moderada (m),2007-04-01,7,9,2,11,9,20,29
SAN IGNACIO DE VELASCO,desnutricion aguda,desnutricion moderada (m),2007-04-01,17,26,17,20,34,46,80
SAN JAVIER(BNI),desnutricion aguda,desnutricion moderada (m),2007-04-01,1,1,1,0,2,1,3
SAN JOAQUIN,desnutricion aguda,desnutricion moderada (m),2007-04-01,1,0,2,0,3,0,3
SAN JOSE DE CHIQUITOS,desnutricion aguda,desnutricion moderada (m),2007-04-01,4,5,1,1,5,6,11
SAN JUAN DE YAPACANI,desnutricion aguda,desnutricion moderada (m),2007-04-01,2,2,0,0,2,2,4
SAN JULIAN,desnutricion aguda,desnutricion moderada (m),2007-04-01,5,2,3,2,8,4,12
SAN LORENZO(TJA),desnutricion aguda,desnutricion moderada (m),2007-04-01,7,8,6,6,13,14,27
SAN LUCAS,desnutricion aguda,desnutricion moderada (m),2007-04-01,51,49,36,49,87,98,185
SAN MATIAS,desnutricion aguda,desnutricion moderada (m),2007-04-01,2,0,0,0,2,0,2
SAN MIGUEL DE VELASCO,desnutricion aguda,desnutricion moderada (m),2007-04-01,5,0,0,6,5,6,11
SAN PABLO DE LIPEZ,desnutricion aguda,desnutricion moderada (m),2007-04-01,1,3,0,3,1,6,7
SAN PEDRO,desnutricion aguda,desnutricion moderada (m),2007-04-01,7,5,1,5,8,10,18
SAN PEDRO DE BUENA VISTA,desnutricion aguda,desnutricion moderada (m),2007-04-01,3,0,0,0,3,0,3
SAN RAFAEL,desnutricion aguda,desnutricion moderada (m),2007-04-01,3,1,2,0,5,1,6
SAN RAMON,desnutricion aguda,desnutricion moderada (m),2007-04-01,4,0,0,0,4,0,4
SANTA ANA,desnutricion aguda,desnutricion moderada (m),2007-04-01,1,0,0,1,1,1,2
SANTA CRUZ DE LA SIERRA,desnutricion aguda,desnutricion moderada (m),2007-04-01,100,86,40,53,140,139,279
SANTA ROSA DEL SARA,desnutricion aguda,desnutricion moderada (m),2007-04-01,2,8,0,2,2,10,12
SANTIAGO DE HUARI,desnutricion aguda,desnutricion moderada (m),2007-04-01,5,3,3,1,8,4,12
SANTIVAÑES,desnutricion aguda,desnutricion moderada (m),2007-04-01,0,2,4,5,4,7,11
SANTUARIO DE QUILLACAS,desnutricion aguda,desnutricion moderada (m),2007-04-01,1,0,1,0,2,0,2
SICAYA,desnutricion aguda,desnutricion moderada (m),2007-04-01,3,0,1,0,4,0,4
SIPE SIPE,desnutricion aguda,desnutricion moderada (m),2007-04-01,25,16,9,7,34,23,57
SOPACHUY,desnutricion aguda,desnutricion moderada (m),2007-04-01,7,6,6,25,13,31,44
SORACACHI,desnutricion aguda,desnutricion moderada (m),2007-04-01,1,4,1,4,2,8,10
SUCRE,desnutricion aguda,desnutricion moderada (m),2007-04-01,46,40,35,46,81,86,167
TACOBAMBA,desnutricion aguda,desnutricion moderada (m),2007-04-01,20,20,8,14,28,34,62
TACOPAYA,desnutricion aguda,desnutricion moderada (m),2007-04-01,6,2,3,6,9,8,17
TAPACARI,desnutricion aguda,desnutricion moderada (m),2007-04-01,26,27,11,13,37,40,77
TARABUCO,desnutricion aguda,desnutricion moderada (m),2007-04-01,63,53,39,54,102,107,209
TARIJA,desnutricion aguda,desnutricion moderada (m),2007-04-01,32,20,23,26,55,46,101
TARVITA,desnutricion aguda,desnutricion moderada (m),2007-04-01,24,21,15,23,39,44,83
TINGUIPAYA,desnutricion aguda,desnutricion moderada (m),2007-04-01,31,25,14,32,45,57,102
TIQUIPAYA,desnutricion aguda,desnutricion moderada (m),2007-04-01,7,4,4,3,11,7,18
TIRAQUE (CBBA),desnutricion aguda,desnutricion moderada (m),2007-04-01,28,18,7,17,35,35,70
TOCO,desnutricion aguda,desnutricion moderada (m),2007-04-01,1,0,0,1,1,1,2
TOLEDO,desnutricion aguda,desnutricion moderada (m),2007-04-01,0,1,0,0,0,1,1
TOMAVE,desnutricion aguda,desnutricion moderada (m),2007-04-01,7,4,5,2,12,6,18
TOMINA,desnutricion aguda,desnutricion moderada (m),2007-04-01,29,15,25,20,54,35,89
TORO TORO,desnutricion aguda,desnutricion moderada (m),2007-04-01,9,15,9,12,18,27,45
TOTORA(CBBA),desnutricion aguda,desnutricion moderada (m),2007-04-01,3,5,1,7,4,12,16
TOTORA(ORR),desnutricion aguda,desnutricion moderada (m),2007-04-01,0,0,1,0,1,0,1
TRINIDAD,desnutricion aguda,desnutricion moderada (m),2007-04-01,27,17,19,12,46,29,75
TUPIZA,desnutricion aguda,desnutricion moderada (m),2007-04-01,7,5,9,14,16,19,35
TURCO,desnutricion aguda,desnutricion moderada (m),2007-04-01,2,0,0,0,2,0,2
UNCIA,desnutricion aguda,desnutricion moderada (m),2007-04-01,3,2,1,0,4,2,6
URIONDO (A. CONCEPCION),desnutricion aguda,desnutricion moderada (m),2007-04-01,3,4,1,5,4,9,13
URUBICHA,desnutricion aguda,desnutricion moderada (m),2007-04-01,4,8,1,6,5,14,19
UYUNI,desnutricion aguda,desnutricion moderada (m),2007-04-01,0,1,0,1,0,2,2
VACAS,desnutricion aguda,desnutricion moderada (m),2007-04-01,6,6,3,4,9,10,19
VALLEGRANDE,desnutricion aguda,desnutricion moderada (m),2007-04-01,0,1,0,2,0,3,3
VILA VILA,desnutricion aguda,desnutricion moderada (m),2007-04-01,7,4,1,4,8,8,16
VILLA MONTES,desnutricion aguda,desnutricion moderada (m),2007-04-01,2,1,4,1,6,2,8
VILLA NUEVA (LOMA ALTA),desnutricion aguda,desnutricion moderada (m),2007-04-01,1,4,1,1,2,5,7
VILLA RIVERO,desnutricion aguda,desnutricion moderada (m),2007-04-01,0,4,3,3,3,7,10
VILLA SERRANO,desnutricion aguda,desnutricion moderada (m),2007-04-01,12,9,11,8,23,17,40
VILLA TUNARI,desnutricion aguda,desnutricion moderada (m),2007-04-01,17,15,23,13,40,28,68
VILLA VACA GUZMAN (MUYUPAMPA),desnutricion aguda,desnutricion moderada (m),2007-04-01,0,1,1,1,1,2,3
VILLAZON,desnutricion aguda,desnutricion moderada (m),2007-04-01,21,13,5,14,26,27,53
VINTO,desnutricion aguda,desnutricion moderada (m),2007-04-01,2,4,0,6,2,10,12
VITICHI,desnutricion aguda,desnutricion moderada (m),2007-04-01,11,12,10,13,21,25,46
WARNES,desnutricion aguda,desnutricion moderada (m),2007-04-01,8,7,2,3,10,10,20
YACUIBA,desnutricion aguda,desnutricion moderada (m),2007-04-01,4,7,6,13,10,20,30
YAMPARAEZ,desnutricion aguda,desnutricion moderada (m),2007-04-01,20,19,20,27,40,46,86
YAPACANI,desnutricion aguda,desnutricion moderada (m),2007-04-01,13,11,8,11,21,22,43
YOCALLA,desnutricion aguda,desnutricion moderada (m),2007-04-01,1,0,0,0,1,0,1
YOTALA,desnutricion aguda,desnutricion moderada (m),2007-04-01,6,7,3,6,9,13,22
YUNCHARA,desnutricion aguda,desnutricion moderada (m),2007-04-01,7,1,11,10,18,11,29
ZUDAÑEZ,desnutricion aguda,desnutricion moderada (m),2007-04-01,18,9,15,14,33,23,56
ACACIO,desnutricion aguda,desnutricion moderada (m),2007-05-01,5,2,4,5,9,7,16
AIQUILE,desnutricion aguda,desnutricion moderada (m),2007-05-01,9,14,10,8,19,22,41
ALALAY,desnutricion aguda,desnutricion moderada (m),2007-05-01,6,2,0,0,6,2,8
ALCALA,desnutricion aguda,desnutricion moderada (m),2007-05-01,3,2,4,6,7,8,15
ANDAMARCA,desnutricion aguda,desnutricion moderada (m),2007-05-01,3,0,0,0,3,0,3
ANTEQUERA,desnutricion aguda,desnutricion moderada (m),2007-05-01,3,3,0,0,3,3,6
ANZALDO,desnutricion aguda,desnutricion moderada (m),2007-05-01,9,8,4,5,13,13,26
ARAMPAMPA,desnutricion aguda,desnutricion moderada (m),2007-05-01,11,7,4,8,15,15,30
ARANI,desnutricion aguda,desnutricion moderada (m),2007-05-01,3,6,3,3,6,9,15
ARBIETO,desnutricion aguda,desnutricion moderada (m),2007-05-01,2,1,2,0,4,1,5
ARQUE,desnutricion aguda,desnutricion moderada (m),2007-05-01,3,8,5,9,8,17,25
ATOCHA,desnutricion aguda,desnutricion moderada (m),2007-05-01,2,3,1,1,3,4,7
AYOPAYA (V. DE INDEPENDENCIA),desnutricion aguda,desnutricion moderada (m),2007-05-01,14,11,9,7,23,18,41
AZURDUY,desnutricion aguda,desnutricion moderada (m),2007-05-01,10,22,10,23,20,45,65
BAURES,desnutricion aguda,desnutricion moderada (m),2007-05-01,0,1,2,2,2,3,5
BELEN DE URMIRI,desnutricion aguda,desnutricion moderada (m),2007-05-01,0,1,0,0,0,1,1
BELLA FLOR,desnutricion aguda,desnutricion moderada (m),2007-05-01,1,2,5,4,6,6,12
BERMEJO,desnutricion aguda,desnutricion moderada (m),2007-05-01,2,1,6,3,8,4,12
BETANZOS,desnutricion aguda,desnutricion moderada (m),2007-05-01,26,21,17,17,43,38,81
BOLIVAR,desnutricion aguda,desnutricion moderada (m),2007-05-01,21,23,8,24,29,47,76
BUENA VISTA,desnutricion aguda,desnutricion moderada (m),2007-05-01,1,0,1,0,2,0,2
CABEZAS,desnutricion aguda,desnutricion moderada (m),2007-05-01,3,8,8,4,11,12,23
"CAIZA ""D""",desnutricion aguda,desnutricion moderada (m),2007-05-01,5,4,1,5,6,9,15
CAJUATA,desnutricion aguda,desnutricion moderada (m),2007-05-01,0,3,0,0,0,3,3
CAMARGO,desnutricion aguda,desnutricion moderada (m),2007-05-01,6,15,8,9,14,24,38
CAMATAQUI (C. VILLA ABECIA),desnutricion aguda,desnutricion moderada (m),2007-05-01,0,0,1,2,1,2,3
CAMIRI,desnutricion aguda,desnutricion moderada (m),2007-05-01,2,4,1,3,3,7,10
CAPINOTA,desnutricion aguda,desnutricion moderada (m),2007-05-01,7,13,4,9,11,22,33
CARACOLLO,desnutricion aguda,desnutricion moderada (m),2007-05-01,0,1,0,0,0,1,1
CARAPARI,desnutricion aguda,desnutricion moderada (m),2007-05-01,1,1,0,3,1,4,5
CARIPUYO,desnutricion aguda,desnutricion moderada (m),2007-05-01,11,6,11,13,22,19,41
CARMEN RIVERO TORREZ,desnutricion aguda,desnutricion moderada (m),2007-05-01,0,0,0,1,0,1,1
CHALLAPATA,desnutricion aguda,desnutricion moderada (m),2007-05-01,9,6,2,5,11,11,22
CHAQUI,desnutricion aguda,desnutricion moderada (m),2007-05-01,3,1,0,2,3,3,6
CHARAGUA,desnutricion aguda,desnutricion moderada (m),2007-05-01,5,6,4,4,9,10,19
CHAYANTA,desnutricion aguda,desnutricion moderada (m),2007-05-01,11,11,13,10,24,21,45
CHIMORE,desnutricion aguda,desnutricion moderada (m),2007-05-01,12,7,8,8,20,15,35
CHIPAYA,desnutricion aguda,desnutricion moderada (m),2007-05-01,0,0,1,2,1,2,3
COBIJA,desnutricion aguda,desnutricion moderada (m),2007-05-01,9,3,2,2,11,5,16
COCHABAMBA,desnutricion aguda,desnutricion moderada (m),2007-05-01,67,65,44,58,111,123,234
COLCAPIRHUA,desnutricion aguda,desnutricion moderada (m),2007-05-01,4,6,2,6,6,12,18
"COLCHA ""K""",desnutricion aguda,desnutricion moderada (m),2007-05-01,2,2,1,2,3,4,7
COLOMI,desnutricion aguda,desnutricion moderada (m),2007-05-01,12,9,2,3,14,12,26
COLPA BELGICA,desnutricion aguda,desnutricion moderada (m),2007-05-01,0,1,0,0,0,1,1
COLQUECHACA,desnutricion aguda,desnutricion moderada (m),2007-05-01,16,20,14,18,30,38,68
COLQUIRI,desnutricion aguda,desnutricion moderada (m),2007-05-01,2,2,1,1,3,3,6
COMARAPA,desnutricion aguda,desnutricion moderada (m),2007-05-01,3,4,4,3,7,7,14
CONCEPCION,desnutricion aguda,desnutricion moderada (m),2007-05-01,2,3,0,3,2,6,8
CORQUE,desnutricion aguda,desnutricion moderada (m),2007-05-01,2,2,1,2,3,4,7
COTAGAITA,desnutricion aguda,desnutricion moderada (m),2007-05-01,11,11,13,14,24,25,49
COTOCA,desnutricion aguda,desnutricion moderada (m),2007-05-01,9,21,4,5,13,26,39
CUATRO CAÑADAS,desnutricion aguda,desnutricion moderada (m),2007-05-01,2,1,0,1,2,2,4
CUEVO,desnutricion aguda,desnutricion moderada (m),2007-05-01,1,0,2,1,3,1,4
CULPINA,desnutricion aguda,desnutricion moderada (m),2007-05-01,22,27,11,18,33,45,78
CURAHUARA DE CARANGAS,desnutricion aguda,desnutricion moderada (m),2007-05-01,1,2,0,2,1,4,5
EL CHORO,desnutricion aguda,desnutricion moderada (m),2007-05-01,0,0,1,0,1,0,1
EL PUENTE(STC),desnutricion aguda,desnutricion moderada (m),2007-05-01,2,7,0,2,2,9,11
EL PUENTE(TJA),desnutricion aguda,desnutricion moderada (m),2007-05-01,1,0,0,0,1,0,1
EL TORNO,desnutricion aguda,desnutricion moderada (m),2007-05-01,4,7,1,4,5,11,16
EL VILLAR,desnutricion aguda,desnutricion moderada (m),2007-05-01,1,7,2,7,3,14,17
ENTRE RIOS,desnutricion aguda,desnutricion moderada (m),2007-05-01,7,7,8,2,15,9,24
ENTRE RIOS,desnutricion aguda,desnutricion moderada (m),2007-05-01,0,2,4,3,4,5,9
EUCALIPTUS,desnutricion aguda,desnutricion moderada (m),2007-05-01,3,1,2,0,5,1,6
EXALTACION,desnutricion aguda,desnutricion moderada (m),2007-05-01,0,1,0,2,0,3,3
FERNANDEZ ALONSO,desnutricion aguda,desnutricion moderada (m),2007-05-01,3,1,2,0,5,1,6
GENERAL SAAVEDRA,desnutricion aguda,desnutricion moderada (m),2007-05-01,2,0,3,4,5,4,9
GUAYARAMERIN,desnutricion aguda,desnutricion moderada (m),2007-05-01,8,1,5,8,13,9,22
GUTIERREZ,desnutricion aguda,desnutricion moderada (m),2007-05-01,10,17,13,11,23,28,51
HUACARETA,desnutricion aguda,desnutricion moderada (m),2007-05-01,3,4,4,1,7,5,12
HUACAYA (VILLA DE HUACAYA),desnutricion aguda,desnutricion moderada (m),2007-05-01,0,0,2,0,2,0,2
HUANUNI,desnutricion aguda,desnutricion moderada (m),2007-05-01,1,1,0,0,1,1,2
HUARACAJE,desnutricion aguda,desnutricion moderada (m),2007-05-01,2,1,0,1,2,2,4
HUAYLLAMARCA,desnutricion aguda,desnutricion moderada (m),2007-05-01,4,2,0,3,4,5,9
ICHOCA,desnutricion aguda,desnutricion moderada (m),2007-05-01,0,1,0,0,0,1,1
ICLA,desnutricion aguda,desnutricion moderada (m),2007-05-01,19,22,18,23,37,45,82
INCAHUASI,desnutricion aguda,desnutricion moderada (m),2007-05-01,29,30,16,21,45,51,96
INGAVI (HUMAITA),desnutricion aguda,desnutricion moderada (m),2007-05-01,0,0,0,1,0,1,1
INQUISIVI,desnutricion aguda,desnutricion moderada (m),2007-05-01,5,2,2,1,7,3,10
LA GUARDIA,desnutricion aguda,desnutricion moderada (m),2007-05-01,10,10,5,3,15,13,28
LAGUNILLAS,desnutricion aguda,desnutricion moderada (m),2007-05-01,3,4,0,2,3,6,9
LAS CARRERAS,desnutricion aguda,desnutricion moderada (m),2007-05-01,0,0,1,1,1,1,2
LLALLAGUA,desnutricion aguda,desnutricion moderada (m),2007-05-01,11,13,10,16,21,29,50
LLICA,desnutricion aguda,desnutricion moderada (m),2007-05-01,1,0,1,0,2,0,2
MACHACAMARCA,desnutricion aguda,desnutricion moderada (m),2007-05-01,0,1,0,0,0,1,1
MACHARETI,desnutricion aguda,desnutricion moderada (m),2007-05-01,2,1,4,2,6,3,9
MAGDALENA,desnutricion aguda,desnutricion moderada (m),2007-05-01,3,0,1,1,4,1,5
MAIRANA,desnutricion aguda,desnutricion moderada (m),2007-05-01,1,0,1,0,2,0,2
MINEROS,desnutricion aguda,desnutricion moderada (m),2007-05-01,4,7,0,3,4,10,14
MIZQUE,desnutricion aguda,desnutricion moderada (m),2007-05-01,8,14,5,6,13,20,33
MOJINETE,desnutricion aguda,desnutricion moderada (m),2007-05-01,0,0,0,1,0,1,1
MOJOCOYA,desnutricion aguda,desnutricion moderada (m),2007-05-01,5,7,9,4,14,11,25
MONTEAGUDO,desnutricion aguda,desnutricion moderada (m),2007-05-01,8,10,6,4,14,14,28
MONTERO,desnutricion aguda,desnutricion moderada (m),2007-05-01,37,34,21,11,58,45,103
MORO MORO,desnutricion aguda,desnutricion moderada (m),2007-05-01,0,0,1,0,1,0,1
MOROCHATA,desnutricion aguda,desnutricion moderada (m),2007-05-01,9,10,4,2,13,12,25
NACEBE (SANTA ROSA DEL ABUNA),desnutricion aguda,desnutricion moderada (m),2007-05-01,1,0,0,0,1,0,1
NUEVO MANOA (NUEVA ESPERANZA),desnutricion aguda,desnutricion moderada (m),2007-05-01,0,0,1,0,1,0,1
OCURI,desnutricion aguda,desnutricion moderada (m),2007-05-01,13,11,5,11,18,22,40
OKINAWA,desnutricion aguda,desnutricion moderada (m),2007-05-01,4,2,0,2,4,4,8
OMEREQUE,desnutricion aguda,desnutricion moderada (m),2007-05-01,1,1,1,0,2,1,3
ORURO,desnutricion aguda,desnutricion moderada (m),2007-05-01,46,27,14,20,60,47,107
PADCAYA,desnutricion aguda,desnutricion moderada (m),2007-05-01,5,2,1,0,6,2,8
PADILLA,desnutricion aguda,desnutricion moderada (m),2007-05-01,6,6,6,14,12,20,32
PAILON,desnutricion aguda,desnutricion moderada (m),2007-05-01,1,4,1,3,2,7,9
PAMPA AULLAGAS,desnutricion aguda,desnutricion moderada (m),2007-05-01,2,0,0,1,2,1,3
PAMPA GRANDE,desnutricion aguda,desnutricion moderada (m),2007-05-01,2,0,2,0,4,0,4
PASORAPA,desnutricion aguda,desnutricion moderada (m),2007-05-01,3,0,2,3,5,3,8
POCOATA,desnutricion aguda,desnutricion moderada (m),2007-05-01,13,23,10,22,23,45,68
POCONA,desnutricion aguda,desnutricion moderada (m),2007-05-01,5,10,3,4,8,14,22
POJO (CBBA),desnutricion aguda,desnutricion moderada (m),2007-05-01,6,4,4,5,10,9,19
POOPO,desnutricion aguda,desnutricion moderada (m),2007-05-01,1,1,0,0,1,1,2
PORCO,desnutricion aguda,desnutricion moderada (m),2007-05-01,6,15,3,4,9,19,28
POROMA,desnutricion aguda,desnutricion moderada (m),2007-05-01,25,39,23,32,48,71,119
PORONGO,desnutricion aguda,desnutricion moderada (m),2007-05-01,1,0,0,1,1,1,2
PORTACHUELO,desnutricion aguda,desnutricion moderada (m),2007-05-01,4,2,1,0,5,2,7
POSTRER VALLE,desnutricion aguda,desnutricion moderada (m),2007-05-01,0,0,1,0,1,0,1
POTOSI,desnutricion aguda,desnutricion moderada (m),2007-05-01,106,82,41,41,147,123,270
PRESTO,desnutricion aguda,desnutricion moderada (m),2007-05-01,19,10,11,11,30,21,51
PUERTO GONZALO MORENO,desnutricion aguda,desnutricion moderada (m),2007-05-01,3,0,0,0,3,0,3
PUERTO QUIJARRO,desnutricion aguda,desnutricion moderada (m),2007-05-01,2,1,0,0,2,1,3
PUERTO RICO,desnutricion aguda,desnutricion moderada (m),2007-05-01,1,1,0,1,1,2,3
PUERTO SILES,desnutricion aguda,desnutricion moderada (m),2007-05-01,2,1,0,0,2,1,3
PUERTO SUAREZ,desnutricion aguda,desnutricion moderada (m),2007-05-01,1,0,0,1,1,1,2
PUERTO VILLARROEL,desnutricion aguda,desnutricion moderada (m),2007-05-01,37,24,18,13,55,37,92
PUNA,desnutricion aguda,desnutricion moderada (m),2007-05-01,30,28,23,30,53,58,111
PUNATA,desnutricion aguda,desnutricion moderada (m),2007-05-01,1,3,3,6,4,9,13
QUILLACOLLO,desnutricion aguda,desnutricion moderada (m),2007-05-01,13,8,5,16,18,24,42
QUIME,desnutricion aguda,desnutricion moderada (m),2007-05-01,1,3,0,0,1,3,4
QUIRUSILLAS,desnutricion aguda,desnutricion moderada (m),2007-05-01,0,0,0,1,0,1,1
RAVELO,desnutricion aguda,desnutricion moderada (m),2007-05-01,30,27,27,41,57,68,125
REYES,desnutricion aguda,desnutricion moderada (m),2007-05-01,2,0,4,3,6,3,9
RIBERALTA,desnutricion aguda,desnutricion moderada (m),2007-05-01,34,64,21,30,55,94,149
ROBORE,desnutricion aguda,desnutricion moderada (m),2007-05-01,4,5,1,2,5,7,12
RURRENABAQUE,desnutricion aguda,desnutricion moderada (m),2007-05-01,0,1,0,2,0,3,3
SABAYA,desnutricion aguda,desnutricion moderada (m),2007-05-01,0,1,0,0,0,1,1
SACABA,desnutricion aguda,desnutricion moderada (m),2007-05-01,17,19,20,33,37,52,89
SACABAMBA,desnutricion aguda,desnutricion moderada (m),2007-05-01,4,1,0,0,4,1,5
SACACA,desnutricion aguda,desnutricion moderada (m),2007-05-01,16,22,14,23,30,45,75
SAIPINA,desnutricion aguda,desnutricion moderada (m),2007-05-01,3,0,0,1,3,1,4
SALINAS DE GARCI MENDOZA,desnutricion aguda,desnutricion moderada (m),2007-05-01,3,2,0,1,3,3,6
SAMAIPATA,desnutricion aguda,desnutricion moderada (m),2007-05-01,2,1,2,1,4,2,6
SAN AGUSTIN,desnutricion aguda,desnutricion moderada (m),2007-05-01,1,0,0,1,1,1,2
SAN ANDRES,desnutricion aguda,desnutricion moderada (m),2007-05-01,2,1,0,0,2,1,3
SAN ANTONIO DE ESMORUCO,desnutricion aguda,desnutricion moderada (m),2007-05-01,0,0,1,0,1,0,1
SAN ANTONIO DE LOMERIO,desnutricion aguda,desnutricion moderada (m),2007-05-01,10,15,3,6,13,21,34
SAN BENITO,desnutricion aguda,desnutricion moderada (m),2007-05-01,4,2,1,5,5,7,12
SAN BORJA,desnutricion aguda,desnutricion moderada (m),2007-05-01,17,19,18,36,35,55,90
SAN CARLOS,desnutricion aguda,desnutricion moderada (m),2007-05-01,10,5,1,2,11,7,18
SAN IGNACIO,desnutricion aguda,desnutricion moderada (m),2007-05-01,22,18,10,15,32,33,65
SAN IGNACIO DE VELASCO,desnutricion aguda,desnutricion moderada (m),2007-05-01,25,31,20,37,45,68,113
SAN JAVIER(BNI),desnutricion aguda,desnutricion moderada (m),2007-05-01,2,0,0,2,2,2,4
SAN JOSE DE CHIQUITOS,desnutricion aguda,desnutricion moderada (m),2007-05-01,5,6,1,1,6,7,13
SAN JUAN DE YAPACANI,desnutricion aguda,desnutricion moderada (m),2007-05-01,0,0,3,2,3,2,5
SAN JULIAN,desnutricion aguda,desnutricion moderada (m),2007-05-01,8,4,1,4,9,8,17
SAN LORENZO(PND),desnutricion aguda,desnutricion moderada (m),2007-05-01,0,3,0,0,0,3,3
SAN LORENZO(TJA),desnutricion aguda,desnutricion moderada (m),2007-05-01,8,9,6,15,14,24,38
SAN LUCAS,desnutricion aguda,desnutricion moderada (m),2007-05-01,47,38,30,35,77,73,150
SAN MATIAS,desnutricion aguda,desnutricion moderada (m),2007-05-01,0,0,1,0,1,0,1
SAN MIGUEL DE VELASCO,desnutricion aguda,desnutricion moderada (m),2007-05-01,0,1,1,0,1,1,2
SAN PABLO DE LIPEZ,desnutricion aguda,desnutricion moderada (m),2007-05-01,0,0,1,0,1,0,1
SAN PEDRO,desnutricion aguda,desnutricion moderada (m),2007-05-01,1,6,0,1,1,7,8
SAN PEDRO DE BUENA VISTA,desnutricion aguda,desnutricion moderada (m),2007-05-01,13,16,13,14,26,30,56
SAN PEDRO(PND),desnutricion aguda,desnutricion moderada (m),2007-05-01,1,0,0,0,1,0,1
SAN RAFAEL,desnutricion aguda,desnutricion moderada (m),2007-05-01,7,3,0,0,7,3,10
SAN RAMON,desnutricion aguda,desnutricion moderada (m),2007-05-01,3,2,0,0,3,2,5
SANTA ANA,desnutricion aguda,desnutricion moderada (m),2007-05-01,11,9,1,5,12,14,26
SANTA CRUZ DE LA SIERRA,desnutricion aguda,desnutricion moderada (m),2007-05-01,54,67,35,21,89,88,177
SANTA ROSA,desnutricion aguda,desnutricion moderada (m),2007-05-01,1,0,0,1,1,1,2
SANTA ROSA DEL SARA,desnutricion aguda,desnutricion moderada (m),2007-05-01,3,3,3,2,6,5,11
SANTIAGO DE HUARI,desnutricion aguda,desnutricion moderada (m),2007-05-01,2,3,2,0,4,3,7
SANTIVAÑES,desnutricion aguda,desnutricion moderada (m),2007-05-01,1,1,1,4,2,5,7
SANTUARIO DE QUILLACAS,desnutricion aguda,desnutricion moderada (m),2007-05-01,1,3,2,0,3,3,6
SICAYA,desnutricion aguda,desnutricion moderada (m),2007-05-01,2,0,0,0,2,0,2
SIPE SIPE,desnutricion aguda,desnutricion moderada (m),2007-05-01,22,24,7,10,29,34,63
SOPACHUY,desnutricion aguda,desnutricion moderada (m),2007-05-01,6,23,11,24,17,47,64
SORACACHI,desnutricion aguda,desnutricion moderada (m),2007-05-01,1,1,0,0,1,1,2
SUCRE,desnutricion aguda,desnutricion moderada (m),2007-05-01,46,46,46,51,92,97,189
TACOBAMBA,desnutricion aguda,desnutricion moderada (m),2007-05-01,11,10,3,6,14,16,30
TACOPAYA,desnutricion aguda,desnutricion moderada (m),2007-05-01,1,11,2,5,3,16,19
TAPACARI,desnutricion aguda,desnutricion moderada (m),2007-05-01,28,23,16,22,44,45,89
TARABUCO,desnutricion aguda,desnutricion moderada (m),2007-05-01,60,37,30,37,90,74,164
TARATA,desnutricion aguda,desnutricion moderada (m),2007-05-01,14,5,1,1,15,6,21
TARIJA,desnutricion aguda,desnutricion moderada (m),2007-05-01,40,30,15,13,55,43,98
TARVITA,desnutricion aguda,desnutricion moderada (m),2007-05-01,22,24,20,30,42,54,96
TINGUIPAYA,desnutricion aguda,desnutricion moderada (m),2007-05-01,23,17,19,25,42,42,84
TIQUIPAYA,desnutricion aguda,desnutricion moderada (m),2007-05-01,11,5,6,7,17,12,29
TIRAQUE (CBBA),desnutricion aguda,desnutricion moderada (m),2007-05-01,31,21,21,16,52,37,89
TOCO,desnutricion aguda,desnutricion moderada (m),2007-05-01,2,3,0,1,2,4,6
TOLATA,desnutricion aguda,desnutricion moderada (m),2007-05-01,2,2,0,0,2,2,4
TOLEDO,desnutricion aguda,desnutricion moderada (m),2007-05-01,0,0,1,0,1,0,1
TOMAVE,desnutricion aguda,desnutricion moderada (m),2007-05-01,6,9,7,5,13,14,27
TOMINA,desnutricion aguda,desnutricion moderada (m),2007-05-01,28,6,6,17,34,23,57
TORO TORO,desnutricion aguda,desnutricion moderada (m),2007-05-01,11,10,8,10,19,20,39
TOTORA(CBBA),desnutricion aguda,desnutricion moderada (m),2007-05-01,9,7,3,4,12,11,23
TOTORA(ORR),desnutricion aguda,desnutricion moderada (m),2007-05-01,0,0,6,0,6,0,6
TRIGAL,desnutricion aguda,desnutricion moderada (m),2007-05-01,2,0,0,0,2,0,2
TRINIDAD,desnutricion aguda,desnutricion moderada (m),2007-05-01,16,13,9,12,25,25,50
TUPIZA,desnutricion aguda,desnutricion moderada (m),2007-05-01,11,6,13,9,24,15,39
TURCO,desnutricion aguda,desnutricion moderada (m),2007-05-01,0,1,0,0,0,1,1
UNCIA,desnutricion aguda,desnutricion moderada (m),2007-05-01,2,1,2,3,4,4,8
URIONDO (A. CONCEPCION),desnutricion aguda,desnutricion moderada (m),2007-05-01,1,2,3,4,4,6,10
URUBICHA,desnutricion aguda,desnutricion moderada (m),2007-05-01,9,15,3,14,12,29,41
UYUNI,desnutricion aguda,desnutricion moderada (m),2007-05-01,2,3,4,7,6,10,16
VACAS,desnutricion aguda,desnutricion moderada (m),2007-05-01,5,3,2,2,7,5,12
VALLEGRANDE,desnutricion aguda,desnutricion moderada (m),2007-05-01,1,2,1,2,2,4,6
VILA VILA,desnutricion aguda,desnutricion moderada (m),2007-05-01,7,2,1,1,8,3,11
VILLA MONTES,desnutricion aguda,desnutricion moderada (m),2007-05-01,5,10,1,4,6,14,20
VILLA NUEVA (LOMA ALTA),desnutricion aguda,desnutricion moderada (m),2007-05-01,2,4,6,9,8,13,21
VILLA RIVERO,desnutricion aguda,desnutricion moderada (m),2007-05-01,0,0,2,2,2,2,4
VILLA SERRANO,desnutricion aguda,desnutricion moderada (m),2007-05-01,7,10,13,11,20,21,41
VILLA TUNARI,desnutricion aguda,desnutricion moderada (m),2007-05-01,17,16,9,9,26,25,51
VILLA VACA GUZMAN (MUYUPAMPA),desnutricion aguda,desnutricion moderada (m),2007-05-01,1,1,1,2,2,3,5
VILLAZON,desnutricion aguda,desnutricion moderada (m),2007-05-01,10,10,17,8,27,18,45
VINTO,desnutricion aguda,desnutricion moderada (m),2007-05-01,2,2,0,0,2,2,4
VITICHI,desnutricion aguda,desnutricion moderada (m),2007-05-01,8,10,14,11,22,21,43
WARNES,desnutricion aguda,desnutricion moderada (m),2007-05-01,2,9,1,2,3,11,14
YACUIBA,desnutricion aguda,desnutricion moderada (m),2007-05-01,4,6,2,8,6,14,20
YAMPARAEZ,desnutricion aguda,desnutricion moderada (m),2007-05-01,20,10,21,24,41,34,75
YAPACANI,desnutricion aguda,desnutricion moderada (m),2007-05-01,14,13,4,1,18,14,32
YOCALLA,desnutricion aguda,desnutricion moderada (m),2007-05-01,1,0,0,0,1,0,1
YOTALA,desnutricion aguda,desnutricion moderada (m),2007-05-01,6,4,9,9,15,13,28
YUNCHARA,desnutricion aguda,desnutricion moderada (m),2007-05-01,9,0,6,8,15,8,23
ZUDAÑEZ,desnutricion aguda,desnutricion moderada (m),2007-05-01,15,11,23,13,38,24,62
ACACIO,desnutricion aguda,desnutricion moderada (m),2007-06-01,12,14,8,17,20,31,51
AIQUILE,desnutricion aguda,desnutricion moderada (m),2007-06-01,5,15,8,9,13,24,37
ALALAY,desnutricion aguda,desnutricion moderada (m),2007-06-01,3,7,1,3,4,10,14
ALCALA,desnutricion aguda,desnutricion moderada (m),2007-06-01,1,5,3,6,4,11,15
ANDAMARCA,desnutricion aguda,desnutricion moderada (m),2007-06-01,0,1,0,0,0,1,1
ANTEQUERA,desnutricion aguda,desnutricion moderada (m),2007-06-01,2,0,1,2,3,2,5
ANZALDO,desnutricion aguda,desnutricion moderada (m),2007-06-01,11,4,1,15,12,19,31
ARAMPAMPA,desnutricion aguda,desnutricion moderada (m),2007-06-01,15,10,5,5,20,15,35
ARANI,desnutricion aguda,desnutricion moderada (m),2007-06-01,7,6,0,1,7,7,14
ARBIETO,desnutricion aguda,desnutricion moderada (m),2007-06-01,0,1,1,2,1,3,4
ARQUE,desnutricion aguda,desnutricion moderada (m),2007-06-01,13,12,23,20,36,32,68
ASCENCION DE GUARAYOS,desnutricion aguda,desnutricion moderada (m),2007-06-01,22,24,13,12,35,36,71
ATOCHA,desnutricion aguda,desnutricion moderada (m),2007-06-01,5,2,5,2,10,4,14
AYOPAYA (V. DE INDEPENDENCIA),desnutricion aguda,desnutricion moderada (m),2007-06-01,7,23,14,6,21,29,50
AZURDUY,desnutricion aguda,desnutricion moderada (m),2007-06-01,10,14,17,26,27,40,67
BAURES,desnutricion aguda,desnutricion moderada (m),2007-06-01,0,2,0,1,0,3,3
BELEN DE ANDAMARCA,desnutricion aguda,desnutricion moderada (m),2007-06-01,0,1,0,0,0,1,1
BELEN DE URMIRI,desnutricion aguda,desnutricion moderada (m),2007-06-01,1,3,0,0,1,3,4
BELLA FLOR,desnutricion aguda,desnutricion moderada (m),2007-06-01,3,2,4,1,7,3,10
BERMEJO,desnutricion aguda,desnutricion moderada (m),2007-06-01,7,6,2,2,9,8,17
BETANZOS,desnutricion aguda,desnutricion moderada (m),2007-06-01,20,40,21,18,41,58,99
BOLIVAR,desnutricion aguda,desnutricion moderada (m),2007-06-01,11,6,1,5,12,11,23
BOYUIBE,desnutricion aguda,desnutricion moderada (m),2007-06-01,0,0,0,2,0,2,2
BUENA VISTA,desnutricion aguda,desnutricion moderada (m),2007-06-01,0,2,0,0,0,2,2
CABEZAS,desnutricion aguda,desnutricion moderada (m),2007-06-01,3,8,1,1,4,9,13
"CAIZA ""D""",desnutricion aguda,desnutricion moderada (m),2007-06-01,9,5,0,1,9,6,15
CAJUATA,desnutricion aguda,desnutricion moderada (m),2007-06-01,7,3,0,0,7,3,10
CAMARGO,desnutricion aguda,desnutricion moderada (m),2007-06-01,7,9,9,13,16,22,38
CAMATAQUI (C. VILLA ABECIA),desnutricion aguda,desnutricion moderada (m),2007-06-01,2,0,2,2,4,2,6
CAMIRI,desnutricion aguda,desnutricion moderada (m),2007-06-01,5,11,8,6,13,17,30
CAPINOTA,desnutricion aguda,desnutricion moderada (m),2007-06-01,13,12,11,8,24,20,44
CARACOLLO,desnutricion aguda,desnutricion moderada (m),2007-06-01,1,0,1,0,2,0,2
CARAPARI,desnutricion aguda,desnutricion moderada (m),2007-06-01,0,3,3,2,3,5,8
CARIPUYO,desnutricion aguda,desnutricion moderada (m),2007-06-01,9,7,11,16,20,23,43
CARMEN RIVERO TORREZ,desnutricion aguda,desnutricion moderada (m),2007-06-01,9,2,4,3,13,5,18
CHALLAPATA,desnutricion aguda,desnutricion moderada (m),2007-06-01,16,12,7,8,23,20,43
CHAQUI,desnutricion aguda,desnutricion moderada (m),2007-06-01,1,3,0,4,1,7,8
CHARAGUA,desnutricion aguda,desnutricion moderada (m),2007-06-01,4,4,1,7,5,11,16
CHAYANTA,desnutricion aguda,desnutricion moderada (m),2007-06-01,26,23,19,32,45,55,100
CHIMORE,desnutricion aguda,desnutricion moderada (m),2007-06-01,8,3,6,4,14,7,21
CHOQUE COTA,desnutricion aguda,desnutricion moderada (m),2007-06-01,3,0,0,0,3,0,3
COBIJA,desnutricion aguda,desnutricion moderada (m),2007-06-01,20,8,8,4,28,12,40
COCHABAMBA,desnutricion aguda,desnutricion moderada (m),2007-06-01,70,53,29,36,99,89,188
COLCAPIRHUA,desnutricion aguda,desnutricion moderada (m),2007-06-01,1,3,2,5,3,8,11
"COLCHA ""K""",desnutricion aguda,desnutricion moderada (m),2007-06-01,7,1,0,3,7,4,11
COLOMI,desnutricion aguda,desnutricion moderada (m),2007-06-01,7,11,6,4,13,15,28
COLPA BELGICA,desnutricion aguda,desnutricion moderada (m),2007-06-01,1,0,0,1,1,1,2
COLQUECHACA,desnutricion aguda,desnutricion moderada (m),2007-06-01,24,21,12,16,36,37,73
COLQUIRI,desnutricion aguda,desnutricion moderada (m),2007-06-01,1,0,0,1,1,1,2
COMARAPA,desnutricion aguda,desnutricion moderada (m),2007-06-01,2,2,0,1,2,3,5
CONCEPCION,desnutricion aguda,desnutricion moderada (m),2007-06-01,3,6,1,1,4,7,11
CORQUE,desnutricion aguda,desnutricion moderada (m),2007-06-01,1,1,0,1,1,2,3
COTAGAITA,desnutricion aguda,desnutricion moderada (m),2007-06-01,13,18,17,27,30,45,75
COTOCA,desnutricion aguda,desnutricion moderada (m),2007-06-01,2,4,2,1,4,5,9
CUATRO CAÑADAS,desnutricion aguda,desnutricion moderada (m),2007-06-01,0,5,1,1,1,6,7
CUCHUMUELA (V. G. VILLARROEL),desnutricion aguda,desnutricion moderada (m),2007-06-01,0,0,0,1,0,1,1
CUEVO,desnutricion aguda,desnutricion moderada (m),2007-06-01,0,1,1,0,1,1,2
CULPINA,desnutricion aguda,desnutricion moderada (m),2007-06-01,27,26,12,15,39,41,80
CURAHUARA DE CARANGAS,desnutricion aguda,desnutricion moderada (m),2007-06-01,1,0,2,1,3,1,4
EL PUENTE(STC),desnutricion aguda,desnutricion moderada (m),2007-06-01,4,4,1,0,5,4,9
EL PUENTE(TJA),desnutricion aguda,desnutricion moderada (m),2007-06-01,1,0,2,0,3,0,3
EL TORNO,desnutricion aguda,desnutricion moderada (m),2007-06-01,5,3,2,3,7,6,13
EL VILLAR,desnutricion aguda,desnutricion moderada (m),2007-06-01,2,4,1,6,3,10,13
ENTRE RIOS,desnutricion aguda,desnutricion moderada (m),2007-06-01,15,6,4,4,19,10,29
ENTRE RIOS,desnutricion aguda,desnutricion moderada (m),2007-06-01,0,3,2,1,2,4,6
ESCARA,desnutricion aguda,desnutricion moderada (m),2007-06-01,1,0,0,0,1,0,1
EUCALIPTUS,desnutricion aguda,desnutricion moderada (m),2007-06-01,1,0,0,0,1,0,1
EUREKA (SANTOS MERCADO),desnutricion aguda,desnutricion moderada (m),2007-06-01,0,0,1,0,1,0,1
EXALTACION,desnutricion aguda,desnutricion moderada (m),2007-06-01,0,0,1,0,1,0,1
FERNANDEZ ALONSO,desnutricion aguda,desnutricion moderada (m),2007-06-01,3,2,0,0,3,2,5
FILADELFIA,desnutricion aguda,desnutricion moderada (m),2007-06-01,1,1,0,2,1,3,4
GENERAL SAAVEDRA,desnutricion aguda,desnutricion moderada (m),2007-06-01,2,4,1,0,3,4,7
GUAYARAMERIN,desnutricion aguda,desnutricion moderada (m),2007-06-01,10,15,0,7,10,22,32
GUTIERREZ,desnutricion aguda,desnutricion moderada (m),2007-06-01,12,5,5,11,17,16,33
HUACARETA,desnutricion aguda,desnutricion moderada (m),2007-06-01,2,3,1,1,3,4,7
HUACAYA (VILLA DE HUACAYA),desnutricion aguda,desnutricion moderada (m),2007-06-01,1,0,0,1,1,1,2
HUANUNI,desnutricion aguda,desnutricion moderada (m),2007-06-01,4,3,3,2,7,5,12
HUARACAJE,desnutricion aguda,desnutricion moderada (m),2007-06-01,1,0,0,2,1,2,3
HUAYLLAMARCA,desnutricion aguda,desnutricion moderada (m),2007-06-01,1,0,0,1,1,1,2
ICHOCA,desnutricion aguda,desnutricion moderada (m),2007-06-01,1,0,0,0,1,0,1
ICLA,desnutricion aguda,desnutricion moderada (m),2007-06-01,23,26,19,18,42,44,86
INCAHUASI,desnutricion aguda,desnutricion moderada (m),2007-06-01,29,19,15,21,44,40,84
INQUISIVI,desnutricion aguda,desnutricion moderada (m),2007-06-01,10,5,2,5,12,10,22
LA GUARDIA,desnutricion aguda,desnutricion moderada (m),2007-06-01,7,8,2,7,9,15,24
LAGUNILLAS,desnutricion aguda,desnutricion moderada (m),2007-06-01,1,0,2,5,3,5,8
LICOMA PAMPA,desnutricion aguda,desnutricion moderada (m),2007-06-01,1,0,0,0,1,0,1
LLALLAGUA,desnutricion aguda,desnutricion moderada (m),2007-06-01,35,24,29,34,64,58,122
LLICA,desnutricion aguda,desnutricion moderada (m),2007-06-01,3,1,1,0,4,1,5
LORETO,desnutricion aguda,desnutricion moderada (m),2007-06-01,1,0,0,0,1,0,1
MACHARETI,desnutricion aguda,desnutricion moderada (m),2007-06-01,0,0,1,5,1,5,6
MAGDALENA,desnutricion aguda,desnutricion moderada (m),2007-06-01,4,4,0,0,4,4,8
MAIRANA,desnutricion aguda,desnutricion moderada (m),2007-06-01,1,0,0,0,1,0,1
MINEROS,desnutricion aguda,desnutricion moderada (m),2007-06-01,5,4,1,1,6,5,11
MIZQUE,desnutricion aguda,desnutricion moderada (m),2007-06-01,9,18,10,8,19,26,45
MOJOCOYA,desnutricion aguda,desnutricion moderada (m),2007-06-01,5,4,5,4,10,8,18
MONTEAGUDO,desnutricion aguda,desnutricion moderada (m),2007-06-01,4,10,5,7,9,17,26
MONTERO,desnutricion aguda,desnutricion moderada (m),2007-06-01,31,22,11,23,42,45,87
MORO MORO,desnutricion aguda,desnutricion moderada (m),2007-06-01,0,2,0,2,0,4,4
MOROCHATA,desnutricion aguda,desnutricion moderada (m),2007-06-01,6,2,4,2,10,4,14
NACEBE (SANTA ROSA DEL ABUNA),desnutricion aguda,desnutricion moderada (m),2007-06-01,0,0,1,0,1,0,1
NUEVO MANOA (NUEVA ESPERANZA),desnutricion aguda,desnutricion moderada (m),2007-06-01,3,1,0,0,3,1,4
OCURI,desnutricion aguda,desnutricion moderada (m),2007-06-01,33,28,19,24,52,52,104
OKINAWA,desnutricion aguda,desnutricion moderada (m),2007-06-01,2,1,0,2,2,3,5
OMEREQUE,desnutricion aguda,desnutricion moderada (m),2007-06-01,0,0,2,1,2,1,3
ORURO,desnutricion aguda,desnutricion moderada (m),2007-06-01,27,17,9,12,36,29,65
PADCAYA,desnutricion aguda,desnutricion moderada (m),2007-06-01,3,3,1,0,4,3,7
PADILLA,desnutricion aguda,desnutricion moderada (m),2007-06-01,11,8,5,7,16,15,31
PAILON,desnutricion aguda,desnutricion moderada (m),2007-06-01,4,1,0,0,4,1,5
PAMPA AULLAGAS,desnutricion aguda,desnutricion moderada (m),2007-06-01,0,0,1,0,1,0,1
PAMPA GRANDE,desnutricion aguda,desnutricion moderada (m),2007-06-01,0,0,0,2,0,2,2
PASORAPA,desnutricion aguda,desnutricion moderada (m),2007-06-01,1,1,1,1,2,2,4
POCOATA,desnutricion aguda,desnutricion moderada (m),2007-06-01,18,26,12,16,30,42,72
POCONA,desnutricion aguda,desnutricion moderada (m),2007-06-01,2,6,2,5,4,11,15
POJO (CBBA),desnutricion aguda,desnutricion moderada (m),2007-06-01,1,1,0,3,1,4,5
POOPO,desnutricion aguda,desnutricion moderada (m),2007-06-01,0,3,0,0,0,3,3
PORCO,desnutricion aguda,desnutricion moderada (m),2007-06-01,7,8,5,4,12,12,24
POROMA,desnutricion aguda,desnutricion moderada (m),2007-06-01,29,36,18,25,47,61,108
PORTACHUELO,desnutricion aguda,desnutricion moderada (m),2007-06-01,1,5,2,2,3,7,10
PORVENIR,desnutricion aguda,desnutricion moderada (m),2007-06-01,1,0,0,0,1,0,1
POSTRER VALLE,desnutricion aguda,desnutricion moderada (m),2007-06-01,0,0,1,0,1,0,1
POTOSI,desnutricion aguda,desnutricion moderada (m),2007-06-01,73,62,26,30,99,92,191
PRESTO,desnutricion aguda,desnutricion moderada (m),2007-06-01,20,7,8,11,28,18,46
PUERTO GONZALO MORENO,desnutricion aguda,desnutricion moderada (m),2007-06-01,6,3,1,3,7,6,13
PUERTO QUIJARRO,desnutricion aguda,desnutricion moderada (m),2007-06-01,1,2,0,0,1,2,3
PUERTO RICO,desnutricion aguda,desnutricion moderada (m),2007-06-01,11,9,4,7,15,16,31
PUERTO SUAREZ,desnutricion aguda,desnutricion moderada (m),2007-06-01,1,3,0,0,1,3,4
PUERTO VILLARROEL,desnutricion aguda,desnutricion moderada (m),2007-06-01,13,15,8,6,21,21,42
PUNA,desnutricion aguda,desnutricion moderada (m),2007-06-01,30,29,20,19,50,48,98
PUNATA,desnutricion aguda,desnutricion moderada (m),2007-06-01,3,8,2,2,5,10,15
QUILLACOLLO,desnutricion aguda,desnutricion moderada (m),2007-06-01,5,6,11,12,16,18,34
QUIME,desnutricion aguda,desnutricion moderada (m),2007-06-01,2,3,1,1,3,4,7
QUIRUSILLAS,desnutricion aguda,desnutricion moderada (m),2007-06-01,0,0,1,1,1,1,2
RAVELO,desnutricion aguda,desnutricion moderada (m),2007-06-01,34,36,26,42,60,78,138
REYES,desnutricion aguda,desnutricion moderada (m),2007-06-01,8,6,4,5,12,11,23
RIBERALTA,desnutricion aguda,desnutricion moderada (m),2007-06-01,36,70,14,32,50,102,152
ROBORE,desnutricion aguda,desnutricion moderada (m),2007-06-01,5,3,0,1,5,4,9
RURRENABAQUE,desnutricion aguda,desnutricion moderada (m),2007-06-01,6,4,1,0,7,4,11
SABAYA,desnutricion aguda,desnutricion moderada (m),2007-06-01,1,0,0,0,1,0,1
SACABA,desnutricion aguda,desnutricion moderada (m),2007-06-01,17,10,6,11,23,21,44
SACABAMBA,desnutricion aguda,desnutricion moderada (m),2007-06-01,7,3,1,2,8,5,13
SACACA,desnutricion aguda,desnutricion moderada (m),2007-06-01,33,34,30,26,63,60,123
SAIPINA,desnutricion aguda,desnutricion moderada (m),2007-06-01,3,0,0,0,3,0,3
SALINAS DE GARCI MENDOZA,desnutricion aguda,desnutricion moderada (m),2007-06-01,0,5,2,0,2,5,7
SAMAIPATA,desnutricion aguda,desnutricion moderada (m),2007-06-01,2,0,0,1,2,1,3
SAN ANDRES,desnutricion aguda,desnutricion moderada (m),2007-06-01,1,2,0,1,1,3,4
SAN ANTONIO DE LOMERIO,desnutricion aguda,desnutricion moderada (m),2007-06-01,6,5,2,3,8,8,16
SAN BENITO,desnutricion aguda,desnutricion moderada (m),2007-06-01,5,8,11,8,16,16,32
SAN BORJA,desnutricion aguda,desnutricion moderada (m),2007-06-01,8,12,5,2,13,14,27
SAN CARLOS,desnutricion aguda,desnutricion moderada (m),2007-06-01,9,9,1,2,10,11,21
SAN IGNACIO,desnutricion aguda,desnutricion moderada (m),2007-06-01,17,20,7,8,24,28,52
SAN IGNACIO DE VELASCO,desnutricion aguda,desnutricion moderada (m),2007-06-01,30,37,11,21,41,58,99
SAN JAVIER(BNI),desnutricion aguda,desnutricion moderada (m),2007-06-01,1,0,0,2,1,2,3
SAN JAVIER(STC),desnutricion aguda,desnutricion moderada (m),2007-06-01,2,0,0,0,2,0,2
SAN JOSE DE CHIQUITOS,desnutricion aguda,desnutricion moderada (m),2007-06-01,1,2,0,1,1,3,4
SAN JUAN DE YAPACANI,desnutricion aguda,desnutricion moderada (m),2007-06-01,4,3,6,3,10,6,16
SAN JULIAN,desnutricion aguda,desnutricion moderada (m),2007-06-01,6,4,0,4,6,8,14
SAN LORENZO(PND),desnutricion aguda,desnutricion moderada (m),2007-06-01,3,1,1,2,4,3,7
SAN LORENZO(TJA),desnutricion aguda,desnutricion moderada (m),2007-06-01,6,11,6,12,12,23,35
SAN LUCAS,desnutricion aguda,desnutricion moderada (m),2007-06-01,58,62,48,67,106,129,235
SAN MATIAS,desnutricion aguda,desnutricion moderada (m),2007-06-01,1,1,1,0,2,1,3
SAN MIGUEL DE VELASCO,desnutricion aguda,desnutricion moderada (m),2007-06-01,1,1,0,3,1,4,5
SAN PABLO DE LIPEZ,desnutricion aguda,desnutricion moderada (m),2007-06-01,2,3,4,1,6,4,10
SAN PEDRO,desnutricion aguda,desnutricion moderada (m),2007-06-01,1,4,2,0,3,4,7
SAN PEDRO DE BUENA VISTA,desnutricion aguda,desnutricion moderada (m),2007-06-01,27,36,26,28,53,64,117
SAN PEDRO(PND),desnutricion aguda,desnutricion moderada (m),2007-06-01,4,2,1,5,5,7,12
SAN RAFAEL,desnutricion aguda,desnutricion moderada (m),2007-06-01,0,2,2,0,2,2,4
SAN RAMON,desnutricion aguda,desnutricion moderada (m),2007-06-01,1,0,0,0,1,0,1
SAN RAMON,desnutricion aguda,desnutricion moderada (m),2007-06-01,1,4,1,0,2,4,6
SANTA ANA,desnutricion aguda,desnutricion moderada (m),2007-06-01,7,7,4,2,11,9,20
SANTA CRUZ DE LA SIERRA,desnutricion aguda,desnutricion moderada (m),2007-06-01,71,106,35,29,106,135,241
SANTA ROSA,desnutricion aguda,desnutricion moderada (m),2007-06-01,0,1,0,0,0,1,1
SANTA ROSA DEL SARA,desnutricion aguda,desnutricion moderada (m),2007-06-01,0,2,2,2,2,4,6
SANTIAGO DE HUARI,desnutricion aguda,desnutricion moderada (m),2007-06-01,1,2,2,0,3,2,5
SANTIVAÑES,desnutricion aguda,desnutricion moderada (m),2007-06-01,4,2,5,0,9,2,11
SANTUARIO DE QUILLACAS,desnutricion aguda,desnutricion moderada (m),2007-06-01,2,1,0,0,2,1,3
SENA,desnutricion aguda,desnutricion moderada (m),2007-06-01,1,0,1,0,2,0,2
SICAYA,desnutricion aguda,desnutricion moderada (m),2007-06-01,0,2,1,2,1,4,5
SIPE SIPE,desnutricion aguda,desnutricion moderada (m),2007-06-01,13,15,7,6,20,21,41
SOPACHUY,desnutricion aguda,desnutricion moderada (m),2007-06-01,10,22,9,31,19,53,72
SORACACHI,desnutricion aguda,desnutricion moderada (m),2007-06-01,0,4,0,0,0,4,4
SUCRE,desnutricion aguda,desnutricion moderada (m),2007-06-01,61,33,39,52,100,85,185
TACACHI,desnutricion aguda,desnutricion moderada (m),2007-06-01,1,0,0,1,1,1,2
TACOBAMBA,desnutricion aguda,desnutricion moderada (m),2007-06-01,10,11,5,5,15,16,31
TACOPAYA,desnutricion aguda,desnutricion moderada (m),2007-06-01,12,7,8,5,20,12,32
TAPACARI,desnutricion aguda,desnutricion moderada (m),2007-06-01,30,45,15,27,45,72,117
TARABUCO,desnutricion aguda,desnutricion moderada (m),2007-06-01,51,31,34,36,85,67,152
TARATA,desnutricion aguda,desnutricion moderada (m),2007-06-01,5,4,2,1,7,5,12
TARIJA,desnutricion aguda,desnutricion moderada (m),2007-06-01,25,17,20,24,45,41,86
TARVITA,desnutricion aguda,desnutricion moderada (m),2007-06-01,21,25,24,35,45,60,105
TINGUIPAYA,desnutricion aguda,desnutricion moderada (m),2007-06-01,35,36,27,43,62,79,141
TIQUIPAYA,desnutricion aguda,desnutricion moderada (m),2007-06-01,3,6,0,0,3,6,9
TIRAQUE (CBBA),desnutricion aguda,desnutricion moderada (m),2007-06-01,17,19,8,14,25,33,58
TOCO,desnutricion aguda,desnutricion moderada (m),2007-06-01,6,6,1,1,7,7,14
TOLATA,desnutricion aguda,desnutricion moderada (m),2007-06-01,0,0,1,0,1,0,1
TOLEDO,desnutricion aguda,desnutricion moderada (m),2007-06-01,0,1,0,0,0,1,1
TOMAVE,desnutricion aguda,desnutricion moderada (m),2007-06-01,8,6,7,4,15,10,25
TOMINA,desnutricion aguda,desnutricion moderada (m),2007-06-01,24,18,10,20,34,38,72
TORO TORO,desnutricion aguda,desnutricion moderada (m),2007-06-01,18,18,9,12,27,30,57
TOTORA(CBBA),desnutricion aguda,desnutricion moderada (m),2007-06-01,4,1,3,2,7,3,10
TOTORA(ORR),desnutricion aguda,desnutricion moderada (m),2007-06-01,3,1,1,0,4,1,5
TRINIDAD,desnutricion aguda,desnutricion moderada (m),2007-06-01,30,26,15,12,45,38,83
TUPIZA,desnutricion aguda,desnutricion moderada (m),2007-06-01,10,7,9,13,19,20,39
UNCIA,desnutricion aguda,desnutricion moderada (m),2007-06-01,26,17,14,13,40,30,70
URIONDO (A. CONCEPCION),desnutricion aguda,desnutricion moderada (m),2007-06-01,3,2,0,2,3,4,7
URUBICHA,desnutricion aguda,desnutricion moderada (m),2007-06-01,10,14,6,14,16,28,44
UYUNI,desnutricion aguda,desnutricion moderada (m),2007-06-01,3,7,3,4,6,11,17
VACAS,desnutricion aguda,desnutricion moderada (m),2007-06-01,6,10,5,11,11,21,32
VALLEGRANDE,desnutricion aguda,desnutricion moderada (m),2007-06-01,1,3,1,0,2,3,5
VIACHA,desnutricion aguda,desnutricion moderada (m),2007-06-01,9,9,3,6,12,15,27
VILA VILA,desnutricion aguda,desnutricion moderada (m),2007-06-01,3,0,0,3,3,3,6
VILLA MONTES,desnutricion aguda,desnutricion moderada (m),2007-06-01,3,9,2,1,5,10,15
VILLA NUEVA (LOMA ALTA),desnutricion aguda,desnutricion moderada (m),2007-06-01,0,0,3,4,3,4,7
VILLA RIVERO,desnutricion aguda,desnutricion moderada (m),2007-06-01,1,3,0,5,1,8,9
VILLA SERRANO,desnutricion aguda,desnutricion moderada (m),2007-06-01,5,8,9,7,14,15,29
VILLA TUNARI,desnutricion aguda,desnutricion moderada (m),2007-06-01,24,21,7,9,31,30,61
VILLA VACA GUZMAN (MUYUPAMPA),desnutricion aguda,desnutricion moderada (m),2007-06-01,0,0,1,2,1,2,3
VILLAZON,desnutricion aguda,desnutricion moderada (m),2007-06-01,23,15,10,15,33,30,63
VINTO,desnutricion aguda,desnutricion moderada (m),2007-06-01,0,1,1,0,1,1,2
VITICHI,desnutricion aguda,desnutricion moderada (m),2007-06-01,12,16,12,15,24,31,55
WARNES,desnutricion aguda,desnutricion moderada (m),2007-06-01,12,15,4,2,16,17,33
YACUIBA,desnutricion aguda,desnutricion moderada (m),2007-06-01,11,3,3,0,14,3,17
YAMPARAEZ,desnutricion aguda,desnutricion moderada (m),2007-06-01,13,10,24,25,37,35,72
YAPACANI,desnutricion aguda,desnutricion moderada (m),2007-06-01,12,14,5,2,17,16,33
YOCALLA,desnutricion aguda,desnutricion moderada (m),2007-06-01,0,0,0,1,0,1,1
YOTALA,desnutricion aguda,desnutricion moderada (m),2007-06-01,3,8,2,7,5,15,20
YUNCHARA,desnutricion aguda,desnutricion moderada (m),2007-06-01,7,3,3,10,10,13,23
ZUDAÑEZ,desnutricion aguda,desnutricion moderada (m),2007-06-01,17,8,14,12,31,20,51
ACACIO,desnutricion aguda,desnutricion moderada (m),2007-07-01,24,12,9,12,33,24,57
AIQUILE,desnutricion aguda,desnutricion moderada (m),2007-07-01,9,6,6,9,15,15,30
ALALAY,desnutricion aguda,desnutricion moderada (m),2007-07-01,4,2,3,2,7,4,11
ALCALA,desnutricion aguda,desnutricion moderada (m),2007-07-01,3,8,6,4,9,12,21
ANDAMARCA,desnutricion aguda,desnutricion moderada (m),2007-07-01,3,1,0,0,3,1,4
ANTEQUERA,desnutricion aguda,desnutricion moderada (m),2007-07-01,0,0,2,1,2,1,3
ANZALDO,desnutricion aguda,desnutricion moderada (m),2007-07-01,3,0,1,1,4,1,5
ARAMPAMPA,desnutricion aguda,desnutricion moderada (m),2007-07-01,9,12,9,4,18,16,34
ARANI,desnutricion aguda,desnutricion moderada (m),2007-07-01,0,4,6,2,6,6,12
ARBIETO,desnutricion aguda,desnutricion moderada (m),2007-07-01,0,1,1,1,1,2,3
ARQUE,desnutricion aguda,desnutricion moderada (m),2007-07-01,7,5,2,5,9,10,19
ATOCHA,desnutricion aguda,desnutricion moderada (m),2007-07-01,3,0,0,0,3,0,3
AYOPAYA (V. DE INDEPENDENCIA),desnutricion aguda,desnutricion moderada (m),2007-07-01,7,7,4,3,11,10,21
AZURDUY,desnutricion aguda,desnutricion moderada (m),2007-07-01,6,17,6,16,12,33,45
BAURES,desnutricion aguda,desnutricion moderada (m),2007-07-01,0,3,2,2,2,5,7
BELEN DE URMIRI,desnutricion aguda,desnutricion moderada (m),2007-07-01,1,3,0,1,1,4,5
BELLA FLOR,desnutricion aguda,desnutricion moderada (m),2007-07-01,2,0,1,1,3,1,4
BERMEJO,desnutricion aguda,desnutricion moderada (m),2007-07-01,4,6,1,3,5,9,14
BETANZOS,desnutricion aguda,desnutricion moderada (m),2007-07-01,27,27,29,14,56,41,97
BOLIVAR,desnutricion aguda,desnutricion moderada (m),2007-07-01,12,8,2,5,14,13,27
BOLPEBRA,desnutricion aguda,desnutricion moderada (m),2007-07-01,0,1,0,0,0,1,1
BOYUIBE,desnutricion aguda,desnutricion moderada (m),2007-07-01,0,0,1,2,1,2,3
BUENA VISTA,desnutricion aguda,desnutricion moderada (m),2007-07-01,0,0,0,1,0,1,1
CABEZAS,desnutricion aguda,desnutricion moderada (m),2007-07-01,1,3,3,5,4,8,12
"CAIZA ""D""",desnutricion aguda,desnutricion moderada (m),2007-07-01,6,5,2,0,8,5,13
CAJUATA,desnutricion aguda,desnutricion moderada (m),2007-07-01,0,1,0,0,0,1,1
CAMARGO,desnutricion aguda,desnutricion moderada (m),2007-07-01,8,13,2,11,10,24,34
CAMATAQUI (C. VILLA ABECIA),desnutricion aguda,desnutricion moderada (m),2007-07-01,0,0,2,2,2,2,4
CAMIRI,desnutricion aguda,desnutricion moderada (m),2007-07-01,2,6,3,1,5,7,12
CAPINOTA,desnutricion aguda,desnutricion moderada (m),2007-07-01,11,5,2,3,13,8,21
CARACOLLO,desnutricion aguda,desnutricion moderada (m),2007-07-01,2,1,3,1,5,2,7
CARAPARI,desnutricion aguda,desnutricion moderada (m),2007-07-01,3,2,2,1,5,3,8
CARIPUYO,desnutricion aguda,desnutricion moderada (m),2007-07-01,10,11,14,19,24,30,54
CARMEN RIVERO TORREZ,desnutricion aguda,desnutricion moderada (m),2007-07-01,5,10,1,1,6,11,17
CHALLAPATA,desnutricion aguda,desnutricion moderada (m),2007-07-01,5,5,5,3,10,8,18
CHAQUI,desnutricion aguda,desnutricion moderada (m),2007-07-01,3,3,3,1,6,4,10
CHARAGUA,desnutricion aguda,desnutricion moderada (m),2007-07-01,4,1,4,1,8,2,10
CHAYANTA,desnutricion aguda,desnutricion moderada (m),2007-07-01,9,11,11,14,20,25,45
CHIMORE,desnutricion aguda,desnutricion moderada (m),2007-07-01,1,3,2,2,3,5,8
CHOQUE COTA,desnutricion aguda,desnutricion moderada (m),2007-07-01,1,0,0,0,1,0,1
COBIJA,desnutricion aguda,desnutricion moderada (m),2007-07-01,19,8,2,2,21,10,31
COCHABAMBA,desnutricion aguda,desnutricion moderada (m),2007-07-01,47,54,29,36,76,90,166
COLCAPIRHUA,desnutricion aguda,desnutricion moderada (m),2007-07-01,5,2,4,4,9,6,15
"COLCHA ""K""",desnutricion aguda,desnutricion moderada (m),2007-07-01,3,4,0,2,3,6,9
COLOMI,desnutricion aguda,desnutricion moderada (m),2007-07-01,5,7,3,2,8,9,17
COLPA BELGICA,desnutricion aguda,desnutricion moderada (m),2007-07-01,0,0,2,1,2,1,3
COLQUECHACA,desnutricion aguda,desnutricion moderada (m),2007-07-01,30,19,18,12,48,31,79
COLQUIRI,desnutricion aguda,desnutricion moderada (m),2007-07-01,3,2,0,0,3,2,5
COMARAPA,desnutricion aguda,desnutricion moderada (m),2007-07-01,0,1,3,3,3,4,7
CONCEPCION,desnutricion aguda,desnutricion moderada (m),2007-07-01,1,0,0,0,1,0,1
COTAGAITA,desnutricion aguda,desnutricion moderada (m),2007-07-01,7,6,4,9,11,15,26
COTOCA,desnutricion aguda,desnutricion moderada (m),2007-07-01,5,7,2,1,7,8,15
CUATRO CAÑADAS,desnutricion aguda,desnutricion moderada (m),2007-07-01,0,2,2,1,2,3,5
CUEVO,desnutricion aguda,desnutricion moderada (m),2007-07-01,4,2,0,1,4,3,7
CULPINA,desnutricion aguda,desnutricion moderada (m),2007-07-01,19,12,10,12,29,24,53
EL CHORO,desnutricion aguda,desnutricion moderada (m),2007-07-01,1,0,0,0,1,0,1
EL PUENTE(TJA),desnutricion aguda,desnutricion moderada (m),2007-07-01,0,0,2,3,2,3,5
EL TORNO,desnutricion aguda,desnutricion moderada (m),2007-07-01,2,4,1,2,3,6,9
EL VILLAR,desnutricion aguda,desnutricion moderada (m),2007-07-01,2,5,1,4,3,9,12
ENTRE RIOS,desnutricion aguda,desnutricion moderada (m),2007-07-01,2,5,3,3,5,8,13
ENTRE RIOS,desnutricion aguda,desnutricion moderada (m),2007-07-01,0,1,2,6,2,7,9
ESMERALDA,desnutricion aguda,desnutricion moderada (m),2007-07-01,0,1,0,0,0,1,1
EXALTACION,desnutricion aguda,desnutricion moderada (m),2007-07-01,0,1,0,0,0,1,1
FERNANDEZ ALONSO,desnutricion aguda,desnutricion moderada (m),2007-07-01,1,1,1,0,2,1,3
FILADELFIA,desnutricion aguda,desnutricion moderada (m),2007-07-01,0,2,0,1,0,3,3
GENERAL SAAVEDRA,desnutricion aguda,desnutricion moderada (m),2007-07-01,6,3,4,1,10,4,14
GUAYARAMERIN,desnutricion aguda,desnutricion moderada (m),2007-07-01,10,11,5,5,15,16,31
GUTIERREZ,desnutricion aguda,desnutricion moderada (m),2007-07-01,8,5,6,7,14,12,26
HUACARETA,desnutricion aguda,desnutricion moderada (m),2007-07-01,2,3,0,1,2,4,6
HUACAYA (VILLA DE HUACAYA),desnutricion aguda,desnutricion moderada (m),2007-07-01,0,0,1,0,1,0,1
HUANUNI,desnutricion aguda,desnutricion moderada (m),2007-07-01,2,1,0,2,2,3,5
ICHOCA,desnutricion aguda,desnutricion moderada (m),2007-07-01,0,2,2,0,2,2,4
ICLA,desnutricion aguda,desnutricion moderada (m),2007-07-01,8,16,5,8,13,24,37
INCAHUASI,desnutricion aguda,desnutricion moderada (m),2007-07-01,38,39,25,37,63,76,139
INQUISIVI,desnutricion aguda,desnutricion moderada (m),2007-07-01,1,1,1,1,2,2,4
LA GUARDIA,desnutricion aguda,desnutricion moderada (m),2007-07-01,7,10,0,5,7,15,22
LAGUNILLAS,desnutricion aguda,desnutricion moderada (m),2007-07-01,1,1,0,1,1,2,3
LLALLAGUA,desnutricion aguda,desnutricion moderada (m),2007-07-01,20,15,12,16,32,31,63
LLICA,desnutricion aguda,desnutricion moderada (m),2007-07-01,1,0,0,0,1,0,1
MACHARETI,desnutricion aguda,desnutricion moderada (m),2007-07-01,1,0,2,2,3,2,5
MAGDALENA,desnutricion aguda,desnutricion moderada (m),2007-07-01,2,4,0,0,2,4,6
MAIRANA,desnutricion aguda,desnutricion moderada (m),2007-07-01,0,0,1,1,1,1,2
MECAPACA,desnutricion aguda,desnutricion moderada (m),2007-07-01,0,1,0,2,0,3,3
MINEROS,desnutricion aguda,desnutricion moderada (m),2007-07-01,4,7,0,2,4,9,13
MIZQUE,desnutricion aguda,desnutricion moderada (m),2007-07-01,14,15,4,7,18,22,40
MOJOCOYA,desnutricion aguda,desnutricion moderada (m),2007-07-01,3,6,3,3,6,9,15
MONTEAGUDO,desnutricion aguda,desnutricion moderada (m),2007-07-01,7,8,6,3,13,11,24
MONTERO,desnutricion aguda,desnutricion moderada (m),2007-07-01,11,23,11,10,22,33,55
MORO MORO,desnutricion aguda,desnutricion moderada (m),2007-07-01,0,0,1,1,1,1,2
MOROCHATA,desnutricion aguda,desnutricion moderada (m),2007-07-01,13,17,9,11,22,28,50
NACEBE (SANTA ROSA DEL ABUNA),desnutricion aguda,desnutricion moderada (m),2007-07-01,0,3,0,2,0,5,5
NUEVO MANOA (NUEVA ESPERANZA),desnutricion aguda,desnutricion moderada (m),2007-07-01,0,0,1,1,1,1,2
OCURI,desnutricion aguda,desnutricion moderada (m),2007-07-01,17,17,8,27,25,44,69
OKINAWA,desnutricion aguda,desnutricion moderada (m),2007-07-01,0,0,0,1,0,1,1
OMEREQUE,desnutricion aguda,desnutricion moderada (m),2007-07-01,0,2,0,1,0,3,3
ORURO,desnutricion aguda,desnutricion moderada (m),2007-07-01,24,17,7,6,31,23,54
PADCAYA,desnutricion aguda,desnutricion moderada (m),2007-07-01,0,1,0,0,0,1,1
PADILLA,desnutricion aguda,desnutricion moderada (m),2007-07-01,14,6,3,12,17,18,35
PAILON,desnutricion aguda,desnutricion moderada (m),2007-07-01,1,2,0,1,1,3,4
PALCA,desnutricion aguda,desnutricion moderada (m),2007-07-01,2,4,1,1,3,5,8
PAMPA AULLAGAS,desnutricion aguda,desnutricion moderada (m),2007-07-01,1,1,0,0,1,1,2
PAMPA GRANDE,desnutricion aguda,desnutricion moderada (m),2007-07-01,0,0,2,1,2,1,3
PASORAPA,desnutricion aguda,desnutricion moderada (m),2007-07-01,0,0,1,1,1,1,2
POCOATA,desnutricion aguda,desnutricion moderada (m),2007-07-01,21,15,12,14,33,29,62
POCONA,desnutricion aguda,desnutricion moderada (m),2007-07-01,2,4,2,4,4,8,12
POJO (CBBA),desnutricion aguda,desnutricion moderada (m),2007-07-01,6,4,3,1,9,5,14
PORCO,desnutricion aguda,desnutricion moderada (m),2007-07-01,1,4,2,2,3,6,9
POROMA,desnutricion aguda,desnutricion moderada (m),2007-07-01,24,32,7,24,31,56,87
PORTACHUELO,desnutricion aguda,desnutricion moderada (m),2007-07-01,1,3,0,2,1,5,6
PORVENIR,desnutricion aguda,desnutricion moderada (m),2007-07-01,0,2,0,1,0,3,3
POSTRER VALLE,desnutricion aguda,desnutricion moderada (m),2007-07-01,1,0,0,1,1,1,2
POTOSI,desnutricion aguda,desnutricion moderada (m),2007-07-01,83,76,35,23,118,99,217
PRESTO,desnutricion aguda,desnutricion moderada (m),2007-07-01,20,5,8,6,28,11,39
PUERTO GONZALO MORENO,desnutricion aguda,desnutricion moderada (m),2007-07-01,5,2,1,1,6,3,9
PUERTO QUIJARRO,desnutricion aguda,desnutricion moderada (m),2007-07-01,1,3,0,0,1,3,4
PUERTO RICO,desnutricion aguda,desnutricion moderada (m),2007-07-01,7,2,5,1,12,3,15
PUERTO SILES,desnutricion aguda,desnutricion moderada (m),2007-07-01,1,4,2,0,3,4,7
PUERTO SUAREZ,desnutricion aguda,desnutricion moderada (m),2007-07-01,3,3,0,3,3,6,9
PUERTO VILLARROEL,desnutricion aguda,desnutricion moderada (m),2007-07-01,14,15,17,7,31,22,53
PUNA,desnutricion aguda,desnutricion moderada (m),2007-07-01,38,36,17,32,55,68,123
PUNATA,desnutricion aguda,desnutricion moderada (m),2007-07-01,7,6,2,4,9,10,19
QUILLACOLLO,desnutricion aguda,desnutricion moderada (m),2007-07-01,11,4,4,5,15,9,24
QUIME,desnutricion aguda,desnutricion moderada (m),2007-07-01,1,0,0,0,1,0,1
QUIRUSILLAS,desnutricion aguda,desnutricion moderada (m),2007-07-01,0,1,1,2,1,3,4
RAVELO,desnutricion aguda,desnutricion moderada (m),2007-07-01,30,18,19,24,49,42,91
REYES,desnutricion aguda,desnutricion moderada (m),2007-07-01,6,2,0,0,6,2,8
RIBERALTA,desnutricion aguda,desnutricion moderada (m),2007-07-01,41,62,16,16,57,78,135
ROBORE,desnutricion aguda,desnutricion moderada (m),2007-07-01,1,2,1,0,2,2,4
SACABA,desnutricion aguda,desnutricion moderada (m),2007-07-01,21,18,12,13,33,31,64
SACABAMBA,desnutricion aguda,desnutricion moderada (m),2007-07-01,1,2,0,0,1,2,3
SACACA,desnutricion aguda,desnutricion moderada (m),2007-07-01,19,9,19,31,38,40,78
SAIPINA,desnutricion aguda,desnutricion moderada (m),2007-07-01,2,0,1,1,3,1,4
SALINAS DE GARCI MENDOZA,desnutricion aguda,desnutricion moderada (m),2007-07-01,0,1,1,1,1,2,3
SAMAIPATA,desnutricion aguda,desnutricion moderada (m),2007-07-01,1,1,1,0,2,1,3
SAN ANDRES,desnutricion aguda,desnutricion moderada (m),2007-07-01,2,2,3,0,5,2,7
SAN ANTONIO DE LOMERIO,desnutricion aguda,desnutricion moderada (m),2007-07-01,11,7,5,8,16,15,31
SAN BENITO,desnutricion aguda,desnutricion moderada (m),2007-07-01,1,1,3,2,4,3,7
SAN BORJA,desnutricion aguda,desnutricion moderada (m),2007-07-01,17,17,8,9,25,26,51
SAN CARLOS,desnutricion aguda,desnutricion moderada (m),2007-07-01,5,3,5,4,10,7,17
SAN IGNACIO,desnutricion aguda,desnutricion moderada (m),2007-07-01,10,13,2,2,12,15,27
SAN IGNACIO DE VELASCO,desnutricion aguda,desnutricion moderada (m),2007-07-01,25,28,15,29,40,57,97
SAN JAVIER(BNI),desnutricion aguda,desnutricion moderada (m),2007-07-01,0,1,0,0,0,1,1
SAN JAVIER(STC),desnutricion aguda,desnutricion moderada (m),2007-07-01,1,0,0,0,1,0,1
SAN JOAQUIN,desnutricion aguda,desnutricion moderada (m),2007-07-01,0,0,0,1,0,1,1
SAN JOSE DE CHIQUITOS,desnutricion aguda,desnutricion moderada (m),2007-07-01,1,4,2,2,3,6,9
SAN JUAN DE YAPACANI,desnutricion aguda,desnutricion moderada (m),2007-07-01,0,4,1,1,1,5,6
SAN JULIAN,desnutricion aguda,desnutricion moderada (m),2007-07-01,5,4,4,3,9,7,16
SAN LORENZO(PND),desnutricion aguda,desnutricion moderada (m),2007-07-01,2,0,1,0,3,0,3
SAN LORENZO(TJA),desnutricion aguda,desnutricion moderada (m),2007-07-01,3,6,7,6,10,12,22
SAN LUCAS,desnutricion aguda,desnutricion moderada (m),2007-07-01,62,62,38,52,100,114,214
SAN MIGUEL DE VELASCO,desnutricion aguda,desnutricion moderada (m),2007-07-01,2,0,1,0,3,0,3
SAN PABLO DE LIPEZ,desnutricion aguda,desnutricion moderada (m),2007-07-01,1,1,0,0,1,1,2
SAN PEDRO,desnutricion aguda,desnutricion moderada (m),2007-07-01,1,2,0,0,1,2,3
SAN PEDRO DE BUENA VISTA,desnutricion aguda,desnutricion moderada (m),2007-07-01,29,23,18,22,47,45,92
SAN PEDRO(PND),desnutricion aguda,desnutricion moderada (m),2007-07-01,4,1,0,1,4,2,6
SAN RAFAEL,desnutricion aguda,desnutricion moderada (m),2007-07-01,0,2,1,1,1,3,4
SAN RAMON,desnutricion aguda,desnutricion moderada (m),2007-07-01,0,5,1,1,1,6,7
SANTA ANA,desnutricion aguda,desnutricion moderada (m),2007-07-01,6,1,1,1,7,2,9
SANTA CRUZ DE LA SIERRA,desnutricion aguda,desnutricion moderada (m),2007-07-01,48,47,10,22,58,69,127
SANTA ROSA,desnutricion aguda,desnutricion moderada (m),2007-07-01,0,1,1,1,1,2,3
SANTA ROSA DEL SARA,desnutricion aguda,desnutricion moderada (m),2007-07-01,3,4,0,0,3,4,7
SANTIAGO DE HUARI,desnutricion aguda,desnutricion moderada (m),2007-07-01,3,0,0,0,3,0,3
SANTIVAÑES,desnutricion aguda,desnutricion moderada (m),2007-07-01,0,1,0,2,0,3,3
SANTUARIO DE QUILLACAS,desnutricion aguda,desnutricion moderada (m),2007-07-01,1,0,0,0,1,0,1
SENA,desnutricion aguda,desnutricion moderada (m),2007-07-01,0,2,0,0,0,2,2
SICAYA,desnutricion aguda,desnutricion moderada (m),2007-07-01,0,1,3,0,3,1,4
SIPE SIPE,desnutricion aguda,desnutricion moderada (m),2007-07-01,10,11,2,5,12,16,28
SOPACHUY,desnutricion aguda,desnutricion moderada (m),2007-07-01,7,13,7,27,14,40,54
SORACACHI,desnutricion aguda,desnutricion moderada (m),2007-07-01,2,2,2,0,4,2,6
SUCRE,desnutricion aguda,desnutricion moderada (m),2007-07-01,47,39,32,40,79,79,158
TACOBAMBA,desnutricion aguda,desnutricion moderada (m),2007-07-01,15,15,4,8,19,23,42
TACOPAYA,desnutricion aguda,desnutricion moderada (m),2007-07-01,7,7,5,8,12,15,27
TAHUA,desnutricion aguda,desnutricion moderada (m),2007-07-01,0,0,1,0,1,0,1
TAPACARI,desnutricion aguda,desnutricion moderada (m),2007-07-01,23,25,13,10,36,35,71
TARABUCO,desnutricion aguda,desnutricion moderada (m),2007-07-01,55,45,28,45,83,90,173
TARATA,desnutricion aguda,desnutricion moderada (m),2007-07-01,3,4,1,1,4,5,9
TARIJA,desnutricion aguda,desnutricion moderada (m),2007-07-01,20,16,11,10,31,26,57
TARVITA,desnutricion aguda,desnutricion moderada (m),2007-07-01,23,29,35,34,58,63,121
TINGUIPAYA,desnutricion aguda,desnutricion moderada (m),2007-07-01,13,16,17,12,30,28,58
TIQUIPAYA,desnutricion aguda,desnutricion moderada (m),2007-07-01,2,3,3,6,5,9,14
TIRAQUE (CBBA),desnutricion aguda,desnutricion moderada (m),2007-07-01,13,13,18,19,31,32,63
TOCO,desnutricion aguda,desnutricion moderada (m),2007-07-01,0,3,1,1,1,4,5
TOMAVE,desnutricion aguda,desnutricion moderada (m),2007-07-01,2,7,3,4,5,11,16
TOMINA,desnutricion aguda,desnutricion moderada (m),2007-07-01,20,13,14,16,34,29,63
TORO TORO,desnutricion aguda,desnutricion moderada (m),2007-07-01,11,6,2,5,13,11,24
TOTORA(CBBA),desnutricion aguda,desnutricion moderada (m),2007-07-01,10,4,3,2,13,6,19
TOTORA(ORR),desnutricion aguda,desnutricion moderada (m),2007-07-01,1,0,2,0,3,0,3
TRIGAL,desnutricion aguda,desnutricion moderada (m),2007-07-01,2,0,0,0,2,0,2
TRINIDAD,desnutricion aguda,desnutricion moderada (m),2007-07-01,27,23,13,12,40,35,75
TUPIZA,desnutricion aguda,desnutricion moderada (m),2007-07-01,7,5,8,10,15,15,30
TURCO,desnutricion aguda,desnutricion moderada (m),2007-07-01,1,0,0,0,1,0,1
UNCIA,desnutricion aguda,desnutricion moderada (m),2007-07-01,22,10,15,7,37,17,54
URIONDO (A. CONCEPCION),desnutricion aguda,desnutricion moderada (m),2007-07-01,1,0,1,3,2,3,5
UYUNI,desnutricion aguda,desnutricion moderada (m),2007-07-01,7,8,5,8,12,16,28
VACAS,desnutricion aguda,desnutricion moderada (m),2007-07-01,3,5,1,2,4,7,11
VALLEGRANDE,desnutricion aguda,desnutricion moderada (m),2007-07-01,2,3,0,2,2,5,7
VIACHA,desnutricion aguda,desnutricion moderada (m),2007-07-01,5,5,5,4,10,9,19
VILA VILA,desnutricion aguda,desnutricion moderada (m),2007-07-01,3,0,4,4,7,4,11
VILLA MONTES,desnutricion aguda,desnutricion moderada (m),2007-07-01,1,3,0,1,1,4,5
VILLA NUEVA (LOMA ALTA),desnutricion aguda,desnutricion moderada (m),2007-07-01,4,6,1,4,5,10,15
VILLA RIVERO,desnutricion aguda,desnutricion moderada (m),2007-07-01,0,0,1,1,1,1,2
VILLA SERRANO,desnutricion aguda,desnutricion moderada (m),2007-07-01,9,4,8,7,17,11,28
VILLA TUNARI,desnutricion aguda,desnutricion moderada (m),2007-07-01,20,10,12,13,32,23,55
VILLA VACA GUZMAN (MUYUPAMPA),desnutricion aguda,desnutricion moderada (m),2007-07-01,1,1,0,0,1,1,2
VILLAZON,desnutricion aguda,desnutricion moderada (m),2007-07-01,19,16,7,11,26,27,53
VINTO,desnutricion aguda,desnutricion moderada (m),2007-07-01,0,1,0,1,0,2,2
VITICHI,desnutricion aguda,desnutricion moderada (m),2007-07-01,12,15,11,20,23,35,58
WARNES,desnutricion aguda,desnutricion moderada (m),2007-07-01,5,2,1,1,6,3,9
YACUIBA,desnutricion aguda,desnutricion moderada (m),2007-07-01,3,7,6,5,9,12,21
YAMPARAEZ,desnutricion aguda,desnutricion moderada (m),2007-07-01,9,11,17,18,26,29,55
YAPACANI,desnutricion aguda,desnutricion moderada (m),2007-07-01,8,7,3,3,11,10,21
YOCALLA,desnutricion aguda,desnutricion moderada (m),2007-07-01,3,0,2,0,5,0,5
YOTALA,desnutricion aguda,desnutricion moderada (m),2007-07-01,1,0,0,0,1,0,1
YUNCHARA,desnutricion aguda,desnutricion moderada (m),2007-07-01,9,0,6,4,15,4,19
ZUDAÑEZ,desnutricion aguda,desnutricion moderada (m),2007-07-01,11,8,10,12,21,20,41
ACACIO,desnutricion aguda,desnutricion moderada (m),2007-08-01,5,8,10,10,15,18,33
AIQUILE,desnutricion aguda,desnutricion moderada (m),2007-08-01,6,11,6,14,12,25,37
ALALAY,desnutricion aguda,desnutricion moderada (m),2007-08-01,5,6,1,7,6,13,19
ALCALA,desnutricion aguda,desnutricion moderada (m),2007-08-01,0,6,3,0,3,6,9
ANDAMARCA,desnutricion aguda,desnutricion moderada (m),2007-08-01,1,0,0,0,1,0,1
ANTEQUERA,desnutricion aguda,desnutricion moderada (m),2007-08-01,0,1,0,3,0,4,4
ANZALDO,desnutricion aguda,desnutricion moderada (m),2007-08-01,3,4,0,0,3,4,7
ARAMPAMPA,desnutricion aguda,desnutricion moderada (m),2007-08-01,14,13,9,11,23,24,47
ARANI,desnutricion aguda,desnutricion moderada (m),2007-08-01,3,1,1,1,4,2,6
ARBIETO,desnutricion aguda,desnutricion moderada (m),2007-08-01,0,1,1,0,1,1,2
ARQUE,desnutricion aguda,desnutricion moderada (m),2007-08-01,23,18,16,15,39,33,72
ASCENCION DE GUARAYOS,desnutricion aguda,desnutricion moderada (m),2007-08-01,9,23,6,17,15,40,55
ATOCHA,desnutricion aguda,desnutricion moderada (m),2007-08-01,2,3,0,1,2,4,6
AYOPAYA (V. DE INDEPENDENCIA),desnutricion aguda,desnutricion moderada (m),2007-08-01,10,17,7,12,17,29,46
AZURDUY,desnutricion aguda,desnutricion moderada (m),2007-08-01,14,28,10,24,24,52,76
BAURES,desnutricion aguda,desnutricion moderada (m),2007-08-01,1,3,1,1,2,4,6
BELEN DE ANDAMARCA,desnutricion aguda,desnutricion moderada (m),2007-08-01,2,0,0,1,2,1,3
BELEN DE URMIRI,desnutricion aguda,desnutricion moderada (m),2007-08-01,2,0,0,0,2,0,2
BELLA FLOR,desnutricion aguda,desnutricion moderada (m),2007-08-01,1,2,1,0,2,2,4
BERMEJO,desnutricion aguda,desnutricion moderada (m),2007-08-01,2,0,3,2,5,2,7
BETANZOS,desnutricion aguda,desnutricion moderada (m),2007-08-01,27,27,25,20,52,47,99
BOLIVAR,desnutricion aguda,desnutricion moderada (m),2007-08-01,8,14,10,9,18,23,41
BOLPEBRA,desnutricion aguda,desnutricion moderada (m),2007-08-01,0,0,0,1,0,1,1
BOYUIBE,desnutricion aguda,desnutricion moderada (m),2007-08-01,0,0,0,1,0,1,1
BUENA VISTA,desnutricion aguda,desnutricion moderada (m),2007-08-01,1,0,1,0,2,0,2
CABEZAS,desnutricion aguda,desnutricion moderada (m),2007-08-01,2,3,3,5,5,8,13
"CAIZA ""D""",desnutricion aguda,desnutricion moderada (m),2007-08-01,5,3,4,5,9,8,17
CAJUATA,desnutricion aguda,desnutricion moderada (m),2007-08-01,1,2,0,1,1,3,4
CAMARGO,desnutricion aguda,desnutricion moderada (m),2007-08-01,9,9,6,19,15,28,43
CAMATAQUI (C. VILLA ABECIA),desnutricion aguda,desnutricion moderada (m),2007-08-01,1,0,2,2,3,2,5
CAMIRI,desnutricion aguda,desnutricion moderada (m),2007-08-01,5,9,5,5,10,14,24
CAPINOTA,desnutricion aguda,desnutricion moderada (m),2007-08-01,6,10,6,6,12,16,28
CARACOLLO,desnutricion aguda,desnutricion moderada (m),2007-08-01,2,1,1,1,3,2,5
CARAPARI,desnutricion aguda,desnutricion moderada (m),2007-08-01,1,2,1,4,2,6,8
CARIPUYO,desnutricion aguda,desnutricion moderada (m),2007-08-01,13,10,16,13,29,23,52
CARMEN RIVERO TORREZ,desnutricion aguda,desnutricion moderada (m),2007-08-01,6,5,1,1,7,6,13
CHALLAPATA,desnutricion aguda,desnutricion moderada (m),2007-08-01,8,9,4,6,12,15,27
CHAQUI,desnutricion aguda,desnutricion moderada (m),2007-08-01,1,1,3,0,4,1,5
CHARAGUA,desnutricion aguda,desnutricion moderada (m),2007-08-01,1,3,1,4,2,7,9
CHAYANTA,desnutricion aguda,desnutricion moderada (m),2007-08-01,23,23,21,32,44,55,99
CHIMORE,desnutricion aguda,desnutricion moderada (m),2007-08-01,10,3,4,2,14,5,19
CHOQUE COTA,desnutricion aguda,desnutricion moderada (m),2007-08-01,1,0,0,1,1,1,2
COBIJA,desnutricion aguda,desnutricion moderada (m),2007-08-01,11,16,1,2,12,18,30
COCHABAMBA,desnutricion aguda,desnutricion moderada (m),2007-08-01,77,96,49,47,126,143,269
COIPASA,desnutricion aguda,desnutricion moderada (m),2007-08-01,1,0,0,0,1,0,1
COLCAPIRHUA,desnutricion aguda,desnutricion moderada (m),2007-08-01,13,7,7,4,20,11,31
"COLCHA ""K""",desnutricion aguda,desnutricion moderada (m),2007-08-01,2,1,1,0,3,1,4
COLOMI,desnutricion aguda,desnutricion moderada (m),2007-08-01,5,10,5,5,10,15,25
COLPA BELGICA,desnutricion aguda,desnutricion moderada (m),2007-08-01,1,1,0,0,1,1,2
COLQUECHACA,desnutricion aguda,desnutricion moderada (m),2007-08-01,21,27,19,13,40,40,80
COLQUIRI,desnutricion aguda,desnutricion moderada (m),2007-08-01,4,1,0,0,4,1,5
COMARAPA,desnutricion aguda,desnutricion moderada (m),2007-08-01,6,5,2,5,8,10,18
CONCEPCION,desnutricion aguda,desnutricion moderada (m),2007-08-01,2,3,1,2,3,5,8
CORQUE,desnutricion aguda,desnutricion moderada (m),2007-08-01,0,1,1,0,1,1,2
COTAGAITA,desnutricion aguda,desnutricion moderada (m),2007-08-01,13,23,10,16,23,39,62
COTOCA,desnutricion aguda,desnutricion moderada (m),2007-08-01,4,8,6,6,10,14,24
CUATRO CAÑADAS,desnutricion aguda,desnutricion moderada (m),2007-08-01,1,4,1,1,2,5,7
CUCHUMUELA (V. G. VILLARROEL),desnutricion aguda,desnutricion moderada (m),2007-08-01,1,2,2,2,3,4,7
CULPINA,desnutricion aguda,desnutricion moderada (m),2007-08-01,13,14,8,8,21,22,43
CURAHUARA DE CARANGAS,desnutricion aguda,desnutricion moderada (m),2007-08-01,1,1,0,0,1,1,2
CURVA,desnutricion aguda,desnutricion moderada (m),2007-08-01,4,2,2,1,6,3,9
EL CHORO,desnutricion aguda,desnutricion moderada (m),2007-08-01,0,0,0,1,0,1,1
EL PUENTE(STC),desnutricion aguda,desnutricion moderada (m),2007-08-01,5,2,3,0,8,2,10
EL PUENTE(TJA),desnutricion aguda,desnutricion moderada (m),2007-08-01,0,1,1,1,1,2,3
EL TORNO,desnutricion aguda,desnutricion moderada (m),2007-08-01,4,3,3,1,7,4,11
EL VILLAR,desnutricion aguda,desnutricion moderada (m),2007-08-01,2,9,4,6,6,15,21
ENTRE RIOS,desnutricion aguda,desnutricion moderada (m),2007-08-01,7,6,2,4,9,10,19
ENTRE RIOS,desnutricion aguda,desnutricion moderada (m),2007-08-01,2,0,3,2,5,2,7
FERNANDEZ ALONSO,desnutricion aguda,desnutricion moderada (m),2007-08-01,2,0,0,0,2,0,2
FILADELFIA,desnutricion aguda,desnutricion moderada (m),2007-08-01,0,2,0,0,0,2,2
GENERAL SAAVEDRA,desnutricion aguda,desnutricion moderada (m),2007-08-01,3,7,5,4,8,11,19
GUAYARAMERIN,desnutricion aguda,desnutricion moderada (m),2007-08-01,23,22,7,6,30,28,58
GUTIERREZ,desnutricion aguda,desnutricion moderada (m),2007-08-01,9,5,5,4,14,9,23
HUACARETA,desnutricion aguda,desnutricion moderada (m),2007-08-01,5,3,2,4,7,7,14
HUACAYA (VILLA DE HUACAYA),desnutricion aguda,desnutricion moderada (m),2007-08-01,0,0,1,1,1,1,2
HUANUNI,desnutricion aguda,desnutricion moderada (m),2007-08-01,1,2,1,0,2,2,4
HUARACAJE,desnutricion aguda,desnutricion moderada (m),2007-08-01,1,1,1,1,2,2,4
HUAYLLAMARCA,desnutricion aguda,desnutricion moderada (m),2007-08-01,0,2,1,1,1,3,4
ICLA,desnutricion aguda,desnutricion moderada (m),2007-08-01,27,31,16,23,43,54,97
INCAHUASI,desnutricion aguda,desnutricion moderada (m),2007-08-01,33,31,41,24,74,55,129
INGAVI (HUMAITA),desnutricion aguda,desnutricion moderada (m),2007-08-01,1,0,0,0,1,0,1
INQUISIVI,desnutricion aguda,desnutricion moderada (m),2007-08-01,4,1,0,1,4,2,6
LA GUARDIA,desnutricion aguda,desnutricion moderada (m),2007-08-01,7,13,3,5,10,18,28
LAGUNILLAS,desnutricion aguda,desnutricion moderada (m),2007-08-01,4,1,0,1,4,2,6
LAS CARRERAS,desnutricion aguda,desnutricion moderada (m),2007-08-01,0,2,1,0,1,2,3
LLALLAGUA,desnutricion aguda,desnutricion moderada (m),2007-08-01,29,19,27,22,56,41,97
LLICA,desnutricion aguda,desnutricion moderada (m),2007-08-01,2,1,0,1,2,2,4
LORETO,desnutricion aguda,desnutricion moderada (m),2007-08-01,2,2,1,3,3,5,8
MACHARETI,desnutricion aguda,desnutricion moderada (m),2007-08-01,3,2,1,2,4,4,8
MAGDALENA,desnutricion aguda,desnutricion moderada (m),2007-08-01,0,3,0,0,0,3,3
MAIRANA,desnutricion aguda,desnutricion moderada (m),2007-08-01,0,0,1,1,1,1,2
MECAPACA,desnutricion aguda,desnutricion moderada (m),2007-08-01,1,2,3,2,4,4,8
MINEROS,desnutricion aguda,desnutricion moderada (m),2007-08-01,3,7,0,2,3,9,12
MIZQUE,desnutricion aguda,desnutricion moderada (m),2007-08-01,11,21,2,10,13,31,44
MOJOCOYA,desnutricion aguda,desnutricion moderada (m),2007-08-01,3,5,0,5,3,10,13
MONTEAGUDO,desnutricion aguda,desnutricion moderada (m),2007-08-01,5,13,5,4,10,17,27
MONTERO,desnutricion aguda,desnutricion moderada (m),2007-08-01,20,22,13,16,33,38,71
MORO MORO,desnutricion aguda,desnutricion moderada (m),2007-08-01,1,1,1,1,2,2,4
MOROCHATA,desnutricion aguda,desnutricion moderada (m),2007-08-01,16,22,13,19,29,41,70
NACEBE (SANTA ROSA DEL ABUNA),desnutricion aguda,desnutricion moderada (m),2007-08-01,0,0,0,1,0,1,1
NUEVO MANOA (NUEVA ESPERANZA),desnutricion aguda,desnutricion moderada (m),2007-08-01,0,1,1,0,1,1,2
OCURI,desnutricion aguda,desnutricion moderada (m),2007-08-01,10,10,11,11,21,21,42
OKINAWA,desnutricion aguda,desnutricion moderada (m),2007-08-01,3,3,1,1,4,4,8
OMEREQUE,desnutricion aguda,desnutricion moderada (m),2007-08-01,1,0,1,0,2,0,2
ORURO,desnutricion aguda,desnutricion moderada (m),2007-08-01,29,16,4,11,33,27,60
PADCAYA,desnutricion aguda,desnutricion moderada (m),2007-08-01,2,4,2,2,4,6,10
PADILLA,desnutricion aguda,desnutricion moderada (m),2007-08-01,12,6,6,14,18,20,38
PAILON,desnutricion aguda,desnutricion moderada (m),2007-08-01,7,5,3,3,10,8,18
PALCA,desnutricion aguda,desnutricion moderada (m),2007-08-01,3,0,0,0,3,0,3
PAMPA GRANDE,desnutricion aguda,desnutricion moderada (m),2007-08-01,0,0,0,1,0,1,1
PASORAPA,desnutricion aguda,desnutricion moderada (m),2007-08-01,1,1,2,1,3,2,5
PAZÑA,desnutricion aguda,desnutricion moderada (m),2007-08-01,1,0,0,0,1,0,1
POCOATA,desnutricion aguda,desnutricion moderada (m),2007-08-01,15,21,11,15,26,36,62
POCONA,desnutricion aguda,desnutricion moderada (m),2007-08-01,1,4,2,5,3,9,12
POJO (CBBA),desnutricion aguda,desnutricion moderada (m),2007-08-01,2,2,0,1,2,3,5
POOPO,desnutricion aguda,desnutricion moderada (m),2007-08-01,0,0,0,1,0,1,1
PORCO,desnutricion aguda,desnutricion moderada (m),2007-08-01,3,11,1,4,4,15,19
POROMA,desnutricion aguda,desnutricion moderada (m),2007-08-01,33,23,21,18,54,41,95
PORONGO,desnutricion aguda,desnutricion moderada (m),2007-08-01,0,0,0,1,0,1,1
PORTACHUELO,desnutricion aguda,desnutricion moderada (m),2007-08-01,3,2,0,0,3,2,5
PORVENIR,desnutricion aguda,desnutricion moderada (m),2007-08-01,0,1,0,2,0,3,3
POSTRER VALLE,desnutricion aguda,desnutricion moderada (m),2007-08-01,2,2,1,2,3,4,7
POTOSI,desnutricion aguda,desnutricion moderada (m),2007-08-01,77,76,34,29,111,105,216
PRESTO,desnutricion aguda,desnutricion moderada (m),2007-08-01,14,7,12,6,26,13,39
PUCARA,desnutricion aguda,desnutricion moderada (m),2007-08-01,1,0,1,0,2,0,2
PUERTO GONZALO MORENO,desnutricion aguda,desnutricion moderada (m),2007-08-01,8,5,4,5,12,10,22
PUERTO QUIJARRO,desnutricion aguda,desnutricion moderada (m),2007-08-01,0,6,0,1,0,7,7
PUERTO RICO,desnutricion aguda,desnutricion moderada (m),2007-08-01,4,5,6,1,10,6,16
PUERTO SUAREZ,desnutricion aguda,desnutricion moderada (m),2007-08-01,2,2,0,0,2,2,4
PUERTO VILLARROEL,desnutricion aguda,desnutricion moderada (m),2007-08-01,10,18,12,12,22,30,52
PUNA,desnutricion aguda,desnutricion moderada (m),2007-08-01,41,46,18,41,59,87,146
PUNATA,desnutricion aguda,desnutricion moderada (m),2007-08-01,4,5,2,2,6,7,13
QUILLACOLLO,desnutricion aguda,desnutricion moderada (m),2007-08-01,7,14,11,8,18,22,40
QUIME,desnutricion aguda,desnutricion moderada (m),2007-08-01,0,0,2,0,2,0,2
QUIRUSILLAS,desnutricion aguda,desnutricion moderada (m),2007-08-01,0,0,0,1,0,1,1
RAVELO,desnutricion aguda,desnutricion moderada (m),2007-08-01,49,32,27,31,76,63,139
REYES,desnutricion aguda,desnutricion moderada (m),2007-08-01,1,0,2,1,3,1,4
RIBERALTA,desnutricion aguda,desnutricion moderada (m),2007-08-01,46,79,19,29,65,108,173
ROBORE,desnutricion aguda,desnutricion moderada (m),2007-08-01,2,0,1,3,3,3,6
RURRENABAQUE,desnutricion aguda,desnutricion moderada (m),2007-08-01,0,4,0,1,0,5,5
SACABA,desnutricion aguda,desnutricion moderada (m),2007-08-01,10,19,11,7,21,26,47
SACACA,desnutricion aguda,desnutricion moderada (m),2007-08-01,29,42,26,37,55,79,134
SALINAS DE GARCI MENDOZA,desnutricion aguda,desnutricion moderada (m),2007-08-01,2,0,0,0,2,0,2
SAMAIPATA,desnutricion aguda,desnutricion moderada (m),2007-08-01,2,0,0,1,2,1,3
SAN ANDRES,desnutricion aguda,desnutricion moderada (m),2007-08-01,8,14,1,7,9,21,30
SAN ANTONIO DE ESMORUCO,desnutricion aguda,desnutricion moderada (m),2007-08-01,0,2,0,1,0,3,3
SAN ANTONIO DE LOMERIO,desnutricion aguda,desnutricion moderada (m),2007-08-01,9,11,3,4,12,15,27
SAN BENITO,desnutricion aguda,desnutricion moderada (m),2007-08-01,1,1,2,2,3,3,6
SAN BORJA,desnutricion aguda,desnutricion moderada (m),2007-08-01,19,26,24,21,43,47,90
SAN CARLOS,desnutricion aguda,desnutricion moderada (m),2007-08-01,3,2,0,0,3,2,5
SAN IGNACIO,desnutricion aguda,desnutricion moderada (m),2007-08-01,25,21,12,14,37,35,72
SAN IGNACIO DE VELASCO,desnutricion aguda,desnutricion moderada (m),2007-08-01,47,37,28,36,75,73,148
SAN JAVIER(BNI),desnutricion aguda,desnutricion moderada (m),2007-08-01,2,0,1,1,3,1,4
SAN JAVIER(STC),desnutricion aguda,desnutricion moderada (m),2007-08-01,2,3,0,0,2,3,5
SAN JOAQUIN,desnutricion aguda,desnutricion moderada (m),2007-08-01,1,0,0,0,1,0,1
SAN JOSE DE CHIQUITOS,desnutricion aguda,desnutricion moderada (m),2007-08-01,3,1,6,3,9,4,13
SAN JUAN DE YAPACANI,desnutricion aguda,desnutricion moderada (m),2007-08-01,1,0,0,0,1,0,1
SAN JULIAN,desnutricion aguda,desnutricion moderada (m),2007-08-01,3,1,2,1,5,2,7
SAN LORENZO(PND),desnutricion aguda,desnutricion moderada (m),2007-08-01,4,1,1,1,5,2,7
SAN LORENZO(TJA),desnutricion aguda,desnutricion moderada (m),2007-08-01,7,7,9,10,16,17,33
SAN LUCAS,desnutricion aguda,desnutricion moderada (m),2007-08-01,63,56,51,59,114,115,229
SAN MIGUEL DE VELASCO,desnutricion aguda,desnutricion moderada (m),2007-08-01,0,1,0,2,0,3,3
SAN PABLO DE LIPEZ,desnutricion aguda,desnutricion moderada (m),2007-08-01,2,1,2,1,4,2,6
SAN PEDRO,desnutricion aguda,desnutricion moderada (m),2007-08-01,1,2,2,2,3,4,7
SAN PEDRO DE BUENA VISTA,desnutricion aguda,desnutricion moderada (m),2007-08-01,33,18,21,22,54,40,94
SAN PEDRO(PND),desnutricion aguda,desnutricion moderada (m),2007-08-01,3,1,0,1,3,2,5
SAN RAFAEL,desnutricion aguda,desnutricion moderada (m),2007-08-01,0,2,1,0,1,2,3
SAN RAMON,desnutricion aguda,desnutricion moderada (m),2007-08-01,6,4,3,2,9,6,15
SANTA ANA,desnutricion aguda,desnutricion moderada (m),2007-08-01,3,1,0,0,3,1,4
SANTA CRUZ DE LA SIERRA,desnutricion aguda,desnutricion moderada (m),2007-08-01,54,58,19,26,73,84,157
SANTA ROSA,desnutricion aguda,desnutricion moderada (m),2007-08-01,3,3,0,0,3,3,6
SANTA ROSA DEL SARA,desnutricion aguda,desnutricion moderada (m),2007-08-01,0,1,3,1,3,2,5
SANTIAGO DE HUARI,desnutricion aguda,desnutricion moderada (m),2007-08-01,0,0,1,0,1,0,1
SANTIVAÑES,desnutricion aguda,desnutricion moderada (m),2007-08-01,0,3,0,0,0,3,3
SANTUARIO DE QUILLACAS,desnutricion aguda,desnutricion moderada (m),2007-08-01,2,0,0,4,2,4,6
SENA,desnutricion aguda,desnutricion moderada (m),2007-08-01,4,1,0,0,4,1,5
SICAYA,desnutricion aguda,desnutricion moderada (m),2007-08-01,0,1,2,0,2,1,3
SIPE SIPE,desnutricion aguda,desnutricion moderada (m),2007-08-01,8,10,2,0,10,10,20
SOPACHUY,desnutricion aguda,desnutricion moderada (m),2007-08-01,9,15,8,23,17,38,55
SUCRE,desnutricion aguda,desnutricion moderada (m),2007-08-01,38,36,37,40,75,76,151
TACACHI,desnutricion aguda,desnutricion moderada (m),2007-08-01,0,0,1,1,1,1,2
TACOBAMBA,desnutricion aguda,desnutricion moderada (m),2007-08-01,5,10,2,6,7,16,23
TACOPAYA,desnutricion aguda,desnutricion moderada (m),2007-08-01,11,10,16,17,27,27,54
TAPACARI,desnutricion aguda,desnutricion moderada (m),2007-08-01,19,25,12,15,31,40,71
TARABUCO,desnutricion aguda,desnutricion moderada (m),2007-08-01,55,52,41,50,96,102,198
TARATA,desnutricion aguda,desnutricion moderada (m),2007-08-01,0,1,4,0,4,1,5
TARIJA,desnutricion aguda,desnutricion moderada (m),2007-08-01,20,20,14,18,34,38,72
TARVITA,desnutricion aguda,desnutricion moderada (m),2007-08-01,21,25,20,37,41,62,103
TINGUIPAYA,desnutricion aguda,desnutricion moderada (m),2007-08-01,16,19,20,16,36,35,71
TIQUIPAYA,desnutricion aguda,desnutricion moderada (m),2007-08-01,0,2,0,1,0,3,3
TIRAQUE (CBBA),desnutricion aguda,desnutricion moderada (m),2007-08-01,19,21,15,9,34,30,64
TOCO,desnutricion aguda,desnutricion moderada (m),2007-08-01,2,1,0,1,2,2,4
TOLATA,desnutricion aguda,desnutricion moderada (m),2007-08-01,0,1,0,0,0,1,1
TOLEDO,desnutricion aguda,desnutricion moderada (m),2007-08-01,1,1,0,2,1,3,4
TOMAVE,desnutricion aguda,desnutricion moderada (m),2007-08-01,2,3,2,1,4,4,8
TOMINA,desnutricion aguda,desnutricion moderada (m),2007-08-01,21,13,16,22,37,35,72
TORO TORO,desnutricion aguda,desnutricion moderada (m),2007-08-01,16,11,7,9,23,20,43
TOTORA(CBBA),desnutricion aguda,desnutricion moderada (m),2007-08-01,7,7,4,2,11,9,20
TOTORA(ORR),desnutricion aguda,desnutricion moderada (m),2007-08-01,0,0,1,0,1,0,1
TRINIDAD,desnutricion aguda,desnutricion moderada (m),2007-08-01,15,25,6,9,21,34,55
TUPIZA,desnutricion aguda,desnutricion moderada (m),2007-08-01,9,7,16,13,25,20,45
TURCO,desnutricion aguda,desnutricion moderada (m),2007-08-01,0,1,0,0,0,1,1
UNCIA,desnutricion aguda,desnutricion moderada (m),2007-08-01,25,21,13,14,38,35,73
URIONDO (A. CONCEPCION),desnutricion aguda,desnutricion moderada (m),2007-08-01,1,5,0,5,1,10,11
URUBICHA,desnutricion aguda,desnutricion moderada (m),2007-08-01,2,3,5,4,7,7,14
UYUNI,desnutricion aguda,desnutricion moderada (m),2007-08-01,3,3,0,3,3,6,9
VACAS,desnutricion aguda,desnutricion moderada (m),2007-08-01,6,6,6,5,12,11,23
VALLEGRANDE,desnutricion aguda,desnutricion moderada (m),2007-08-01,0,1,0,0,0,1,1
VIACHA,desnutricion aguda,desnutricion moderada (m),2007-08-01,2,5,3,3,5,8,13
VILLA MONTES,desnutricion aguda,desnutricion moderada (m),2007-08-01,1,4,2,1,3,5,8
VILLA NUEVA (LOMA ALTA),desnutricion aguda,desnutricion moderada (m),2007-08-01,3,9,1,4,4,13,17
VILLA RIVERO,desnutricion aguda,desnutricion moderada (m),2007-08-01,2,3,0,2,2,5,7
VILLA SERRANO,desnutricion aguda,desnutricion moderada (m),2007-08-01,8,7,11,11,19,18,37
VILLA TUNARI,desnutricion aguda,desnutricion moderada (m),2007-08-01,19,19,2,16,21,35,56
VILLA VACA GUZMAN (MUYUPAMPA),desnutricion aguda,desnutricion moderada (m),2007-08-01,1,0,1,0,2,0,2
VILLAZON,desnutricion aguda,desnutricion moderada (m),2007-08-01,19,23,13,16,32,39,71
VINTO,desnutricion aguda,desnutricion moderada (m),2007-08-01,1,1,0,1,1,2,3
VITICHI,desnutricion aguda,desnutricion moderada (m),2007-08-01,7,6,7,8,14,14,28
WARNES,desnutricion aguda,desnutricion moderada (m),2007-08-01,3,10,1,10,4,20,24
YACUIBA,desnutricion aguda,desnutricion moderada (m),2007-08-01,4,3,3,5,7,8,15
YAMPARAEZ,desnutricion aguda,desnutricion moderada (m),2007-08-01,8,4,10,21,18,25,43
YAPACANI,desnutricion aguda,desnutricion moderada (m),2007-08-01,9,7,2,3,11,10,21
YOCALLA,desnutricion aguda,desnutricion moderada (m),2007-08-01,3,2,0,0,3,2,5
YOTALA,desnutricion aguda,desnutricion moderada (m),2007-08-01,3,0,0,0,3,0,3
YUNCHARA,desnutricion aguda,desnutricion moderada (m),2007-08-01,3,3,7,5,10,8,18
ZUDAÑEZ,desnutricion aguda,desnutricion moderada (m),2007-08-01,13,14,14,10,27,24,51
ACACIO,desnutricion aguda,desnutricion moderada (m),2007-09-01,12,14,9,12,21,26,47
AIQUILE,desnutricion aguda,desnutricion moderada (m),2007-09-01,9,7,18,17,27,24,51
ALALAY,desnutricion aguda,desnutricion moderada (m),2007-09-01,5,2,0,3,5,5,10
ALCALA,desnutricion aguda,desnutricion moderada (m),2007-09-01,4,8,5,6,9,14,23
ANDAMARCA,desnutricion aguda,desnutricion moderada (m),2007-09-01,1,0,0,0,1,0,1
ANTEQUERA,desnutricion aguda,desnutricion moderada (m),2007-09-01,5,0,0,3,5,3,8
ANZALDO,desnutricion aguda,desnutricion moderada (m),2007-09-01,5,6,6,10,11,16,27
ARAMPAMPA,desnutricion aguda,desnutricion moderada (m),2007-09-01,17,12,16,9,33,21,54
ARANI,desnutricion aguda,desnutricion moderada (m),2007-09-01,3,4,3,5,6,9,15
ARBIETO,desnutricion aguda,desnutricion moderada (m),2007-09-01,2,3,2,4,4,7,11
ARQUE,desnutricion aguda,desnutricion moderada (m),2007-09-01,8,10,8,18,16,28,44
ATOCHA,desnutricion aguda,desnutricion moderada (m),2007-09-01,1,2,4,2,5,4,9
AYOPAYA (V. DE INDEPENDENCIA),desnutricion aguda,desnutricion moderada (m),2007-09-01,11,5,2,9,13,14,27
AZURDUY,desnutricion aguda,desnutricion moderada (m),2007-09-01,12,24,13,14,25,38,63
BAURES,desnutricion aguda,desnutricion moderada (m),2007-09-01,0,2,1,1,1,3,4
BELEN DE ANDAMARCA,desnutricion aguda,desnutricion moderada (m),2007-09-01,1,1,0,0,1,1,2
BELEN DE URMIRI,desnutricion aguda,desnutricion moderada (m),2007-09-01,1,1,1,0,2,1,3
BELLA FLOR,desnutricion aguda,desnutricion moderada (m),2007-09-01,2,2,1,1,3,3,6
BERMEJO,desnutricion aguda,desnutricion moderada (m),2007-09-01,3,1,5,4,8,5,13
BETANZOS,desnutricion aguda,desnutricion moderada (m),2007-09-01,19,24,21,16,40,40,80
BOLIVAR,desnutricion aguda,desnutricion moderada (m),2007-09-01,7,13,9,9,16,22,38
BOLPEBRA,desnutricion aguda,desnutricion moderada (m),2007-09-01,1,0,0,2,1,2,3
BOYUIBE,desnutricion aguda,desnutricion moderada (m),2007-09-01,1,2,1,0,2,2,4
BUENA VISTA,desnutricion aguda,desnutricion moderada (m),2007-09-01,0,1,0,1,0,2,2
CABEZAS,desnutricion aguda,desnutricion moderada (m),2007-09-01,4,0,0,2,4,2,6
"CAIZA ""D""",desnutricion aguda,desnutricion moderada (m),2007-09-01,3,2,0,2,3,4,7
CAJUATA,desnutricion aguda,desnutricion moderada (m),2007-09-01,2,2,4,0,6,2,8
CAMARGO,desnutricion aguda,desnutricion moderada (m),2007-09-01,5,9,14,17,19,26,45
CAMATAQUI (C. VILLA ABECIA),desnutricion aguda,desnutricion moderada (m),2007-09-01,1,0,3,0,4,0,4
CAMIRI,desnutricion aguda,desnutricion moderada (m),2007-09-01,10,8,10,6,20,14,34
CAPINOTA,desnutricion aguda,desnutricion moderada (m),2007-09-01,5,12,11,6,16,18,34
CARACOLLO,desnutricion aguda,desnutricion moderada (m),2007-09-01,0,1,1,0,1,1,2
CARAPARI,desnutricion aguda,desnutricion moderada (m),2007-09-01,0,1,0,0,0,1,1
CARIPUYO,desnutricion aguda,desnutricion moderada (m),2007-09-01,14,21,10,17,24,38,62
CARMEN RIVERO TORREZ,desnutricion aguda,desnutricion moderada (m),2007-09-01,2,5,2,1,4,6,10
CHALLAPATA,desnutricion aguda,desnutricion moderada (m),2007-09-01,12,1,1,4,13,5,18
CHAQUI,desnutricion aguda,desnutricion moderada (m),2007-09-01,3,2,0,1,3,3,6
CHARAGUA,desnutricion aguda,desnutricion moderada (m),2007-09-01,2,1,2,2,4,3,7
CHAYANTA,desnutricion aguda,desnutricion moderada (m),2007-09-01,11,17,14,14,25,31,56
CHIMORE,desnutricion aguda,desnutricion moderada (m),2007-09-01,3,0,4,2,7,2,9
CHOQUE COTA,desnutricion aguda,desnutricion moderada (m),2007-09-01,0,1,0,0,0,1,1
CLIZA,desnutricion aguda,desnutricion moderada (m),2007-09-01,0,0,0,1,0,1,1
COBIJA,desnutricion aguda,desnutricion moderada (m),2007-09-01,17,10,2,5,19,15,34
COCHABAMBA,desnutricion aguda,desnutricion moderada (m),2007-09-01,67,51,35,34,102,85,187
COIPASA,desnutricion aguda,desnutricion moderada (m),2007-09-01,0,1,0,0,0,1,1
COLCAPIRHUA,desnutricion aguda,desnutricion moderada (m),2007-09-01,10,7,6,5,16,12,28
"COLCHA ""K""",desnutricion aguda,desnutricion moderada (m),2007-09-01,2,4,0,1,2,5,7
COLOMI,desnutricion aguda,desnutricion moderada (m),2007-09-01,4,3,1,3,5,6,11
COLPA BELGICA,desnutricion aguda,desnutricion moderada (m),2007-09-01,0,2,0,0,0,2,2
COLQUECHACA,desnutricion aguda,desnutricion moderada (m),2007-09-01,17,10,15,13,32,23,55
COLQUIRI,desnutricion aguda,desnutricion moderada (m),2007-09-01,1,1,1,0,2,1,3
COMARAPA,desnutricion aguda,desnutricion moderada (m),2007-09-01,2,2,1,6,3,8,11
CONCEPCION,desnutricion aguda,desnutricion moderada (m),2007-09-01,1,2,0,1,1,3,4
CORQUE,desnutricion aguda,desnutricion moderada (m),2007-09-01,0,0,1,0,1,0,1
COTAGAITA,desnutricion aguda,desnutricion moderada (m),2007-09-01,7,14,6,9,13,23,36
COTOCA,desnutricion aguda,desnutricion moderada (m),2007-09-01,7,9,13,10,20,19,39
CUATRO CAÑADAS,desnutricion aguda,desnutricion moderada (m),2007-09-01,1,3,1,0,2,3,5
CUEVO,desnutricion aguda,desnutricion moderada (m),2007-09-01,1,1,1,2,2,3,5
CULPINA,desnutricion aguda,desnutricion moderada (m),2007-09-01,15,13,9,18,24,31,55
EL CHORO,desnutricion aguda,desnutricion moderada (m),2007-09-01,1,0,0,0,1,0,1
EL PUENTE(STC),desnutricion aguda,desnutricion moderada (m),2007-09-01,1,2,4,0,5,2,7
EL PUENTE(TJA),desnutricion aguda,desnutricion moderada (m),2007-09-01,4,1,2,2,6,3,9
EL TORNO,desnutricion aguda,desnutricion moderada (m),2007-09-01,0,8,0,7,0,15,15
EL VILLAR,desnutricion aguda,desnutricion moderada (m),2007-09-01,1,10,4,7,5,17,22
ENTRE RIOS,desnutricion aguda,desnutricion moderada (m),2007-09-01,1,4,5,4,6,8,14
ENTRE RIOS,desnutricion aguda,desnutricion moderada (m),2007-09-01,3,5,7,5,10,10,20
EUCALIPTUS,desnutricion aguda,desnutricion moderada (m),2007-09-01,1,0,0,0,1,0,1
EUREKA (SANTOS MERCADO),desnutricion aguda,desnutricion moderada (m),2007-09-01,2,0,3,1,5,1,6
FERNANDEZ ALONSO,desnutricion aguda,desnutricion moderada (m),2007-09-01,2,1,1,3,3,4,7
FILADELFIA,desnutricion aguda,desnutricion moderada (m),2007-09-01,1,1,0,0,1,1,2
GENERAL SAAVEDRA,desnutricion aguda,desnutricion moderada (m),2007-09-01,5,4,4,4,9,8,17
GUAYARAMERIN,desnutricion aguda,desnutricion moderada (m),2007-09-01,15,12,4,8,19,20,39
GUTIERREZ,desnutricion aguda,desnutricion moderada (m),2007-09-01,14,5,6,8,20,13,33
HUACARETA,desnutricion aguda,desnutricion moderada (m),2007-09-01,1,3,1,3,2,6,8
HUACAYA (VILLA DE HUACAYA),desnutricion aguda,desnutricion moderada (m),2007-09-01,0,0,1,0,1,0,1
HUANUNI,desnutricion aguda,desnutricion moderada (m),2007-09-01,4,2,1,1,5,3,8
HUARACAJE,desnutricion aguda,desnutricion moderada (m),2007-09-01,0,0,0,1,0,1,1
HUAYLLAMARCA,desnutricion aguda,desnutricion moderada (m),2007-09-01,1,0,0,0,1,0,1
ICHOCA,desnutricion aguda,desnutricion moderada (m),2007-09-01,0,1,0,1,0,2,2
ICLA,desnutricion aguda,desnutricion moderada (m),2007-09-01,22,29,25,19,47,48,95
INCAHUASI,desnutricion aguda,desnutricion moderada (m),2007-09-01,31,34,27,23,58,57,115
INGAVI (HUMAITA),desnutricion aguda,desnutricion moderada (m),2007-09-01,1,0,1,0,2,0,2
INQUISIVI,desnutricion aguda,desnutricion moderada (m),2007-09-01,8,5,0,1,8,6,14
LA GUARDIA,desnutricion aguda,desnutricion moderada (m),2007-09-01,8,12,8,3,16,15,31
LAGUNILLAS,desnutricion aguda,desnutricion moderada (m),2007-09-01,0,2,0,1,0,3,3
LAS CARRERAS,desnutricion aguda,desnutricion moderada (m),2007-09-01,0,0,0,1,0,1,1
LLALLAGUA,desnutricion aguda,desnutricion moderada (m),2007-09-01,12,16,16,13,28,29,57
LLICA,desnutricion aguda,desnutricion moderada (m),2007-09-01,1,3,0,0,1,3,4
MACHARETI,desnutricion aguda,desnutricion moderada (m),2007-09-01,1,4,1,5,2,9,11
MAGDALENA,desnutricion aguda,desnutricion moderada (m),2007-09-01,1,1,0,0,1,1,2
MAIRANA,desnutricion aguda,desnutricion moderada (m),2007-09-01,1,0,1,1,2,1,3
MECAPACA,desnutricion aguda,desnutricion moderada (m),2007-09-01,0,2,0,0,0,2,2
MINEROS,desnutricion aguda,desnutricion moderada (m),2007-09-01,4,3,0,1,4,4,8
MIZQUE,desnutricion aguda,desnutricion moderada (m),2007-09-01,12,8,6,5,18,13,31
MOJOCOYA,desnutricion aguda,desnutricion moderada (m),2007-09-01,0,1,1,0,1,1,2
MONTEAGUDO,desnutricion aguda,desnutricion moderada (m),2007-09-01,6,9,9,8,15,17,32
MONTERO,desnutricion aguda,desnutricion moderada (m),2007-09-01,13,19,12,11,25,30,55
MORO MORO,desnutricion aguda,desnutricion moderada (m),2007-09-01,0,3,0,2,0,5,5
MOROCHATA,desnutricion aguda,desnutricion moderada (m),2007-09-01,23,25,13,14,36,39,75
NUEVO MANOA (NUEVA ESPERANZA),desnutricion aguda,desnutricion moderada (m),2007-09-01,1,1,1,2,2,3,5
OCURI,desnutricion aguda,desnutricion moderada (m),2007-09-01,11,23,10,12,21,35,56
OKINAWA,desnutricion aguda,desnutricion moderada (m),2007-09-01,1,0,1,0,2,0,2
ORURO,desnutricion aguda,desnutricion moderada (m),2007-09-01,28,15,1,5,29,20,49
PADCAYA,desnutricion aguda,desnutricion moderada (m),2007-09-01,1,1,2,2,3,3,6
PADILLA,desnutricion aguda,desnutricion moderada (m),2007-09-01,6,6,8,7,14,13,27
PAILON,desnutricion aguda,desnutricion moderada (m),2007-09-01,3,4,0,2,3,6,9
PALCA,desnutricion aguda,desnutricion moderada (m),2007-09-01,6,2,0,0,6,2,8
PAMPA GRANDE,desnutricion aguda,desnutricion moderada (m),2007-09-01,0,0,1,0,1,0,1
POCOATA,desnutricion aguda,desnutricion moderada (m),2007-09-01,12,28,12,21,24,49,73
POCONA,desnutricion aguda,desnutricion moderada (m),2007-09-01,3,5,3,1,6,6,12
POJO (CBBA),desnutricion aguda,desnutricion moderada (m),2007-09-01,4,4,10,4,14,8,22
PORCO,desnutricion aguda,desnutricion moderada (m),2007-09-01,7,7,1,3,8,10,18
POROMA,desnutricion aguda,desnutricion moderada (m),2007-09-01,34,38,24,21,58,59,117
PORONGO,desnutricion aguda,desnutricion moderada (m),2007-09-01,4,1,1,2,5,3,8
PORTACHUELO,desnutricion aguda,desnutricion moderada (m),2007-09-01,0,2,0,4,0,6,6
PORVENIR,desnutricion aguda,desnutricion moderada (m),2007-09-01,0,0,0,1,0,1,1
POSTRER VALLE,desnutricion aguda,desnutricion moderada (m),2007-09-01,0,1,2,0,2,1,3
POTOSI,desnutricion aguda,desnutricion moderada (m),2007-09-01,89,70,30,29,119,99,218
PRESTO,desnutricion aguda,desnutricion moderada (m),2007-09-01,9,7,6,6,15,13,28
PUCARA,desnutricion aguda,desnutricion moderada (m),2007-09-01,0,0,1,0,1,0,1
PUERTO GONZALO MORENO,desnutricion aguda,desnutricion moderada (m),2007-09-01,6,5,5,4,11,9,20
PUERTO QUIJARRO,desnutricion aguda,desnutricion moderada (m),2007-09-01,1,0,0,0,1,0,1
PUERTO RICO,desnutricion aguda,desnutricion moderada (m),2007-09-01,8,3,5,0,13,3,16
PUERTO SILES,desnutricion aguda,desnutricion moderada (m),2007-09-01,1,0,0,1,1,1,2
PUERTO SUAREZ,desnutricion aguda,desnutricion moderada (m),2007-09-01,3,1,0,0,3,1,4
PUERTO VILLARROEL,desnutricion aguda,desnutricion moderada (m),2007-09-01,30,21,10,12,40,33,73
PUNA,desnutricion aguda,desnutricion moderada (m),2007-09-01,30,41,34,34,64,75,139
PUNATA,desnutricion aguda,desnutricion moderada (m),2007-09-01,23,24,16,14,39,38,77
QUILLACOLLO,desnutricion aguda,desnutricion moderada (m),2007-09-01,3,5,9,9,12,14,26
QUIME,desnutricion aguda,desnutricion moderada (m),2007-09-01,0,0,1,0,1,0,1
QUIRUSILLAS,desnutricion aguda,desnutricion moderada (m),2007-09-01,0,0,1,0,1,0,1
RAVELO,desnutricion aguda,desnutricion moderada (m),2007-09-01,53,34,37,39,90,73,163
REYES,desnutricion aguda,desnutricion moderada (m),2007-09-01,1,1,2,3,3,4,7
RIBERALTA,desnutricion aguda,desnutricion moderada (m),2007-09-01,43,72,23,31,66,103,169
ROBORE,desnutricion aguda,desnutricion moderada (m),2007-09-01,4,4,1,2,5,6,11
RURRENABAQUE,desnutricion aguda,desnutricion moderada (m),2007-09-01,2,0,0,0,2,0,2
SABAYA,desnutricion aguda,desnutricion moderada (m),2007-09-01,0,1,0,0,0,1,1
SACABA,desnutricion aguda,desnutricion moderada (m),2007-09-01,12,17,11,15,23,32,55
SACABAMBA,desnutricion aguda,desnutricion moderada (m),2007-09-01,1,1,0,0,1,1,2
SACACA,desnutricion aguda,desnutricion moderada (m),2007-09-01,25,26,17,24,42,50,92
SAIPINA,desnutricion aguda,desnutricion moderada (m),2007-09-01,1,1,0,0,1,1,2
SALINAS DE GARCI MENDOZA,desnutricion aguda,desnutricion moderada (m),2007-09-01,0,1,2,0,2,1,3
SAMAIPATA,desnutricion aguda,desnutricion moderada (m),2007-09-01,1,0,0,1,1,1,2
SAN AGUSTIN,desnutricion aguda,desnutricion moderada (m),2007-09-01,0,1,0,1,0,2,2
SAN ANDRES,desnutricion aguda,desnutricion moderada (m),2007-09-01,3,0,0,0,3,0,3
SAN ANTONIO DE LOMERIO,desnutricion aguda,desnutricion moderada (m),2007-09-01,5,10,9,6,14,16,30
SAN BENITO,desnutricion aguda,desnutricion moderada (m),2007-09-01,2,4,0,1,2,5,7
SAN BORJA,desnutricion aguda,desnutricion moderada (m),2007-09-01,13,20,16,14,29,34,63
SAN CARLOS,desnutricion aguda,desnutricion moderada (m),2007-09-01,11,3,3,2,14,5,19
SAN IGNACIO,desnutricion aguda,desnutricion moderada (m),2007-09-01,10,12,3,3,13,15,28
SAN IGNACIO DE VELASCO,desnutricion aguda,desnutricion moderada (m),2007-09-01,23,33,14,33,37,66,103
SAN JAVIER(BNI),desnutricion aguda,desnutricion moderada (m),2007-09-01,1,0,1,1,2,1,3
SAN JAVIER(STC),desnutricion aguda,desnutricion moderada (m),2007-09-01,0,1,1,0,1,1,2
SAN JOAQUIN,desnutricion aguda,desnutricion moderada (m),2007-09-01,0,2,0,3,0,5,5
SAN JOSE DE CHIQUITOS,desnutricion aguda,desnutricion moderada (m),2007-09-01,6,3,3,4,9,7,16
SAN JUAN DE YAPACANI,desnutricion aguda,desnutricion moderada (m),2007-09-01,1,1,0,3,1,4,5
SAN JULIAN,desnutricion aguda,desnutricion moderada (m),2007-09-01,1,2,0,2,1,4,5
SAN LORENZO(PND),desnutricion aguda,desnutricion moderada (m),2007-09-01,0,2,0,0,0,2,2
SAN LORENZO(TJA),desnutricion aguda,desnutricion moderada (m),2007-09-01,5,13,8,7,13,20,33
SAN LUCAS,desnutricion aguda,desnutricion moderada (m),2007-09-01,48,54,39,41,87,95,182
SAN MIGUEL DE VELASCO,desnutricion aguda,desnutricion moderada (m),2007-09-01,3,0,2,0,5,0,5
SAN PABLO DE LIPEZ,desnutricion aguda,desnutricion moderada (m),2007-09-01,1,1,1,1,2,2,4
SAN PEDRO,desnutricion aguda,desnutricion moderada (m),2007-09-01,1,1,0,1,1,2,3
SAN PEDRO DE BUENA VISTA,desnutricion aguda,desnutricion moderada (m),2007-09-01,12,25,15,15,27,40,67
SAN PEDRO(PND),desnutricion aguda,desnutricion moderada (m),2007-09-01,2,0,0,0,2,0,2
SAN RAFAEL,desnutricion aguda,desnutricion moderada (m),2007-09-01,1,3,1,1,2,4,6
SANTA ANA,desnutricion aguda,desnutricion moderada (m),2007-09-01,3,0,0,0,3,0,3
SANTA CRUZ DE LA SIERRA,desnutricion aguda,desnutricion moderada (m),2007-09-01,55,53,16,30,71,83,154
SANTA ROSA,desnutricion aguda,desnutricion moderada (m),2007-09-01,1,1,0,0,1,1,2
SANTA ROSA DEL SARA,desnutricion aguda,desnutricion moderada (m),2007-09-01,1,2,3,3,4,5,9
SANTIAGO DE HUARI,desnutricion aguda,desnutricion moderada (m),2007-09-01,1,0,1,0,2,0,2
SANTIVAÑES,desnutricion aguda,desnutricion moderada (m),2007-09-01,1,0,0,1,1,1,2
SANTUARIO DE QUILLACAS,desnutricion aguda,desnutricion moderada (m),2007-09-01,1,0,1,4,2,4,6
SENA,desnutricion aguda,desnutricion moderada (m),2007-09-01,0,2,1,1,1,3,4
SICAYA,desnutricion aguda,desnutricion moderada (m),2007-09-01,0,0,0,1,0,1,1
SIPE SIPE,desnutricion aguda,desnutricion moderada (m),2007-09-01,9,7,2,0,11,7,18
SOPACHUY,desnutricion aguda,desnutricion moderada (m),2007-09-01,13,13,8,29,21,42,63
SUCRE,desnutricion aguda,desnutricion moderada (m),2007-09-01,45,43,46,40,91,83,174
TACOBAMBA,desnutricion aguda,desnutricion moderada (m),2007-09-01,10,7,2,13,12,20,32
TACOPAYA,desnutricion aguda,desnutricion moderada (m),2007-09-01,3,2,2,5,5,7,12
TAPACARI,desnutricion aguda,desnutricion moderada (m),2007-09-01,32,31,25,29,57,60,117
TARABUCO,desnutricion aguda,desnutricion moderada (m),2007-09-01,34,51,34,44,68,95,163
TARATA,desnutricion aguda,desnutricion moderada (m),2007-09-01,5,4,0,1,5,5,10
TARIJA,desnutricion aguda,desnutricion moderada (m),2007-09-01,20,30,12,25,32,55,87
TARVITA,desnutricion aguda,desnutricion moderada (m),2007-09-01,19,56,27,35,46,91,137
TINGUIPAYA,desnutricion aguda,desnutricion moderada (m),2007-09-01,26,13,9,16,35,29,64
TIQUIPAYA,desnutricion aguda,desnutricion moderada (m),2007-09-01,2,0,0,3,2,3,5
TIRAQUE (CBBA),desnutricion aguda,desnutricion moderada (m),2007-09-01,24,19,7,23,31,42,73
TOCO,desnutricion aguda,desnutricion moderada (m),2007-09-01,1,1,1,1,2,2,4
TOLATA,desnutricion aguda,desnutricion moderada (m),2007-09-01,0,2,0,1,0,3,3
TOMAVE,desnutricion aguda,desnutricion moderada (m),2007-09-01,3,3,2,5,5,8,13
TOMINA,desnutricion aguda,desnutricion moderada (m),2007-09-01,23,14,18,18,41,32,73
TORO TORO,desnutricion aguda,desnutricion moderada (m),2007-09-01,6,7,3,4,9,11,20
TOTORA(CBBA),desnutricion aguda,desnutricion moderada (m),2007-09-01,4,2,1,2,5,4,9
TOTORA(ORR),desnutricion aguda,desnutricion moderada (m),2007-09-01,1,0,1,1,2,1,3
TRINIDAD,desnutricion aguda,desnutricion moderada (m),2007-09-01,17,15,6,6,23,21,44
TUPIZA,desnutricion aguda,desnutricion moderada (m),2007-09-01,12,5,8,9,20,14,34
TURCO,desnutricion aguda,desnutricion moderada (m),2007-09-01,1,0,0,0,1,0,1
UNCIA,desnutricion aguda,desnutricion moderada (m),2007-09-01,8,11,4,3,12,14,26
URIONDO (A. CONCEPCION),desnutricion aguda,desnutricion moderada (m),2007-09-01,3,0,0,2,3,2,5
URUBICHA,desnutricion aguda,desnutricion moderada (m),2007-09-01,1,1,0,1,1,2,3
UYUNI,desnutricion aguda,desnutricion moderada (m),2007-09-01,4,7,1,7,5,14,19
VACAS,desnutricion aguda,desnutricion moderada (m),2007-09-01,1,6,2,6,3,12,15
VALLEGRANDE,desnutricion aguda,desnutricion moderada (m),2007-09-01,1,0,1,2,2,2,4
VIACHA,desnutricion aguda,desnutricion moderada (m),2007-09-01,2,1,1,3,3,4,7
VILLA MONTES,desnutricion aguda,desnutricion moderada (m),2007-09-01,2,1,3,4,5,5,10
VILLA NUEVA (LOMA ALTA),desnutricion aguda,desnutricion moderada (m),2007-09-01,1,2,1,5,2,7,9
VILLA RIVERO,desnutricion aguda,desnutricion moderada (m),2007-09-01,1,1,1,3,2,4,6
VILLA SERRANO,desnutricion aguda,desnutricion moderada (m),2007-09-01,6,11,7,8,13,19,32
VILLA TUNARI,desnutricion aguda,desnutricion moderada (m),2007-09-01,9,11,4,3,13,14,27
VILLA VACA GUZMAN (MUYUPAMPA),desnutricion aguda,desnutricion moderada (m),2007-09-01,2,0,1,0,3,0,3
VILLAZON,desnutricion aguda,desnutricion moderada (m),2007-09-01,12,14,9,2,21,16,37
VINTO,desnutricion aguda,desnutricion moderada (m),2007-09-01,2,1,0,2,2,3,5
VITICHI,desnutricion aguda,desnutricion moderada (m),2007-09-01,4,9,16,19,20,28,48
WARNES,desnutricion aguda,desnutricion moderada (m),2007-09-01,6,2,3,2,9,4,13
YACUIBA,desnutricion aguda,desnutricion moderada (m),2007-09-01,3,9,3,7,6,16,22
YAMPARAEZ,desnutricion aguda,desnutricion moderada (m),2007-09-01,19,9,17,23,36,32,68
YAPACANI,desnutricion aguda,desnutricion moderada (m),2007-09-01,12,7,4,6,16,13,29
YOCALLA,desnutricion aguda,desnutricion moderada (m),2007-09-01,2,1,1,2,3,3,6
YOTALA,desnutricion aguda,desnutricion moderada (m),2007-09-01,3,2,3,3,6,5,11
YUNCHARA,desnutricion aguda,desnutricion moderada (m),2007-09-01,4,2,8,5,12,7,19
ZUDAÑEZ,desnutricion aguda,desnutricion moderada (m),2007-09-01,19,12,7,19,26,31,57
ACACIO,desnutricion aguda,desnutricion moderada (m),2007-10-01,2,9,12,13,14,22,36
AIQUILE,desnutricion aguda,desnutricion moderada (m),2007-10-01,6,8,6,10,12,18,30
ALALAY,desnutricion aguda,desnutricion moderada (m),2007-10-01,6,3,2,9,8,12,20
ALCALA,desnutricion aguda,desnutricion moderada (m),2007-10-01,3,8,2,3,5,11,16
ANDAMARCA,desnutricion aguda,desnutricion moderada (m),2007-10-01,1,0,0,0,1,0,1
ANTEQUERA,desnutricion aguda,desnutricion moderada (m),2007-10-01,0,4,1,1,1,5,6
ANZALDO,desnutricion aguda,desnutricion moderada (m),2007-10-01,0,1,3,3,3,4,7
ARAMPAMPA,desnutricion aguda,desnutricion moderada (m),2007-10-01,16,13,11,5,27,18,45
ARANI,desnutricion aguda,desnutricion moderada (m),2007-10-01,1,0,3,1,4,1,5
ARBIETO,desnutricion aguda,desnutricion moderada (m),2007-10-01,1,2,2,1,3,3,6
ARQUE,desnutricion aguda,desnutricion moderada (m),2007-10-01,5,15,13,6,18,21,39
ASCENCION DE GUARAYOS,desnutricion aguda,desnutricion moderada (m),2007-10-01,7,13,14,16,21,29,50
ATOCHA,desnutricion aguda,desnutricion moderada (m),2007-10-01,5,10,7,9,12,19,31
AYOPAYA (V. DE INDEPENDENCIA),desnutricion aguda,desnutricion moderada (m),2007-10-01,11,13,8,15,19,28,47
AZURDUY,desnutricion aguda,desnutricion moderada (m),2007-10-01,25,24,9,36,34,60,94
BAURES,desnutricion aguda,desnutricion moderada (m),2007-10-01,3,2,0,3,3,5,8
BELEN DE ANDAMARCA,desnutricion aguda,desnutricion moderada (m),2007-10-01,2,1,1,0,3,1,4
BELEN DE URMIRI,desnutricion aguda,desnutricion moderada (m),2007-10-01,1,2,2,1,3,3,6
BELLA FLOR,desnutricion aguda,desnutricion moderada (m),2007-10-01,2,0,0,0,2,0,2
BERMEJO,desnutricion aguda,desnutricion moderada (m),2007-10-01,12,14,9,3,21,17,38
BETANZOS,desnutricion aguda,desnutricion moderada (m),2007-10-01,20,27,27,30,47,57,104
BOLIVAR,desnutricion aguda,desnutricion moderada (m),2007-10-01,12,18,9,12,21,30,51
BOLPEBRA,desnutricion aguda,desnutricion moderada (m),2007-10-01,1,0,0,0,1,0,1
BOYUIBE,desnutricion aguda,desnutricion moderada (m),2007-10-01,1,1,2,2,3,3,6
BUENA VISTA,desnutricion aguda,desnutricion moderada (m),2007-10-01,0,1,0,0,0,1,1
CABEZAS,desnutricion aguda,desnutricion moderada (m),2007-10-01,1,1,3,0,4,1,5
"CAIZA ""D""",desnutricion aguda,desnutricion moderada (m),2007-10-01,6,5,4,3,10,8,18
CAJUATA,desnutricion aguda,desnutricion moderada (m),2007-10-01,1,1,1,0,2,1,3
CAMARGO,desnutricion aguda,desnutricion moderada (m),2007-10-01,10,13,13,20,23,33,56
CAMATAQUI (C. VILLA ABECIA),desnutricion aguda,desnutricion moderada (m),2007-10-01,0,0,4,3,4,3,7
CAMIRI,desnutricion aguda,desnutricion moderada (m),2007-10-01,11,19,3,4,14,23,37
CAPINOTA,desnutricion aguda,desnutricion moderada (m),2007-10-01,9,11,4,5,13,16,29
CARACOLLO,desnutricion aguda,desnutricion moderada (m),2007-10-01,2,3,0,1,2,4,6
CARAPARI,desnutricion aguda,desnutricion moderada (m),2007-10-01,2,3,3,0,5,3,8
CARIPUYO,desnutricion aguda,desnutricion moderada (m),2007-10-01,11,4,4,13,15,17,32
CARMEN RIVERO TORREZ,desnutricion aguda,desnutricion moderada (m),2007-10-01,3,7,1,0,4,7,11
CHALLAPATA,desnutricion aguda,desnutricion moderada (m),2007-10-01,8,4,5,4,13,8,21
CHAQUI,desnutricion aguda,desnutricion moderada (m),2007-10-01,1,1,0,2,1,3,4
CHARAGUA,desnutricion aguda,desnutricion moderada (m),2007-10-01,3,9,3,4,6,13,19
CHAYANTA,desnutricion aguda,desnutricion moderada (m),2007-10-01,14,14,19,18,33,32,65
CHIMORE,desnutricion aguda,desnutricion moderada (m),2007-10-01,3,7,3,3,6,10,16
CHIPAYA,desnutricion aguda,desnutricion moderada (m),2007-10-01,0,0,0,2,0,2,2
COBIJA,desnutricion aguda,desnutricion moderada (m),2007-10-01,18,12,4,9,22,21,43
COCHABAMBA,desnutricion aguda,desnutricion moderada (m),2007-10-01,56,65,36,35,92,100,192
COIPASA,desnutricion aguda,desnutricion moderada (m),2007-10-01,1,0,0,0,1,0,1
COLCAPIRHUA,desnutricion aguda,desnutricion moderada (m),2007-10-01,7,4,2,2,9,6,15
"COLCHA ""K""",desnutricion aguda,desnutricion moderada (m),2007-10-01,2,2,3,3,5,5,10
COLOMI,desnutricion aguda,desnutricion moderada (m),2007-10-01,11,8,1,4,12,12,24
COLPA BELGICA,desnutricion aguda,desnutricion moderada (m),2007-10-01,0,1,0,0,0,1,1
COLQUECHACA,desnutricion aguda,desnutricion moderada (m),2007-10-01,29,36,20,29,49,65,114
COLQUIRI,desnutricion aguda,desnutricion moderada (m),2007-10-01,2,4,4,1,6,5,11
COMARAPA,desnutricion aguda,desnutricion moderada (m),2007-10-01,3,2,4,5,7,7,14
CONCEPCION,desnutricion aguda,desnutricion moderada (m),2007-10-01,0,7,1,1,1,8,9
CORQUE,desnutricion aguda,desnutricion moderada (m),2007-10-01,1,0,0,0,1,0,1
COTAGAITA,desnutricion aguda,desnutricion moderada (m),2007-10-01,18,18,19,18,37,36,73
COTOCA,desnutricion aguda,desnutricion moderada (m),2007-10-01,4,9,8,6,12,15,27
CUATRO CAÑADAS,desnutricion aguda,desnutricion moderada (m),2007-10-01,2,2,0,0,2,2,4
CUCHUMUELA (V. G. VILLARROEL),desnutricion aguda,desnutricion moderada (m),2007-10-01,1,0,0,0,1,0,1
CUEVO,desnutricion aguda,desnutricion moderada (m),2007-10-01,0,1,1,0,1,1,2
CULPINA,desnutricion aguda,desnutricion moderada (m),2007-10-01,13,11,14,13,27,24,51
CURAHUARA DE CARANGAS,desnutricion aguda,desnutricion moderada (m),2007-10-01,1,0,0,1,1,1,2
EL PUENTE(TJA),desnutricion aguda,desnutricion moderada (m),2007-10-01,1,1,0,5,1,6,7
EL TORNO,desnutricion aguda,desnutricion moderada (m),2007-10-01,2,6,5,1,7,7,14
EL VILLAR,desnutricion aguda,desnutricion moderada (m),2007-10-01,4,5,5,8,9,13,22
ENTRE RIOS,desnutricion aguda,desnutricion moderada (m),2007-10-01,4,4,5,3,9,7,16
ENTRE RIOS,desnutricion aguda,desnutricion moderada (m),2007-10-01,3,0,5,0,8,0,8
EXALTACION,desnutricion aguda,desnutricion moderada (m),2007-10-01,5,0,0,0,5,0,5
FERNANDEZ ALONSO,desnutricion aguda,desnutricion moderada (m),2007-10-01,1,3,4,1,5,4,9
GENERAL SAAVEDRA,desnutricion aguda,desnutricion moderada (m),2007-10-01,3,1,0,0,3,1,4
GUAYARAMERIN,desnutricion aguda,desnutricion moderada (m),2007-10-01,11,22,6,12,17,34,51
GUTIERREZ,desnutricion aguda,desnutricion moderada (m),2007-10-01,8,9,7,12,15,21,36
HUACARETA,desnutricion aguda,desnutricion moderada (m),2007-10-01,4,1,2,4,6,5,11
HUACAYA (VILLA DE HUACAYA),desnutricion aguda,desnutricion moderada (m),2007-10-01,0,1,2,1,2,2,4
HUACHACALLA,desnutricion aguda,desnutricion moderada (m),2007-10-01,1,0,0,0,1,0,1
HUANUNI,desnutricion aguda,desnutricion moderada (m),2007-10-01,4,2,0,0,4,2,6
HUARACAJE,desnutricion aguda,desnutricion moderada (m),2007-10-01,0,1,0,0,0,1,1
HUAYLLAMARCA,desnutricion aguda,desnutricion moderada (m),2007-10-01,0,0,1,0,1,0,1
ICLA,desnutricion aguda,desnutricion moderada (m),2007-10-01,27,23,28,32,55,55,110
INCAHUASI,desnutricion aguda,desnutricion moderada (m),2007-10-01,30,33,18,28,48,61,109
INQUISIVI,desnutricion aguda,desnutricion moderada (m),2007-10-01,6,3,5,5,11,8,19
LA GUARDIA,desnutricion aguda,desnutricion moderada (m),2007-10-01,13,13,3,5,16,18,34
LAGUNILLAS,desnutricion aguda,desnutricion moderada (m),2007-10-01,1,2,1,3,2,5,7
LAS CARRERAS,desnutricion aguda,desnutricion moderada (m),2007-10-01,1,0,0,2,1,2,3
LICOMA PAMPA,desnutricion aguda,desnutricion moderada (m),2007-10-01,0,1,0,0,0,1,1
LLALLAGUA,desnutricion aguda,desnutricion moderada (m),2007-10-01,8,9,7,2,15,11,26
LLICA,desnutricion aguda,desnutricion moderada (m),2007-10-01,0,3,0,3,0,6,6
LORETO,desnutricion aguda,desnutricion moderada (m),2007-10-01,2,3,2,3,4,6,10
MACHACAMARCA,desnutricion aguda,desnutricion moderada (m),2007-10-01,1,0,0,0,1,0,1
MACHARETI,desnutricion aguda,desnutricion moderada (m),2007-10-01,0,0,2,0,2,0,2
MAGDALENA,desnutricion aguda,desnutricion moderada (m),2007-10-01,3,1,0,1,3,2,5
MAIRANA,desnutricion aguda,desnutricion moderada (m),2007-10-01,0,0,1,1,1,1,2
MECAPACA,desnutricion aguda,desnutricion moderada (m),2007-10-01,2,0,0,0,2,0,2
MINEROS,desnutricion aguda,desnutricion moderada (m),2007-10-01,3,4,0,1,3,5,8
MIZQUE,desnutricion aguda,desnutricion moderada (m),2007-10-01,14,14,18,22,32,36,68
MOJOCOYA,desnutricion aguda,desnutricion moderada (m),2007-10-01,5,3,5,9,10,12,22
MONTEAGUDO,desnutricion aguda,desnutricion moderada (m),2007-10-01,10,15,8,8,18,23,41
MONTERO,desnutricion aguda,desnutricion moderada (m),2007-10-01,17,31,7,29,24,60,84
MORO MORO,desnutricion aguda,desnutricion moderada (m),2007-10-01,0,0,2,1,2,1,3
MOROCHATA,desnutricion aguda,desnutricion moderada (m),2007-10-01,15,17,11,11,26,28,54
NUEVO MANOA (NUEVA ESPERANZA),desnutricion aguda,desnutricion moderada (m),2007-10-01,0,1,0,1,0,2,2
OCURI,desnutricion aguda,desnutricion moderada (m),2007-10-01,22,28,30,30,52,58,110
OKINAWA,desnutricion aguda,desnutricion moderada (m),2007-10-01,0,2,1,0,1,2,3
OMEREQUE,desnutricion aguda,desnutricion moderada (m),2007-10-01,1,1,2,2,3,3,6
ORURO,desnutricion aguda,desnutricion moderada (m),2007-10-01,37,23,18,9,55,32,87
PADCAYA,desnutricion aguda,desnutricion moderada (m),2007-10-01,5,3,0,1,5,4,9
PADILLA,desnutricion aguda,desnutricion moderada (m),2007-10-01,4,6,14,13,18,19,37
PAILON,desnutricion aguda,desnutricion moderada (m),2007-10-01,4,11,2,2,6,13,19
PALCA,desnutricion aguda,desnutricion moderada (m),2007-10-01,6,2,1,4,7,6,13
PASORAPA,desnutricion aguda,desnutricion moderada (m),2007-10-01,2,1,0,0,2,1,3
POCOATA,desnutricion aguda,desnutricion moderada (m),2007-10-01,14,8,12,18,26,26,52
POCONA,desnutricion aguda,desnutricion moderada (m),2007-10-01,1,3,4,7,5,10,15
POJO (CBBA),desnutricion aguda,desnutricion moderada (m),2007-10-01,2,1,1,1,3,2,5
POOPO,desnutricion aguda,desnutricion moderada (m),2007-10-01,2,1,0,0,2,1,3
PORCO,desnutricion aguda,desnutricion moderada (m),2007-10-01,10,5,2,7,12,12,24
POROMA,desnutricion aguda,desnutricion moderada (m),2007-10-01,21,31,19,17,40,48,88
PORTACHUELO,desnutricion aguda,desnutricion moderada (m),2007-10-01,5,1,4,3,9,4,13
PORVENIR,desnutricion aguda,desnutricion moderada (m),2007-10-01,1,1,0,0,1,1,2
POSTRER VALLE,desnutricion aguda,desnutricion moderada (m),2007-10-01,0,2,1,0,1,2,3
POTOSI,desnutricion aguda,desnutricion moderada (m),2007-10-01,54,71,38,47,92,118,210
PRESTO,desnutricion aguda,desnutricion moderada (m),2007-10-01,16,4,6,4,22,8,30
PUCARA,desnutricion aguda,desnutricion moderada (m),2007-10-01,0,0,1,1,1,1,2
PUERTO GONZALO MORENO,desnutricion aguda,desnutricion moderada (m),2007-10-01,4,5,4,2,8,7,15
PUERTO QUIJARRO,desnutricion aguda,desnutricion moderada (m),2007-10-01,0,1,0,0,0,1,1
PUERTO RICO,desnutricion aguda,desnutricion moderada (m),2007-10-01,3,2,1,2,4,4,8
PUERTO SILES,desnutricion aguda,desnutricion moderada (m),2007-10-01,0,0,0,1,0,1,1
PUERTO SUAREZ,desnutricion aguda,desnutricion moderada (m),2007-10-01,1,5,0,1,1,6,7
PUERTO VILLARROEL,desnutricion aguda,desnutricion moderada (m),2007-10-01,23,22,9,11,32,33,65
PUNA,desnutricion aguda,desnutricion moderada (m),2007-10-01,33,24,27,29,60,53,113
PUNATA,desnutricion aguda,desnutricion moderada (m),2007-10-01,85,73,37,26,122,99,221
QUILLACOLLO,desnutricion aguda,desnutricion moderada (m),2007-10-01,13,17,6,8,19,25,44
QUIME,desnutricion aguda,desnutricion moderada (m),2007-10-01,4,0,5,5,9,5,14
QUIRUSILLAS,desnutricion aguda,desnutricion moderada (m),2007-10-01,0,1,1,1,1,2,3
RAVELO,desnutricion aguda,desnutricion moderada (m),2007-10-01,45,35,47,48,92,83,175
REYES,desnutricion aguda,desnutricion moderada (m),2007-10-01,3,6,4,0,7,6,13
RIBERALTA,desnutricion aguda,desnutricion moderada (m),2007-10-01,36,67,30,31,66,98,164
ROBORE,desnutricion aguda,desnutricion moderada (m),2007-10-01,2,3,4,2,6,5,11
RURRENABAQUE,desnutricion aguda,desnutricion moderada (m),2007-10-01,0,0,2,0,2,0,2
SACABA,desnutricion aguda,desnutricion moderada (m),2007-10-01,17,12,5,8,22,20,42
SACABAMBA,desnutricion aguda,desnutricion moderada (m),2007-10-01,0,1,0,0,0,1,1
SACACA,desnutricion aguda,desnutricion moderada (m),2007-10-01,36,35,27,37,63,72,135
SAIPINA,desnutricion aguda,desnutricion moderada (m),2007-10-01,1,0,0,0,1,0,1
SALINAS DE GARCI MENDOZA,desnutricion aguda,desnutricion moderada (m),2007-10-01,1,0,1,1,2,1,3
SAMAIPATA,desnutricion aguda,desnutricion moderada (m),2007-10-01,2,0,0,0,2,0,2
SAN AGUSTIN,desnutricion aguda,desnutricion moderada (m),2007-10-01,1,1,0,0,1,1,2
SAN ANDRES,desnutricion aguda,desnutricion moderada (m),2007-10-01,1,0,0,1,1,1,2
SAN ANTONIO DE ESMORUCO,desnutricion aguda,desnutricion moderada (m),2007-10-01,2,0,0,1,2,1,3
SAN ANTONIO DE LOMERIO,desnutricion aguda,desnutricion moderada (m),2007-10-01,9,10,2,4,11,14,25
SAN BENITO,desnutricion aguda,desnutricion moderada (m),2007-10-01,0,0,1,4,1,4,5
SAN BORJA,desnutricion aguda,desnutricion moderada (m),2007-10-01,8,13,26,13,34,26,60
SAN CARLOS,desnutricion aguda,desnutricion moderada (m),2007-10-01,6,4,1,2,7,6,13
SAN IGNACIO,desnutricion aguda,desnutricion moderada (m),2007-10-01,9,12,3,10,12,22,34
SAN IGNACIO DE VELASCO,desnutricion aguda,desnutricion moderada (m),2007-10-01,28,35,21,29,49,64,113
SAN JOSE DE CHIQUITOS,desnutricion aguda,desnutricion moderada (m),2007-10-01,5,7,6,5,11,12,23
SAN JUAN DE YAPACANI,desnutricion aguda,desnutricion moderada (m),2007-10-01,2,2,3,1,5,3,8
SAN JULIAN,desnutricion aguda,desnutricion moderada (m),2007-10-01,2,4,0,1,2,5,7
SAN LORENZO(TJA),desnutricion aguda,desnutricion moderada (m),2007-10-01,7,12,6,11,13,23,36
SAN LUCAS,desnutricion aguda,desnutricion moderada (m),2007-10-01,55,53,34,45,89,98,187
SAN MATIAS,desnutricion aguda,desnutricion moderada (m),2007-10-01,0,1,0,2,0,3,3
SAN MIGUEL DE VELASCO,desnutricion aguda,desnutricion moderada (m),2007-10-01,2,0,0,2,2,2,4
SAN PABLO DE LIPEZ,desnutricion aguda,desnutricion moderada (m),2007-10-01,2,5,3,4,5,9,14
SAN PEDRO,desnutricion aguda,desnutricion moderada (m),2007-10-01,1,2,0,4,1,6,7
SAN PEDRO DE BUENA VISTA,desnutricion aguda,desnutricion moderada (m),2007-10-01,29,30,17,34,46,64,110
SAN PEDRO DE QUEMES,desnutricion aguda,desnutricion moderada (m),2007-10-01,1,0,0,0,1,0,1
SAN PEDRO(PND),desnutricion aguda,desnutricion moderada (m),2007-10-01,1,0,1,3,2,3,5
SAN RAFAEL,desnutricion aguda,desnutricion moderada (m),2007-10-01,1,2,1,0,2,2,4
SAN RAMON,desnutricion aguda,desnutricion moderada (m),2007-10-01,1,2,0,1,1,3,4
SAN RAMON,desnutricion aguda,desnutricion moderada (m),2007-10-01,0,2,1,2,1,4,5
SANTA ANA,desnutricion aguda,desnutricion moderada (m),2007-10-01,3,4,3,3,6,7,13
SANTA CRUZ DE LA SIERRA,desnutricion aguda,desnutricion moderada (m),2007-10-01,83,84,34,20,117,104,221
SANTA ROSA,desnutricion aguda,desnutricion moderada (m),2007-10-01,2,2,0,0,2,2,4
SANTA ROSA DEL SARA,desnutricion aguda,desnutricion moderada (m),2007-10-01,3,4,1,3,4,7,11
SANTIAGO DE HUARI,desnutricion aguda,desnutricion moderada (m),2007-10-01,1,0,1,0,2,0,2
SANTIVAÑES,desnutricion aguda,desnutricion moderada (m),2007-10-01,0,1,0,1,0,2,2
SANTUARIO DE QUILLACAS,desnutricion aguda,desnutricion moderada (m),2007-10-01,0,0,0,1,0,1,1
SENA,desnutricion aguda,desnutricion moderada (m),2007-10-01,3,0,0,0,3,0,3
SICAYA,desnutricion aguda,desnutricion moderada (m),2007-10-01,4,5,2,0,6,5,11
SIPE SIPE,desnutricion aguda,desnutricion moderada (m),2007-10-01,15,10,10,15,25,25,50
SOPACHUY,desnutricion aguda,desnutricion moderada (m),2007-10-01,13,12,10,27,23,39,62
SORACACHI,desnutricion aguda,desnutricion moderada (m),2007-10-01,1,1,1,0,2,1,3
SUCRE,desnutricion aguda,desnutricion moderada (m),2007-10-01,40,29,39,46,79,75,154
TACACHI,desnutricion aguda,desnutricion moderada (m),2007-10-01,0,0,2,0,2,0,2
TACOBAMBA,desnutricion aguda,desnutricion moderada (m),2007-10-01,10,24,12,8,22,32,54
TACOPAYA,desnutricion aguda,desnutricion moderada (m),2007-10-01,11,4,14,19,25,23,48
TAPACARI,desnutricion aguda,desnutricion moderada (m),2007-10-01,25,22,10,21,35,43,78
TARABUCO,desnutricion aguda,desnutricion moderada (m),2007-10-01,50,49,46,53,96,102,198
TARATA,desnutricion aguda,desnutricion moderada (m),2007-10-01,2,1,3,2,5,3,8
TARIJA,desnutricion aguda,desnutricion moderada (m),2007-10-01,31,24,23,23,54,47,101
TARVITA,desnutricion aguda,desnutricion moderada (m),2007-10-01,17,27,30,29,47,56,103
TINGUIPAYA,desnutricion aguda,desnutricion moderada (m),2007-10-01,18,22,24,22,42,44,86
TIQUIPAYA,desnutricion aguda,desnutricion moderada (m),2007-10-01,0,1,1,0,1,1,2
TIRAQUE (CBBA),desnutricion aguda,desnutricion moderada (m),2007-10-01,23,29,14,17,37,46,83
TOCO,desnutricion aguda,desnutricion moderada (m),2007-10-01,2,3,4,2,6,5,11
TOLATA,desnutricion aguda,desnutricion moderada (m),2007-10-01,0,2,0,1,0,3,3
TOLEDO,desnutricion aguda,desnutricion moderada (m),2007-10-01,0,0,1,0,1,0,1
TOMAVE,desnutricion aguda,desnutricion moderada (m),2007-10-01,5,2,1,7,6,9,15
TOMINA,desnutricion aguda,desnutricion moderada (m),2007-10-01,16,18,29,32,45,50,95
TORO TORO,desnutricion aguda,desnutricion moderada (m),2007-10-01,12,6,5,10,17,16,33
TOTORA(CBBA),desnutricion aguda,desnutricion moderada (m),2007-10-01,5,2,0,3,5,5,10
TRINIDAD,desnutricion aguda,desnutricion moderada (m),2007-10-01,26,36,6,15,32,51,83
TUPIZA,desnutricion aguda,desnutricion moderada (m),2007-10-01,9,7,10,15,19,22,41
TURCO,desnutricion aguda,desnutricion moderada (m),2007-10-01,1,1,0,0,1,1,2
UNCIA,desnutricion aguda,desnutricion moderada (m),2007-10-01,8,6,3,4,11,10,21
URIONDO (A. CONCEPCION),desnutricion aguda,desnutricion moderada (m),2007-10-01,1,3,3,2,4,5,9
UYUNI,desnutricion aguda,desnutricion moderada (m),2007-10-01,1,7,1,5,2,12,14
VACAS,desnutricion aguda,desnutricion moderada (m),2007-10-01,4,6,5,4,9,10,19
VALLEGRANDE,desnutricion aguda,desnutricion moderada (m),2007-10-01,4,3,0,0,4,3,7
VIACHA,desnutricion aguda,desnutricion moderada (m),2007-10-01,1,9,1,5,2,14,16
VILLA MONTES,desnutricion aguda,desnutricion moderada (m),2007-10-01,3,6,2,4,5,10,15
VILLA NUEVA (LOMA ALTA),desnutricion aguda,desnutricion moderada (m),2007-10-01,2,3,3,5,5,8,13
VILLA RIVERO,desnutricion aguda,desnutricion moderada (m),2007-10-01,1,3,2,1,3,4,7
VILLA SERRANO,desnutricion aguda,desnutricion moderada (m),2007-10-01,11,8,14,10,25,18,43
VILLA TUNARI,desnutricion aguda,desnutricion moderada (m),2007-10-01,14,32,9,8,23,40,63
VILLA VACA GUZMAN (MUYUPAMPA),desnutricion aguda,desnutricion moderada (m),2007-10-01,2,1,0,0,2,1,3
VILLAZON,desnutricion aguda,desnutricion moderada (m),2007-10-01,28,32,21,22,49,54,103
VINTO,desnutricion aguda,desnutricion moderada (m),2007-10-01,2,0,0,2,2,2,4
VITICHI,desnutricion aguda,desnutricion moderada (m),2007-10-01,10,13,10,11,20,24,44
WARNES,desnutricion aguda,desnutricion moderada (m),2007-10-01,5,1,1,3,6,4,10
YACUIBA,desnutricion aguda,desnutricion moderada (m),2007-10-01,7,19,3,8,10,27,37
YAMPARAEZ,desnutricion aguda,desnutricion moderada (m),2007-10-01,11,9,11,20,22,29,51
YAPACANI,desnutricion aguda,desnutricion moderada (m),2007-10-01,10,12,3,3,13,15,28
YOCALLA,desnutricion aguda,desnutricion moderada (m),2007-10-01,1,0,1,0,2,0,2
YOTALA,desnutricion aguda,desnutricion moderada (m),2007-10-01,0,0,1,0,1,0,1
YUNCHARA,desnutricion aguda,desnutricion moderada (m),2007-10-01,4,1,8,8,12,9,21
ZUDAÑEZ,desnutricion aguda,desnutricion moderada (m),2007-10-01,15,13,17,11,32,24,56
ACACIO,desnutricion aguda,desnutricion moderada (m),2007-11-01,9,5,2,6,11,11,22
AIQUILE,desnutricion aguda,desnutricion moderada (m),2007-11-01,7,10,12,9,19,19,38
ALALAY,desnutricion aguda,desnutricion moderada (m),2007-11-01,3,2,0,1,3,3,6
ALCALA,desnutricion aguda,desnutricion moderada (m),2007-11-01,4,6,3,3,7,9,16
ANDAMARCA,desnutricion aguda,desnutricion moderada (m),2007-11-01,1,0,0,0,1,0,1
ANTEQUERA,desnutricion aguda,desnutricion moderada (m),2007-11-01,1,0,1,0,2,0,2
ANZALDO,desnutricion aguda,desnutricion moderada (m),2007-11-01,2,4,4,2,6,6,12
ARAMPAMPA,desnutricion aguda,desnutricion moderada (m),2007-11-01,12,13,3,3,15,16,31
ARANI,desnutricion aguda,desnutricion moderada (m),2007-11-01,2,1,2,3,4,4,8
ARBIETO,desnutricion aguda,desnutricion moderada (m),2007-11-01,1,2,3,3,4,5,9
ARQUE,desnutricion aguda,desnutricion moderada (m),2007-11-01,15,5,7,10,22,15,37
ATOCHA,desnutricion aguda,desnutricion moderada (m),2007-11-01,4,2,3,11,7,13,20
AYOPAYA (V. DE INDEPENDENCIA),desnutricion aguda,desnutricion moderada (m),2007-11-01,14,12,2,10,16,22,38
AZURDUY,desnutricion aguda,desnutricion moderada (m),2007-11-01,14,13,8,21,22,34,56
BAURES,desnutricion aguda,desnutricion moderada (m),2007-11-01,0,3,0,0,0,3,3
BELEN DE URMIRI,desnutricion aguda,desnutricion moderada (m),2007-11-01,0,1,0,0,0,1,1
BELLA FLOR,desnutricion aguda,desnutricion moderada (m),2007-11-01,0,0,2,0,2,0,2
BERMEJO,desnutricion aguda,desnutricion moderada (m),2007-11-01,12,10,5,4,17,14,31
BETANZOS,desnutricion aguda,desnutricion moderada (m),2007-11-01,20,21,17,9,37,30,67
BOLIVAR,desnutricion aguda,desnutricion moderada (m),2007-11-01,48,16,10,16,58,32,90
BOLPEBRA,desnutricion aguda,desnutricion moderada (m),2007-11-01,1,0,0,1,1,1,2
BOYUIBE,desnutricion aguda,desnutricion moderada (m),2007-11-01,0,0,1,1,1,1,2
BUENA VISTA,desnutricion aguda,desnutricion moderada (m),2007-11-01,0,1,0,1,0,2,2
CABEZAS,desnutricion aguda,desnutricion moderada (m),2007-11-01,1,1,1,2,2,3,5
"CAIZA ""D""",desnutricion aguda,desnutricion moderada (m),2007-11-01,3,4,1,1,4,5,9
CAJUATA,desnutricion aguda,desnutricion moderada (m),2007-11-01,2,0,0,0,2,0,2
CAMARGO,desnutricion aguda,desnutricion moderada (m),2007-11-01,5,12,14,15,19,27,46
CAMATAQUI (C. VILLA ABECIA),desnutricion aguda,desnutricion moderada (m),2007-11-01,2,0,5,0,7,0,7
CAMIRI,desnutricion aguda,desnutricion moderada (m),2007-11-01,5,9,9,6,14,15,29
CAPINOTA,desnutricion aguda,desnutricion moderada (m),2007-11-01,7,4,0,2,7,6,13
CARACOLLO,desnutricion aguda,desnutricion moderada (m),2007-11-01,0,1,0,1,0,2,2
CARAPARI,desnutricion aguda,desnutricion moderada (m),2007-11-01,1,1,0,2,1,3,4
CARIPUYO,desnutricion aguda,desnutricion moderada (m),2007-11-01,9,7,7,16,16,23,39
CARMEN RIVERO TORREZ,desnutricion aguda,desnutricion moderada (m),2007-11-01,4,2,1,1,5,3,8
CHALLAPATA,desnutricion aguda,desnutricion moderada (m),2007-11-01,10,7,3,1,13,8,21
CHAQUI,desnutricion aguda,desnutricion moderada (m),2007-11-01,6,0,2,0,8,0,8
CHARAGUA,desnutricion aguda,desnutricion moderada (m),2007-11-01,9,4,2,1,11,5,16
CHAYANTA,desnutricion aguda,desnutricion moderada (m),2007-11-01,14,13,21,23,35,36,71
CHIMORE,desnutricion aguda,desnutricion moderada (m),2007-11-01,2,1,0,4,2,5,7
COBIJA,desnutricion aguda,desnutricion moderada (m),2007-11-01,29,13,6,4,35,17,52
COCHABAMBA,desnutricion aguda,desnutricion moderada (m),2007-11-01,44,70,21,44,65,114,179
COIPASA,desnutricion aguda,desnutricion moderada (m),2007-11-01,0,1,0,0,0,1,1
COLCAPIRHUA,desnutricion aguda,desnutricion moderada (m),2007-11-01,0,2,3,0,3,2,5
"COLCHA ""K""",desnutricion aguda,desnutricion moderada (m),2007-11-01,3,0,0,0,3,0,3
COLOMI,desnutricion aguda,desnutricion moderada (m),2007-11-01,7,3,2,4,9,7,16
COLPA BELGICA,desnutricion aguda,desnutricion moderada (m),2007-11-01,0,2,0,0,0,2,2
COLQUECHACA,desnutricion aguda,desnutricion moderada (m),2007-11-01,20,11,11,15,31,26,57
COLQUIRI,desnutricion aguda,desnutricion moderada (m),2007-11-01,2,3,2,1,4,4,8
COMARAPA,desnutricion aguda,desnutricion moderada (m),2007-11-01,2,3,1,4,3,7,10
CONCEPCION,desnutricion aguda,desnutricion moderada (m),2007-11-01,5,2,2,2,7,4,11
COTAGAITA,desnutricion aguda,desnutricion moderada (m),2007-11-01,16,16,13,11,29,27,56
COTOCA,desnutricion aguda,desnutricion moderada (m),2007-11-01,8,15,3,7,11,22,33
CUATRO CAÑADAS,desnutricion aguda,desnutricion moderada (m),2007-11-01,0,2,0,1,0,3,3
CUEVO,desnutricion aguda,desnutricion moderada (m),2007-11-01,2,0,0,1,2,1,3
CULPINA,desnutricion aguda,desnutricion moderada (m),2007-11-01,8,7,4,6,12,13,25
CURAHUARA DE CARANGAS,desnutricion aguda,desnutricion moderada (m),2007-11-01,3,1,0,0,3,1,4
EL CHORO,desnutricion aguda,desnutricion moderada (m),2007-11-01,0,1,0,0,0,1,1
EL PUENTE(STC),desnutricion aguda,desnutricion moderada (m),2007-11-01,3,0,0,0,3,0,3
EL PUENTE(TJA),desnutricion aguda,desnutricion moderada (m),2007-11-01,4,1,1,3,5,4,9
EL TORNO,desnutricion aguda,desnutricion moderada (m),2007-11-01,4,5,6,4,10,9,19
EL VILLAR,desnutricion aguda,desnutricion moderada (m),2007-11-01,5,1,2,4,7,5,12
ENTRE RIOS,desnutricion aguda,desnutricion moderada (m),2007-11-01,2,3,1,1,3,4,7
ENTRE RIOS,desnutricion aguda,desnutricion moderada (m),2007-11-01,0,0,0,2,0,2,2
EUCALIPTUS,desnutricion aguda,desnutricion moderada (m),2007-11-01,0,0,1,0,1,0,1
EUREKA (SANTOS MERCADO),desnutricion aguda,desnutricion moderada (m),2007-11-01,2,3,3,3,5,6,11
EXALTACION,desnutricion aguda,desnutricion moderada (m),2007-11-01,1,1,2,2,3,3,6
FERNANDEZ ALONSO,desnutricion aguda,desnutricion moderada (m),2007-11-01,1,3,1,2,2,5,7
FILADELFIA,desnutricion aguda,desnutricion moderada (m),2007-11-01,1,4,1,0,2,4,6
GENERAL SAAVEDRA,desnutricion aguda,desnutricion moderada (m),2007-11-01,2,6,1,3,3,9,12
GUAYARAMERIN,desnutricion aguda,desnutricion moderada (m),2007-11-01,15,10,4,10,19,20,39
GUTIERREZ,desnutricion aguda,desnutricion moderada (m),2007-11-01,19,12,9,13,28,25,53
HUACARETA,desnutricion aguda,desnutricion moderada (m),2007-11-01,1,2,1,3,2,5,7
HUACAYA (VILLA DE HUACAYA),desnutricion aguda,desnutricion moderada (m),2007-11-01,0,1,0,0,0,1,1
HUARACAJE,desnutricion aguda,desnutricion moderada (m),2007-11-01,0,0,0,1,0,1,1
HUAYLLAMARCA,desnutricion aguda,desnutricion moderada (m),2007-11-01,0,1,0,1,0,2,2
ICHOCA,desnutricion aguda,desnutricion moderada (m),2007-11-01,1,0,0,1,1,1,2
ICLA,desnutricion aguda,desnutricion moderada (m),2007-11-01,16,20,19,24,35,44,79
INCAHUASI,desnutricion aguda,desnutricion moderada (m),2007-11-01,30,18,15,16,45,34,79
INQUISIVI,desnutricion aguda,desnutricion moderada (m),2007-11-01,5,3,0,2,5,5,10
LA GUARDIA,desnutricion aguda,desnutricion moderada (m),2007-11-01,10,12,11,6,21,18,39
LAGUNILLAS,desnutricion aguda,desnutricion moderada (m),2007-11-01,0,1,2,5,2,6,8
LAS CARRERAS,desnutricion aguda,desnutricion moderada (m),2007-11-01,1,0,0,0,1,0,1
LICOMA PAMPA,desnutricion aguda,desnutricion moderada (m),2007-11-01,1,0,0,0,1,0,1
LLALLAGUA,desnutricion aguda,desnutricion moderada (m),2007-11-01,9,6,11,16,20,22,42
LLICA,desnutricion aguda,desnutricion moderada (m),2007-11-01,0,0,1,0,1,0,1
LORETO,desnutricion aguda,desnutricion moderada (m),2007-11-01,0,1,0,0,0,1,1
MACHARETI,desnutricion aguda,desnutricion moderada (m),2007-11-01,0,1,8,2,8,3,11
MAGDALENA,desnutricion aguda,desnutricion moderada (m),2007-11-01,1,1,0,2,1,3,4
MAIRANA,desnutricion aguda,desnutricion moderada (m),2007-11-01,0,0,2,0,2,0,2
MECAPACA,desnutricion aguda,desnutricion moderada (m),2007-11-01,0,2,2,0,2,2,4
MINEROS,desnutricion aguda,desnutricion moderada (m),2007-11-01,0,2,1,1,1,3,4
MIZQUE,desnutricion aguda,desnutricion moderada (m),2007-11-01,12,13,13,13,25,26,51
MOJINETE,desnutricion aguda,desnutricion moderada (m),2007-11-01,0,1,0,2,0,3,3
MOJOCOYA,desnutricion aguda,desnutricion moderada (m),2007-11-01,7,3,7,12,14,15,29
MONTEAGUDO,desnutricion aguda,desnutricion moderada (m),2007-11-01,6,6,9,8,15,14,29
MONTERO,desnutricion aguda,desnutricion moderada (m),2007-11-01,23,20,15,13,38,33,71
MOROCHATA,desnutricion aguda,desnutricion moderada (m),2007-11-01,17,14,14,7,31,21,52
NACEBE (SANTA ROSA DEL ABUNA),desnutricion aguda,desnutricion moderada (m),2007-11-01,0,0,0,1,0,1,1
OCURI,desnutricion aguda,desnutricion moderada (m),2007-11-01,39,34,18,22,57,56,113
OKINAWA,desnutricion aguda,desnutricion moderada (m),2007-11-01,0,0,1,1,1,1,2
OMEREQUE,desnutricion aguda,desnutricion moderada (m),2007-11-01,1,1,0,0,1,1,2
ORURO,desnutricion aguda,desnutricion moderada (m),2007-11-01,12,12,6,3,18,15,33
PADCAYA,desnutricion aguda,desnutricion moderada (m),2007-11-01,1,3,2,2,3,5,8
PADILLA,desnutricion aguda,desnutricion moderada (m),2007-11-01,11,6,8,9,19,15,34
PAILON,desnutricion aguda,desnutricion moderada (m),2007-11-01,1,5,3,2,4,7,11
PALCA,desnutricion aguda,desnutricion moderada (m),2007-11-01,3,5,1,2,4,7,11
PASORAPA,desnutricion aguda,desnutricion moderada (m),2007-11-01,0,1,1,0,1,1,2
PAZÑA,desnutricion aguda,desnutricion moderada (m),2007-11-01,1,0,0,0,1,0,1
POCOATA,desnutricion aguda,desnutricion moderada (m),2007-11-01,11,22,16,21,27,43,70
POCONA,desnutricion aguda,desnutricion moderada (m),2007-11-01,1,2,2,1,3,3,6
POJO (CBBA),desnutricion aguda,desnutricion moderada (m),2007-11-01,2,0,0,2,2,2,4
POOPO,desnutricion aguda,desnutricion moderada (m),2007-11-01,1,0,0,0,1,0,1
PORCO,desnutricion aguda,desnutricion moderada (m),2007-11-01,1,6,4,6,5,12,17
POROMA,desnutricion aguda,desnutricion moderada (m),2007-11-01,21,28,14,17,35,45,80
PORONGO,desnutricion aguda,desnutricion moderada (m),2007-11-01,0,1,0,1,0,2,2
PORTACHUELO,desnutricion aguda,desnutricion moderada (m),2007-11-01,4,2,0,3,4,5,9
PORVENIR,desnutricion aguda,desnutricion moderada (m),2007-11-01,2,0,0,0,2,0,2
POSTRER VALLE,desnutricion aguda,desnutricion moderada (m),2007-11-01,0,0,1,0,1,0,1
POTOSI,desnutricion aguda,desnutricion moderada (m),2007-11-01,54,74,31,28,85,102,187
PRESTO,desnutricion aguda,desnutricion moderada (m),2007-11-01,8,6,3,5,11,11,22
PUCARA,desnutricion aguda,desnutricion moderada (m),2007-11-01,1,0,0,1,1,1,2
PUERTO GONZALO MORENO,desnutricion aguda,desnutricion moderada (m),2007-11-01,5,8,6,2,11,10,21
PUERTO RICO,desnutricion aguda,desnutricion moderada (m),2007-11-01,0,2,0,2,0,4,4
PUERTO SILES,desnutricion aguda,desnutricion moderada (m),2007-11-01,0,0,0,1,0,1,1
PUERTO SUAREZ,desnutricion aguda,desnutricion moderada (m),2007-11-01,2,5,0,0,2,5,7
PUERTO VILLARROEL,desnutricion aguda,desnutricion moderada (m),2007-11-01,23,20,19,10,42,30,72
PUNA,desnutricion aguda,desnutricion moderada (m),2007-11-01,41,33,29,29,70,62,132
PUNATA,desnutricion aguda,desnutricion moderada (m),2007-11-01,100,70,59,50,159,120,279
QUILLACOLLO,desnutricion aguda,desnutricion moderada (m),2007-11-01,10,7,10,7,20,14,34
QUIME,desnutricion aguda,desnutricion moderada (m),2007-11-01,1,1,0,0,1,1,2
QUIRUSILLAS,desnutricion aguda,desnutricion moderada (m),2007-11-01,0,0,0,1,0,1,1
RAVELO,desnutricion aguda,desnutricion moderada (m),2007-11-01,48,39,29,46,77,85,162
REYES,desnutricion aguda,desnutricion moderada (m),2007-11-01,2,0,2,1,4,1,5
RIBERALTA,desnutricion aguda,desnutricion moderada (m),2007-11-01,70,83,26,33,96,116,212
ROBORE,desnutricion aguda,desnutricion moderada (m),2007-11-01,3,2,0,3,3,5,8
RURRENABAQUE,desnutricion aguda,desnutricion moderada (m),2007-11-01,0,2,0,0,0,2,2
SACABA,desnutricion aguda,desnutricion moderada (m),2007-11-01,20,10,9,21,29,31,60
SACABAMBA,desnutricion aguda,desnutricion moderada (m),2007-11-01,1,1,0,0,1,1,2
SACACA,desnutricion aguda,desnutricion moderada (m),2007-11-01,23,20,16,20,39,40,79
SAIPINA,desnutricion aguda,desnutricion moderada (m),2007-11-01,1,0,1,0,2,0,2
SALINAS DE GARCI MENDOZA,desnutricion aguda,desnutricion moderada (m),2007-11-01,1,0,0,1,1,1,2
SAMAIPATA,desnutricion aguda,desnutricion moderada (m),2007-11-01,1,0,1,1,2,1,3
SAN AGUSTIN,desnutricion aguda,desnutricion moderada (m),2007-11-01,0,1,0,1,0,2,2
SAN ANDRES,desnutricion aguda,desnutricion moderada (m),2007-11-01,1,0,0,0,1,0,1
SAN ANTONIO DE ESMORUCO,desnutricion aguda,desnutricion moderada (m),2007-11-01,1,0,0,0,1,0,1
SAN BENITO,desnutricion aguda,desnutricion moderada (m),2007-11-01,2,4,3,2,5,6,11
SAN BORJA,desnutricion aguda,desnutricion moderada (m),2007-11-01,4,12,4,4,8,16,24
SAN CARLOS,desnutricion aguda,desnutricion moderada (m),2007-11-01,7,3,1,0,8,3,11
SAN IGNACIO,desnutricion aguda,desnutricion moderada (m),2007-11-01,26,24,2,6,28,30,58
SAN IGNACIO DE VELASCO,desnutricion aguda,desnutricion moderada (m),2007-11-01,19,34,19,29,38,63,101
SAN JAVIER(BNI),desnutricion aguda,desnutricion moderada (m),2007-11-01,0,1,0,0,0,1,1
SAN JAVIER(STC),desnutricion aguda,desnutricion moderada (m),2007-11-01,1,1,1,1,2,2,4
SAN JOAQUIN,desnutricion aguda,desnutricion moderada (m),2007-11-01,0,4,0,0,0,4,4
SAN JOSE DE CHIQUITOS,desnutricion aguda,desnutricion moderada (m),2007-11-01,4,2,3,3,7,5,12
SAN JUAN DE YAPACANI,desnutricion aguda,desnutricion moderada (m),2007-11-01,1,5,3,2,4,7,11
SAN JULIAN,desnutricion aguda,desnutricion moderada (m),2007-11-01,2,4,1,2,3,6,9
SAN LORENZO(PND),desnutricion aguda,desnutricion moderada (m),2007-11-01,0,8,3,0,3,8,11
SAN LORENZO(TJA),desnutricion aguda,desnutricion moderada (m),2007-11-01,5,3,3,4,8,7,15
SAN LUCAS,desnutricion aguda,desnutricion moderada (m),2007-11-01,51,46,33,33,84,79,163
SAN MATIAS,desnutricion aguda,desnutricion moderada (m),2007-11-01,1,4,3,0,4,4,8
SAN MIGUEL DE VELASCO,desnutricion aguda,desnutricion moderada (m),2007-11-01,1,1,3,1,4,2,6
SAN PABLO DE LIPEZ,desnutricion aguda,desnutricion moderada (m),2007-11-01,4,1,0,1,4,2,6
SAN PEDRO,desnutricion aguda,desnutricion moderada (m),2007-11-01,2,0,0,3,2,3,5
SAN PEDRO DE BUENA VISTA,desnutricion aguda,desnutricion moderada (m),2007-11-01,13,4,5,12,18,16,34
SAN PEDRO DE QUEMES,desnutricion aguda,desnutricion moderada (m),2007-11-01,1,0,0,0,1,0,1
SAN PEDRO(PND),desnutricion aguda,desnutricion moderada (m),2007-11-01,1,0,0,0,1,0,1
SAN RAFAEL,desnutricion aguda,desnutricion moderada (m),2007-11-01,6,2,0,0,6,2,8
SAN RAMON,desnutricion aguda,desnutricion moderada (m),2007-11-01,0,1,0,2,0,3,3
SAN RAMON,desnutricion aguda,desnutricion moderada (m),2007-11-01,1,4,0,1,1,5,6
SANTA ANA,desnutricion aguda,desnutricion moderada (m),2007-11-01,7,4,3,1,10,5,15
SANTA CRUZ DE LA SIERRA,desnutricion aguda,desnutricion moderada (m),2007-11-01,23,28,9,5,32,33,65
SANTA ROSA DEL SARA,desnutricion aguda,desnutricion moderada (m),2007-11-01,4,1,2,3,6,4,10
SANTIAGO DE HUARI,desnutricion aguda,desnutricion moderada (m),2007-11-01,1,1,0,0,1,1,2
SANTIVAÑES,desnutricion aguda,desnutricion moderada (m),2007-11-01,1,2,0,3,1,5,6
SIPE SIPE,desnutricion aguda,desnutricion moderada (m),2007-11-01,17,9,8,8,25,17,42
SOPACHUY,desnutricion aguda,desnutricion moderada (m),2007-11-01,12,15,5,12,17,27,44
SORACACHI,desnutricion aguda,desnutricion moderada (m),2007-11-01,1,3,0,1,1,4,5
SUCRE,desnutricion aguda,desnutricion moderada (m),2007-11-01,54,49,44,39,98,88,186
TACOBAMBA,desnutricion aguda,desnutricion moderada (m),2007-11-01,7,7,3,4,10,11,21
TACOPAYA,desnutricion aguda,desnutricion moderada (m),2007-11-01,3,6,2,6,5,12,17
TAPACARI,desnutricion aguda,desnutricion moderada (m),2007-11-01,31,38,12,18,43,56,99
TARABUCO,desnutricion aguda,desnutricion moderada (m),2007-11-01,26,16,18,27,44,43,87
TARATA,desnutricion aguda,desnutricion moderada (m),2007-11-01,1,4,0,0,1,4,5
TARIJA,desnutricion aguda,desnutricion moderada (m),2007-11-01,16,22,13,15,29,37,66
TARVITA,desnutricion aguda,desnutricion moderada (m),2007-11-01,22,10,18,34,40,44,84
TINGUIPAYA,desnutricion aguda,desnutricion moderada (m),2007-11-01,17,10,18,6,35,16,51
TIQUIPAYA,desnutricion aguda,desnutricion moderada (m),2007-11-01,4,3,0,2,4,5,9
TIRAQUE (CBBA),desnutricion aguda,desnutricion moderada (m),2007-11-01,24,21,19,13,43,34,77
TOMAVE,desnutricion aguda,desnutricion moderada (m),2007-11-01,5,3,0,1,5,4,9
TOMINA,desnutricion aguda,desnutricion moderada (m),2007-11-01,13,12,15,23,28,35,63
TORO TORO,desnutricion aguda,desnutricion moderada (m),2007-11-01,10,6,6,5,16,11,27
TOTORA(CBBA),desnutricion aguda,desnutricion moderada (m),2007-11-01,3,2,1,4,4,6,10
TRINIDAD,desnutricion aguda,desnutricion moderada (m),2007-11-01,24,17,14,11,38,28,66
TUPIZA,desnutricion aguda,desnutricion moderada (m),2007-11-01,14,9,17,21,31,30,61
UNCIA,desnutricion aguda,desnutricion moderada (m),2007-11-01,6,8,5,7,11,15,26
URIONDO (A. CONCEPCION),desnutricion aguda,desnutricion moderada (m),2007-11-01,1,0,1,1,2,1,3
UYUNI,desnutricion aguda,desnutricion moderada (m),2007-11-01,5,2,2,4,7,6,13
VACAS,desnutricion aguda,desnutricion moderada (m),2007-11-01,5,3,1,2,6,5,11
VALLEGRANDE,desnutricion aguda,desnutricion moderada (m),2007-11-01,1,1,1,1,2,2,4
VIACHA,desnutricion aguda,desnutricion moderada (m),2007-11-01,8,6,2,2,10,8,18
VILA VILA,desnutricion aguda,desnutricion moderada (m),2007-11-01,2,1,4,2,6,3,9
VILLA MONTES,desnutricion aguda,desnutricion moderada (m),2007-11-01,8,6,2,7,10,13,23
VILLA NUEVA (LOMA ALTA),desnutricion aguda,desnutricion moderada (m),2007-11-01,0,1,0,1,0,2,2
VILLA RIVERO,desnutricion aguda,desnutricion moderada (m),2007-11-01,0,5,1,1,1,6,7
VILLA SERRANO,desnutricion aguda,desnutricion moderada (m),2007-11-01,6,6,7,5,13,11,24
VILLA TUNARI,desnutricion aguda,desnutricion moderada (m),2007-11-01,12,32,6,6,18,38,56
VILLA VACA GUZMAN (MUYUPAMPA),desnutricion aguda,desnutricion moderada (m),2007-11-01,0,3,2,3,2,6,8
VILLAZON,desnutricion aguda,desnutricion moderada (m),2007-11-01,28,28,14,25,42,53,95
VINTO,desnutricion aguda,desnutricion moderada (m),2007-11-01,2,1,1,1,3,2,5
VITICHI,desnutricion aguda,desnutricion moderada (m),2007-11-01,6,9,16,13,22,22,44
WARNES,desnutricion aguda,desnutricion moderada (m),2007-11-01,5,1,0,4,5,5,10
YACUIBA,desnutricion aguda,desnutricion moderada (m),2007-11-01,3,14,1,5,4,19,23
YAMPARAEZ,desnutricion aguda,desnutricion moderada (m),2007-11-01,18,7,14,21,32,28,60
YAPACANI,desnutricion aguda,desnutricion moderada (m),2007-11-01,7,3,2,3,9,6,15
YOCALLA,desnutricion aguda,desnutricion moderada (m),2007-11-01,1,0,0,1,1,1,2
YOTALA,desnutricion aguda,desnutricion moderada (m),2007-11-01,4,1,0,0,4,1,5
YUNCHARA,desnutricion aguda,desnutricion moderada (m),2007-11-01,3,3,4,3,7,6,13
ZUDAÑEZ,desnutricion aguda,desnutricion moderada (m),2007-11-01,6,2,4,7,10,9,19
ACACIO,desnutricion aguda,desnutricion moderada (m),2007-12-01,12,6,3,8,15,14,29
AIQUILE,desnutricion aguda,desnutricion moderada (m),2007-12-01,5,3,4,3,9,6,15
ALALAY,desnutricion aguda,desnutricion moderada (m),2007-12-01,1,1,1,4,2,5,7
ALCALA,desnutricion aguda,desnutricion moderada (m),2007-12-01,2,5,5,3,7,8,15
ANTEQUERA,desnutricion aguda,desnutricion moderada (m),2007-12-01,1,0,2,4,3,4,7
ANZALDO,desnutricion aguda,desnutricion moderada (m),2007-12-01,0,2,0,2,0,4,4
ARAMPAMPA,desnutricion aguda,desnutricion moderada (m),2007-12-01,10,11,6,4,16,15,31
ARANI,desnutricion aguda,desnutricion moderada (m),2007-12-01,1,0,0,0,1,0,1
ARBIETO,desnutricion aguda,desnutricion moderada (m),2007-12-01,4,0,1,2,5,2,7
ARQUE,desnutricion aguda,desnutricion moderada (m),2007-12-01,9,11,5,4,14,15,29
ASCENCION DE GUARAYOS,desnutricion aguda,desnutricion moderada (m),2007-12-01,30,19,23,33,53,52,105
ATOCHA,desnutricion aguda,desnutricion moderada (m),2007-12-01,4,4,1,6,5,10,15
AYOPAYA (V. DE INDEPENDENCIA),desnutricion aguda,desnutricion moderada (m),2007-12-01,10,7,1,2,11,9,20
AZURDUY,desnutricion aguda,desnutricion moderada (m),2007-12-01,6,5,6,13,12,18,30
BAURES,desnutricion aguda,desnutricion moderada (m),2007-12-01,0,2,1,0,1,2,3
BELEN DE URMIRI,desnutricion aguda,desnutricion moderada (m),2007-12-01,0,1,1,1,1,2,3
BELLA FLOR,desnutricion aguda,desnutricion moderada (m),2007-12-01,0,2,2,0,2,2,4
BERMEJO,desnutricion aguda,desnutricion moderada (m),2007-12-01,6,4,1,2,7,6,13
BETANZOS,desnutricion aguda,desnutricion moderada (m),2007-12-01,18,22,20,17,38,39,77
BOLIVAR,desnutricion aguda,desnutricion moderada (m),2007-12-01,11,11,2,7,13,18,31
BOLPEBRA,desnutricion aguda,desnutricion moderada (m),2007-12-01,0,0,0,2,0,2,2
CABEZAS,desnutricion aguda,desnutricion moderada (m),2007-12-01,5,5,5,6,10,11,21
"CAIZA ""D""",desnutricion aguda,desnutricion moderada (m),2007-12-01,2,1,0,0,2,1,3
CAJUATA,desnutricion aguda,desnutricion moderada (m),2007-12-01,1,0,0,1,1,1,2
CAMARGO,desnutricion aguda,desnutricion moderada (m),2007-12-01,11,10,9,17,20,27,47
CAMATAQUI (C. VILLA ABECIA),desnutricion aguda,desnutricion moderada (m),2007-12-01,0,1,3,4,3,5,8
CAMIRI,desnutricion aguda,desnutricion moderada (m),2007-12-01,5,10,8,5,13,15,28
CAPINOTA,desnutricion aguda,desnutricion moderada (m),2007-12-01,5,2,0,3,5,5,10
CARACOLLO,desnutricion aguda,desnutricion moderada (m),2007-12-01,0,2,0,1,0,3,3
CARAPARI,desnutricion aguda,desnutricion moderada (m),2007-12-01,0,0,1,1,1,1,2
CARIPUYO,desnutricion aguda,desnutricion moderada (m),2007-12-01,17,14,12,17,29,31,60
CARMEN RIVERO TORREZ,desnutricion aguda,desnutricion moderada (m),2007-12-01,1,0,1,2,2,2,4
CHALLAPATA,desnutricion aguda,desnutricion moderada (m),2007-12-01,10,9,3,0,13,9,22
CHAQUI,desnutricion aguda,desnutricion moderada (m),2007-12-01,0,0,1,1,1,1,2
CHARAGUA,desnutricion aguda,desnutricion moderada (m),2007-12-01,8,4,5,2,13,6,19
CHAYANTA,desnutricion aguda,desnutricion moderada (m),2007-12-01,12,13,12,17,24,30,54
CHIMORE,desnutricion aguda,desnutricion moderada (m),2007-12-01,1,2,0,2,1,4,5
CHIPAYA,desnutricion aguda,desnutricion moderada (m),2007-12-01,0,0,0,3,0,3,3
CLIZA,desnutricion aguda,desnutricion moderada (m),2007-12-01,0,2,0,0,0,2,2
COBIJA,desnutricion aguda,desnutricion moderada (m),2007-12-01,17,10,3,6,20,16,36
COCHABAMBA,desnutricion aguda,desnutricion moderada (m),2007-12-01,73,58,21,36,94,94,188
COLCAPIRHUA,desnutricion aguda,desnutricion moderada (m),2007-12-01,2,2,3,0,5,2,7
"COLCHA ""K""",desnutricion aguda,desnutricion moderada (m),2007-12-01,1,0,0,0,1,0,1
COLOMI,desnutricion aguda,desnutricion moderada (m),2007-12-01,2,5,0,1,2,6,8
COLPA BELGICA,desnutricion aguda,desnutricion moderada (m),2007-12-01,0,0,1,0,1,0,1
COLQUECHACA,desnutricion aguda,desnutricion moderada (m),2007-12-01,22,16,20,24,42,40,82
COLQUIRI,desnutricion aguda,desnutricion moderada (m),2007-12-01,1,1,0,0,1,1,2
COMARAPA,desnutricion aguda,desnutricion moderada (m),2007-12-01,2,2,3,2,5,4,9
CONCEPCION,desnutricion aguda,desnutricion moderada (m),2007-12-01,7,14,0,4,7,18,25
CORQUE,desnutricion aguda,desnutricion moderada (m),2007-12-01,0,1,1,0,1,1,2
COTAGAITA,desnutricion aguda,desnutricion moderada (m),2007-12-01,6,11,13,19,19,30,49
COTOCA,desnutricion aguda,desnutricion moderada (m),2007-12-01,10,9,2,5,12,14,26
CUATRO CAÑADAS,desnutricion aguda,desnutricion moderada (m),2007-12-01,1,1,0,0,1,1,2
CUEVO,desnutricion aguda,desnutricion moderada (m),2007-12-01,3,2,0,0,3,2,5
CULPINA,desnutricion aguda,desnutricion moderada (m),2007-12-01,6,8,9,9,15,17,32
CURAHUARA DE CARANGAS,desnutricion aguda,desnutricion moderada (m),2007-12-01,1,0,0,1,1,1,2
EL PUENTE(STC),desnutricion aguda,desnutricion moderada (m),2007-12-01,5,3,2,3,7,6,13
EL PUENTE(TJA),desnutricion aguda,desnutricion moderada (m),2007-12-01,1,2,0,3,1,5,6
EL TORNO,desnutricion aguda,desnutricion moderada (m),2007-12-01,1,3,6,3,7,6,13
EL VILLAR,desnutricion aguda,desnutricion moderada (m),2007-12-01,1,2,4,5,5,7,12
ENTRE RIOS,desnutricion aguda,desnutricion moderada (m),2007-12-01,4,8,1,3,5,11,16
ENTRE RIOS,desnutricion aguda,desnutricion moderada (m),2007-12-01,3,1,3,1,6,2,8
EUCALIPTUS,desnutricion aguda,desnutricion moderada (m),2007-12-01,2,0,1,0,3,0,3
EUREKA (SANTOS MERCADO),desnutricion aguda,desnutricion moderada (m),2007-12-01,0,1,2,1,2,2,4
FERNANDEZ ALONSO,desnutricion aguda,desnutricion moderada (m),2007-12-01,2,2,1,0,3,2,5
FILADELFIA,desnutricion aguda,desnutricion moderada (m),2007-12-01,3,1,2,1,5,2,7
GENERAL SAAVEDRA,desnutricion aguda,desnutricion moderada (m),2007-12-01,4,6,3,5,7,11,18
GUAYARAMERIN,desnutricion aguda,desnutricion moderada (m),2007-12-01,16,15,5,3,21,18,39
GUTIERREZ,desnutricion aguda,desnutricion moderada (m),2007-12-01,15,16,8,15,23,31,54
HUACARETA,desnutricion aguda,desnutricion moderada (m),2007-12-01,2,3,1,2,3,5,8
HUACAYA (VILLA DE HUACAYA),desnutricion aguda,desnutricion moderada (m),2007-12-01,0,0,4,1,4,1,5
HUACHACALLA,desnutricion aguda,desnutricion moderada (m),2007-12-01,0,1,0,0,0,1,1
HUANUNI,desnutricion aguda,desnutricion moderada (m),2007-12-01,1,1,1,1,2,2,4
HUARACAJE,desnutricion aguda,desnutricion moderada (m),2007-12-01,0,0,0,1,0,1,1
HUAYLLAMARCA,desnutricion aguda,desnutricion moderada (m),2007-12-01,1,0,0,0,1,0,1
ICHOCA,desnutricion aguda,desnutricion moderada (m),2007-12-01,0,0,1,0,1,0,1
ICLA,desnutricion aguda,desnutricion moderada (m),2007-12-01,16,20,24,26,40,46,86
INCAHUASI,desnutricion aguda,desnutricion moderada (m),2007-12-01,23,14,18,30,41,44,85
INQUISIVI,desnutricion aguda,desnutricion moderada (m),2007-12-01,5,0,0,0,5,0,5
LA GUARDIA,desnutricion aguda,desnutricion moderada (m),2007-12-01,11,18,3,7,14,25,39
LAGUNILLAS,desnutricion aguda,desnutricion moderada (m),2007-12-01,2,3,0,2,2,5,7
LAS CARRERAS,desnutricion aguda,desnutricion moderada (m),2007-12-01,1,0,0,3,1,3,4
LLALLAGUA,desnutricion aguda,desnutricion moderada (m),2007-12-01,11,17,10,4,21,21,42
LLICA,desnutricion aguda,desnutricion moderada (m),2007-12-01,0,1,1,1,1,2,3
LORETO,desnutricion aguda,desnutricion moderada (m),2007-12-01,0,0,1,1,1,1,2
MACHARETI,desnutricion aguda,desnutricion moderada (m),2007-12-01,0,3,6,3,6,6,12
MAGDALENA,desnutricion aguda,desnutricion moderada (m),2007-12-01,1,3,0,1,1,4,5
MAIRANA,desnutricion aguda,desnutricion moderada (m),2007-12-01,4,2,2,7,6,9,15
MECAPACA,desnutricion aguda,desnutricion moderada (m),2007-12-01,1,0,1,0,2,0,2
MINEROS,desnutricion aguda,desnutricion moderada (m),2007-12-01,2,1,1,1,3,2,5
MIZQUE,desnutricion aguda,desnutricion moderada (m),2007-12-01,6,5,1,1,7,6,13
MOJOCOYA,desnutricion aguda,desnutricion moderada (m),2007-12-01,8,0,3,4,11,4,15
MONTEAGUDO,desnutricion aguda,desnutricion moderada (m),2007-12-01,9,6,5,7,14,13,27
MONTERO,desnutricion aguda,desnutricion moderada (m),2007-12-01,21,22,10,16,31,38,69
MORO MORO,desnutricion aguda,desnutricion moderada (m),2007-12-01,0,0,1,0,1,0,1
MOROCHATA,desnutricion aguda,desnutricion moderada (m),2007-12-01,9,6,6,8,15,14,29
NACEBE (SANTA ROSA DEL ABUNA),desnutricion aguda,desnutricion moderada (m),2007-12-01,0,0,0,3,0,3,3
NUEVO MANOA (NUEVA ESPERANZA),desnutricion aguda,desnutricion moderada (m),2007-12-01,0,0,2,1,2,1,3
OCURI,desnutricion aguda,desnutricion moderada (m),2007-12-01,26,21,10,15,36,36,72
OKINAWA,desnutricion aguda,desnutricion moderada (m),2007-12-01,2,4,0,1,2,5,7
OMEREQUE,desnutricion aguda,desnutricion moderada (m),2007-12-01,0,2,1,2,1,4,5
ORURO,desnutricion aguda,desnutricion moderada (m),2007-12-01,13,16,2,6,15,22,37
PADCAYA,desnutricion aguda,desnutricion moderada (m),2007-12-01,1,2,0,1,1,3,4
PADILLA,desnutricion aguda,desnutricion moderada (m),2007-12-01,8,6,5,14,13,20,33
PAILON,desnutricion aguda,desnutricion moderada (m),2007-12-01,1,3,0,0,1,3,4
PALCA,desnutricion aguda,desnutricion moderada (m),2007-12-01,1,3,1,1,2,4,6
PAMPA GRANDE,desnutricion aguda,desnutricion moderada (m),2007-12-01,0,1,0,0,0,1,1
PASORAPA,desnutricion aguda,desnutricion moderada (m),2007-12-01,1,0,0,0,1,0,1
POCOATA,desnutricion aguda,desnutricion moderada (m),2007-12-01,15,14,12,18,27,32,59
POCONA,desnutricion aguda,desnutricion moderada (m),2007-12-01,0,2,2,2,2,4,6
POJO (CBBA),desnutricion aguda,desnutricion moderada (m),2007-12-01,0,3,3,0,3,3,6
POOPO,desnutricion aguda,desnutricion moderada (m),2007-12-01,0,1,5,1,5,2,7
PORCO,desnutricion aguda,desnutricion moderada (m),2007-12-01,9,5,1,3,10,8,18
POROMA,desnutricion aguda,desnutricion moderada (m),2007-12-01,20,20,14,13,34,33,67
PORONGO,desnutricion aguda,desnutricion moderada (m),2007-12-01,1,1,1,2,2,3,5
PORTACHUELO,desnutricion aguda,desnutricion moderada (m),2007-12-01,5,2,6,1,11,3,14
PORVENIR,desnutricion aguda,desnutricion moderada (m),2007-12-01,0,3,0,1,0,4,4
POSTRER VALLE,desnutricion aguda,desnutricion moderada (m),2007-12-01,0,0,1,1,1,1,2
POTOSI,desnutricion aguda,desnutricion moderada (m),2007-12-01,13,11,1,3,14,14,28
PRESTO,desnutricion aguda,desnutricion moderada (m),2007-12-01,7,2,8,5,15,7,22
PUCARA,desnutricion aguda,desnutricion moderada (m),2007-12-01,0,0,1,0,1,0,1
PUERTO GONZALO MORENO,desnutricion aguda,desnutricion moderada (m),2007-12-01,6,5,7,4,13,9,22
PUERTO QUIJARRO,desnutricion aguda,desnutricion moderada (m),2007-12-01,3,1,0,0,3,1,4
PUERTO RICO,desnutricion aguda,desnutricion moderada (m),2007-12-01,4,2,0,1,4,3,7
PUERTO SUAREZ,desnutricion aguda,desnutricion moderada (m),2007-12-01,0,3,1,0,1,3,4
PUERTO VILLARROEL,desnutricion aguda,desnutricion moderada (m),2007-12-01,30,36,11,12,41,48,89
PUNA,desnutricion aguda,desnutricion moderada (m),2007-12-01,28,30,21,29,49,59,108
PUNATA,desnutricion aguda,desnutricion moderada (m),2007-12-01,9,5,1,2,10,7,17
QUILLACOLLO,desnutricion aguda,desnutricion moderada (m),2007-12-01,5,12,5,13,10,25,35
QUIME,desnutricion aguda,desnutricion moderada (m),2007-12-01,0,1,0,0,0,1,1
QUIRUSILLAS,desnutricion aguda,desnutricion moderada (m),2007-12-01,1,0,0,0,1,0,1
RAVELO,desnutricion aguda,desnutricion moderada (m),2007-12-01,30,25,28,25,58,50,108
REYES,desnutricion aguda,desnutricion moderada (m),2007-12-01,1,1,2,2,3,3,6
RIBERALTA,desnutricion aguda,desnutricion moderada (m),2007-12-01,55,81,19,31,74,112,186
ROBORE,desnutricion aguda,desnutricion moderada (m),2007-12-01,4,0,1,1,5,1,6
RURRENABAQUE,desnutricion aguda,desnutricion moderada (m),2007-12-01,0,2,0,0,0,2,2
SACABA,desnutricion aguda,desnutricion moderada (m),2007-12-01,10,13,9,4,19,17,36
SACABAMBA,desnutricion aguda,desnutricion moderada (m),2007-12-01,1,0,0,0,1,0,1
SACACA,desnutricion aguda,desnutricion moderada (m),2007-12-01,25,23,18,21,43,44,87
SAIPINA,desnutricion aguda,desnutricion moderada (m),2007-12-01,3,0,2,0,5,0,5
SALINAS DE GARCI MENDOZA,desnutricion aguda,desnutricion moderada (m),2007-12-01,1,0,5,1,6,1,7
SAMAIPATA,desnutricion aguda,desnutricion moderada (m),2007-12-01,0,0,1,0,1,0,1
SAN AGUSTIN,desnutricion aguda,desnutricion moderada (m),2007-12-01,0,0,1,2,1,2,3
SAN ANDRES,desnutricion aguda,desnutricion moderada (m),2007-12-01,2,0,0,0,2,0,2
SAN ANTONIO DE ESMORUCO,desnutricion aguda,desnutricion moderada (m),2007-12-01,1,0,0,0,1,0,1
SAN ANTONIO DE LOMERIO,desnutricion aguda,desnutricion moderada (m),2007-12-01,4,7,0,5,4,12,16
SAN BENITO,desnutricion aguda,desnutricion moderada (m),2007-12-01,4,4,4,2,8,6,14
SAN BORJA,desnutricion aguda,desnutricion moderada (m),2007-12-01,8,12,11,9,19,21,40
SAN CARLOS,desnutricion aguda,desnutricion moderada (m),2007-12-01,2,5,2,2,4,7,11
SAN IGNACIO,desnutricion aguda,desnutricion moderada (m),2007-12-01,13,20,0,3,13,23,36
SAN IGNACIO DE VELASCO,desnutricion aguda,desnutricion moderada (m),2007-12-01,12,22,15,20,27,42,69
SAN JAVIER(STC),desnutricion aguda,desnutricion moderada (m),2007-12-01,3,1,0,0,3,1,4
SAN JOAQUIN,desnutricion aguda,desnutricion moderada (m),2007-12-01,1,3,2,0,3,3,6
SAN JOSE DE CHIQUITOS,desnutricion aguda,desnutricion moderada (m),2007-12-01,6,5,2,1,8,6,14
SAN JUAN DE YAPACANI,desnutricion aguda,desnutricion moderada (m),2007-12-01,1,3,9,6,10,9,19
SAN JULIAN,desnutricion aguda,desnutricion moderada (m),2007-12-01,0,1,0,0,0,1,1
SAN LORENZO(PND),desnutricion aguda,desnutricion moderada (m),2007-12-01,0,1,1,1,1,2,3
SAN LORENZO(TJA),desnutricion aguda,desnutricion moderada (m),2007-12-01,5,10,2,3,7,13,20
SAN LUCAS,desnutricion aguda,desnutricion moderada (m),2007-12-01,55,40,24,39,79,79,158
SAN MATIAS,desnutricion aguda,desnutricion moderada (m),2007-12-01,1,1,0,0,1,1,2
SAN MIGUEL DE VELASCO,desnutricion aguda,desnutricion moderada (m),2007-12-01,2,0,1,0,3,0,3
SAN PABLO DE LIPEZ,desnutricion aguda,desnutricion moderada (m),2007-12-01,0,0,1,0,1,0,1
SAN PEDRO,desnutricion aguda,desnutricion moderada (m),2007-12-01,2,3,3,3,5,6,11
SAN PEDRO DE BUENA VISTA,desnutricion aguda,desnutricion moderada (m),2007-12-01,3,14,4,9,7,23,30
SAN PEDRO DE QUEMES,desnutricion aguda,desnutricion moderada (m),2007-12-01,1,0,0,0,1,0,1
SAN PEDRO(PND),desnutricion aguda,desnutricion moderada (m),2007-12-01,1,0,0,0,1,0,1
SAN RAFAEL,desnutricion aguda,desnutricion moderada (m),2007-12-01,1,2,1,1,2,3,5
SAN RAMON,desnutricion aguda,desnutricion moderada (m),2007-12-01,2,1,1,1,3,2,5
SANTA ANA,desnutricion aguda,desnutricion moderada (m),2007-12-01,3,4,3,2,6,6,12
SANTA CRUZ DE LA SIERRA,desnutricion aguda,desnutricion moderada (m),2007-12-01,53,57,18,25,71,82,153
SANTA ROSA,desnutricion aguda,desnutricion moderada (m),2007-12-01,1,3,0,0,1,3,4
SANTA ROSA DEL SARA,desnutricion aguda,desnutricion moderada (m),2007-12-01,0,4,3,1,3,5,8
SANTIAGO DE HUARI,desnutricion aguda,desnutricion moderada (m),2007-12-01,2,1,0,0,2,1,3
SANTIVAÑES,desnutricion aguda,desnutricion moderada (m),2007-12-01,0,1,0,0,0,1,1
SENA,desnutricion aguda,desnutricion moderada (m),2007-12-01,3,0,1,1,4,1,5
SIPE SIPE,desnutricion aguda,desnutricion moderada (m),2007-12-01,11,16,4,5,15,21,36
SOPACHUY,desnutricion aguda,desnutricion moderada (m),2007-12-01,10,14,7,22,17,36,53
SORACACHI,desnutricion aguda,desnutricion moderada (m),2007-12-01,1,1,0,0,1,1,2
SUCRE,desnutricion aguda,desnutricion moderada (m),2007-12-01,29,30,23,39,52,69,121
TACOBAMBA,desnutricion aguda,desnutricion moderada (m),2007-12-01,3,9,2,3,5,12,17
TACOPAYA,desnutricion aguda,desnutricion moderada (m),2007-12-01,7,6,8,5,15,11,26
TAPACARI,desnutricion aguda,desnutricion moderada (m),2007-12-01,35,31,11,20,46,51,97
TARABUCO,desnutricion aguda,desnutricion moderada (m),2007-12-01,71,30,34,32,105,62,167
TARATA,desnutricion aguda,desnutricion moderada (m),2007-12-01,1,2,0,1,1,3,4
TARIJA,desnutricion aguda,desnutricion moderada (m),2007-12-01,21,24,13,13,34,37,71
TARVITA,desnutricion aguda,desnutricion moderada (m),2007-12-01,10,13,20,18,30,31,61
TINGUIPAYA,desnutricion aguda,desnutricion moderada (m),2007-12-01,14,13,12,14,26,27,53
TIQUIPAYA,desnutricion aguda,desnutricion moderada (m),2007-12-01,3,2,3,1,6,3,9
TIRAQUE (CBBA),desnutricion aguda,desnutricion moderada (m),2007-12-01,23,15,13,13,36,28,64
TOCO,desnutricion aguda,desnutricion moderada (m),2007-12-01,3,0,2,0,5,0,5
TOLATA,desnutricion aguda,desnutricion moderada (m),2007-12-01,0,1,0,0,0,1,1
TOMAVE,desnutricion aguda,desnutricion moderada (m),2007-12-01,4,9,3,8,7,17,24
TOMINA,desnutricion aguda,desnutricion moderada (m),2007-12-01,12,9,13,26,25,35,60
TORO TORO,desnutricion aguda,desnutricion moderada (m),2007-12-01,8,1,2,0,10,1,11
TOTORA(CBBA),desnutricion aguda,desnutricion moderada (m),2007-12-01,4,1,1,1,5,2,7
TOTORA(ORR),desnutricion aguda,desnutricion moderada (m),2007-12-01,0,0,2,3,2,3,5
TRINIDAD,desnutricion aguda,desnutricion moderada (m),2007-12-01,22,17,3,17,25,34,59
TUPIZA,desnutricion aguda,desnutricion moderada (m),2007-12-01,12,11,13,7,25,18,43
TURCO,desnutricion aguda,desnutricion moderada (m),2007-12-01,1,1,0,0,1,1,2
UNCIA,desnutricion aguda,desnutricion moderada (m),2007-12-01,13,9,12,11,25,20,45
URIONDO (A. CONCEPCION),desnutricion aguda,desnutricion moderada (m),2007-12-01,3,3,1,2,4,5,9
URUBICHA,desnutricion aguda,desnutricion moderada (m),2007-12-01,16,16,15,22,31,38,69
UYUNI,desnutricion aguda,desnutricion moderada (m),2007-12-01,3,4,0,5,3,9,12
VACAS,desnutricion aguda,desnutricion moderada (m),2007-12-01,2,1,1,1,3,2,5
VALLEGRANDE,desnutricion aguda,desnutricion moderada (m),2007-12-01,3,1,0,1,3,2,5
VIACHA,desnutricion aguda,desnutricion moderada (m),2007-12-01,8,3,4,2,12,5,17
VILA VILA,desnutricion aguda,desnutricion moderada (m),2007-12-01,0,0,1,0,1,0,1
VILLA MONTES,desnutricion aguda,desnutricion moderada (m),2007-12-01,3,9,1,4,4,13,17
VILLA NUEVA (LOMA ALTA),desnutricion aguda,desnutricion moderada (m),2007-12-01,0,1,2,3,2,4,6
VILLA RIVERO,desnutricion aguda,desnutricion moderada (m),2007-12-01,1,2,0,1,1,3,4
VILLA SERRANO,desnutricion aguda,desnutricion moderada (m),2007-12-01,3,6,12,5,15,11,26
VILLA TUNARI,desnutricion aguda,desnutricion moderada (m),2007-12-01,9,16,3,8,12,24,36
VILLA VACA GUZMAN (MUYUPAMPA),desnutricion aguda,desnutricion moderada (m),2007-12-01,1,0,3,0,4,0,4
VILLAZON,desnutricion aguda,desnutricion moderada (m),2007-12-01,35,19,15,21,50,40,90
VITICHI,desnutricion aguda,desnutricion moderada (m),2007-12-01,8,8,10,21,18,29,47
WARNES,desnutricion aguda,desnutricion moderada (m),2007-12-01,7,9,3,7,10,16,26
YACUIBA,desnutricion aguda,desnutricion moderada (m),2007-12-01,9,10,1,5,10,15,25
YAMPARAEZ,desnutricion aguda,desnutricion moderada (m),2007-12-01,11,11,13,18,24,29,53
YAPACANI,desnutricion aguda,desnutricion moderada (m),2007-12-01,18,9,6,6,24,15,39
YOCALLA,desnutricion aguda,desnutricion moderada (m),2007-12-01,1,1,0,0,1,1,2
YOTALA,desnutricion aguda,desnutricion moderada (m),2007-12-01,1,0,2,0,3,0,3
YUNCHARA,desnutricion aguda,desnutricion moderada (m),2007-12-01,8,1,3,3,11,4,15
ZUDAÑEZ,desnutricion aguda,desnutricion moderada (m),2007-12-01,9,8,8,13,17,21,38
