municipality,group,variable,month,< de 2 años-H,< de 2 años-M,2 a 4 años-H,2 a 4 años-M,TOTAL-H,TOTAL-M,TOTAL
ACACIO,desnutricion aguda,nutricion superior (ns),2007-01-01,3,1,0,1,3,2,5
AIQUILE,desnutricion aguda,nutricion superior (ns),2007-01-01,9,1,5,1,14,2,16
ALCALA,desnutricion aguda,nutricion superior (ns),2007-01-01,3,10,0,1,3,11,14
ANDAMARCA,desnutricion aguda,nutricion superior (ns),2007-01-01,4,1,0,0,4,1,5
ANTEQUERA,desnutricion aguda,nutricion superior (ns),2007-01-01,1,0,0,0,1,0,1
ANZALDO,desnutricion aguda,nutricion superior (ns),2007-01-01,3,2,3,4,6,6,12
ARAMPAMPA,desnutricion aguda,nutricion superior (ns),2007-01-01,2,0,1,2,3,2,5
ARANI,desnutricion aguda,nutricion superior (ns),2007-01-01,4,5,4,1,8,6,14
ARBIETO,desnutricion aguda,nutricion superior (ns),2007-01-01,7,7,0,1,7,8,15
ARQUE,desnutricion aguda,nutricion superior (ns),2007-01-01,1,1,0,0,1,1,2
ATOCHA,desnutricion aguda,nutricion superior (ns),2007-01-01,8,3,2,1,10,4,14
AYOPAYA (V. DE INDEPENDENCIA),desnutricion aguda,nutricion superior (ns),2007-01-01,12,13,1,2,13,15,28
AZURDUY,desnutricion aguda,nutricion superior (ns),2007-01-01,17,7,6,1,23,8,31
BAURES,desnutricion aguda,nutricion superior (ns),2007-01-01,14,5,0,4,14,9,23
BELEN DE ANDAMARCA,desnutricion aguda,nutricion superior (ns),2007-01-01,0,2,2,0,2,2,4
BELEN DE URMIRI,desnutricion aguda,nutricion superior (ns),2007-01-01,2,1,2,3,4,4,8
BELLA FLOR,desnutricion aguda,nutricion superior (ns),2007-01-01,7,2,0,2,7,4,11
BERMEJO,desnutricion aguda,nutricion superior (ns),2007-01-01,4,0,0,0,4,0,4
BETANZOS,desnutricion aguda,nutricion superior (ns),2007-01-01,17,13,3,5,20,18,38
BOLIVAR,desnutricion aguda,nutricion superior (ns),2007-01-01,1,0,0,0,1,0,1
BOLPEBRA,desnutricion aguda,nutricion superior (ns),2007-01-01,0,1,0,0,0,1,1
BOYUIBE,desnutricion aguda,nutricion superior (ns),2007-01-01,2,7,1,1,3,8,11
BUENA VISTA,desnutricion aguda,nutricion superior (ns),2007-01-01,15,5,6,3,21,8,29
CABEZAS,desnutricion aguda,nutricion superior (ns),2007-01-01,42,21,16,8,58,29,87
"CAIZA ""D""",desnutricion aguda,nutricion superior (ns),2007-01-01,7,7,2,3,9,10,19
CAJUATA,desnutricion aguda,nutricion superior (ns),2007-01-01,32,27,31,22,63,49,112
CAMARGO,desnutricion aguda,nutricion superior (ns),2007-01-01,30,11,4,2,34,13,47
CAMATAQUI (C. VILLA ABECIA),desnutricion aguda,nutricion superior (ns),2007-01-01,4,5,2,2,6,7,13
CAMIRI,desnutricion aguda,nutricion superior (ns),2007-01-01,95,61,20,20,115,81,196
CAPINOTA,desnutricion aguda,nutricion superior (ns),2007-01-01,11,4,2,4,13,8,21
CARACOLLO,desnutricion aguda,nutricion superior (ns),2007-01-01,7,9,5,0,12,9,21
CARAPARI,desnutricion aguda,nutricion superior (ns),2007-01-01,27,13,5,2,32,15,47
CARIPUYO,desnutricion aguda,nutricion superior (ns),2007-01-01,11,5,0,1,11,6,17
CARMEN RIVERO TORREZ,desnutricion aguda,nutricion superior (ns),2007-01-01,6,5,2,2,8,7,15
CHALLAPATA,desnutricion aguda,nutricion superior (ns),2007-01-01,25,15,2,1,27,16,43
CHAQUI,desnutricion aguda,nutricion superior (ns),2007-01-01,7,4,2,1,9,5,14
CHARAGUA,desnutricion aguda,nutricion superior (ns),2007-01-01,30,35,9,14,39,49,88
CHAYANTA,desnutricion aguda,nutricion superior (ns),2007-01-01,3,9,1,0,4,9,13
CHIMORE,desnutricion aguda,nutricion superior (ns),2007-01-01,12,18,1,0,13,18,31
COBIJA,desnutricion aguda,nutricion superior (ns),2007-01-01,59,75,4,8,63,83,146
COCHABAMBA,desnutricion aguda,nutricion superior (ns),2007-01-01,381,294,146,97,527,391,918
COIPASA,desnutricion aguda,nutricion superior (ns),2007-01-01,0,1,0,0,0,1,1
COLCAPIRHUA,desnutricion aguda,nutricion superior (ns),2007-01-01,17,10,2,0,19,10,29
"COLCHA ""K""",desnutricion aguda,nutricion superior (ns),2007-01-01,7,5,0,1,7,6,13
COLOMI,desnutricion aguda,nutricion superior (ns),2007-01-01,14,11,4,0,18,11,29
COLPA BELGICA,desnutricion aguda,nutricion superior (ns),2007-01-01,19,8,2,6,21,14,35
COLQUECHACA,desnutricion aguda,nutricion superior (ns),2007-01-01,4,2,1,0,5,2,7
COLQUIRI,desnutricion aguda,nutricion superior (ns),2007-01-01,0,3,1,0,1,3,4
COMARAPA,desnutricion aguda,nutricion superior (ns),2007-01-01,88,64,9,7,97,71,168
CONCEPCION,desnutricion aguda,nutricion superior (ns),2007-01-01,9,12,2,2,11,14,25
CORQUE,desnutricion aguda,nutricion superior (ns),2007-01-01,4,3,1,1,5,4,9
COTAGAITA,desnutricion aguda,nutricion superior (ns),2007-01-01,17,8,0,0,17,8,25
COTOCA,desnutricion aguda,nutricion superior (ns),2007-01-01,68,73,116,80,184,153,337
CUATRO CAÑADAS,desnutricion aguda,nutricion superior (ns),2007-01-01,27,18,4,2,31,20,51
CUEVO,desnutricion aguda,nutricion superior (ns),2007-01-01,5,12,1,2,6,14,20
CULPINA,desnutricion aguda,nutricion superior (ns),2007-01-01,17,13,4,2,21,15,36
CURAHUARA DE CARANGAS,desnutricion aguda,nutricion superior (ns),2007-01-01,3,5,1,0,4,5,9
EL CHORO,desnutricion aguda,nutricion superior (ns),2007-01-01,3,4,1,1,4,5,9
EL PUENTE(STC),desnutricion aguda,nutricion superior (ns),2007-01-01,19,13,3,0,22,13,35
EL PUENTE(TJA),desnutricion aguda,nutricion superior (ns),2007-01-01,4,6,1,3,5,9,14
EL TORNO,desnutricion aguda,nutricion superior (ns),2007-01-01,114,30,18,7,132,37,169
EL VILLAR,desnutricion aguda,nutricion superior (ns),2007-01-01,4,2,2,1,6,3,9
ENTRE RIOS,desnutricion aguda,nutricion superior (ns),2007-01-01,47,37,11,7,58,44,102
ENTRE RIOS,desnutricion aguda,nutricion superior (ns),2007-01-01,31,38,15,4,46,42,88
EUCALIPTUS,desnutricion aguda,nutricion superior (ns),2007-01-01,3,7,1,4,4,11,15
EXALTACION,desnutricion aguda,nutricion superior (ns),2007-01-01,8,9,2,0,10,9,19
FERNANDEZ ALONSO,desnutricion aguda,nutricion superior (ns),2007-01-01,32,17,5,5,37,22,59
FILADELFIA,desnutricion aguda,nutricion superior (ns),2007-01-01,1,0,0,1,1,1,2
GENERAL SAAVEDRA,desnutricion aguda,nutricion superior (ns),2007-01-01,39,36,5,8,44,44,88
GUAYARAMERIN,desnutricion aguda,nutricion superior (ns),2007-01-01,130,107,9,14,139,121,260
GUTIERREZ,desnutricion aguda,nutricion superior (ns),2007-01-01,4,7,6,3,10,10,20
HUACARETA,desnutricion aguda,nutricion superior (ns),2007-01-01,12,10,3,5,15,15,30
HUACAYA (VILLA DE HUACAYA),desnutricion aguda,nutricion superior (ns),2007-01-01,13,8,0,1,13,9,22
HUACHACALLA,desnutricion aguda,nutricion superior (ns),2007-01-01,1,1,1,2,2,3,5
HUANUNI,desnutricion aguda,nutricion superior (ns),2007-01-01,40,34,6,1,46,35,81
HUARACAJE,desnutricion aguda,nutricion superior (ns),2007-01-01,11,2,1,2,12,4,16
HUAYLLAMARCA,desnutricion aguda,nutricion superior (ns),2007-01-01,0,1,0,1,0,2,2
ICHOCA,desnutricion aguda,nutricion superior (ns),2007-01-01,6,7,2,8,8,15,23
ICLA,desnutricion aguda,nutricion superior (ns),2007-01-01,4,4,4,1,8,5,13
INCAHUASI,desnutricion aguda,nutricion superior (ns),2007-01-01,21,21,0,3,21,24,45
INQUISIVI,desnutricion aguda,nutricion superior (ns),2007-01-01,30,20,44,34,74,54,128
LA GUARDIA,desnutricion aguda,nutricion superior (ns),2007-01-01,85,50,34,18,119,68,187
LA RIVERA,desnutricion aguda,nutricion superior (ns),2007-01-01,1,0,0,0,1,0,1
LAGUNILLAS,desnutricion aguda,nutricion superior (ns),2007-01-01,23,17,13,6,36,23,59
LAS CARRERAS,desnutricion aguda,nutricion superior (ns),2007-01-01,9,3,0,1,9,4,13
LICOMA PAMPA,desnutricion aguda,nutricion superior (ns),2007-01-01,2,0,1,0,3,0,3
LLALLAGUA,desnutricion aguda,nutricion superior (ns),2007-01-01,85,99,21,15,106,114,220
LLICA,desnutricion aguda,nutricion superior (ns),2007-01-01,3,4,2,0,5,4,9
LORETO,desnutricion aguda,nutricion superior (ns),2007-01-01,1,2,1,1,2,3,5
MACHACAMARCA,desnutricion aguda,nutricion superior (ns),2007-01-01,10,8,0,0,10,8,18
MACHARETI,desnutricion aguda,nutricion superior (ns),2007-01-01,26,25,10,8,36,33,69
MAGDALENA,desnutricion aguda,nutricion superior (ns),2007-01-01,14,10,5,0,19,10,29
MAIRANA,desnutricion aguda,nutricion superior (ns),2007-01-01,16,14,3,2,19,16,35
MINEROS,desnutricion aguda,nutricion superior (ns),2007-01-01,13,3,4,2,17,5,22
MIZQUE,desnutricion aguda,nutricion superior (ns),2007-01-01,93,57,10,18,103,75,178
MOJOCOYA,desnutricion aguda,nutricion superior (ns),2007-01-01,15,12,2,0,17,12,29
MONTEAGUDO,desnutricion aguda,nutricion superior (ns),2007-01-01,44,43,14,8,58,51,109
MONTERO,desnutricion aguda,nutricion superior (ns),2007-01-01,303,230,88,86,391,316,707
MORO MORO,desnutricion aguda,nutricion superior (ns),2007-01-01,4,3,1,0,5,3,8
MOROCHATA,desnutricion aguda,nutricion superior (ns),2007-01-01,6,9,0,1,6,10,16
NACEBE (SANTA ROSA DEL ABUNA),desnutricion aguda,nutricion superior (ns),2007-01-01,1,0,0,0,1,0,1
OCURI,desnutricion aguda,nutricion superior (ns),2007-01-01,5,6,2,3,7,9,16
OKINAWA,desnutricion aguda,nutricion superior (ns),2007-01-01,17,12,3,5,20,17,37
OMEREQUE,desnutricion aguda,nutricion superior (ns),2007-01-01,13,6,1,0,14,6,20
ORURO,desnutricion aguda,nutricion superior (ns),2007-01-01,186,183,34,51,220,234,454
PADCAYA,desnutricion aguda,nutricion superior (ns),2007-01-01,20,19,6,5,26,24,50
PADILLA,desnutricion aguda,nutricion superior (ns),2007-01-01,16,29,5,11,21,40,61
PAILON,desnutricion aguda,nutricion superior (ns),2007-01-01,32,28,2,5,34,33,67
PAMPA AULLAGAS,desnutricion aguda,nutricion superior (ns),2007-01-01,4,5,0,0,4,5,9
PAMPA GRANDE,desnutricion aguda,nutricion superior (ns),2007-01-01,3,12,0,1,3,13,16
PASORAPA,desnutricion aguda,nutricion superior (ns),2007-01-01,2,2,1,0,3,2,5
PAZÑA,desnutricion aguda,nutricion superior (ns),2007-01-01,7,2,0,1,7,3,10
POCOATA,desnutricion aguda,nutricion superior (ns),2007-01-01,8,3,2,0,10,3,13
POCONA,desnutricion aguda,nutricion superior (ns),2007-01-01,5,3,0,1,5,4,9
POJO (CBBA),desnutricion aguda,nutricion superior (ns),2007-01-01,11,14,2,4,13,18,31
POOPO,desnutricion aguda,nutricion superior (ns),2007-01-01,4,7,0,1,4,8,12
PORCO,desnutricion aguda,nutricion superior (ns),2007-01-01,6,5,1,1,7,6,13
POROMA,desnutricion aguda,nutricion superior (ns),2007-01-01,5,2,1,0,6,2,8
PORONGO,desnutricion aguda,nutricion superior (ns),2007-01-01,12,5,1,0,13,5,18
PORTACHUELO,desnutricion aguda,nutricion superior (ns),2007-01-01,66,66,30,29,96,95,191
PORVENIR,desnutricion aguda,nutricion superior (ns),2007-01-01,9,8,2,0,11,8,19
POSTRER VALLE,desnutricion aguda,nutricion superior (ns),2007-01-01,3,4,4,2,7,6,13
POTOSI,desnutricion aguda,nutricion superior (ns),2007-01-01,174,105,17,16,191,121,312
PRESTO,desnutricion aguda,nutricion superior (ns),2007-01-01,15,5,4,0,19,5,24
PUCARA,desnutricion aguda,nutricion superior (ns),2007-01-01,1,0,0,0,1,0,1
PUERTO GONZALO MORENO,desnutricion aguda,nutricion superior (ns),2007-01-01,1,3,0,0,1,3,4
PUERTO QUIJARRO,desnutricion aguda,nutricion superior (ns),2007-01-01,62,41,6,10,68,51,119
PUERTO RICO,desnutricion aguda,nutricion superior (ns),2007-01-01,4,11,0,1,4,12,16
PUERTO SILES,desnutricion aguda,nutricion superior (ns),2007-01-01,5,6,0,0,5,6,11
PUERTO SUAREZ,desnutricion aguda,nutricion superior (ns),2007-01-01,35,26,15,14,50,40,90
PUERTO VILLARROEL,desnutricion aguda,nutricion superior (ns),2007-01-01,38,48,20,12,58,60,118
PUNA,desnutricion aguda,nutricion superior (ns),2007-01-01,18,11,2,4,20,15,35
PUNATA,desnutricion aguda,nutricion superior (ns),2007-01-01,12,9,1,0,13,9,22
QUILLACOLLO,desnutricion aguda,nutricion superior (ns),2007-01-01,54,19,2,5,56,24,80
QUIME,desnutricion aguda,nutricion superior (ns),2007-01-01,34,29,14,8,48,37,85
QUIRUSILLAS,desnutricion aguda,nutricion superior (ns),2007-01-01,3,3,1,2,4,5,9
RAVELO,desnutricion aguda,nutricion superior (ns),2007-01-01,11,8,2,2,13,10,23
REYES,desnutricion aguda,nutricion superior (ns),2007-01-01,48,88,10,6,58,94,152
RIBERALTA,desnutricion aguda,nutricion superior (ns),2007-01-01,71,31,24,18,95,49,144
ROBORE,desnutricion aguda,nutricion superior (ns),2007-01-01,21,12,7,0,28,12,40
RURRENABAQUE,desnutricion aguda,nutricion superior (ns),2007-01-01,29,16,5,3,34,19,53
SABAYA,desnutricion aguda,nutricion superior (ns),2007-01-01,2,1,0,1,2,2,4
SACABA,desnutricion aguda,nutricion superior (ns),2007-01-01,49,29,19,10,68,39,107
SACABAMBA,desnutricion aguda,nutricion superior (ns),2007-01-01,1,0,0,0,1,0,1
SACACA,desnutricion aguda,nutricion superior (ns),2007-01-01,3,6,0,0,3,6,9
SAIPINA,desnutricion aguda,nutricion superior (ns),2007-01-01,25,24,7,10,32,34,66
SALINAS DE GARCI MENDOZA,desnutricion aguda,nutricion superior (ns),2007-01-01,5,10,4,1,9,11,20
SAMAIPATA,desnutricion aguda,nutricion superior (ns),2007-01-01,12,6,3,0,15,6,21
SAN AGUSTIN,desnutricion aguda,nutricion superior (ns),2007-01-01,0,2,1,1,1,3,4
SAN ANDRES,desnutricion aguda,nutricion superior (ns),2007-01-01,29,23,11,9,40,32,72
SAN ANTONIO DE ESMORUCO,desnutricion aguda,nutricion superior (ns),2007-01-01,3,1,0,0,3,1,4
SAN ANTONIO DE LOMERIO,desnutricion aguda,nutricion superior (ns),2007-01-01,4,4,1,0,5,4,9
SAN BENITO,desnutricion aguda,nutricion superior (ns),2007-01-01,4,1,0,3,4,4,8
SAN BORJA,desnutricion aguda,nutricion superior (ns),2007-01-01,53,36,8,4,61,40,101
SAN CARLOS,desnutricion aguda,nutricion superior (ns),2007-01-01,45,27,4,3,49,30,79
SAN IGNACIO,desnutricion aguda,nutricion superior (ns),2007-01-01,18,14,5,3,23,17,40
SAN IGNACIO DE VELASCO,desnutricion aguda,nutricion superior (ns),2007-01-01,115,55,11,12,126,67,193
SAN JAVIER(BNI),desnutricion aguda,nutricion superior (ns),2007-01-01,2,4,0,1,2,5,7
SAN JOAQUIN,desnutricion aguda,nutricion superior (ns),2007-01-01,7,8,5,8,12,16,28
SAN JOSE DE CHIQUITOS,desnutricion aguda,nutricion superior (ns),2007-01-01,9,13,7,6,16,19,35
SAN JUAN DE YAPACANI,desnutricion aguda,nutricion superior (ns),2007-01-01,21,22,6,9,27,31,58
SAN JULIAN,desnutricion aguda,nutricion superior (ns),2007-01-01,20,20,11,5,31,25,56
SAN LORENZO(PND),desnutricion aguda,nutricion superior (ns),2007-01-01,2,1,0,0,2,1,3
SAN LORENZO(TJA),desnutricion aguda,nutricion superior (ns),2007-01-01,11,7,1,1,12,8,20
SAN LUCAS,desnutricion aguda,nutricion superior (ns),2007-01-01,21,18,2,1,23,19,42
SAN MATIAS,desnutricion aguda,nutricion superior (ns),2007-01-01,20,9,0,3,20,12,32
SAN MIGUEL DE VELASCO,desnutricion aguda,nutricion superior (ns),2007-01-01,31,26,0,0,31,26,57
SAN PEDRO,desnutricion aguda,nutricion superior (ns),2007-01-01,47,29,6,0,53,29,82
SAN PEDRO DE QUEMES,desnutricion aguda,nutricion superior (ns),2007-01-01,1,0,1,0,2,0,2
SAN PEDRO(PND),desnutricion aguda,nutricion superior (ns),2007-01-01,2,0,0,0,2,0,2
SAN RAFAEL,desnutricion aguda,nutricion superior (ns),2007-01-01,5,6,0,0,5,6,11
SAN RAMON,desnutricion aguda,nutricion superior (ns),2007-01-01,40,13,9,4,49,17,66
SANTA ANA,desnutricion aguda,nutricion superior (ns),2007-01-01,50,35,9,8,59,43,102
SANTA CRUZ DE LA SIERRA,desnutricion aguda,nutricion superior (ns),2007-01-01,1300,837,426,345,1726,1182,2908
SANTA ROSA,desnutricion aguda,nutricion superior (ns),2007-01-01,40,23,12,10,52,33,85
SANTA ROSA DEL SARA,desnutricion aguda,nutricion superior (ns),2007-01-01,18,15,2,7,20,22,42
SANTIAGO DE HUARI,desnutricion aguda,nutricion superior (ns),2007-01-01,4,6,4,1,8,7,15
SANTIVAÑES,desnutricion aguda,nutricion superior (ns),2007-01-01,0,1,0,0,0,1,1
SANTUARIO DE QUILLACAS,desnutricion aguda,nutricion superior (ns),2007-01-01,1,2,1,0,2,2,4
SENA,desnutricion aguda,nutricion superior (ns),2007-01-01,2,2,0,1,2,3,5
SICAYA,desnutricion aguda,nutricion superior (ns),2007-01-01,1,0,0,0,1,0,1
SIPE SIPE,desnutricion aguda,nutricion superior (ns),2007-01-01,36,26,3,2,39,28,67
SOPACHUY,desnutricion aguda,nutricion superior (ns),2007-01-01,8,2,0,1,8,3,11
SORACACHI,desnutricion aguda,nutricion superior (ns),2007-01-01,8,12,10,7,18,19,37
SUCRE,desnutricion aguda,nutricion superior (ns),2007-01-01,208,198,43,46,251,244,495
TACACHI,desnutricion aguda,nutricion superior (ns),2007-01-01,2,0,1,0,3,0,3
TACOBAMBA,desnutricion aguda,nutricion superior (ns),2007-01-01,2,3,0,1,2,4,6
TACOPAYA,desnutricion aguda,nutricion superior (ns),2007-01-01,3,0,0,0,3,0,3
TAHUA,desnutricion aguda,nutricion superior (ns),2007-01-01,0,1,1,1,1,2,3
TAPACARI,desnutricion aguda,nutricion superior (ns),2007-01-01,16,11,2,2,18,13,31
TARABUCO,desnutricion aguda,nutricion superior (ns),2007-01-01,24,14,7,16,31,30,61
TARATA,desnutricion aguda,nutricion superior (ns),2007-01-01,10,9,2,4,12,13,25
TARIJA,desnutricion aguda,nutricion superior (ns),2007-01-01,315,243,60,55,375,298,673
TARVITA,desnutricion aguda,nutricion superior (ns),2007-01-01,13,10,1,1,14,11,25
TINGUIPAYA,desnutricion aguda,nutricion superior (ns),2007-01-01,8,7,1,1,9,8,17
TIQUIPAYA,desnutricion aguda,nutricion superior (ns),2007-01-01,23,9,1,0,24,9,33
TIRAQUE (CBBA),desnutricion aguda,nutricion superior (ns),2007-01-01,77,79,12,12,89,91,180
TOCO,desnutricion aguda,nutricion superior (ns),2007-01-01,4,3,0,0,4,3,7
TOLATA,desnutricion aguda,nutricion superior (ns),2007-01-01,8,2,1,1,9,3,12
TOLEDO,desnutricion aguda,nutricion superior (ns),2007-01-01,3,3,1,0,4,3,7
TOMAVE,desnutricion aguda,nutricion superior (ns),2007-01-01,7,2,1,0,8,2,10
TOMINA,desnutricion aguda,nutricion superior (ns),2007-01-01,16,14,1,1,17,15,32
TORO TORO,desnutricion aguda,nutricion superior (ns),2007-01-01,1,2,2,0,3,2,5
TOTORA(CBBA),desnutricion aguda,nutricion superior (ns),2007-01-01,24,12,1,3,25,15,40
TOTORA(ORR),desnutricion aguda,nutricion superior (ns),2007-01-01,3,0,0,0,3,0,3
TRIGAL,desnutricion aguda,nutricion superior (ns),2007-01-01,5,3,2,2,7,5,12
TRINIDAD,desnutricion aguda,nutricion superior (ns),2007-01-01,204,146,56,30,260,176,436
TUPIZA,desnutricion aguda,nutricion superior (ns),2007-01-01,54,37,12,11,66,48,114
TURCO,desnutricion aguda,nutricion superior (ns),2007-01-01,5,4,2,0,7,4,11
UNCIA,desnutricion aguda,nutricion superior (ns),2007-01-01,14,6,0,0,14,6,20
URIONDO (A. CONCEPCION),desnutricion aguda,nutricion superior (ns),2007-01-01,14,9,2,7,16,16,32
UYUNI,desnutricion aguda,nutricion superior (ns),2007-01-01,46,25,0,3,46,28,74
VACAS,desnutricion aguda,nutricion superior (ns),2007-01-01,0,0,0,1,0,1,1
VALLEGRANDE,desnutricion aguda,nutricion superior (ns),2007-01-01,9,9,2,10,11,19,30
VILA VILA,desnutricion aguda,nutricion superior (ns),2007-01-01,0,1,1,0,1,1,2
VILLA MONTES,desnutricion aguda,nutricion superior (ns),2007-01-01,28,22,12,13,40,35,75
VILLA NUEVA (LOMA ALTA),desnutricion aguda,nutricion superior (ns),2007-01-01,1,0,0,0,1,0,1
VILLA RIVERO,desnutricion aguda,nutricion superior (ns),2007-01-01,10,11,2,5,12,16,28
VILLA SERRANO,desnutricion aguda,nutricion superior (ns),2007-01-01,7,11,2,0,9,11,20
VILLA TUNARI,desnutricion aguda,nutricion superior (ns),2007-01-01,61,53,15,6,76,59,135
VILLA VACA GUZMAN (MUYUPAMPA),desnutricion aguda,nutricion superior (ns),2007-01-01,15,9,8,3,23,12,35
VILLAZON,desnutricion aguda,nutricion superior (ns),2007-01-01,40,42,9,4,49,46,95
VINTO,desnutricion aguda,nutricion superior (ns),2007-01-01,17,5,1,0,18,5,23
VITICHI,desnutricion aguda,nutricion superior (ns),2007-01-01,6,1,0,1,6,2,8
WARNES,desnutricion aguda,nutricion superior (ns),2007-01-01,140,87,14,20,154,107,261
YACUIBA,desnutricion aguda,nutricion superior (ns),2007-01-01,170,112,27,27,197,139,336
YAMPARAEZ,desnutricion aguda,nutricion superior (ns),2007-01-01,22,13,7,6,29,19,48
YAPACANI,desnutricion aguda,nutricion superior (ns),2007-01-01,65,66,11,8,76,74,150
YOCALLA,desnutricion aguda,nutricion superior (ns),2007-01-01,3,4,0,0,3,4,7
YOTALA,desnutricion aguda,nutricion superior (ns),2007-01-01,7,7,2,2,9,9,18
YUNCHARA,desnutricion aguda,nutricion superior (ns),2007-01-01,5,1,1,0,6,1,7
ZUDAÑEZ,desnutricion aguda,nutricion superior (ns),2007-01-01,7,9,0,0,7,9,16
ACACIO,desnutricion aguda,nutricion superior (ns),2007-02-01,1,4,0,0,1,4,5
AIQUILE,desnutricion aguda,nutricion superior (ns),2007-02-01,10,5,2,2,12,7,19
ALALAY,desnutricion aguda,nutricion superior (ns),2007-02-01,3,1,0,0,3,1,4
ALCALA,desnutricion aguda,nutricion superior (ns),2007-02-01,4,6,1,1,5,7,12
ANDAMARCA,desnutricion aguda,nutricion superior (ns),2007-02-01,2,0,2,0,4,0,4
ANTEQUERA,desnutricion aguda,nutricion superior (ns),2007-02-01,1,0,0,0,1,0,1
ANZALDO,desnutricion aguda,nutricion superior (ns),2007-02-01,5,1,1,2,6,3,9
ARAMPAMPA,desnutricion aguda,nutricion superior (ns),2007-02-01,0,2,0,2,0,4,4
ARANI,desnutricion aguda,nutricion superior (ns),2007-02-01,3,4,1,1,4,5,9
ARBIETO,desnutricion aguda,nutricion superior (ns),2007-02-01,6,5,1,2,7,7,14
ARQUE,desnutricion aguda,nutricion superior (ns),2007-02-01,2,1,0,0,2,1,3
ASCENCION DE GUARAYOS,desnutricion aguda,nutricion superior (ns),2007-02-01,40,11,17,2,57,13,70
ATOCHA,desnutricion aguda,nutricion superior (ns),2007-02-01,2,2,0,0,2,2,4
AYOPAYA (V. DE INDEPENDENCIA),desnutricion aguda,nutricion superior (ns),2007-02-01,11,14,0,1,11,15,26
AZURDUY,desnutricion aguda,nutricion superior (ns),2007-02-01,16,9,3,3,19,12,31
BAURES,desnutricion aguda,nutricion superior (ns),2007-02-01,7,5,0,3,7,8,15
BELEN DE ANDAMARCA,desnutricion aguda,nutricion superior (ns),2007-02-01,1,0,0,1,1,1,2
BELEN DE URMIRI,desnutricion aguda,nutricion superior (ns),2007-02-01,1,1,0,0,1,1,2
BELLA FLOR,desnutricion aguda,nutricion superior (ns),2007-02-01,4,1,0,0,4,1,5
BERMEJO,desnutricion aguda,nutricion superior (ns),2007-02-01,3,3,2,1,5,4,9
BETANZOS,desnutricion aguda,nutricion superior (ns),2007-02-01,19,3,3,2,22,5,27
BOLIVAR,desnutricion aguda,nutricion superior (ns),2007-02-01,0,0,1,0,1,0,1
BOLPEBRA,desnutricion aguda,nutricion superior (ns),2007-02-01,1,3,0,1,1,4,5
BOYUIBE,desnutricion aguda,nutricion superior (ns),2007-02-01,5,4,3,2,8,6,14
BUENA VISTA,desnutricion aguda,nutricion superior (ns),2007-02-01,25,8,3,1,28,9,37
CABEZAS,desnutricion aguda,nutricion superior (ns),2007-02-01,30,19,21,17,51,36,87
"CAIZA ""D""",desnutricion aguda,nutricion superior (ns),2007-02-01,8,6,3,0,11,6,17
CAJUATA,desnutricion aguda,nutricion superior (ns),2007-02-01,19,16,10,11,29,27,56
CAMARGO,desnutricion aguda,nutricion superior (ns),2007-02-01,33,8,5,1,38,9,47
CAMATAQUI (C. VILLA ABECIA),desnutricion aguda,nutricion superior (ns),2007-02-01,6,4,1,3,7,7,14
CAMIRI,desnutricion aguda,nutricion superior (ns),2007-02-01,122,49,34,20,156,69,225
CAPINOTA,desnutricion aguda,nutricion superior (ns),2007-02-01,5,2,3,4,8,6,14
CARACOLLO,desnutricion aguda,nutricion superior (ns),2007-02-01,11,15,1,1,12,16,28
CARAPARI,desnutricion aguda,nutricion superior (ns),2007-02-01,9,18,10,8,19,26,45
CARIPUYO,desnutricion aguda,nutricion superior (ns),2007-02-01,5,5,2,1,7,6,13
CARMEN RIVERO TORREZ,desnutricion aguda,nutricion superior (ns),2007-02-01,8,6,0,0,8,6,14
CHALLAPATA,desnutricion aguda,nutricion superior (ns),2007-02-01,11,11,1,2,12,13,25
CHAQUI,desnutricion aguda,nutricion superior (ns),2007-02-01,6,8,0,1,6,9,15
CHARAGUA,desnutricion aguda,nutricion superior (ns),2007-02-01,62,33,13,7,75,40,115
CHAYANTA,desnutricion aguda,nutricion superior (ns),2007-02-01,7,11,0,3,7,14,21
CHIMORE,desnutricion aguda,nutricion superior (ns),2007-02-01,8,8,0,0,8,8,16
CHIPAYA,desnutricion aguda,nutricion superior (ns),2007-02-01,0,2,0,0,0,2,2
COBIJA,desnutricion aguda,nutricion superior (ns),2007-02-01,57,55,5,4,62,59,121
COCHABAMBA,desnutricion aguda,nutricion superior (ns),2007-02-01,325,272,98,96,423,368,791
COIPASA,desnutricion aguda,nutricion superior (ns),2007-02-01,0,1,0,0,0,1,1
COLCAPIRHUA,desnutricion aguda,nutricion superior (ns),2007-02-01,22,14,4,6,26,20,46
"COLCHA ""K""",desnutricion aguda,nutricion superior (ns),2007-02-01,9,8,0,1,9,9,18
COLOMI,desnutricion aguda,nutricion superior (ns),2007-02-01,14,6,0,0,14,6,20
COLPA BELGICA,desnutricion aguda,nutricion superior (ns),2007-02-01,10,8,2,6,12,14,26
COLQUECHACA,desnutricion aguda,nutricion superior (ns),2007-02-01,1,20,5,1,6,21,27
COLQUIRI,desnutricion aguda,nutricion superior (ns),2007-02-01,6,6,1,4,7,10,17
COMARAPA,desnutricion aguda,nutricion superior (ns),2007-02-01,52,48,10,13,62,61,123
CONCEPCION,desnutricion aguda,nutricion superior (ns),2007-02-01,19,7,8,3,27,10,37
CORQUE,desnutricion aguda,nutricion superior (ns),2007-02-01,0,1,0,0,0,1,1
COTAGAITA,desnutricion aguda,nutricion superior (ns),2007-02-01,19,3,2,0,21,3,24
COTOCA,desnutricion aguda,nutricion superior (ns),2007-02-01,74,81,37,26,111,107,218
CUATRO CAÑADAS,desnutricion aguda,nutricion superior (ns),2007-02-01,44,29,10,5,54,34,88
CUEVO,desnutricion aguda,nutricion superior (ns),2007-02-01,1,5,1,1,2,6,8
CULPINA,desnutricion aguda,nutricion superior (ns),2007-02-01,32,12,4,3,36,15,51
CURAHUARA DE CARANGAS,desnutricion aguda,nutricion superior (ns),2007-02-01,6,2,0,0,6,2,8
EL CHORO,desnutricion aguda,nutricion superior (ns),2007-02-01,3,0,0,0,3,0,3
EL PUENTE(STC),desnutricion aguda,nutricion superior (ns),2007-02-01,11,13,3,2,14,15,29
EL PUENTE(TJA),desnutricion aguda,nutricion superior (ns),2007-02-01,2,2,0,0,2,2,4
EL TORNO,desnutricion aguda,nutricion superior (ns),2007-02-01,33,28,31,23,64,51,115
EL VILLAR,desnutricion aguda,nutricion superior (ns),2007-02-01,4,2,2,1,6,3,9
ENTRE RIOS,desnutricion aguda,nutricion superior (ns),2007-02-01,31,17,8,5,39,22,61
ENTRE RIOS,desnutricion aguda,nutricion superior (ns),2007-02-01,16,30,7,4,23,34,57
EUCALIPTUS,desnutricion aguda,nutricion superior (ns),2007-02-01,0,3,0,0,0,3,3
EXALTACION,desnutricion aguda,nutricion superior (ns),2007-02-01,13,8,8,2,21,10,31
FERNANDEZ ALONSO,desnutricion aguda,nutricion superior (ns),2007-02-01,7,13,2,1,9,14,23
FILADELFIA,desnutricion aguda,nutricion superior (ns),2007-02-01,4,2,0,0,4,2,6
GENERAL SAAVEDRA,desnutricion aguda,nutricion superior (ns),2007-02-01,39,26,9,5,48,31,79
GUAYARAMERIN,desnutricion aguda,nutricion superior (ns),2007-02-01,102,89,8,7,110,96,206
GUTIERREZ,desnutricion aguda,nutricion superior (ns),2007-02-01,2,2,1,1,3,3,6
HUACARETA,desnutricion aguda,nutricion superior (ns),2007-02-01,18,7,6,2,24,9,33
HUACAYA (VILLA DE HUACAYA),desnutricion aguda,nutricion superior (ns),2007-02-01,9,10,0,7,9,17,26
HUACHACALLA,desnutricion aguda,nutricion superior (ns),2007-02-01,4,0,1,0,5,0,5
HUANUNI,desnutricion aguda,nutricion superior (ns),2007-02-01,28,23,2,0,30,23,53
HUARACAJE,desnutricion aguda,nutricion superior (ns),2007-02-01,7,6,3,2,10,8,18
ICHOCA,desnutricion aguda,nutricion superior (ns),2007-02-01,10,10,11,7,21,17,38
ICLA,desnutricion aguda,nutricion superior (ns),2007-02-01,6,4,4,0,10,4,14
INCAHUASI,desnutricion aguda,nutricion superior (ns),2007-02-01,20,23,2,4,22,27,49
INQUISIVI,desnutricion aguda,nutricion superior (ns),2007-02-01,37,27,29,32,66,59,125
LA GUARDIA,desnutricion aguda,nutricion superior (ns),2007-02-01,45,86,58,81,103,167,270
LAGUNILLAS,desnutricion aguda,nutricion superior (ns),2007-02-01,24,23,13,6,37,29,66
LAS CARRERAS,desnutricion aguda,nutricion superior (ns),2007-02-01,10,4,3,0,13,4,17
LICOMA PAMPA,desnutricion aguda,nutricion superior (ns),2007-02-01,1,0,0,0,1,0,1
LLALLAGUA,desnutricion aguda,nutricion superior (ns),2007-02-01,69,69,9,16,78,85,163
LLICA,desnutricion aguda,nutricion superior (ns),2007-02-01,1,0,0,0,1,0,1
LORETO,desnutricion aguda,nutricion superior (ns),2007-02-01,2,1,2,2,4,3,7
MACHACAMARCA,desnutricion aguda,nutricion superior (ns),2007-02-01,3,2,0,1,3,3,6
MACHARETI,desnutricion aguda,nutricion superior (ns),2007-02-01,26,25,8,6,34,31,65
MAGDALENA,desnutricion aguda,nutricion superior (ns),2007-02-01,6,6,5,0,11,6,17
MAIRANA,desnutricion aguda,nutricion superior (ns),2007-02-01,13,11,1,1,14,12,26
MINEROS,desnutricion aguda,nutricion superior (ns),2007-02-01,20,7,10,3,30,10,40
MIZQUE,desnutricion aguda,nutricion superior (ns),2007-02-01,41,28,12,1,53,29,82
MOJINETE,desnutricion aguda,nutricion superior (ns),2007-02-01,0,1,0,0,0,1,1
MOJOCOYA,desnutricion aguda,nutricion superior (ns),2007-02-01,3,5,0,0,3,5,8
MONTEAGUDO,desnutricion aguda,nutricion superior (ns),2007-02-01,53,35,10,9,63,44,107
MONTERO,desnutricion aguda,nutricion superior (ns),2007-02-01,209,201,78,73,287,274,561
MORO MORO,desnutricion aguda,nutricion superior (ns),2007-02-01,3,4,1,0,4,4,8
MOROCHATA,desnutricion aguda,nutricion superior (ns),2007-02-01,8,4,0,0,8,4,12
NACEBE (SANTA ROSA DEL ABUNA),desnutricion aguda,nutricion superior (ns),2007-02-01,3,0,0,1,3,1,4
NUEVO MANOA (NUEVA ESPERANZA),desnutricion aguda,nutricion superior (ns),2007-02-01,1,2,0,0,1,2,3
OCURI,desnutricion aguda,nutricion superior (ns),2007-02-01,3,2,0,0,3,2,5
OKINAWA,desnutricion aguda,nutricion superior (ns),2007-02-01,10,6,2,2,12,8,20
OMEREQUE,desnutricion aguda,nutricion superior (ns),2007-02-01,8,8,2,3,10,11,21
ORURO,desnutricion aguda,nutricion superior (ns),2007-02-01,171,143,38,34,209,177,386
PADCAYA,desnutricion aguda,nutricion superior (ns),2007-02-01,20,13,13,9,33,22,55
PADILLA,desnutricion aguda,nutricion superior (ns),2007-02-01,14,28,6,3,20,31,51
PAILON,desnutricion aguda,nutricion superior (ns),2007-02-01,38,29,14,10,52,39,91
PAMPA AULLAGAS,desnutricion aguda,nutricion superior (ns),2007-02-01,0,1,0,0,0,1,1
PAMPA GRANDE,desnutricion aguda,nutricion superior (ns),2007-02-01,11,3,0,0,11,3,14
PASORAPA,desnutricion aguda,nutricion superior (ns),2007-02-01,12,2,3,7,15,9,24
PAZÑA,desnutricion aguda,nutricion superior (ns),2007-02-01,2,0,0,0,2,0,2
POCOATA,desnutricion aguda,nutricion superior (ns),2007-02-01,15,7,8,4,23,11,34
POCONA,desnutricion aguda,nutricion superior (ns),2007-02-01,3,1,1,1,4,2,6
POJO (CBBA),desnutricion aguda,nutricion superior (ns),2007-02-01,14,11,1,1,15,12,27
POOPO,desnutricion aguda,nutricion superior (ns),2007-02-01,12,9,0,0,12,9,21
PORCO,desnutricion aguda,nutricion superior (ns),2007-02-01,6,1,2,3,8,4,12
POROMA,desnutricion aguda,nutricion superior (ns),2007-02-01,13,6,2,5,15,11,26
PORONGO,desnutricion aguda,nutricion superior (ns),2007-02-01,2,11,10,9,12,20,32
PORTACHUELO,desnutricion aguda,nutricion superior (ns),2007-02-01,65,58,32,19,97,77,174
PORVENIR,desnutricion aguda,nutricion superior (ns),2007-02-01,5,7,2,1,7,8,15
POSTRER VALLE,desnutricion aguda,nutricion superior (ns),2007-02-01,3,3,3,0,6,3,9
POTOSI,desnutricion aguda,nutricion superior (ns),2007-02-01,143,81,9,14,152,95,247
PRESTO,desnutricion aguda,nutricion superior (ns),2007-02-01,8,5,0,0,8,5,13
PUCARA,desnutricion aguda,nutricion superior (ns),2007-02-01,2,3,4,1,6,4,10
PUERTO GONZALO MORENO,desnutricion aguda,nutricion superior (ns),2007-02-01,1,0,1,0,2,0,2
PUERTO QUIJARRO,desnutricion aguda,nutricion superior (ns),2007-02-01,34,33,5,3,39,36,75
PUERTO RICO,desnutricion aguda,nutricion superior (ns),2007-02-01,10,12,0,1,10,13,23
PUERTO SILES,desnutricion aguda,nutricion superior (ns),2007-02-01,10,5,4,3,14,8,22
PUERTO SUAREZ,desnutricion aguda,nutricion superior (ns),2007-02-01,18,24,13,12,31,36,67
PUERTO VILLARROEL,desnutricion aguda,nutricion superior (ns),2007-02-01,56,41,10,8,66,49,115
PUNA,desnutricion aguda,nutricion superior (ns),2007-02-01,13,7,1,1,14,8,22
PUNATA,desnutricion aguda,nutricion superior (ns),2007-02-01,33,34,5,10,38,44,82
QUILLACOLLO,desnutricion aguda,nutricion superior (ns),2007-02-01,35,22,4,5,39,27,66
QUIME,desnutricion aguda,nutricion superior (ns),2007-02-01,13,11,5,6,18,17,35
QUIRUSILLAS,desnutricion aguda,nutricion superior (ns),2007-02-01,7,6,5,0,12,6,18
RAVELO,desnutricion aguda,nutricion superior (ns),2007-02-01,10,11,1,2,11,13,24
RIBERALTA,desnutricion aguda,nutricion superior (ns),2007-02-01,65,28,5,2,70,30,100
ROBORE,desnutricion aguda,nutricion superior (ns),2007-02-01,16,7,6,1,22,8,30
RURRENABAQUE,desnutricion aguda,nutricion superior (ns),2007-02-01,17,21,1,2,18,23,41
SABAYA,desnutricion aguda,nutricion superior (ns),2007-02-01,1,6,1,0,2,6,8
SACABA,desnutricion aguda,nutricion superior (ns),2007-02-01,49,58,10,6,59,64,123
SACACA,desnutricion aguda,nutricion superior (ns),2007-02-01,4,6,0,2,4,8,12
SAIPINA,desnutricion aguda,nutricion superior (ns),2007-02-01,25,30,13,13,38,43,81
SALINAS DE GARCI MENDOZA,desnutricion aguda,nutricion superior (ns),2007-02-01,4,5,1,3,5,8,13
SAMAIPATA,desnutricion aguda,nutricion superior (ns),2007-02-01,12,4,2,3,14,7,21
SAN AGUSTIN,desnutricion aguda,nutricion superior (ns),2007-02-01,1,0,1,0,2,0,2
SAN ANDRES,desnutricion aguda,nutricion superior (ns),2007-02-01,13,6,1,14,14,20,34
SAN ANTONIO DE ESMORUCO,desnutricion aguda,nutricion superior (ns),2007-02-01,1,2,0,0,1,2,3
SAN ANTONIO DE LOMERIO,desnutricion aguda,nutricion superior (ns),2007-02-01,5,6,1,0,6,6,12
SAN BENITO,desnutricion aguda,nutricion superior (ns),2007-02-01,1,2,1,0,2,2,4
SAN BORJA,desnutricion aguda,nutricion superior (ns),2007-02-01,69,45,8,7,77,52,129
SAN CARLOS,desnutricion aguda,nutricion superior (ns),2007-02-01,32,22,6,12,38,34,72
SAN IGNACIO,desnutricion aguda,nutricion superior (ns),2007-02-01,19,11,2,3,21,14,35
SAN IGNACIO DE VELASCO,desnutricion aguda,nutricion superior (ns),2007-02-01,80,61,14,11,94,72,166
SAN JAVIER(BNI),desnutricion aguda,nutricion superior (ns),2007-02-01,2,2,0,0,2,2,4
SAN JOAQUIN,desnutricion aguda,nutricion superior (ns),2007-02-01,3,2,7,6,10,8,18
SAN JOSE DE CHIQUITOS,desnutricion aguda,nutricion superior (ns),2007-02-01,18,5,5,9,23,14,37
SAN JUAN DE YAPACANI,desnutricion aguda,nutricion superior (ns),2007-02-01,19,14,3,3,22,17,39
SAN JULIAN,desnutricion aguda,nutricion superior (ns),2007-02-01,23,18,12,6,35,24,59
SAN LORENZO(TJA),desnutricion aguda,nutricion superior (ns),2007-02-01,16,2,8,4,24,6,30
SAN LUCAS,desnutricion aguda,nutricion superior (ns),2007-02-01,22,17,2,1,24,18,42
SAN MATIAS,desnutricion aguda,nutricion superior (ns),2007-02-01,15,7,4,6,19,13,32
SAN MIGUEL DE VELASCO,desnutricion aguda,nutricion superior (ns),2007-02-01,28,24,3,3,31,27,58
SAN PABLO DE LIPEZ,desnutricion aguda,nutricion superior (ns),2007-02-01,0,1,1,0,1,1,2
SAN PEDRO,desnutricion aguda,nutricion superior (ns),2007-02-01,46,37,6,2,52,39,91
SAN RAFAEL,desnutricion aguda,nutricion superior (ns),2007-02-01,7,3,0,2,7,5,12
SAN RAMON,desnutricion aguda,nutricion superior (ns),2007-02-01,20,9,4,5,24,14,38
SANTA ANA,desnutricion aguda,nutricion superior (ns),2007-02-01,17,11,5,7,22,18,40
SANTA CRUZ DE LA SIERRA,desnutricion aguda,nutricion superior (ns),2007-02-01,976,789,342,256,1318,1045,2363
SANTA ROSA,desnutricion aguda,nutricion superior (ns),2007-02-01,20,21,7,2,27,23,50
SANTA ROSA DEL SARA,desnutricion aguda,nutricion superior (ns),2007-02-01,12,11,1,3,13,14,27
SANTIAGO DE HUARI,desnutricion aguda,nutricion superior (ns),2007-02-01,4,5,3,1,7,6,13
SANTIVAÑES,desnutricion aguda,nutricion superior (ns),2007-02-01,2,1,2,0,4,1,5
SANTUARIO DE QUILLACAS,desnutricion aguda,nutricion superior (ns),2007-02-01,0,5,0,2,0,7,7
SENA,desnutricion aguda,nutricion superior (ns),2007-02-01,5,6,0,0,5,6,11
SIPE SIPE,desnutricion aguda,nutricion superior (ns),2007-02-01,25,18,4,4,29,22,51
SOPACHUY,desnutricion aguda,nutricion superior (ns),2007-02-01,10,4,1,0,11,4,15
SORACACHI,desnutricion aguda,nutricion superior (ns),2007-02-01,10,15,7,1,17,16,33
SUCRE,desnutricion aguda,nutricion superior (ns),2007-02-01,219,168,44,28,263,196,459
TACACHI,desnutricion aguda,nutricion superior (ns),2007-02-01,2,0,0,0,2,0,2
TACOBAMBA,desnutricion aguda,nutricion superior (ns),2007-02-01,5,1,0,0,5,1,6
TACOPAYA,desnutricion aguda,nutricion superior (ns),2007-02-01,0,0,0,1,0,1,1
TAHUA,desnutricion aguda,nutricion superior (ns),2007-02-01,0,1,0,0,0,1,1
TAPACARI,desnutricion aguda,nutricion superior (ns),2007-02-01,10,8,3,2,13,10,23
TARABUCO,desnutricion aguda,nutricion superior (ns),2007-02-01,14,10,3,2,17,12,29
TARATA,desnutricion aguda,nutricion superior (ns),2007-02-01,14,12,4,3,18,15,33
TARIJA,desnutricion aguda,nutricion superior (ns),2007-02-01,248,226,37,31,285,257,542
TARVITA,desnutricion aguda,nutricion superior (ns),2007-02-01,13,11,1,1,14,12,26
TINGUIPAYA,desnutricion aguda,nutricion superior (ns),2007-02-01,3,0,0,2,3,2,5
TIQUIPAYA,desnutricion aguda,nutricion superior (ns),2007-02-01,28,20,1,3,29,23,52
TIRAQUE (CBBA),desnutricion aguda,nutricion superior (ns),2007-02-01,50,33,6,34,56,67,123
TOCO,desnutricion aguda,nutricion superior (ns),2007-02-01,0,1,0,1,0,2,2
TOLATA,desnutricion aguda,nutricion superior (ns),2007-02-01,4,9,0,0,4,9,13
TOLEDO,desnutricion aguda,nutricion superior (ns),2007-02-01,1,0,0,0,1,0,1
TOMAVE,desnutricion aguda,nutricion superior (ns),2007-02-01,5,0,0,2,5,2,7
TOMINA,desnutricion aguda,nutricion superior (ns),2007-02-01,19,16,1,1,20,17,37
TORO TORO,desnutricion aguda,nutricion superior (ns),2007-02-01,2,0,0,1,2,1,3
TOTORA(CBBA),desnutricion aguda,nutricion superior (ns),2007-02-01,14,9,1,1,15,10,25
TOTORA(ORR),desnutricion aguda,nutricion superior (ns),2007-02-01,1,0,0,0,1,0,1
TRIGAL,desnutricion aguda,nutricion superior (ns),2007-02-01,3,3,2,1,5,4,9
TRINIDAD,desnutricion aguda,nutricion superior (ns),2007-02-01,155,103,52,21,207,124,331
TUPIZA,desnutricion aguda,nutricion superior (ns),2007-02-01,51,32,7,4,58,36,94
TURCO,desnutricion aguda,nutricion superior (ns),2007-02-01,4,18,2,4,6,22,28
UNCIA,desnutricion aguda,nutricion superior (ns),2007-02-01,8,11,1,0,9,11,20
URIONDO (A. CONCEPCION),desnutricion aguda,nutricion superior (ns),2007-02-01,28,19,2,2,30,21,51
URUBICHA,desnutricion aguda,nutricion superior (ns),2007-02-01,14,7,23,9,37,16,53
UYUNI,desnutricion aguda,nutricion superior (ns),2007-02-01,26,24,3,2,29,26,55
VACAS,desnutricion aguda,nutricion superior (ns),2007-02-01,2,0,4,0,6,0,6
VALLEGRANDE,desnutricion aguda,nutricion superior (ns),2007-02-01,11,9,4,6,15,15,30
VILA VILA,desnutricion aguda,nutricion superior (ns),2007-02-01,1,2,1,0,2,2,4
VILLA MONTES,desnutricion aguda,nutricion superior (ns),2007-02-01,68,49,10,24,78,73,151
VILLA NUEVA (LOMA ALTA),desnutricion aguda,nutricion superior (ns),2007-02-01,0,2,0,0,0,2,2
VILLA RIVERO,desnutricion aguda,nutricion superior (ns),2007-02-01,6,6,2,0,8,6,14
VILLA SERRANO,desnutricion aguda,nutricion superior (ns),2007-02-01,3,8,1,1,4,9,13
VILLA TUNARI,desnutricion aguda,nutricion superior (ns),2007-02-01,54,25,10,3,64,28,92
VILLA VACA GUZMAN (MUYUPAMPA),desnutricion aguda,nutricion superior (ns),2007-02-01,8,8,4,2,12,10,22
VILLAZON,desnutricion aguda,nutricion superior (ns),2007-02-01,34,43,8,1,42,44,86
VINTO,desnutricion aguda,nutricion superior (ns),2007-02-01,15,6,1,0,16,6,22
VITICHI,desnutricion aguda,nutricion superior (ns),2007-02-01,24,1,19,0,43,1,44
WARNES,desnutricion aguda,nutricion superior (ns),2007-02-01,93,54,17,10,110,64,174
YACUIBA,desnutricion aguda,nutricion superior (ns),2007-02-01,137,107,24,24,161,131,292
YAMPARAEZ,desnutricion aguda,nutricion superior (ns),2007-02-01,9,23,6,2,15,25,40
YAPACANI,desnutricion aguda,nutricion superior (ns),2007-02-01,70,54,7,8,77,62,139
YOCALLA,desnutricion aguda,nutricion superior (ns),2007-02-01,6,2,0,0,6,2,8
YOTALA,desnutricion aguda,nutricion superior (ns),2007-02-01,11,13,6,5,17,18,35
YUNCHARA,desnutricion aguda,nutricion superior (ns),2007-02-01,3,3,0,0,3,3,6
ZUDAÑEZ,desnutricion aguda,nutricion superior (ns),2007-02-01,3,5,0,0,3,5,8
ACACIO,desnutricion aguda,nutricion superior (ns),2007-03-01,1,1,0,0,1,1,2
AIQUILE,desnutricion aguda,nutricion superior (ns),2007-03-01,10,5,2,2,12,7,19
ALALAY,desnutricion aguda,nutricion superior (ns),2007-03-01,1,0,0,0,1,0,1
ALCALA,desnutricion aguda,nutricion superior (ns),2007-03-01,4,5,1,2,5,7,12
ANDAMARCA,desnutricion aguda,nutricion superior (ns),2007-03-01,3,0,1,2,4,2,6
ANTEQUERA,desnutricion aguda,nutricion superior (ns),2007-03-01,11,6,2,5,13,11,24
ANZALDO,desnutricion aguda,nutricion superior (ns),2007-03-01,1,1,2,0,3,1,4
ARAMPAMPA,desnutricion aguda,nutricion superior (ns),2007-03-01,0,4,0,0,0,4,4
ARANI,desnutricion aguda,nutricion superior (ns),2007-03-01,5,1,0,0,5,1,6
ARBIETO,desnutricion aguda,nutricion superior (ns),2007-03-01,7,9,1,0,8,9,17
ARQUE,desnutricion aguda,nutricion superior (ns),2007-03-01,1,5,1,1,2,6,8
ATOCHA,desnutricion aguda,nutricion superior (ns),2007-03-01,11,7,3,1,14,8,22
AYOPAYA (V. DE INDEPENDENCIA),desnutricion aguda,nutricion superior (ns),2007-03-01,21,17,5,0,26,17,43
AZURDUY,desnutricion aguda,nutricion superior (ns),2007-03-01,18,6,2,1,20,7,27
BAURES,desnutricion aguda,nutricion superior (ns),2007-03-01,14,5,1,1,15,6,21
BELEN DE URMIRI,desnutricion aguda,nutricion superior (ns),2007-03-01,0,1,0,0,0,1,1
BELLA FLOR,desnutricion aguda,nutricion superior (ns),2007-03-01,7,0,1,1,8,1,9
BERMEJO,desnutricion aguda,nutricion superior (ns),2007-03-01,15,6,2,0,17,6,23
BETANZOS,desnutricion aguda,nutricion superior (ns),2007-03-01,33,14,3,3,36,17,53
BOLIVAR,desnutricion aguda,nutricion superior (ns),2007-03-01,0,2,0,2,0,4,4
BOLPEBRA,desnutricion aguda,nutricion superior (ns),2007-03-01,2,3,0,0,2,3,5
BOYUIBE,desnutricion aguda,nutricion superior (ns),2007-03-01,6,10,3,4,9,14,23
BUENA VISTA,desnutricion aguda,nutricion superior (ns),2007-03-01,24,21,6,5,30,26,56
CABEZAS,desnutricion aguda,nutricion superior (ns),2007-03-01,31,14,15,16,46,30,76
"CAIZA ""D""",desnutricion aguda,nutricion superior (ns),2007-03-01,6,4,1,1,7,5,12
CAJUATA,desnutricion aguda,nutricion superior (ns),2007-03-01,21,14,19,20,40,34,74
CAMARGO,desnutricion aguda,nutricion superior (ns),2007-03-01,18,16,3,5,21,21,42
CAMATAQUI (C. VILLA ABECIA),desnutricion aguda,nutricion superior (ns),2007-03-01,4,7,2,2,6,9,15
CAMIRI,desnutricion aguda,nutricion superior (ns),2007-03-01,141,95,80,34,221,129,350
CAPINOTA,desnutricion aguda,nutricion superior (ns),2007-03-01,3,1,0,0,3,1,4
CARACOLLO,desnutricion aguda,nutricion superior (ns),2007-03-01,11,19,1,1,12,20,32
CARAPARI,desnutricion aguda,nutricion superior (ns),2007-03-01,12,15,4,3,16,18,34
CARIPUYO,desnutricion aguda,nutricion superior (ns),2007-03-01,1,1,1,0,2,1,3
CARMEN RIVERO TORREZ,desnutricion aguda,nutricion superior (ns),2007-03-01,7,4,1,0,8,4,12
CHALLAPATA,desnutricion aguda,nutricion superior (ns),2007-03-01,22,24,1,2,23,26,49
CHAQUI,desnutricion aguda,nutricion superior (ns),2007-03-01,7,2,1,4,8,6,14
CHARAGUA,desnutricion aguda,nutricion superior (ns),2007-03-01,50,20,4,4,54,24,78
CHAYANTA,desnutricion aguda,nutricion superior (ns),2007-03-01,28,29,1,3,29,32,61
CHIMORE,desnutricion aguda,nutricion superior (ns),2007-03-01,16,15,0,0,16,15,31
COBIJA,desnutricion aguda,nutricion superior (ns),2007-03-01,81,81,5,11,86,92,178
COCHABAMBA,desnutricion aguda,nutricion superior (ns),2007-03-01,287,230,59,63,346,293,639
COIPASA,desnutricion aguda,nutricion superior (ns),2007-03-01,0,1,0,0,0,1,1
COLCAPIRHUA,desnutricion aguda,nutricion superior (ns),2007-03-01,13,8,1,4,14,12,26
"COLCHA ""K""",desnutricion aguda,nutricion superior (ns),2007-03-01,7,5,0,0,7,5,12
COLOMI,desnutricion aguda,nutricion superior (ns),2007-03-01,19,10,2,2,21,12,33
COLPA BELGICA,desnutricion aguda,nutricion superior (ns),2007-03-01,16,11,1,5,17,16,33
COLQUECHACA,desnutricion aguda,nutricion superior (ns),2007-03-01,16,13,4,3,20,16,36
COLQUIRI,desnutricion aguda,nutricion superior (ns),2007-03-01,5,8,3,2,8,10,18
COMARAPA,desnutricion aguda,nutricion superior (ns),2007-03-01,68,50,30,22,98,72,170
CONCEPCION,desnutricion aguda,nutricion superior (ns),2007-03-01,12,3,0,2,12,5,17
CORQUE,desnutricion aguda,nutricion superior (ns),2007-03-01,4,3,2,2,6,5,11
COTAGAITA,desnutricion aguda,nutricion superior (ns),2007-03-01,10,9,0,2,10,11,21
COTOCA,desnutricion aguda,nutricion superior (ns),2007-03-01,16,4,0,0,16,4,20
CUATRO CAÑADAS,desnutricion aguda,nutricion superior (ns),2007-03-01,31,13,6,0,37,13,50
CUCHUMUELA (V. G. VILLARROEL),desnutricion aguda,nutricion superior (ns),2007-03-01,1,0,0,0,1,0,1
CUEVO,desnutricion aguda,nutricion superior (ns),2007-03-01,8,5,1,1,9,6,15
CULPINA,desnutricion aguda,nutricion superior (ns),2007-03-01,31,12,2,1,33,13,46
CURAHUARA DE CARANGAS,desnutricion aguda,nutricion superior (ns),2007-03-01,2,7,5,1,7,8,15
EL CHORO,desnutricion aguda,nutricion superior (ns),2007-03-01,1,0,0,1,1,1,2
EL PUENTE(STC),desnutricion aguda,nutricion superior (ns),2007-03-01,63,19,9,14,72,33,105
EL PUENTE(TJA),desnutricion aguda,nutricion superior (ns),2007-03-01,2,1,6,3,8,4,12
EL TORNO,desnutricion aguda,nutricion superior (ns),2007-03-01,20,14,0,1,20,15,35
EL VILLAR,desnutricion aguda,nutricion superior (ns),2007-03-01,8,6,3,2,11,8,19
ENTRE RIOS,desnutricion aguda,nutricion superior (ns),2007-03-01,14,9,3,2,17,11,28
ENTRE RIOS,desnutricion aguda,nutricion superior (ns),2007-03-01,26,24,5,7,31,31,62
EUCALIPTUS,desnutricion aguda,nutricion superior (ns),2007-03-01,5,8,1,5,6,13,19
EXALTACION,desnutricion aguda,nutricion superior (ns),2007-03-01,2,2,0,1,2,3,5
FERNANDEZ ALONSO,desnutricion aguda,nutricion superior (ns),2007-03-01,18,9,1,2,19,11,30
FILADELFIA,desnutricion aguda,nutricion superior (ns),2007-03-01,5,6,2,0,7,6,13
GENERAL SAAVEDRA,desnutricion aguda,nutricion superior (ns),2007-03-01,28,28,22,21,50,49,99
GUAYARAMERIN,desnutricion aguda,nutricion superior (ns),2007-03-01,118,95,18,14,136,109,245
GUTIERREZ,desnutricion aguda,nutricion superior (ns),2007-03-01,3,3,0,0,3,3,6
HUACARETA,desnutricion aguda,nutricion superior (ns),2007-03-01,15,15,6,13,21,28,49
HUACAYA (VILLA DE HUACAYA),desnutricion aguda,nutricion superior (ns),2007-03-01,4,4,0,1,4,5,9
HUANUNI,desnutricion aguda,nutricion superior (ns),2007-03-01,10,4,7,6,17,10,27
HUARACAJE,desnutricion aguda,nutricion superior (ns),2007-03-01,10,2,2,0,12,2,14
ICHOCA,desnutricion aguda,nutricion superior (ns),2007-03-01,9,16,9,11,18,27,45
ICLA,desnutricion aguda,nutricion superior (ns),2007-03-01,9,6,4,0,13,6,19
INCAHUASI,desnutricion aguda,nutricion superior (ns),2007-03-01,16,21,2,0,18,21,39
INQUISIVI,desnutricion aguda,nutricion superior (ns),2007-03-01,40,37,31,24,71,61,132
LA GUARDIA,desnutricion aguda,nutricion superior (ns),2007-03-01,38,14,6,7,44,21,65
LAGUNILLAS,desnutricion aguda,nutricion superior (ns),2007-03-01,26,21,6,6,32,27,59
LAS CARRERAS,desnutricion aguda,nutricion superior (ns),2007-03-01,7,1,0,2,7,3,10
LICOMA PAMPA,desnutricion aguda,nutricion superior (ns),2007-03-01,3,1,0,0,3,1,4
LLALLAGUA,desnutricion aguda,nutricion superior (ns),2007-03-01,56,58,4,31,60,89,149
LLICA,desnutricion aguda,nutricion superior (ns),2007-03-01,5,0,1,0,6,0,6
LORETO,desnutricion aguda,nutricion superior (ns),2007-03-01,5,9,3,3,8,12,20
MACHACAMARCA,desnutricion aguda,nutricion superior (ns),2007-03-01,2,7,3,4,5,11,16
MACHARETI,desnutricion aguda,nutricion superior (ns),2007-03-01,22,23,11,11,33,34,67
MAGDALENA,desnutricion aguda,nutricion superior (ns),2007-03-01,12,12,2,2,14,14,28
MAIRANA,desnutricion aguda,nutricion superior (ns),2007-03-01,21,10,4,3,25,13,38
MINEROS,desnutricion aguda,nutricion superior (ns),2007-03-01,27,24,13,7,40,31,71
MIZQUE,desnutricion aguda,nutricion superior (ns),2007-03-01,58,30,4,2,62,32,94
MOJINETE,desnutricion aguda,nutricion superior (ns),2007-03-01,0,1,0,0,0,1,1
MOJOCOYA,desnutricion aguda,nutricion superior (ns),2007-03-01,11,8,1,0,12,8,20
MONTEAGUDO,desnutricion aguda,nutricion superior (ns),2007-03-01,43,47,12,21,55,68,123
MONTERO,desnutricion aguda,nutricion superior (ns),2007-03-01,226,187,82,73,308,260,568
MORO MORO,desnutricion aguda,nutricion superior (ns),2007-03-01,7,1,1,0,8,1,9
MOROCHATA,desnutricion aguda,nutricion superior (ns),2007-03-01,3,5,1,0,4,5,9
NACEBE (SANTA ROSA DEL ABUNA),desnutricion aguda,nutricion superior (ns),2007-03-01,1,0,0,1,1,1,2
OCURI,desnutricion aguda,nutricion superior (ns),2007-03-01,5,1,0,0,5,1,6
OKINAWA,desnutricion aguda,nutricion superior (ns),2007-03-01,5,0,0,1,5,1,6
OMEREQUE,desnutricion aguda,nutricion superior (ns),2007-03-01,5,3,0,2,5,5,10
ORURO,desnutricion aguda,nutricion superior (ns),2007-03-01,241,223,87,70,328,293,621
PADCAYA,desnutricion aguda,nutricion superior (ns),2007-03-01,19,17,6,8,25,25,50
PADILLA,desnutricion aguda,nutricion superior (ns),2007-03-01,11,19,2,1,13,20,33
PAILON,desnutricion aguda,nutricion superior (ns),2007-03-01,28,22,10,6,38,28,66
PAMPA AULLAGAS,desnutricion aguda,nutricion superior (ns),2007-03-01,5,5,0,0,5,5,10
PAMPA GRANDE,desnutricion aguda,nutricion superior (ns),2007-03-01,6,8,5,1,11,9,20
PASORAPA,desnutricion aguda,nutricion superior (ns),2007-03-01,4,4,3,3,7,7,14
PAZÑA,desnutricion aguda,nutricion superior (ns),2007-03-01,8,8,2,4,10,12,22
POCOATA,desnutricion aguda,nutricion superior (ns),2007-03-01,7,5,3,2,10,7,17
POCONA,desnutricion aguda,nutricion superior (ns),2007-03-01,5,9,2,0,7,9,16
POJO (CBBA),desnutricion aguda,nutricion superior (ns),2007-03-01,21,13,4,1,25,14,39
POOPO,desnutricion aguda,nutricion superior (ns),2007-03-01,8,10,0,0,8,10,18
PORCO,desnutricion aguda,nutricion superior (ns),2007-03-01,21,10,1,6,22,16,38
POROMA,desnutricion aguda,nutricion superior (ns),2007-03-01,16,16,3,1,19,17,36
PORONGO,desnutricion aguda,nutricion superior (ns),2007-03-01,1,1,1,1,2,2,4
PORTACHUELO,desnutricion aguda,nutricion superior (ns),2007-03-01,52,43,18,34,70,77,147
PORVENIR,desnutricion aguda,nutricion superior (ns),2007-03-01,13,12,3,1,16,13,29
POSTRER VALLE,desnutricion aguda,nutricion superior (ns),2007-03-01,6,2,2,1,8,3,11
POTOSI,desnutricion aguda,nutricion superior (ns),2007-03-01,138,77,28,22,166,99,265
PRESTO,desnutricion aguda,nutricion superior (ns),2007-03-01,6,4,2,1,8,5,13
PUCARA,desnutricion aguda,nutricion superior (ns),2007-03-01,1,1,1,0,2,1,3
PUERTO GONZALO MORENO,desnutricion aguda,nutricion superior (ns),2007-03-01,103,2,1,2,104,4,108
PUERTO QUIJARRO,desnutricion aguda,nutricion superior (ns),2007-03-01,50,38,7,3,57,41,98
PUERTO RICO,desnutricion aguda,nutricion superior (ns),2007-03-01,12,10,0,4,12,14,26
PUERTO SILES,desnutricion aguda,nutricion superior (ns),2007-03-01,4,2,5,4,9,6,15
PUERTO SUAREZ,desnutricion aguda,nutricion superior (ns),2007-03-01,23,24,19,14,42,38,80
PUERTO VILLARROEL,desnutricion aguda,nutricion superior (ns),2007-03-01,65,42,18,13,83,55,138
PUNA,desnutricion aguda,nutricion superior (ns),2007-03-01,18,7,0,1,18,8,26
PUNATA,desnutricion aguda,nutricion superior (ns),2007-03-01,15,16,1,0,16,16,32
QUILLACOLLO,desnutricion aguda,nutricion superior (ns),2007-03-01,26,16,7,4,33,20,53
QUIME,desnutricion aguda,nutricion superior (ns),2007-03-01,23,9,2,5,25,14,39
QUIRUSILLAS,desnutricion aguda,nutricion superior (ns),2007-03-01,5,2,0,1,5,3,8
RAVELO,desnutricion aguda,nutricion superior (ns),2007-03-01,8,10,3,2,11,12,23
REYES,desnutricion aguda,nutricion superior (ns),2007-03-01,31,15,5,3,36,18,54
RIBERALTA,desnutricion aguda,nutricion superior (ns),2007-03-01,73,36,4,2,77,38,115
ROBORE,desnutricion aguda,nutricion superior (ns),2007-03-01,23,7,1,2,24,9,33
RURRENABAQUE,desnutricion aguda,nutricion superior (ns),2007-03-01,23,16,5,7,28,23,51
SABAYA,desnutricion aguda,nutricion superior (ns),2007-03-01,4,1,2,0,6,1,7
SACABA,desnutricion aguda,nutricion superior (ns),2007-03-01,61,54,7,9,68,63,131
SACABAMBA,desnutricion aguda,nutricion superior (ns),2007-03-01,2,1,1,1,3,2,5
SACACA,desnutricion aguda,nutricion superior (ns),2007-03-01,1,9,0,4,1,13,14
SAIPINA,desnutricion aguda,nutricion superior (ns),2007-03-01,55,49,14,14,69,63,132
SALINAS DE GARCI MENDOZA,desnutricion aguda,nutricion superior (ns),2007-03-01,33,29,15,7,48,36,84
SAMAIPATA,desnutricion aguda,nutricion superior (ns),2007-03-01,20,8,10,4,30,12,42
SAN AGUSTIN,desnutricion aguda,nutricion superior (ns),2007-03-01,1,1,0,1,1,2,3
SAN ANDRES,desnutricion aguda,nutricion superior (ns),2007-03-01,25,11,8,5,33,16,49
SAN ANTONIO DE ESMORUCO,desnutricion aguda,nutricion superior (ns),2007-03-01,1,4,0,0,1,4,5
SAN ANTONIO DE LOMERIO,desnutricion aguda,nutricion superior (ns),2007-03-01,4,3,0,0,4,3,7
SAN BENITO,desnutricion aguda,nutricion superior (ns),2007-03-01,8,4,0,0,8,4,12
SAN BORJA,desnutricion aguda,nutricion superior (ns),2007-03-01,41,29,8,9,49,38,87
SAN CARLOS,desnutricion aguda,nutricion superior (ns),2007-03-01,37,20,10,9,47,29,76
SAN IGNACIO,desnutricion aguda,nutricion superior (ns),2007-03-01,8,7,5,5,13,12,25
SAN IGNACIO DE VELASCO,desnutricion aguda,nutricion superior (ns),2007-03-01,98,47,13,14,111,61,172
SAN JAVIER(BNI),desnutricion aguda,nutricion superior (ns),2007-03-01,2,1,3,0,5,1,6
SAN JOAQUIN,desnutricion aguda,nutricion superior (ns),2007-03-01,9,5,1,1,10,6,16
SAN JOSE DE CHIQUITOS,desnutricion aguda,nutricion superior (ns),2007-03-01,17,4,3,7,20,11,31
SAN JUAN DE YAPACANI,desnutricion aguda,nutricion superior (ns),2007-03-01,23,16,5,7,28,23,51
SAN JULIAN,desnutricion aguda,nutricion superior (ns),2007-03-01,30,28,18,15,48,43,91
SAN LORENZO(PND),desnutricion aguda,nutricion superior (ns),2007-03-01,3,1,0,1,3,2,5
SAN LORENZO(TJA),desnutricion aguda,nutricion superior (ns),2007-03-01,14,4,5,3,19,7,26
SAN LUCAS,desnutricion aguda,nutricion superior (ns),2007-03-01,19,16,4,1,23,17,40
SAN MATIAS,desnutricion aguda,nutricion superior (ns),2007-03-01,12,8,4,5,16,13,29
SAN MIGUEL DE VELASCO,desnutricion aguda,nutricion superior (ns),2007-03-01,30,30,3,3,33,33,66
SAN PABLO DE LIPEZ,desnutricion aguda,nutricion superior (ns),2007-03-01,2,0,0,0,2,0,2
SAN PEDRO,desnutricion aguda,nutricion superior (ns),2007-03-01,57,43,13,6,70,49,119
SAN PEDRO DE QUEMES,desnutricion aguda,nutricion superior (ns),2007-03-01,2,1,0,0,2,1,3
SAN RAFAEL,desnutricion aguda,nutricion superior (ns),2007-03-01,4,2,0,3,4,5,9
SAN RAMON,desnutricion aguda,nutricion superior (ns),2007-03-01,9,6,0,0,9,6,15
SANTA ANA,desnutricion aguda,nutricion superior (ns),2007-03-01,38,19,4,10,42,29,71
SANTA CRUZ DE LA SIERRA,desnutricion aguda,nutricion superior (ns),2007-03-01,1255,944,499,389,1754,1333,3087
SANTA ROSA,desnutricion aguda,nutricion superior (ns),2007-03-01,30,11,2,4,32,15,47
SANTA ROSA DEL SARA,desnutricion aguda,nutricion superior (ns),2007-03-01,10,8,2,5,12,13,25
SANTIAGO DE HUARI,desnutricion aguda,nutricion superior (ns),2007-03-01,11,11,3,1,14,12,26
SANTIVAÑES,desnutricion aguda,nutricion superior (ns),2007-03-01,1,1,0,0,1,1,2
SANTUARIO DE QUILLACAS,desnutricion aguda,nutricion superior (ns),2007-03-01,1,4,3,1,4,5,9
SENA,desnutricion aguda,nutricion superior (ns),2007-03-01,6,7,2,1,8,8,16
SICAYA,desnutricion aguda,nutricion superior (ns),2007-03-01,0,1,0,0,0,1,1
SIPE SIPE,desnutricion aguda,nutricion superior (ns),2007-03-01,33,22,3,4,36,26,62
SOPACHUY,desnutricion aguda,nutricion superior (ns),2007-03-01,5,1,0,0,5,1,6
SORACACHI,desnutricion aguda,nutricion superior (ns),2007-03-01,10,12,8,15,18,27,45
SUCRE,desnutricion aguda,nutricion superior (ns),2007-03-01,229,215,57,81,286,296,582
TACACHI,desnutricion aguda,nutricion superior (ns),2007-03-01,0,1,1,0,1,1,2
TACOBAMBA,desnutricion aguda,nutricion superior (ns),2007-03-01,3,0,1,0,4,0,4
TACOPAYA,desnutricion aguda,nutricion superior (ns),2007-03-01,3,0,0,0,3,0,3
TAHUA,desnutricion aguda,nutricion superior (ns),2007-03-01,0,1,0,0,0,1,1
TAPACARI,desnutricion aguda,nutricion superior (ns),2007-03-01,8,6,5,4,13,10,23
TARABUCO,desnutricion aguda,nutricion superior (ns),2007-03-01,25,18,9,4,34,22,56
TARATA,desnutricion aguda,nutricion superior (ns),2007-03-01,9,11,10,1,19,12,31
TARIJA,desnutricion aguda,nutricion superior (ns),2007-03-01,320,243,54,49,374,292,666
TARVITA,desnutricion aguda,nutricion superior (ns),2007-03-01,12,10,2,0,14,10,24
TINGUIPAYA,desnutricion aguda,nutricion superior (ns),2007-03-01,5,6,0,0,5,6,11
TIQUIPAYA,desnutricion aguda,nutricion superior (ns),2007-03-01,36,20,4,0,40,20,60
TIRAQUE (CBBA),desnutricion aguda,nutricion superior (ns),2007-03-01,23,18,6,9,29,27,56
TOCO,desnutricion aguda,nutricion superior (ns),2007-03-01,7,5,2,7,9,12,21
TOLATA,desnutricion aguda,nutricion superior (ns),2007-03-01,9,3,1,5,10,8,18
TOLEDO,desnutricion aguda,nutricion superior (ns),2007-03-01,3,2,0,2,3,4,7
TOMAVE,desnutricion aguda,nutricion superior (ns),2007-03-01,8,3,4,1,12,4,16
TOMINA,desnutricion aguda,nutricion superior (ns),2007-03-01,12,15,0,0,12,15,27
TORO TORO,desnutricion aguda,nutricion superior (ns),2007-03-01,4,5,1,6,5,11,16
TOTORA(CBBA),desnutricion aguda,nutricion superior (ns),2007-03-01,7,7,0,0,7,7,14
TOTORA(ORR),desnutricion aguda,nutricion superior (ns),2007-03-01,4,3,3,2,7,5,12
TRIGAL,desnutricion aguda,nutricion superior (ns),2007-03-01,2,0,5,1,7,1,8
TRINIDAD,desnutricion aguda,nutricion superior (ns),2007-03-01,147,100,45,21,192,121,313
TUPIZA,desnutricion aguda,nutricion superior (ns),2007-03-01,43,23,9,8,52,31,83
TURCO,desnutricion aguda,nutricion superior (ns),2007-03-01,9,8,17,8,26,16,42
UNCIA,desnutricion aguda,nutricion superior (ns),2007-03-01,11,4,4,2,15,6,21
URIONDO (A. CONCEPCION),desnutricion aguda,nutricion superior (ns),2007-03-01,26,9,4,1,30,10,40
UYUNI,desnutricion aguda,nutricion superior (ns),2007-03-01,30,11,2,0,32,11,43
VACAS,desnutricion aguda,nutricion superior (ns),2007-03-01,2,1,0,0,2,1,3
VALLEGRANDE,desnutricion aguda,nutricion superior (ns),2007-03-01,19,4,2,3,21,7,28
VILA VILA,desnutricion aguda,nutricion superior (ns),2007-03-01,4,1,0,0,4,1,5
VILLA MONTES,desnutricion aguda,nutricion superior (ns),2007-03-01,93,72,14,9,107,81,188
VILLA NUEVA (LOMA ALTA),desnutricion aguda,nutricion superior (ns),2007-03-01,0,1,0,0,0,1,1
VILLA RIVERO,desnutricion aguda,nutricion superior (ns),2007-03-01,4,3,1,0,5,3,8
VILLA SERRANO,desnutricion aguda,nutricion superior (ns),2007-03-01,10,9,3,1,13,10,23
VILLA TUNARI,desnutricion aguda,nutricion superior (ns),2007-03-01,81,52,28,25,109,77,186
VILLA VACA GUZMAN (MUYUPAMPA),desnutricion aguda,nutricion superior (ns),2007-03-01,7,17,4,2,11,19,30
VILLAZON,desnutricion aguda,nutricion superior (ns),2007-03-01,46,41,5,4,51,45,96
VINTO,desnutricion aguda,nutricion superior (ns),2007-03-01,16,14,1,0,17,14,31
VITICHI,desnutricion aguda,nutricion superior (ns),2007-03-01,8,2,2,0,10,2,12
WARNES,desnutricion aguda,nutricion superior (ns),2007-03-01,114,75,23,11,137,86,223
YACUIBA,desnutricion aguda,nutricion superior (ns),2007-03-01,102,104,10,12,112,116,228
YAMPARAEZ,desnutricion aguda,nutricion superior (ns),2007-03-01,12,7,1,2,13,9,22
YAPACANI,desnutricion aguda,nutricion superior (ns),2007-03-01,93,78,16,6,109,84,193
YOCALLA,desnutricion aguda,nutricion superior (ns),2007-03-01,3,3,0,0,3,3,6
YOTALA,desnutricion aguda,nutricion superior (ns),2007-03-01,14,9,5,5,19,14,33
YUNCHARA,desnutricion aguda,nutricion superior (ns),2007-03-01,7,1,1,0,8,1,9
ZUDAÑEZ,desnutricion aguda,nutricion superior (ns),2007-03-01,4,7,0,1,4,8,12
ACACIO,desnutricion aguda,nutricion superior (ns),2007-04-01,4,1,0,0,4,1,5
AIQUILE,desnutricion aguda,nutricion superior (ns),2007-04-01,0,0,1,0,1,0,1
ALALAY,desnutricion aguda,nutricion superior (ns),2007-04-01,2,0,0,0,2,0,2
ALCALA,desnutricion aguda,nutricion superior (ns),2007-04-01,4,4,1,1,5,5,10
ANDAMARCA,desnutricion aguda,nutricion superior (ns),2007-04-01,1,2,3,2,4,4,8
ANTEQUERA,desnutricion aguda,nutricion superior (ns),2007-04-01,7,7,0,0,7,7,14
ANZALDO,desnutricion aguda,nutricion superior (ns),2007-04-01,0,3,4,3,4,6,10
ARAMPAMPA,desnutricion aguda,nutricion superior (ns),2007-04-01,2,2,2,4,4,6,10
ARBIETO,desnutricion aguda,nutricion superior (ns),2007-04-01,12,3,0,2,12,5,17
ARQUE,desnutricion aguda,nutricion superior (ns),2007-04-01,2,1,0,0,2,1,3
ASCENCION DE GUARAYOS,desnutricion aguda,nutricion superior (ns),2007-04-01,33,16,15,8,48,24,72
ATOCHA,desnutricion aguda,nutricion superior (ns),2007-04-01,2,1,2,1,4,2,6
AYOPAYA (V. DE INDEPENDENCIA),desnutricion aguda,nutricion superior (ns),2007-04-01,13,4,0,0,13,4,17
AZURDUY,desnutricion aguda,nutricion superior (ns),2007-04-01,13,7,5,2,18,9,27
BAURES,desnutricion aguda,nutricion superior (ns),2007-04-01,10,4,4,1,14,5,19
BELEN DE URMIRI,desnutricion aguda,nutricion superior (ns),2007-04-01,1,1,1,0,2,1,3
BELLA FLOR,desnutricion aguda,nutricion superior (ns),2007-04-01,6,3,0,0,6,3,9
BERMEJO,desnutricion aguda,nutricion superior (ns),2007-04-01,6,5,1,1,7,6,13
BETANZOS,desnutricion aguda,nutricion superior (ns),2007-04-01,8,13,2,1,10,14,24
BOLIVAR,desnutricion aguda,nutricion superior (ns),2007-04-01,2,0,0,0,2,0,2
BOLPEBRA,desnutricion aguda,nutricion superior (ns),2007-04-01,0,1,0,0,0,1,1
BOYUIBE,desnutricion aguda,nutricion superior (ns),2007-04-01,6,2,1,0,7,2,9
BUENA VISTA,desnutricion aguda,nutricion superior (ns),2007-04-01,16,5,5,1,21,6,27
CABEZAS,desnutricion aguda,nutricion superior (ns),2007-04-01,33,23,21,14,54,37,91
"CAIZA ""D""",desnutricion aguda,nutricion superior (ns),2007-04-01,5,4,0,1,5,5,10
CAJUATA,desnutricion aguda,nutricion superior (ns),2007-04-01,23,19,25,11,48,30,78
CAMARGO,desnutricion aguda,nutricion superior (ns),2007-04-01,18,12,8,2,26,14,40
CAMATAQUI (C. VILLA ABECIA),desnutricion aguda,nutricion superior (ns),2007-04-01,1,7,4,1,5,8,13
CAMIRI,desnutricion aguda,nutricion superior (ns),2007-04-01,130,102,88,45,218,147,365
CAPINOTA,desnutricion aguda,nutricion superior (ns),2007-04-01,5,1,0,2,5,3,8
CARACOLLO,desnutricion aguda,nutricion superior (ns),2007-04-01,5,11,1,0,6,11,17
CARAPARI,desnutricion aguda,nutricion superior (ns),2007-04-01,15,24,3,2,18,26,44
CARIPUYO,desnutricion aguda,nutricion superior (ns),2007-04-01,2,4,0,0,2,4,6
CARMEN RIVERO TORREZ,desnutricion aguda,nutricion superior (ns),2007-04-01,10,2,2,2,12,4,16
CHALLAPATA,desnutricion aguda,nutricion superior (ns),2007-04-01,15,12,6,0,21,12,33
CHAQUI,desnutricion aguda,nutricion superior (ns),2007-04-01,8,1,1,2,9,3,12
CHARAGUA,desnutricion aguda,nutricion superior (ns),2007-04-01,43,22,3,4,46,26,72
CHAYANTA,desnutricion aguda,nutricion superior (ns),2007-04-01,4,10,0,2,4,12,16
CHIMORE,desnutricion aguda,nutricion superior (ns),2007-04-01,7,10,0,0,7,10,17
CHIPAYA,desnutricion aguda,nutricion superior (ns),2007-04-01,0,1,0,0,0,1,1
CHOQUE COTA,desnutricion aguda,nutricion superior (ns),2007-04-01,4,9,4,0,8,9,17
COBIJA,desnutricion aguda,nutricion superior (ns),2007-04-01,73,57,10,11,83,68,151
COCHABAMBA,desnutricion aguda,nutricion superior (ns),2007-04-01,201,162,63,52,264,214,478
COLCAPIRHUA,desnutricion aguda,nutricion superior (ns),2007-04-01,11,4,4,2,15,6,21
"COLCHA ""K""",desnutricion aguda,nutricion superior (ns),2007-04-01,3,1,1,0,4,1,5
COLOMI,desnutricion aguda,nutricion superior (ns),2007-04-01,13,9,3,0,16,9,25
COLPA BELGICA,desnutricion aguda,nutricion superior (ns),2007-04-01,16,5,2,5,18,10,28
COLQUECHACA,desnutricion aguda,nutricion superior (ns),2007-04-01,17,12,2,6,19,18,37
COLQUIRI,desnutricion aguda,nutricion superior (ns),2007-04-01,4,3,1,0,5,3,8
COMARAPA,desnutricion aguda,nutricion superior (ns),2007-04-01,51,57,27,23,78,80,158
CONCEPCION,desnutricion aguda,nutricion superior (ns),2007-04-01,5,3,2,4,7,7,14
CORQUE,desnutricion aguda,nutricion superior (ns),2007-04-01,4,6,5,2,9,8,17
COTAGAITA,desnutricion aguda,nutricion superior (ns),2007-04-01,6,10,3,1,9,11,20
COTOCA,desnutricion aguda,nutricion superior (ns),2007-04-01,34,15,1,3,35,18,53
CUATRO CAÑADAS,desnutricion aguda,nutricion superior (ns),2007-04-01,22,14,6,5,28,19,47
CUEVO,desnutricion aguda,nutricion superior (ns),2007-04-01,5,9,2,2,7,11,18
CULPINA,desnutricion aguda,nutricion superior (ns),2007-04-01,23,15,0,2,23,17,40
CURAHUARA DE CARANGAS,desnutricion aguda,nutricion superior (ns),2007-04-01,2,1,0,0,2,1,3
EL CHORO,desnutricion aguda,nutricion superior (ns),2007-04-01,2,4,3,4,5,8,13
EL PUENTE(STC),desnutricion aguda,nutricion superior (ns),2007-04-01,8,11,4,0,12,11,23
EL PUENTE(TJA),desnutricion aguda,nutricion superior (ns),2007-04-01,3,2,0,0,3,2,5
EL TORNO,desnutricion aguda,nutricion superior (ns),2007-04-01,50,26,14,7,64,33,97
EL VILLAR,desnutricion aguda,nutricion superior (ns),2007-04-01,6,1,2,0,8,1,9
ENTRE RIOS,desnutricion aguda,nutricion superior (ns),2007-04-01,13,17,6,4,19,21,40
ENTRE RIOS,desnutricion aguda,nutricion superior (ns),2007-04-01,16,18,5,4,21,22,43
ESMERALDA,desnutricion aguda,nutricion superior (ns),2007-04-01,0,1,1,0,1,1,2
EUCALIPTUS,desnutricion aguda,nutricion superior (ns),2007-04-01,0,3,8,2,8,5,13
EXALTACION,desnutricion aguda,nutricion superior (ns),2007-04-01,14,9,6,10,20,19,39
FERNANDEZ ALONSO,desnutricion aguda,nutricion superior (ns),2007-04-01,11,7,2,3,13,10,23
FILADELFIA,desnutricion aguda,nutricion superior (ns),2007-04-01,4,1,1,0,5,1,6
GENERAL SAAVEDRA,desnutricion aguda,nutricion superior (ns),2007-04-01,4,7,4,2,8,9,17
GUAYARAMERIN,desnutricion aguda,nutricion superior (ns),2007-04-01,91,92,6,9,97,101,198
GUTIERREZ,desnutricion aguda,nutricion superior (ns),2007-04-01,23,27,7,4,30,31,61
HUACARETA,desnutricion aguda,nutricion superior (ns),2007-04-01,21,14,6,7,27,21,48
HUACAYA (VILLA DE HUACAYA),desnutricion aguda,nutricion superior (ns),2007-04-01,3,5,1,3,4,8,12
HUACHACALLA,desnutricion aguda,nutricion superior (ns),2007-04-01,0,0,2,0,2,0,2
HUANUNI,desnutricion aguda,nutricion superior (ns),2007-04-01,8,1,3,1,11,2,13
HUARACAJE,desnutricion aguda,nutricion superior (ns),2007-04-01,12,4,2,3,14,7,21
HUAYLLAMARCA,desnutricion aguda,nutricion superior (ns),2007-04-01,2,0,0,0,2,0,2
ICHOCA,desnutricion aguda,nutricion superior (ns),2007-04-01,11,10,3,5,14,15,29
ICLA,desnutricion aguda,nutricion superior (ns),2007-04-01,5,6,3,0,8,6,14
INCAHUASI,desnutricion aguda,nutricion superior (ns),2007-04-01,24,31,3,5,27,36,63
INQUISIVI,desnutricion aguda,nutricion superior (ns),2007-04-01,38,33,39,40,77,73,150
LA GUARDIA,desnutricion aguda,nutricion superior (ns),2007-04-01,52,27,15,17,67,44,111
LAGUNILLAS,desnutricion aguda,nutricion superior (ns),2007-04-01,10,15,4,6,14,21,35
LAS CARRERAS,desnutricion aguda,nutricion superior (ns),2007-04-01,8,7,1,1,9,8,17
LICOMA PAMPA,desnutricion aguda,nutricion superior (ns),2007-04-01,2,6,0,1,2,7,9
LLALLAGUA,desnutricion aguda,nutricion superior (ns),2007-04-01,30,41,2,2,32,43,75
LLICA,desnutricion aguda,nutricion superior (ns),2007-04-01,2,2,1,0,3,2,5
LORETO,desnutricion aguda,nutricion superior (ns),2007-04-01,2,6,2,6,4,12,16
MACHACAMARCA,desnutricion aguda,nutricion superior (ns),2007-04-01,5,2,5,0,10,2,12
MACHARETI,desnutricion aguda,nutricion superior (ns),2007-04-01,30,25,17,7,47,32,79
MAGDALENA,desnutricion aguda,nutricion superior (ns),2007-04-01,10,5,1,0,11,5,16
MAIRANA,desnutricion aguda,nutricion superior (ns),2007-04-01,14,6,1,2,15,8,23
MINEROS,desnutricion aguda,nutricion superior (ns),2007-04-01,16,12,4,3,20,15,35
MIZQUE,desnutricion aguda,nutricion superior (ns),2007-04-01,27,12,9,7,36,19,55
MOJINETE,desnutricion aguda,nutricion superior (ns),2007-04-01,1,1,2,1,3,2,5
MOJOCOYA,desnutricion aguda,nutricion superior (ns),2007-04-01,12,4,6,3,18,7,25
MONTEAGUDO,desnutricion aguda,nutricion superior (ns),2007-04-01,50,41,11,7,61,48,109
MONTERO,desnutricion aguda,nutricion superior (ns),2007-04-01,230,184,84,58,314,242,556
MORO MORO,desnutricion aguda,nutricion superior (ns),2007-04-01,7,6,2,1,9,7,16
MOROCHATA,desnutricion aguda,nutricion superior (ns),2007-04-01,5,2,0,0,5,2,7
NACEBE (SANTA ROSA DEL ABUNA),desnutricion aguda,nutricion superior (ns),2007-04-01,8,2,2,2,10,4,14
OCURI,desnutricion aguda,nutricion superior (ns),2007-04-01,3,1,0,0,3,1,4
OKINAWA,desnutricion aguda,nutricion superior (ns),2007-04-01,6,2,2,0,8,2,10
ORURO,desnutricion aguda,nutricion superior (ns),2007-04-01,190,204,89,105,279,309,588
PADCAYA,desnutricion aguda,nutricion superior (ns),2007-04-01,18,25,11,13,29,38,67
PADILLA,desnutricion aguda,nutricion superior (ns),2007-04-01,8,23,5,1,13,24,37
PAILON,desnutricion aguda,nutricion superior (ns),2007-04-01,29,22,8,8,37,30,67
PAMPA AULLAGAS,desnutricion aguda,nutricion superior (ns),2007-04-01,3,3,0,0,3,3,6
PAMPA GRANDE,desnutricion aguda,nutricion superior (ns),2007-04-01,3,6,0,1,3,7,10
PASORAPA,desnutricion aguda,nutricion superior (ns),2007-04-01,6,10,5,3,11,13,24
PAZÑA,desnutricion aguda,nutricion superior (ns),2007-04-01,1,4,0,1,1,5,6
POCOATA,desnutricion aguda,nutricion superior (ns),2007-04-01,6,2,1,0,7,2,9
POCONA,desnutricion aguda,nutricion superior (ns),2007-04-01,4,5,0,2,4,7,11
POJO (CBBA),desnutricion aguda,nutricion superior (ns),2007-04-01,10,10,3,0,13,10,23
POOPO,desnutricion aguda,nutricion superior (ns),2007-04-01,3,4,0,0,3,4,7
PORCO,desnutricion aguda,nutricion superior (ns),2007-04-01,5,8,0,0,5,8,13
POROMA,desnutricion aguda,nutricion superior (ns),2007-04-01,15,8,3,1,18,9,27
PORONGO,desnutricion aguda,nutricion superior (ns),2007-04-01,2,3,0,0,2,3,5
PORTACHUELO,desnutricion aguda,nutricion superior (ns),2007-04-01,67,66,32,16,99,82,181
PORVENIR,desnutricion aguda,nutricion superior (ns),2007-04-01,10,6,4,3,14,9,23
POSTRER VALLE,desnutricion aguda,nutricion superior (ns),2007-04-01,4,2,2,0,6,2,8
POTOSI,desnutricion aguda,nutricion superior (ns),2007-04-01,81,77,13,14,94,91,185
PRESTO,desnutricion aguda,nutricion superior (ns),2007-04-01,9,6,4,1,13,7,20
PUCARA,desnutricion aguda,nutricion superior (ns),2007-04-01,2,1,2,0,4,1,5
PUERTO GONZALO MORENO,desnutricion aguda,nutricion superior (ns),2007-04-01,1,0,0,0,1,0,1
PUERTO QUIJARRO,desnutricion aguda,nutricion superior (ns),2007-04-01,29,26,1,1,30,27,57
PUERTO RICO,desnutricion aguda,nutricion superior (ns),2007-04-01,4,5,1,4,5,9,14
PUERTO SILES,desnutricion aguda,nutricion superior (ns),2007-04-01,4,7,2,1,6,8,14
PUERTO SUAREZ,desnutricion aguda,nutricion superior (ns),2007-04-01,15,20,4,5,19,25,44
PUERTO VILLARROEL,desnutricion aguda,nutricion superior (ns),2007-04-01,78,77,16,7,94,84,178
PUNA,desnutricion aguda,nutricion superior (ns),2007-04-01,13,8,6,1,19,9,28
PUNATA,desnutricion aguda,nutricion superior (ns),2007-04-01,35,43,15,17,50,60,110
QUILLACOLLO,desnutricion aguda,nutricion superior (ns),2007-04-01,30,20,1,5,31,25,56
QUIME,desnutricion aguda,nutricion superior (ns),2007-04-01,12,5,3,3,15,8,23
QUIRUSILLAS,desnutricion aguda,nutricion superior (ns),2007-04-01,7,3,2,1,9,4,13
RAVELO,desnutricion aguda,nutricion superior (ns),2007-04-01,4,5,0,1,4,6,10
REYES,desnutricion aguda,nutricion superior (ns),2007-04-01,11,16,6,6,17,22,39
RIBERALTA,desnutricion aguda,nutricion superior (ns),2007-04-01,69,32,4,1,73,33,106
ROBORE,desnutricion aguda,nutricion superior (ns),2007-04-01,12,4,2,7,14,11,25
RURRENABAQUE,desnutricion aguda,nutricion superior (ns),2007-04-01,20,26,4,2,24,28,52
SABAYA,desnutricion aguda,nutricion superior (ns),2007-04-01,1,0,0,0,1,0,1
SACABA,desnutricion aguda,nutricion superior (ns),2007-04-01,60,48,7,4,67,52,119
SACABAMBA,desnutricion aguda,nutricion superior (ns),2007-04-01,1,0,0,0,1,0,1
SACACA,desnutricion aguda,nutricion superior (ns),2007-04-01,2,3,0,1,2,4,6
SAIPINA,desnutricion aguda,nutricion superior (ns),2007-04-01,20,31,8,8,28,39,67
SALINAS DE GARCI MENDOZA,desnutricion aguda,nutricion superior (ns),2007-04-01,9,11,2,1,11,12,23
SAMAIPATA,desnutricion aguda,nutricion superior (ns),2007-04-01,18,7,4,2,22,9,31
SAN AGUSTIN,desnutricion aguda,nutricion superior (ns),2007-04-01,1,3,0,0,1,3,4
SAN ANDRES,desnutricion aguda,nutricion superior (ns),2007-04-01,21,14,3,3,24,17,41
SAN ANTONIO DE ESMORUCO,desnutricion aguda,nutricion superior (ns),2007-04-01,1,1,0,0,1,1,2
SAN ANTONIO DE LOMERIO,desnutricion aguda,nutricion superior (ns),2007-04-01,5,3,1,0,6,3,9
SAN BENITO,desnutricion aguda,nutricion superior (ns),2007-04-01,0,2,0,0,0,2,2
SAN BORJA,desnutricion aguda,nutricion superior (ns),2007-04-01,44,27,3,4,47,31,78
SAN CARLOS,desnutricion aguda,nutricion superior (ns),2007-04-01,12,23,6,9,18,32,50
SAN IGNACIO,desnutricion aguda,nutricion superior (ns),2007-04-01,14,10,7,1,21,11,32
SAN IGNACIO DE VELASCO,desnutricion aguda,nutricion superior (ns),2007-04-01,79,23,8,10,87,33,120
SAN JAVIER(BNI),desnutricion aguda,nutricion superior (ns),2007-04-01,2,1,2,1,4,2,6
SAN JOAQUIN,desnutricion aguda,nutricion superior (ns),2007-04-01,5,4,10,9,15,13,28
SAN JOSE DE CHIQUITOS,desnutricion aguda,nutricion superior (ns),2007-04-01,6,5,4,3,10,8,18
SAN JUAN DE YAPACANI,desnutricion aguda,nutricion superior (ns),2007-04-01,21,21,0,6,21,27,48
SAN JULIAN,desnutricion aguda,nutricion superior (ns),2007-04-01,20,15,7,4,27,19,46
SAN LORENZO(PND),desnutricion aguda,nutricion superior (ns),2007-04-01,1,2,3,2,4,4,8
SAN LORENZO(TJA),desnutricion aguda,nutricion superior (ns),2007-04-01,19,13,4,2,23,15,38
SAN LUCAS,desnutricion aguda,nutricion superior (ns),2007-04-01,25,23,6,3,31,26,57
SAN MATIAS,desnutricion aguda,nutricion superior (ns),2007-04-01,17,12,4,2,21,14,35
SAN MIGUEL DE VELASCO,desnutricion aguda,nutricion superior (ns),2007-04-01,32,29,1,0,33,29,62
SAN PABLO DE LIPEZ,desnutricion aguda,nutricion superior (ns),2007-04-01,3,2,0,0,3,2,5
SAN PEDRO,desnutricion aguda,nutricion superior (ns),2007-04-01,34,36,2,3,36,39,75
SAN PEDRO DE BUENA VISTA,desnutricion aguda,nutricion superior (ns),2007-04-01,2,1,0,0,2,1,3
SAN PEDRO DE QUEMES,desnutricion aguda,nutricion superior (ns),2007-04-01,2,0,0,0,2,0,2
SAN RAFAEL,desnutricion aguda,nutricion superior (ns),2007-04-01,4,4,1,0,5,4,9
SAN RAMON,desnutricion aguda,nutricion superior (ns),2007-04-01,11,4,9,1,20,5,25
SANTA ANA,desnutricion aguda,nutricion superior (ns),2007-04-01,40,36,13,11,53,47,100
SANTA CRUZ DE LA SIERRA,desnutricion aguda,nutricion superior (ns),2007-04-01,937,575,285,266,1222,841,2063
SANTA ROSA,desnutricion aguda,nutricion superior (ns),2007-04-01,19,10,1,2,20,12,32
SANTA ROSA DEL SARA,desnutricion aguda,nutricion superior (ns),2007-04-01,17,14,8,2,25,16,41
SANTIAGO DE HUARI,desnutricion aguda,nutricion superior (ns),2007-04-01,16,11,3,4,19,15,34
SANTIVAÑES,desnutricion aguda,nutricion superior (ns),2007-04-01,0,1,0,0,0,1,1
SANTUARIO DE QUILLACAS,desnutricion aguda,nutricion superior (ns),2007-04-01,1,2,4,3,5,5,10
SENA,desnutricion aguda,nutricion superior (ns),2007-04-01,0,1,0,0,0,1,1
SIPE SIPE,desnutricion aguda,nutricion superior (ns),2007-04-01,24,17,7,2,31,19,50
SOPACHUY,desnutricion aguda,nutricion superior (ns),2007-04-01,5,1,0,0,5,1,6
SORACACHI,desnutricion aguda,nutricion superior (ns),2007-04-01,12,24,20,18,32,42,74
SUCRE,desnutricion aguda,nutricion superior (ns),2007-04-01,179,136,47,27,226,163,389
TACOBAMBA,desnutricion aguda,nutricion superior (ns),2007-04-01,3,4,0,0,3,4,7
TACOPAYA,desnutricion aguda,nutricion superior (ns),2007-04-01,2,1,0,0,2,1,3
TAHUA,desnutricion aguda,nutricion superior (ns),2007-04-01,1,0,0,0,1,0,1
TAPACARI,desnutricion aguda,nutricion superior (ns),2007-04-01,11,15,11,5,22,20,42
TARABUCO,desnutricion aguda,nutricion superior (ns),2007-04-01,19,9,4,1,23,10,33
TARIJA,desnutricion aguda,nutricion superior (ns),2007-04-01,277,212,64,49,341,261,602
TARVITA,desnutricion aguda,nutricion superior (ns),2007-04-01,11,2,2,0,13,2,15
TINGUIPAYA,desnutricion aguda,nutricion superior (ns),2007-04-01,7,3,1,0,8,3,11
TIQUIPAYA,desnutricion aguda,nutricion superior (ns),2007-04-01,5,4,2,1,7,5,12
TIRAQUE (CBBA),desnutricion aguda,nutricion superior (ns),2007-04-01,40,45,8,9,48,54,102
TOCO,desnutricion aguda,nutricion superior (ns),2007-04-01,4,1,0,1,4,2,6
TOLATA,desnutricion aguda,nutricion superior (ns),2007-04-01,5,2,1,1,6,3,9
TOLEDO,desnutricion aguda,nutricion superior (ns),2007-04-01,1,6,1,2,2,8,10
TOMAVE,desnutricion aguda,nutricion superior (ns),2007-04-01,16,2,2,0,18,2,20
TOMINA,desnutricion aguda,nutricion superior (ns),2007-04-01,7,9,1,1,8,10,18
TORO TORO,desnutricion aguda,nutricion superior (ns),2007-04-01,2,1,0,0,2,1,3
TOTORA(CBBA),desnutricion aguda,nutricion superior (ns),2007-04-01,15,6,0,0,15,6,21
TOTORA(ORR),desnutricion aguda,nutricion superior (ns),2007-04-01,3,5,1,2,4,7,11
TRIGAL,desnutricion aguda,nutricion superior (ns),2007-04-01,4,2,1,2,5,4,9
TRINIDAD,desnutricion aguda,nutricion superior (ns),2007-04-01,133,125,46,54,179,179,358
TUPIZA,desnutricion aguda,nutricion superior (ns),2007-04-01,43,27,4,5,47,32,79
TURCO,desnutricion aguda,nutricion superior (ns),2007-04-01,8,8,1,1,9,9,18
UNCIA,desnutricion aguda,nutricion superior (ns),2007-04-01,1,2,0,1,1,3,4
URIONDO (A. CONCEPCION),desnutricion aguda,nutricion superior (ns),2007-04-01,14,12,4,6,18,18,36
URUBICHA,desnutricion aguda,nutricion superior (ns),2007-04-01,7,7,2,5,9,12,21
UYUNI,desnutricion aguda,nutricion superior (ns),2007-04-01,6,3,0,0,6,3,9
VACAS,desnutricion aguda,nutricion superior (ns),2007-04-01,0,1,1,0,1,1,2
VALLEGRANDE,desnutricion aguda,nutricion superior (ns),2007-04-01,14,13,8,10,22,23,45
VILA VILA,desnutricion aguda,nutricion superior (ns),2007-04-01,3,2,0,0,3,2,5
VILLA MONTES,desnutricion aguda,nutricion superior (ns),2007-04-01,108,58,14,12,122,70,192
VILLA NUEVA (LOMA ALTA),desnutricion aguda,nutricion superior (ns),2007-04-01,11,4,3,2,14,6,20
VILLA RIVERO,desnutricion aguda,nutricion superior (ns),2007-04-01,2,2,1,1,3,3,6
VILLA SERRANO,desnutricion aguda,nutricion superior (ns),2007-04-01,6,8,5,3,11,11,22
VILLA TUNARI,desnutricion aguda,nutricion superior (ns),2007-04-01,75,55,14,8,89,63,152
VILLA VACA GUZMAN (MUYUPAMPA),desnutricion aguda,nutricion superior (ns),2007-04-01,5,11,2,1,7,12,19
VILLAZON,desnutricion aguda,nutricion superior (ns),2007-04-01,39,30,3,1,42,31,73
VINTO,desnutricion aguda,nutricion superior (ns),2007-04-01,11,2,1,0,12,2,14
VITICHI,desnutricion aguda,nutricion superior (ns),2007-04-01,17,3,8,1,25,4,29
WARNES,desnutricion aguda,nutricion superior (ns),2007-04-01,72,52,6,8,78,60,138
YACUIBA,desnutricion aguda,nutricion superior (ns),2007-04-01,77,76,13,13,90,89,179
YAMPARAEZ,desnutricion aguda,nutricion superior (ns),2007-04-01,11,4,2,1,13,5,18
YAPACANI,desnutricion aguda,nutricion superior (ns),2007-04-01,54,50,5,2,59,52,111
YOCALLA,desnutricion aguda,nutricion superior (ns),2007-04-01,1,1,0,0,1,1,2
YOTALA,desnutricion aguda,nutricion superior (ns),2007-04-01,18,12,7,6,25,18,43
YUNCHARA,desnutricion aguda,nutricion superior (ns),2007-04-01,2,0,0,1,2,1,3
ZUDAÑEZ,desnutricion aguda,nutricion superior (ns),2007-04-01,4,8,0,0,4,8,12
ACACIO,desnutricion aguda,nutricion superior (ns),2007-05-01,2,3,0,2,2,5,7
AIQUILE,desnutricion aguda,nutricion superior (ns),2007-05-01,23,6,8,3,31,9,40
ALALAY,desnutricion aguda,nutricion superior (ns),2007-05-01,5,0,0,0,5,0,5
ALCALA,desnutricion aguda,nutricion superior (ns),2007-05-01,3,4,1,0,4,4,8
ANDAMARCA,desnutricion aguda,nutricion superior (ns),2007-05-01,0,0,1,0,1,0,1
ANTEQUERA,desnutricion aguda,nutricion superior (ns),2007-05-01,1,1,0,0,1,1,2
ANZALDO,desnutricion aguda,nutricion superior (ns),2007-05-01,5,3,1,1,6,4,10
ARAMPAMPA,desnutricion aguda,nutricion superior (ns),2007-05-01,1,2,2,0,3,2,5
ARANI,desnutricion aguda,nutricion superior (ns),2007-05-01,4,3,0,2,4,5,9
ARBIETO,desnutricion aguda,nutricion superior (ns),2007-05-01,6,2,3,5,9,7,16
ARQUE,desnutricion aguda,nutricion superior (ns),2007-05-01,1,2,0,0,1,2,3
ATOCHA,desnutricion aguda,nutricion superior (ns),2007-05-01,6,3,3,3,9,6,15
AYOPAYA (V. DE INDEPENDENCIA),desnutricion aguda,nutricion superior (ns),2007-05-01,19,10,0,2,19,12,31
AZURDUY,desnutricion aguda,nutricion superior (ns),2007-05-01,11,8,3,1,14,9,23
BAURES,desnutricion aguda,nutricion superior (ns),2007-05-01,11,6,4,2,15,8,23
BELEN DE ANDAMARCA,desnutricion aguda,nutricion superior (ns),2007-05-01,2,0,0,1,2,1,3
BELLA FLOR,desnutricion aguda,nutricion superior (ns),2007-05-01,9,3,3,2,12,5,17
BERMEJO,desnutricion aguda,nutricion superior (ns),2007-05-01,5,2,4,0,9,2,11
BETANZOS,desnutricion aguda,nutricion superior (ns),2007-05-01,19,11,1,4,20,15,35
BOLIVAR,desnutricion aguda,nutricion superior (ns),2007-05-01,4,1,2,0,6,1,7
BOLPEBRA,desnutricion aguda,nutricion superior (ns),2007-05-01,0,2,0,1,0,3,3
BOYUIBE,desnutricion aguda,nutricion superior (ns),2007-05-01,2,0,1,2,3,2,5
BUENA VISTA,desnutricion aguda,nutricion superior (ns),2007-05-01,30,19,6,4,36,23,59
CABEZAS,desnutricion aguda,nutricion superior (ns),2007-05-01,22,18,10,6,32,24,56
"CAIZA ""D""",desnutricion aguda,nutricion superior (ns),2007-05-01,12,7,1,0,13,7,20
CAJUATA,desnutricion aguda,nutricion superior (ns),2007-05-01,27,25,23,14,50,39,89
CAMARGO,desnutricion aguda,nutricion superior (ns),2007-05-01,31,14,11,9,42,23,65
CAMATAQUI (C. VILLA ABECIA),desnutricion aguda,nutricion superior (ns),2007-05-01,3,10,1,4,4,14,18
CAMIRI,desnutricion aguda,nutricion superior (ns),2007-05-01,125,101,56,45,181,146,327
CAPINOTA,desnutricion aguda,nutricion superior (ns),2007-05-01,7,7,2,1,9,8,17
CARACOLLO,desnutricion aguda,nutricion superior (ns),2007-05-01,7,16,0,1,7,17,24
CARANGAS,desnutricion aguda,nutricion superior (ns),2007-05-01,1,1,0,0,1,1,2
CARAPARI,desnutricion aguda,nutricion superior (ns),2007-05-01,37,28,9,9,46,37,83
CARIPUYO,desnutricion aguda,nutricion superior (ns),2007-05-01,3,3,1,0,4,3,7
CARMEN RIVERO TORREZ,desnutricion aguda,nutricion superior (ns),2007-05-01,8,8,0,5,8,13,21
CHALLAPATA,desnutricion aguda,nutricion superior (ns),2007-05-01,24,23,20,5,44,28,72
CHAQUI,desnutricion aguda,nutricion superior (ns),2007-05-01,9,8,9,7,18,15,33
CHARAGUA,desnutricion aguda,nutricion superior (ns),2007-05-01,40,33,9,13,49,46,95
CHAYANTA,desnutricion aguda,nutricion superior (ns),2007-05-01,10,6,1,2,11,8,19
CHIMORE,desnutricion aguda,nutricion superior (ns),2007-05-01,7,12,1,1,8,13,21
CHIPAYA,desnutricion aguda,nutricion superior (ns),2007-05-01,3,4,0,1,3,5,8
CHOQUE COTA,desnutricion aguda,nutricion superior (ns),2007-05-01,2,1,0,0,2,1,3
COBIJA,desnutricion aguda,nutricion superior (ns),2007-05-01,48,48,7,4,55,52,107
COCHABAMBA,desnutricion aguda,nutricion superior (ns),2007-05-01,299,268,117,110,416,378,794
COLCAPIRHUA,desnutricion aguda,nutricion superior (ns),2007-05-01,12,11,1,1,13,12,25
"COLCHA ""K""",desnutricion aguda,nutricion superior (ns),2007-05-01,7,8,0,1,7,9,16
COLOMI,desnutricion aguda,nutricion superior (ns),2007-05-01,18,11,0,1,18,12,30
COLPA BELGICA,desnutricion aguda,nutricion superior (ns),2007-05-01,16,10,6,1,22,11,33
COLQUECHACA,desnutricion aguda,nutricion superior (ns),2007-05-01,11,15,2,1,13,16,29
COLQUIRI,desnutricion aguda,nutricion superior (ns),2007-05-01,5,2,2,1,7,3,10
COMARAPA,desnutricion aguda,nutricion superior (ns),2007-05-01,88,66,22,20,110,86,196
CONCEPCION,desnutricion aguda,nutricion superior (ns),2007-05-01,5,3,1,0,6,3,9
CORQUE,desnutricion aguda,nutricion superior (ns),2007-05-01,3,4,4,3,7,7,14
COTAGAITA,desnutricion aguda,nutricion superior (ns),2007-05-01,18,10,1,3,19,13,32
COTOCA,desnutricion aguda,nutricion superior (ns),2007-05-01,40,16,5,2,45,18,63
CUATRO CAÑADAS,desnutricion aguda,nutricion superior (ns),2007-05-01,34,26,8,2,42,28,70
CUEVO,desnutricion aguda,nutricion superior (ns),2007-05-01,6,6,3,2,9,8,17
CULPINA,desnutricion aguda,nutricion superior (ns),2007-05-01,24,11,2,8,26,19,45
CURAHUARA DE CARANGAS,desnutricion aguda,nutricion superior (ns),2007-05-01,2,3,0,0,2,3,5
EL CHORO,desnutricion aguda,nutricion superior (ns),2007-05-01,4,1,1,3,5,4,9
EL PUENTE(STC),desnutricion aguda,nutricion superior (ns),2007-05-01,21,8,3,1,24,9,33
EL PUENTE(TJA),desnutricion aguda,nutricion superior (ns),2007-05-01,2,1,0,1,2,2,4
EL TORNO,desnutricion aguda,nutricion superior (ns),2007-05-01,37,31,11,4,48,35,83
EL VILLAR,desnutricion aguda,nutricion superior (ns),2007-05-01,6,0,2,0,8,0,8
ENTRE RIOS,desnutricion aguda,nutricion superior (ns),2007-05-01,12,12,2,1,14,13,27
ENTRE RIOS,desnutricion aguda,nutricion superior (ns),2007-05-01,15,29,11,7,26,36,62
ESMERALDA,desnutricion aguda,nutricion superior (ns),2007-05-01,2,2,0,0,2,2,4
EUCALIPTUS,desnutricion aguda,nutricion superior (ns),2007-05-01,5,8,8,8,13,16,29
EXALTACION,desnutricion aguda,nutricion superior (ns),2007-05-01,8,4,4,6,12,10,22
FERNANDEZ ALONSO,desnutricion aguda,nutricion superior (ns),2007-05-01,8,14,3,3,11,17,28
FILADELFIA,desnutricion aguda,nutricion superior (ns),2007-05-01,3,3,2,0,5,3,8
GENERAL SAAVEDRA,desnutricion aguda,nutricion superior (ns),2007-05-01,15,16,9,7,24,23,47
GUAYARAMERIN,desnutricion aguda,nutricion superior (ns),2007-05-01,70,45,7,9,77,54,131
GUTIERREZ,desnutricion aguda,nutricion superior (ns),2007-05-01,32,37,10,18,42,55,97
HUACARETA,desnutricion aguda,nutricion superior (ns),2007-05-01,18,11,7,3,25,14,39
HUACAYA (VILLA DE HUACAYA),desnutricion aguda,nutricion superior (ns),2007-05-01,6,7,2,3,8,10,18
HUACHACALLA,desnutricion aguda,nutricion superior (ns),2007-05-01,1,0,0,0,1,0,1
HUANUNI,desnutricion aguda,nutricion superior (ns),2007-05-01,2,3,5,3,7,6,13
HUARACAJE,desnutricion aguda,nutricion superior (ns),2007-05-01,16,4,7,0,23,4,27
HUAYLLAMARCA,desnutricion aguda,nutricion superior (ns),2007-05-01,1,0,0,1,1,1,2
ICHOCA,desnutricion aguda,nutricion superior (ns),2007-05-01,17,12,14,15,31,27,58
ICLA,desnutricion aguda,nutricion superior (ns),2007-05-01,5,2,1,0,6,2,8
INCAHUASI,desnutricion aguda,nutricion superior (ns),2007-05-01,29,38,0,3,29,41,70
INQUISIVI,desnutricion aguda,nutricion superior (ns),2007-05-01,22,23,25,25,47,48,95
LA GUARDIA,desnutricion aguda,nutricion superior (ns),2007-05-01,85,73,10,17,95,90,185
LAGUNILLAS,desnutricion aguda,nutricion superior (ns),2007-05-01,29,14,18,10,47,24,71
LAS CARRERAS,desnutricion aguda,nutricion superior (ns),2007-05-01,9,2,1,1,10,3,13
LICOMA PAMPA,desnutricion aguda,nutricion superior (ns),2007-05-01,3,16,3,0,6,16,22
LLALLAGUA,desnutricion aguda,nutricion superior (ns),2007-05-01,44,51,20,12,64,63,127
LLICA,desnutricion aguda,nutricion superior (ns),2007-05-01,2,0,1,1,3,1,4
LORETO,desnutricion aguda,nutricion superior (ns),2007-05-01,1,3,1,3,2,6,8
MACHACAMARCA,desnutricion aguda,nutricion superior (ns),2007-05-01,1,1,0,6,1,7,8
MACHARETI,desnutricion aguda,nutricion superior (ns),2007-05-01,26,26,16,14,42,40,82
MAGDALENA,desnutricion aguda,nutricion superior (ns),2007-05-01,21,9,2,0,23,9,32
MAIRANA,desnutricion aguda,nutricion superior (ns),2007-05-01,13,8,0,0,13,8,21
MINEROS,desnutricion aguda,nutricion superior (ns),2007-05-01,26,11,7,6,33,17,50
MIZQUE,desnutricion aguda,nutricion superior (ns),2007-05-01,32,28,4,2,36,30,66
MOJINETE,desnutricion aguda,nutricion superior (ns),2007-05-01,1,0,0,0,1,0,1
MOJOCOYA,desnutricion aguda,nutricion superior (ns),2007-05-01,8,3,1,1,9,4,13
MONTEAGUDO,desnutricion aguda,nutricion superior (ns),2007-05-01,49,52,18,11,67,63,130
MONTERO,desnutricion aguda,nutricion superior (ns),2007-05-01,276,231,77,67,353,298,651
MORO MORO,desnutricion aguda,nutricion superior (ns),2007-05-01,8,5,9,2,17,7,24
MOROCHATA,desnutricion aguda,nutricion superior (ns),2007-05-01,5,3,0,0,5,3,8
NACEBE (SANTA ROSA DEL ABUNA),desnutricion aguda,nutricion superior (ns),2007-05-01,4,2,0,0,4,2,6
NUEVO MANOA (NUEVA ESPERANZA),desnutricion aguda,nutricion superior (ns),2007-05-01,0,0,2,1,2,1,3
OCURI,desnutricion aguda,nutricion superior (ns),2007-05-01,3,1,1,1,4,2,6
OKINAWA,desnutricion aguda,nutricion superior (ns),2007-05-01,11,4,0,1,11,5,16
OMEREQUE,desnutricion aguda,nutricion superior (ns),2007-05-01,6,3,0,0,6,3,9
ORURO,desnutricion aguda,nutricion superior (ns),2007-05-01,241,224,70,75,311,299,610
PADCAYA,desnutricion aguda,nutricion superior (ns),2007-05-01,26,16,10,16,36,32,68
PADILLA,desnutricion aguda,nutricion superior (ns),2007-05-01,13,18,3,3,16,21,37
PAILON,desnutricion aguda,nutricion superior (ns),2007-05-01,30,22,9,5,39,27,66
PAMPA AULLAGAS,desnutricion aguda,nutricion superior (ns),2007-05-01,3,5,3,0,6,5,11
PAMPA GRANDE,desnutricion aguda,nutricion superior (ns),2007-05-01,8,5,0,1,8,6,14
PASORAPA,desnutricion aguda,nutricion superior (ns),2007-05-01,4,6,4,2,8,8,16
PAZÑA,desnutricion aguda,nutricion superior (ns),2007-05-01,2,0,0,1,2,1,3
POCOATA,desnutricion aguda,nutricion superior (ns),2007-05-01,11,3,3,2,14,5,19
POCONA,desnutricion aguda,nutricion superior (ns),2007-05-01,7,11,1,2,8,13,21
POJO (CBBA),desnutricion aguda,nutricion superior (ns),2007-05-01,19,13,0,3,19,16,35
POOPO,desnutricion aguda,nutricion superior (ns),2007-05-01,4,4,0,0,4,4,8
PORCO,desnutricion aguda,nutricion superior (ns),2007-05-01,11,6,0,0,11,6,17
POROMA,desnutricion aguda,nutricion superior (ns),2007-05-01,14,6,0,1,14,7,21
PORONGO,desnutricion aguda,nutricion superior (ns),2007-05-01,14,4,0,2,14,6,20
PORTACHUELO,desnutricion aguda,nutricion superior (ns),2007-05-01,79,79,33,14,112,93,205
PORVENIR,desnutricion aguda,nutricion superior (ns),2007-05-01,8,4,0,0,8,4,12
POSTRER VALLE,desnutricion aguda,nutricion superior (ns),2007-05-01,2,3,1,0,3,3,6
POTOSI,desnutricion aguda,nutricion superior (ns),2007-05-01,98,77,27,20,125,97,222
PRESTO,desnutricion aguda,nutricion superior (ns),2007-05-01,3,4,1,1,4,5,9
PUCARA,desnutricion aguda,nutricion superior (ns),2007-05-01,0,1,0,0,0,1,1
PUERTO GONZALO MORENO,desnutricion aguda,nutricion superior (ns),2007-05-01,1,2,2,1,3,3,6
PUERTO QUIJARRO,desnutricion aguda,nutricion superior (ns),2007-05-01,31,31,7,1,38,32,70
PUERTO RICO,desnutricion aguda,nutricion superior (ns),2007-05-01,11,11,0,1,11,12,23
PUERTO SILES,desnutricion aguda,nutricion superior (ns),2007-05-01,7,2,0,2,7,4,11
PUERTO SUAREZ,desnutricion aguda,nutricion superior (ns),2007-05-01,18,18,6,7,24,25,49
PUERTO VILLARROEL,desnutricion aguda,nutricion superior (ns),2007-05-01,84,91,10,19,94,110,204
PUNA,desnutricion aguda,nutricion superior (ns),2007-05-01,10,9,7,1,17,10,27
PUNATA,desnutricion aguda,nutricion superior (ns),2007-05-01,17,28,2,4,19,32,51
QUILLACOLLO,desnutricion aguda,nutricion superior (ns),2007-05-01,52,15,8,3,60,18,78
QUIME,desnutricion aguda,nutricion superior (ns),2007-05-01,30,24,17,12,47,36,83
QUIRUSILLAS,desnutricion aguda,nutricion superior (ns),2007-05-01,2,2,1,2,3,4,7
RAVELO,desnutricion aguda,nutricion superior (ns),2007-05-01,6,3,0,1,6,4,10
REYES,desnutricion aguda,nutricion superior (ns),2007-05-01,17,20,3,10,20,30,50
RIBERALTA,desnutricion aguda,nutricion superior (ns),2007-05-01,72,36,10,3,82,39,121
ROBORE,desnutricion aguda,nutricion superior (ns),2007-05-01,24,6,5,7,29,13,42
RURRENABAQUE,desnutricion aguda,nutricion superior (ns),2007-05-01,15,13,2,0,17,13,30
SABAYA,desnutricion aguda,nutricion superior (ns),2007-05-01,1,3,0,0,1,3,4
SACABA,desnutricion aguda,nutricion superior (ns),2007-05-01,60,71,14,16,74,87,161
SACABAMBA,desnutricion aguda,nutricion superior (ns),2007-05-01,4,3,0,0,4,3,7
SACACA,desnutricion aguda,nutricion superior (ns),2007-05-01,4,7,0,0,4,7,11
SAIPINA,desnutricion aguda,nutricion superior (ns),2007-05-01,29,37,20,14,49,51,100
SALINAS DE GARCI MENDOZA,desnutricion aguda,nutricion superior (ns),2007-05-01,9,12,3,5,12,17,29
SAMAIPATA,desnutricion aguda,nutricion superior (ns),2007-05-01,13,10,1,0,14,10,24
SAN AGUSTIN,desnutricion aguda,nutricion superior (ns),2007-05-01,0,3,0,0,0,3,3
SAN ANDRES,desnutricion aguda,nutricion superior (ns),2007-05-01,24,9,2,1,26,10,36
SAN ANTONIO DE ESMORUCO,desnutricion aguda,nutricion superior (ns),2007-05-01,0,1,0,0,0,1,1
SAN ANTONIO DE LOMERIO,desnutricion aguda,nutricion superior (ns),2007-05-01,13,5,1,0,14,5,19
SAN BENITO,desnutricion aguda,nutricion superior (ns),2007-05-01,4,0,0,0,4,0,4
SAN BORJA,desnutricion aguda,nutricion superior (ns),2007-05-01,62,55,10,8,72,63,135
SAN CARLOS,desnutricion aguda,nutricion superior (ns),2007-05-01,32,30,6,10,38,40,78
SAN IGNACIO,desnutricion aguda,nutricion superior (ns),2007-05-01,28,13,2,2,30,15,45
SAN IGNACIO DE VELASCO,desnutricion aguda,nutricion superior (ns),2007-05-01,100,59,18,6,118,65,183
SAN JAVIER(BNI),desnutricion aguda,nutricion superior (ns),2007-05-01,2,3,1,1,3,4,7
SAN JOAQUIN,desnutricion aguda,nutricion superior (ns),2007-05-01,7,6,3,5,10,11,21
SAN JOSE DE CHIQUITOS,desnutricion aguda,nutricion superior (ns),2007-05-01,19,3,8,11,27,14,41
SAN JUAN DE YAPACANI,desnutricion aguda,nutricion superior (ns),2007-05-01,14,7,3,1,17,8,25
SAN JULIAN,desnutricion aguda,nutricion superior (ns),2007-05-01,25,25,18,11,43,36,79
SAN LORENZO(PND),desnutricion aguda,nutricion superior (ns),2007-05-01,1,1,0,0,1,1,2
SAN LORENZO(TJA),desnutricion aguda,nutricion superior (ns),2007-05-01,17,15,8,5,25,20,45
SAN LUCAS,desnutricion aguda,nutricion superior (ns),2007-05-01,22,24,8,2,30,26,56
SAN MATIAS,desnutricion aguda,nutricion superior (ns),2007-05-01,15,9,2,1,17,10,27
SAN MIGUEL DE VELASCO,desnutricion aguda,nutricion superior (ns),2007-05-01,34,32,3,0,37,32,69
SAN PABLO DE LIPEZ,desnutricion aguda,nutricion superior (ns),2007-05-01,1,1,0,0,1,1,2
SAN PEDRO,desnutricion aguda,nutricion superior (ns),2007-05-01,36,35,8,10,44,45,89
SAN PEDRO DE BUENA VISTA,desnutricion aguda,nutricion superior (ns),2007-05-01,20,12,1,0,21,12,33
SAN PEDRO DE QUEMES,desnutricion aguda,nutricion superior (ns),2007-05-01,1,0,1,0,2,0,2
SAN PEDRO(PND),desnutricion aguda,nutricion superior (ns),2007-05-01,1,0,0,0,1,0,1
SAN RAFAEL,desnutricion aguda,nutricion superior (ns),2007-05-01,4,0,0,2,4,2,6
SAN RAMON,desnutricion aguda,nutricion superior (ns),2007-05-01,19,12,11,3,30,15,45
SANTA ANA,desnutricion aguda,nutricion superior (ns),2007-05-01,46,21,9,11,55,32,87
SANTA CRUZ DE LA SIERRA,desnutricion aguda,nutricion superior (ns),2007-05-01,1063,738,313,294,1376,1032,2408
SANTA ROSA,desnutricion aguda,nutricion superior (ns),2007-05-01,32,20,3,6,35,26,61
SANTA ROSA DEL SARA,desnutricion aguda,nutricion superior (ns),2007-05-01,23,17,6,2,29,19,48
SANTIAGO DE HUARI,desnutricion aguda,nutricion superior (ns),2007-05-01,10,9,1,0,11,9,20
SANTUARIO DE QUILLACAS,desnutricion aguda,nutricion superior (ns),2007-05-01,5,15,5,6,10,21,31
SENA,desnutricion aguda,nutricion superior (ns),2007-05-01,2,2,0,0,2,2,4
SICAYA,desnutricion aguda,nutricion superior (ns),2007-05-01,1,0,0,0,1,0,1
SIPE SIPE,desnutricion aguda,nutricion superior (ns),2007-05-01,22,18,7,4,29,22,51
SOPACHUY,desnutricion aguda,nutricion superior (ns),2007-05-01,5,2,0,1,5,3,8
SORACACHI,desnutricion aguda,nutricion superior (ns),2007-05-01,16,12,7,8,23,20,43
SUCRE,desnutricion aguda,nutricion superior (ns),2007-05-01,281,188,58,58,339,246,585
TACOBAMBA,desnutricion aguda,nutricion superior (ns),2007-05-01,4,4,0,0,4,4,8
TACOPAYA,desnutricion aguda,nutricion superior (ns),2007-05-01,2,2,0,0,2,2,4
TAHUA,desnutricion aguda,nutricion superior (ns),2007-05-01,1,2,1,0,2,2,4
TAPACARI,desnutricion aguda,nutricion superior (ns),2007-05-01,16,5,0,2,16,7,23
TARABUCO,desnutricion aguda,nutricion superior (ns),2007-05-01,14,8,2,6,16,14,30
TARATA,desnutricion aguda,nutricion superior (ns),2007-05-01,8,5,1,2,9,7,16
TARIJA,desnutricion aguda,nutricion superior (ns),2007-05-01,401,328,75,76,476,404,880
TARVITA,desnutricion aguda,nutricion superior (ns),2007-05-01,18,10,2,0,20,10,30
TINGUIPAYA,desnutricion aguda,nutricion superior (ns),2007-05-01,5,4,1,2,6,6,12
TIQUIPAYA,desnutricion aguda,nutricion superior (ns),2007-05-01,4,5,0,0,4,5,9
TIRAQUE (CBBA),desnutricion aguda,nutricion superior (ns),2007-05-01,61,55,8,13,69,68,137
TOCO,desnutricion aguda,nutricion superior (ns),2007-05-01,3,3,1,1,4,4,8
TOLATA,desnutricion aguda,nutricion superior (ns),2007-05-01,7,3,0,0,7,3,10
TOLEDO,desnutricion aguda,nutricion superior (ns),2007-05-01,22,3,3,2,25,5,30
TOMAVE,desnutricion aguda,nutricion superior (ns),2007-05-01,11,1,0,5,11,6,17
TOMINA,desnutricion aguda,nutricion superior (ns),2007-05-01,5,6,6,3,11,9,20
TORO TORO,desnutricion aguda,nutricion superior (ns),2007-05-01,6,3,1,0,7,3,10
TOTORA(CBBA),desnutricion aguda,nutricion superior (ns),2007-05-01,11,10,0,0,11,10,21
TOTORA(ORR),desnutricion aguda,nutricion superior (ns),2007-05-01,2,1,2,2,4,3,7
TRIGAL,desnutricion aguda,nutricion superior (ns),2007-05-01,5,4,8,3,13,7,20
TRINIDAD,desnutricion aguda,nutricion superior (ns),2007-05-01,124,101,37,32,161,133,294
TUPIZA,desnutricion aguda,nutricion superior (ns),2007-05-01,61,33,10,7,71,40,111
TURCO,desnutricion aguda,nutricion superior (ns),2007-05-01,14,7,4,10,18,17,35
UNCIA,desnutricion aguda,nutricion superior (ns),2007-05-01,12,14,2,3,14,17,31
URIONDO (A. CONCEPCION),desnutricion aguda,nutricion superior (ns),2007-05-01,10,5,6,2,16,7,23
URUBICHA,desnutricion aguda,nutricion superior (ns),2007-05-01,5,1,2,1,7,2,9
UYUNI,desnutricion aguda,nutricion superior (ns),2007-05-01,17,16,8,3,25,19,44
VACAS,desnutricion aguda,nutricion superior (ns),2007-05-01,2,0,0,0,2,0,2
VALLEGRANDE,desnutricion aguda,nutricion superior (ns),2007-05-01,13,8,4,6,17,14,31
VILA VILA,desnutricion aguda,nutricion superior (ns),2007-05-01,1,2,3,0,4,2,6
VILLA MONTES,desnutricion aguda,nutricion superior (ns),2007-05-01,87,72,11,25,98,97,195
VILLA NUEVA (LOMA ALTA),desnutricion aguda,nutricion superior (ns),2007-05-01,5,1,0,1,5,2,7
VILLA RIVERO,desnutricion aguda,nutricion superior (ns),2007-05-01,3,0,1,1,4,1,5
VILLA SERRANO,desnutricion aguda,nutricion superior (ns),2007-05-01,8,8,3,1,11,9,20
VILLA TUNARI,desnutricion aguda,nutricion superior (ns),2007-05-01,152,100,46,29,198,129,327
VILLA VACA GUZMAN (MUYUPAMPA),desnutricion aguda,nutricion superior (ns),2007-05-01,9,14,5,2,14,16,30
VILLAZON,desnutricion aguda,nutricion superior (ns),2007-05-01,61,52,9,5,70,57,127
VINTO,desnutricion aguda,nutricion superior (ns),2007-05-01,18,8,0,0,18,8,26
VITICHI,desnutricion aguda,nutricion superior (ns),2007-05-01,5,5,1,0,6,5,11
WARNES,desnutricion aguda,nutricion superior (ns),2007-05-01,83,81,8,8,91,89,180
YACUIBA,desnutricion aguda,nutricion superior (ns),2007-05-01,119,104,14,8,133,112,245
YAMPARAEZ,desnutricion aguda,nutricion superior (ns),2007-05-01,11,12,2,2,13,14,27
YAPACANI,desnutricion aguda,nutricion superior (ns),2007-05-01,76,76,11,19,87,95,182
YOCALLA,desnutricion aguda,nutricion superior (ns),2007-05-01,3,3,1,0,4,3,7
YOTALA,desnutricion aguda,nutricion superior (ns),2007-05-01,6,11,8,5,14,16,30
YUNCHARA,desnutricion aguda,nutricion superior (ns),2007-05-01,1,0,0,0,1,0,1
ZUDAÑEZ,desnutricion aguda,nutricion superior (ns),2007-05-01,5,7,0,0,5,7,12
ACACIO,desnutricion aguda,nutricion superior (ns),2007-06-01,3,1,0,1,3,2,5
AIQUILE,desnutricion aguda,nutricion superior (ns),2007-06-01,16,11,1,5,17,16,33
ALALAY,desnutricion aguda,nutricion superior (ns),2007-06-01,1,0,0,0,1,0,1
ALCALA,desnutricion aguda,nutricion superior (ns),2007-06-01,4,6,2,2,6,8,14
ANDAMARCA,desnutricion aguda,nutricion superior (ns),2007-06-01,4,2,4,5,8,7,15
ANTEQUERA,desnutricion aguda,nutricion superior (ns),2007-06-01,1,1,1,0,2,1,3
ANZALDO,desnutricion aguda,nutricion superior (ns),2007-06-01,1,0,5,4,6,4,10
ARAMPAMPA,desnutricion aguda,nutricion superior (ns),2007-06-01,2,1,0,1,2,2,4
ARANI,desnutricion aguda,nutricion superior (ns),2007-06-01,6,10,0,1,6,11,17
ARBIETO,desnutricion aguda,nutricion superior (ns),2007-06-01,4,2,0,0,4,2,6
ARQUE,desnutricion aguda,nutricion superior (ns),2007-06-01,2,0,0,3,2,3,5
ASCENCION DE GUARAYOS,desnutricion aguda,nutricion superior (ns),2007-06-01,42,12,16,11,58,23,81
ATOCHA,desnutricion aguda,nutricion superior (ns),2007-06-01,10,4,5,3,15,7,22
AYOPAYA (V. DE INDEPENDENCIA),desnutricion aguda,nutricion superior (ns),2007-06-01,16,16,5,0,21,16,37
AZURDUY,desnutricion aguda,nutricion superior (ns),2007-06-01,16,22,2,4,18,26,44
BAURES,desnutricion aguda,nutricion superior (ns),2007-06-01,15,3,1,1,16,4,20
BELEN DE URMIRI,desnutricion aguda,nutricion superior (ns),2007-06-01,1,1,0,0,1,1,2
BELLA FLOR,desnutricion aguda,nutricion superior (ns),2007-06-01,11,0,2,1,13,1,14
BERMEJO,desnutricion aguda,nutricion superior (ns),2007-06-01,5,2,0,1,5,3,8
BETANZOS,desnutricion aguda,nutricion superior (ns),2007-06-01,22,12,0,4,22,16,38
BOLIVAR,desnutricion aguda,nutricion superior (ns),2007-06-01,15,1,0,0,15,1,16
BOLPEBRA,desnutricion aguda,nutricion superior (ns),2007-06-01,4,3,0,0,4,3,7
BOYUIBE,desnutricion aguda,nutricion superior (ns),2007-06-01,4,3,2,2,6,5,11
BUENA VISTA,desnutricion aguda,nutricion superior (ns),2007-06-01,41,22,10,8,51,30,81
CABEZAS,desnutricion aguda,nutricion superior (ns),2007-06-01,34,25,17,15,51,40,91
"CAIZA ""D""",desnutricion aguda,nutricion superior (ns),2007-06-01,7,5,2,2,9,7,16
CAJUATA,desnutricion aguda,nutricion superior (ns),2007-06-01,39,33,39,31,78,64,142
CAMARGO,desnutricion aguda,nutricion superior (ns),2007-06-01,14,10,16,29,30,39,69
CAMATAQUI (C. VILLA ABECIA),desnutricion aguda,nutricion superior (ns),2007-06-01,3,10,2,1,5,11,16
CAMIRI,desnutricion aguda,nutricion superior (ns),2007-06-01,98,84,48,20,146,104,250
CAPINOTA,desnutricion aguda,nutricion superior (ns),2007-06-01,4,2,0,0,4,2,6
CARACOLLO,desnutricion aguda,nutricion superior (ns),2007-06-01,8,17,2,0,10,17,27
CARAPARI,desnutricion aguda,nutricion superior (ns),2007-06-01,21,32,14,6,35,38,73
CARIPUYO,desnutricion aguda,nutricion superior (ns),2007-06-01,7,5,0,0,7,5,12
CARMEN RIVERO TORREZ,desnutricion aguda,nutricion superior (ns),2007-06-01,8,6,2,0,10,6,16
CHALLAPATA,desnutricion aguda,nutricion superior (ns),2007-06-01,19,16,5,12,24,28,52
CHAQUI,desnutricion aguda,nutricion superior (ns),2007-06-01,10,5,0,0,10,5,15
CHARAGUA,desnutricion aguda,nutricion superior (ns),2007-06-01,59,34,13,6,72,40,112
CHAYANTA,desnutricion aguda,nutricion superior (ns),2007-06-01,13,15,7,4,20,19,39
CHIMORE,desnutricion aguda,nutricion superior (ns),2007-06-01,15,6,1,0,16,6,22
CHIPAYA,desnutricion aguda,nutricion superior (ns),2007-06-01,2,0,0,0,2,0,2
COBIJA,desnutricion aguda,nutricion superior (ns),2007-06-01,97,80,13,13,110,93,203
COCHABAMBA,desnutricion aguda,nutricion superior (ns),2007-06-01,289,222,83,66,372,288,660
COLCAPIRHUA,desnutricion aguda,nutricion superior (ns),2007-06-01,28,13,9,7,37,20,57
"COLCHA ""K""",desnutricion aguda,nutricion superior (ns),2007-06-01,9,4,0,0,9,4,13
COLOMI,desnutricion aguda,nutricion superior (ns),2007-06-01,16,14,2,2,18,16,34
COLPA BELGICA,desnutricion aguda,nutricion superior (ns),2007-06-01,15,5,4,3,19,8,27
COLQUECHACA,desnutricion aguda,nutricion superior (ns),2007-06-01,7,6,1,1,8,7,15
COLQUIRI,desnutricion aguda,nutricion superior (ns),2007-06-01,5,4,6,1,11,5,16
COMARAPA,desnutricion aguda,nutricion superior (ns),2007-06-01,56,51,14,22,70,73,143
CONCEPCION,desnutricion aguda,nutricion superior (ns),2007-06-01,4,1,1,0,5,1,6
CORQUE,desnutricion aguda,nutricion superior (ns),2007-06-01,1,3,2,1,3,4,7
COTAGAITA,desnutricion aguda,nutricion superior (ns),2007-06-01,18,9,3,0,21,9,30
COTOCA,desnutricion aguda,nutricion superior (ns),2007-06-01,45,38,26,18,71,56,127
CUATRO CAÑADAS,desnutricion aguda,nutricion superior (ns),2007-06-01,41,26,9,6,50,32,82
CUEVO,desnutricion aguda,nutricion superior (ns),2007-06-01,1,0,2,0,3,0,3
CULPINA,desnutricion aguda,nutricion superior (ns),2007-06-01,16,7,3,3,19,10,29
CURAHUARA DE CARANGAS,desnutricion aguda,nutricion superior (ns),2007-06-01,4,1,0,0,4,1,5
EL CHORO,desnutricion aguda,nutricion superior (ns),2007-06-01,3,1,0,3,3,4,7
EL PUENTE(STC),desnutricion aguda,nutricion superior (ns),2007-06-01,17,11,3,1,20,12,32
EL PUENTE(TJA),desnutricion aguda,nutricion superior (ns),2007-06-01,3,5,2,4,5,9,14
EL TORNO,desnutricion aguda,nutricion superior (ns),2007-06-01,66,44,10,5,76,49,125
EL VILLAR,desnutricion aguda,nutricion superior (ns),2007-06-01,3,1,0,0,3,1,4
ENTRE RIOS,desnutricion aguda,nutricion superior (ns),2007-06-01,15,17,7,8,22,25,47
ENTRE RIOS,desnutricion aguda,nutricion superior (ns),2007-06-01,21,31,10,11,31,42,73
EUCALIPTUS,desnutricion aguda,nutricion superior (ns),2007-06-01,3,7,3,4,6,11,17
EUREKA (SANTOS MERCADO),desnutricion aguda,nutricion superior (ns),2007-06-01,0,1,1,0,1,1,2
EXALTACION,desnutricion aguda,nutricion superior (ns),2007-06-01,5,2,3,2,8,4,12
FERNANDEZ ALONSO,desnutricion aguda,nutricion superior (ns),2007-06-01,20,14,6,1,26,15,41
FILADELFIA,desnutricion aguda,nutricion superior (ns),2007-06-01,6,3,1,2,7,5,12
GENERAL SAAVEDRA,desnutricion aguda,nutricion superior (ns),2007-06-01,13,14,10,9,23,23,46
GUAYARAMERIN,desnutricion aguda,nutricion superior (ns),2007-06-01,116,100,28,28,144,128,272
GUTIERREZ,desnutricion aguda,nutricion superior (ns),2007-06-01,34,25,15,6,49,31,80
HUACARETA,desnutricion aguda,nutricion superior (ns),2007-06-01,14,18,4,5,18,23,41
HUACAYA (VILLA DE HUACAYA),desnutricion aguda,nutricion superior (ns),2007-06-01,2,6,1,4,3,10,13
HUACHACALLA,desnutricion aguda,nutricion superior (ns),2007-06-01,0,0,1,0,1,0,1
HUANUNI,desnutricion aguda,nutricion superior (ns),2007-06-01,15,11,6,5,21,16,37
HUARACAJE,desnutricion aguda,nutricion superior (ns),2007-06-01,10,3,3,0,13,3,16
HUAYLLAMARCA,desnutricion aguda,nutricion superior (ns),2007-06-01,1,1,2,0,3,1,4
ICHOCA,desnutricion aguda,nutricion superior (ns),2007-06-01,5,14,8,6,13,20,33
ICLA,desnutricion aguda,nutricion superior (ns),2007-06-01,5,4,1,1,6,5,11
INCAHUASI,desnutricion aguda,nutricion superior (ns),2007-06-01,21,22,3,2,24,24,48
INQUISIVI,desnutricion aguda,nutricion superior (ns),2007-06-01,27,30,13,19,40,49,89
LA GUARDIA,desnutricion aguda,nutricion superior (ns),2007-06-01,91,53,23,17,114,70,184
LAGUNILLAS,desnutricion aguda,nutricion superior (ns),2007-06-01,33,15,7,9,40,24,64
LAS CARRERAS,desnutricion aguda,nutricion superior (ns),2007-06-01,7,6,4,1,11,7,18
LICOMA PAMPA,desnutricion aguda,nutricion superior (ns),2007-06-01,7,13,7,15,14,28,42
LLALLAGUA,desnutricion aguda,nutricion superior (ns),2007-06-01,52,35,14,17,66,52,118
LLICA,desnutricion aguda,nutricion superior (ns),2007-06-01,3,2,1,0,4,2,6
LORETO,desnutricion aguda,nutricion superior (ns),2007-06-01,7,2,0,3,7,5,12
MACHACAMARCA,desnutricion aguda,nutricion superior (ns),2007-06-01,1,1,0,2,1,3,4
MACHARETI,desnutricion aguda,nutricion superior (ns),2007-06-01,25,26,18,12,43,38,81
MAGDALENA,desnutricion aguda,nutricion superior (ns),2007-06-01,21,8,1,0,22,8,30
MAIRANA,desnutricion aguda,nutricion superior (ns),2007-06-01,14,10,3,1,17,11,28
MINEROS,desnutricion aguda,nutricion superior (ns),2007-06-01,28,14,3,7,31,21,52
MIZQUE,desnutricion aguda,nutricion superior (ns),2007-06-01,42,25,6,11,48,36,84
MOJOCOYA,desnutricion aguda,nutricion superior (ns),2007-06-01,14,8,4,2,18,10,28
MONTEAGUDO,desnutricion aguda,nutricion superior (ns),2007-06-01,58,49,18,10,76,59,135
MONTERO,desnutricion aguda,nutricion superior (ns),2007-06-01,249,205,79,70,328,275,603
MORO MORO,desnutricion aguda,nutricion superior (ns),2007-06-01,3,4,0,0,3,4,7
MOROCHATA,desnutricion aguda,nutricion superior (ns),2007-06-01,4,4,1,1,5,5,10
OCURI,desnutricion aguda,nutricion superior (ns),2007-06-01,5,5,1,1,6,6,12
OKINAWA,desnutricion aguda,nutricion superior (ns),2007-06-01,6,0,3,3,9,3,12
OMEREQUE,desnutricion aguda,nutricion superior (ns),2007-06-01,12,3,1,1,13,4,17
ORURO,desnutricion aguda,nutricion superior (ns),2007-06-01,197,226,67,80,264,306,570
PADCAYA,desnutricion aguda,nutricion superior (ns),2007-06-01,9,16,7,8,16,24,40
PADILLA,desnutricion aguda,nutricion superior (ns),2007-06-01,11,10,3,4,14,14,28
PAILON,desnutricion aguda,nutricion superior (ns),2007-06-01,50,39,10,7,60,46,106
PAMPA AULLAGAS,desnutricion aguda,nutricion superior (ns),2007-06-01,1,3,2,0,3,3,6
PAMPA GRANDE,desnutricion aguda,nutricion superior (ns),2007-06-01,7,5,1,0,8,5,13
PASORAPA,desnutricion aguda,nutricion superior (ns),2007-06-01,7,4,0,1,7,5,12
PAZÑA,desnutricion aguda,nutricion superior (ns),2007-06-01,7,2,0,0,7,2,9
POCOATA,desnutricion aguda,nutricion superior (ns),2007-06-01,17,7,3,2,20,9,29
POCONA,desnutricion aguda,nutricion superior (ns),2007-06-01,6,5,0,0,6,5,11
POJO (CBBA),desnutricion aguda,nutricion superior (ns),2007-06-01,10,9,0,4,10,13,23
POOPO,desnutricion aguda,nutricion superior (ns),2007-06-01,2,2,0,0,2,2,4
PORCO,desnutricion aguda,nutricion superior (ns),2007-06-01,5,8,1,1,6,9,15
POROMA,desnutricion aguda,nutricion superior (ns),2007-06-01,21,16,4,0,25,16,41
PORONGO,desnutricion aguda,nutricion superior (ns),2007-06-01,8,5,2,0,10,5,15
PORTACHUELO,desnutricion aguda,nutricion superior (ns),2007-06-01,70,63,27,24,97,87,184
PORVENIR,desnutricion aguda,nutricion superior (ns),2007-06-01,2,4,1,0,3,4,7
POSTRER VALLE,desnutricion aguda,nutricion superior (ns),2007-06-01,4,3,1,1,5,4,9
POTOSI,desnutricion aguda,nutricion superior (ns),2007-06-01,117,80,19,15,136,95,231
PRESTO,desnutricion aguda,nutricion superior (ns),2007-06-01,8,0,0,3,8,3,11
PUCARA,desnutricion aguda,nutricion superior (ns),2007-06-01,0,4,1,0,1,4,5
PUERTO GONZALO MORENO,desnutricion aguda,nutricion superior (ns),2007-06-01,2,3,0,0,2,3,5
PUERTO QUIJARRO,desnutricion aguda,nutricion superior (ns),2007-06-01,41,39,3,0,44,39,83
PUERTO RICO,desnutricion aguda,nutricion superior (ns),2007-06-01,17,18,5,6,22,24,46
PUERTO SUAREZ,desnutricion aguda,nutricion superior (ns),2007-06-01,20,14,3,3,23,17,40
PUERTO VILLARROEL,desnutricion aguda,nutricion superior (ns),2007-06-01,69,46,26,14,95,60,155
PUNA,desnutricion aguda,nutricion superior (ns),2007-06-01,11,10,2,1,13,11,24
PUNATA,desnutricion aguda,nutricion superior (ns),2007-06-01,17,15,1,5,18,20,38
QUILLACOLLO,desnutricion aguda,nutricion superior (ns),2007-06-01,32,23,4,4,36,27,63
QUIME,desnutricion aguda,nutricion superior (ns),2007-06-01,21,13,16,7,37,20,57
QUIRUSILLAS,desnutricion aguda,nutricion superior (ns),2007-06-01,4,2,5,1,9,3,12
RAVELO,desnutricion aguda,nutricion superior (ns),2007-06-01,3,1,0,0,3,1,4
REYES,desnutricion aguda,nutricion superior (ns),2007-06-01,44,38,17,8,61,46,107
RIBERALTA,desnutricion aguda,nutricion superior (ns),2007-06-01,70,32,6,3,76,35,111
ROBORE,desnutricion aguda,nutricion superior (ns),2007-06-01,30,12,4,11,34,23,57
RURRENABAQUE,desnutricion aguda,nutricion superior (ns),2007-06-01,74,38,2,6,76,44,120
SABAYA,desnutricion aguda,nutricion superior (ns),2007-06-01,1,3,2,0,3,3,6
SACABA,desnutricion aguda,nutricion superior (ns),2007-06-01,43,39,8,6,51,45,96
SACABAMBA,desnutricion aguda,nutricion superior (ns),2007-06-01,1,0,0,0,1,0,1
SACACA,desnutricion aguda,nutricion superior (ns),2007-06-01,3,9,0,1,3,10,13
SAIPINA,desnutricion aguda,nutricion superior (ns),2007-06-01,39,26,24,15,63,41,104
SALINAS DE GARCI MENDOZA,desnutricion aguda,nutricion superior (ns),2007-06-01,16,16,14,6,30,22,52
SAMAIPATA,desnutricion aguda,nutricion superior (ns),2007-06-01,13,12,1,2,14,14,28
SAN AGUSTIN,desnutricion aguda,nutricion superior (ns),2007-06-01,2,3,1,1,3,4,7
SAN ANDRES,desnutricion aguda,nutricion superior (ns),2007-06-01,22,13,3,1,25,14,39
SAN ANTONIO DE LOMERIO,desnutricion aguda,nutricion superior (ns),2007-06-01,5,7,0,0,5,7,12
SAN BENITO,desnutricion aguda,nutricion superior (ns),2007-06-01,8,3,1,1,9,4,13
SAN BORJA,desnutricion aguda,nutricion superior (ns),2007-06-01,59,35,11,6,70,41,111
SAN CARLOS,desnutricion aguda,nutricion superior (ns),2007-06-01,32,21,9,9,41,30,71
SAN IGNACIO,desnutricion aguda,nutricion superior (ns),2007-06-01,18,9,6,4,24,13,37
SAN IGNACIO DE VELASCO,desnutricion aguda,nutricion superior (ns),2007-06-01,127,56,14,15,141,71,212
SAN JAVIER(BNI),desnutricion aguda,nutricion superior (ns),2007-06-01,3,4,1,1,4,5,9
SAN JAVIER(STC),desnutricion aguda,nutricion superior (ns),2007-06-01,10,16,1,0,11,16,27
SAN JOAQUIN,desnutricion aguda,nutricion superior (ns),2007-06-01,0,12,18,8,18,20,38
SAN JOSE DE CHIQUITOS,desnutricion aguda,nutricion superior (ns),2007-06-01,17,10,9,11,26,21,47
SAN JUAN DE YAPACANI,desnutricion aguda,nutricion superior (ns),2007-06-01,38,23,6,4,44,27,71
SAN JULIAN,desnutricion aguda,nutricion superior (ns),2007-06-01,41,33,40,32,81,65,146
SAN LORENZO(PND),desnutricion aguda,nutricion superior (ns),2007-06-01,7,3,0,0,7,3,10
SAN LORENZO(TJA),desnutricion aguda,nutricion superior (ns),2007-06-01,14,7,2,1,16,8,24
SAN LUCAS,desnutricion aguda,nutricion superior (ns),2007-06-01,28,23,6,5,34,28,62
SAN MATIAS,desnutricion aguda,nutricion superior (ns),2007-06-01,12,5,6,5,18,10,28
SAN MIGUEL DE VELASCO,desnutricion aguda,nutricion superior (ns),2007-06-01,34,31,5,3,39,34,73
SAN PABLO DE LIPEZ,desnutricion aguda,nutricion superior (ns),2007-06-01,0,0,1,1,1,1,2
SAN PEDRO,desnutricion aguda,nutricion superior (ns),2007-06-01,43,40,6,6,49,46,95
SAN PEDRO DE BUENA VISTA,desnutricion aguda,nutricion superior (ns),2007-06-01,16,11,0,0,16,11,27
SAN PEDRO DE QUEMES,desnutricion aguda,nutricion superior (ns),2007-06-01,1,0,1,0,2,0,2
SAN PEDRO(PND),desnutricion aguda,nutricion superior (ns),2007-06-01,2,1,0,0,2,1,3
SAN RAFAEL,desnutricion aguda,nutricion superior (ns),2007-06-01,3,7,0,3,3,10,13
SAN RAMON,desnutricion aguda,nutricion superior (ns),2007-06-01,20,6,6,5,26,11,37
SAN RAMON,desnutricion aguda,nutricion superior (ns),2007-06-01,3,5,1,1,4,6,10
SANTA ANA,desnutricion aguda,nutricion superior (ns),2007-06-01,37,12,7,9,44,21,65
SANTA CRUZ DE LA SIERRA,desnutricion aguda,nutricion superior (ns),2007-06-01,1138,779,327,334,1465,1113,2578
SANTA ROSA,desnutricion aguda,nutricion superior (ns),2007-06-01,30,29,7,2,37,31,68
SANTA ROSA DEL SARA,desnutricion aguda,nutricion superior (ns),2007-06-01,18,12,1,2,19,14,33
SANTIAGO DE HUARI,desnutricion aguda,nutricion superior (ns),2007-06-01,2,2,2,3,4,5,9
SANTIVAÑES,desnutricion aguda,nutricion superior (ns),2007-06-01,0,2,0,0,0,2,2
SANTUARIO DE QUILLACAS,desnutricion aguda,nutricion superior (ns),2007-06-01,5,9,11,6,16,15,31
SENA,desnutricion aguda,nutricion superior (ns),2007-06-01,9,11,0,2,9,13,22
SICAYA,desnutricion aguda,nutricion superior (ns),2007-06-01,1,1,0,0,1,1,2
SIPE SIPE,desnutricion aguda,nutricion superior (ns),2007-06-01,31,25,3,3,34,28,62
SOPACHUY,desnutricion aguda,nutricion superior (ns),2007-06-01,3,2,0,0,3,2,5
SORACACHI,desnutricion aguda,nutricion superior (ns),2007-06-01,13,13,17,12,30,25,55
SUCRE,desnutricion aguda,nutricion superior (ns),2007-06-01,180,169,53,55,233,224,457
TACACHI,desnutricion aguda,nutricion superior (ns),2007-06-01,0,1,0,0,0,1,1
TACOBAMBA,desnutricion aguda,nutricion superior (ns),2007-06-01,4,5,0,1,4,6,10
TACOPAYA,desnutricion aguda,nutricion superior (ns),2007-06-01,1,0,1,0,2,0,2
TAHUA,desnutricion aguda,nutricion superior (ns),2007-06-01,2,2,3,1,5,3,8
TAPACARI,desnutricion aguda,nutricion superior (ns),2007-06-01,4,10,2,1,6,11,17
TARABUCO,desnutricion aguda,nutricion superior (ns),2007-06-01,4,4,3,1,7,5,12
TARATA,desnutricion aguda,nutricion superior (ns),2007-06-01,12,13,1,2,13,15,28
TARIJA,desnutricion aguda,nutricion superior (ns),2007-06-01,285,224,69,72,354,296,650
TARVITA,desnutricion aguda,nutricion superior (ns),2007-06-01,18,11,4,1,22,12,34
TINGUIPAYA,desnutricion aguda,nutricion superior (ns),2007-06-01,5,5,1,2,6,7,13
TIQUIPAYA,desnutricion aguda,nutricion superior (ns),2007-06-01,3,8,2,1,5,9,14
TIRAQUE (CBBA),desnutricion aguda,nutricion superior (ns),2007-06-01,44,47,10,3,54,50,104
TOCO,desnutricion aguda,nutricion superior (ns),2007-06-01,4,2,0,1,4,3,7
TOLATA,desnutricion aguda,nutricion superior (ns),2007-06-01,0,2,0,0,0,2,2
TOLEDO,desnutricion aguda,nutricion superior (ns),2007-06-01,2,5,3,1,5,6,11
TOMAVE,desnutricion aguda,nutricion superior (ns),2007-06-01,6,3,0,2,6,5,11
TOMINA,desnutricion aguda,nutricion superior (ns),2007-06-01,12,9,0,1,12,10,22
TORO TORO,desnutricion aguda,nutricion superior (ns),2007-06-01,14,13,10,17,24,30,54
TOTORA(CBBA),desnutricion aguda,nutricion superior (ns),2007-06-01,7,6,0,2,7,8,15
TOTORA(ORR),desnutricion aguda,nutricion superior (ns),2007-06-01,1,3,1,1,2,4,6
TRIGAL,desnutricion aguda,nutricion superior (ns),2007-06-01,1,2,1,1,2,3,5
TRINIDAD,desnutricion aguda,nutricion superior (ns),2007-06-01,190,187,76,70,266,257,523
TUPIZA,desnutricion aguda,nutricion superior (ns),2007-06-01,57,34,19,11,76,45,121
TURCO,desnutricion aguda,nutricion superior (ns),2007-06-01,6,3,7,3,13,6,19
UNCIA,desnutricion aguda,nutricion superior (ns),2007-06-01,5,15,6,4,11,19,30
URIONDO (A. CONCEPCION),desnutricion aguda,nutricion superior (ns),2007-06-01,15,8,3,2,18,10,28
URUBICHA,desnutricion aguda,nutricion superior (ns),2007-06-01,3,5,2,0,5,5,10
UYUNI,desnutricion aguda,nutricion superior (ns),2007-06-01,31,16,10,5,41,21,62
VACAS,desnutricion aguda,nutricion superior (ns),2007-06-01,2,2,0,0,2,2,4
VALLEGRANDE,desnutricion aguda,nutricion superior (ns),2007-06-01,15,4,3,4,18,8,26
VIACHA,desnutricion aguda,nutricion superior (ns),2007-06-01,30,21,7,3,37,24,61
VILA VILA,desnutricion aguda,nutricion superior (ns),2007-06-01,1,0,0,0,1,0,1
VILLA MONTES,desnutricion aguda,nutricion superior (ns),2007-06-01,112,51,15,23,127,74,201
VILLA NUEVA (LOMA ALTA),desnutricion aguda,nutricion superior (ns),2007-06-01,7,10,0,0,7,10,17
VILLA RIVERO,desnutricion aguda,nutricion superior (ns),2007-06-01,2,2,2,2,4,4,8
VILLA SERRANO,desnutricion aguda,nutricion superior (ns),2007-06-01,7,7,5,0,12,7,19
VILLA TUNARI,desnutricion aguda,nutricion superior (ns),2007-06-01,122,69,30,32,152,101,253
VILLA VACA GUZMAN (MUYUPAMPA),desnutricion aguda,nutricion superior (ns),2007-06-01,11,14,3,2,14,16,30
VILLAZON,desnutricion aguda,nutricion superior (ns),2007-06-01,32,16,2,4,34,20,54
VINTO,desnutricion aguda,nutricion superior (ns),2007-06-01,4,0,1,0,5,0,5
VITICHI,desnutricion aguda,nutricion superior (ns),2007-06-01,8,2,0,0,8,2,10
WARNES,desnutricion aguda,nutricion superior (ns),2007-06-01,99,87,22,15,121,102,223
YACUIBA,desnutricion aguda,nutricion superior (ns),2007-06-01,85,89,7,7,92,96,188
YAMPARAEZ,desnutricion aguda,nutricion superior (ns),2007-06-01,4,7,3,4,7,11,18
YAPACANI,desnutricion aguda,nutricion superior (ns),2007-06-01,68,62,11,6,79,68,147
YOCALLA,desnutricion aguda,nutricion superior (ns),2007-06-01,2,1,0,0,2,1,3
YOTALA,desnutricion aguda,nutricion superior (ns),2007-06-01,8,13,6,3,14,16,30
YUNCHARA,desnutricion aguda,nutricion superior (ns),2007-06-01,0,1,0,0,0,1,1
ZUDAÑEZ,desnutricion aguda,nutricion superior (ns),2007-06-01,8,6,0,0,8,6,14
ACACIO,desnutricion aguda,nutricion superior (ns),2007-07-01,3,2,0,1,3,3,6
AIQUILE,desnutricion aguda,nutricion superior (ns),2007-07-01,16,10,3,0,19,10,29
ALALAY,desnutricion aguda,nutricion superior (ns),2007-07-01,1,0,1,0,2,0,2
ALCALA,desnutricion aguda,nutricion superior (ns),2007-07-01,2,6,2,1,4,7,11
ANDAMARCA,desnutricion aguda,nutricion superior (ns),2007-07-01,0,4,2,2,2,6,8
ANTEQUERA,desnutricion aguda,nutricion superior (ns),2007-07-01,2,2,0,0,2,2,4
ANZALDO,desnutricion aguda,nutricion superior (ns),2007-07-01,0,1,0,1,0,2,2
ARAMPAMPA,desnutricion aguda,nutricion superior (ns),2007-07-01,0,3,0,1,0,4,4
ARANI,desnutricion aguda,nutricion superior (ns),2007-07-01,1,0,1,1,2,1,3
ARBIETO,desnutricion aguda,nutricion superior (ns),2007-07-01,8,2,0,0,8,2,10
ARQUE,desnutricion aguda,nutricion superior (ns),2007-07-01,0,0,1,1,1,1,2
ATOCHA,desnutricion aguda,nutricion superior (ns),2007-07-01,7,3,6,2,13,5,18
AYOPAYA (V. DE INDEPENDENCIA),desnutricion aguda,nutricion superior (ns),2007-07-01,17,14,1,0,18,14,32
AZURDUY,desnutricion aguda,nutricion superior (ns),2007-07-01,13,8,9,5,22,13,35
BAURES,desnutricion aguda,nutricion superior (ns),2007-07-01,5,5,3,1,8,6,14
BELEN DE URMIRI,desnutricion aguda,nutricion superior (ns),2007-07-01,1,0,0,0,1,0,1
BELLA FLOR,desnutricion aguda,nutricion superior (ns),2007-07-01,7,9,1,2,8,11,19
BERMEJO,desnutricion aguda,nutricion superior (ns),2007-07-01,5,2,2,1,7,3,10
BETANZOS,desnutricion aguda,nutricion superior (ns),2007-07-01,18,22,4,4,22,26,48
BOLIVAR,desnutricion aguda,nutricion superior (ns),2007-07-01,1,2,0,0,1,2,3
BOLPEBRA,desnutricion aguda,nutricion superior (ns),2007-07-01,2,2,0,1,2,3,5
BOYUIBE,desnutricion aguda,nutricion superior (ns),2007-07-01,3,8,2,2,5,10,15
BUENA VISTA,desnutricion aguda,nutricion superior (ns),2007-07-01,38,22,3,3,41,25,66
CABEZAS,desnutricion aguda,nutricion superior (ns),2007-07-01,47,19,14,26,61,45,106
"CAIZA ""D""",desnutricion aguda,nutricion superior (ns),2007-07-01,11,9,3,2,14,11,25
CAJUATA,desnutricion aguda,nutricion superior (ns),2007-07-01,23,15,23,14,46,29,75
CAMARGO,desnutricion aguda,nutricion superior (ns),2007-07-01,16,4,3,1,19,5,24
CAMATAQUI (C. VILLA ABECIA),desnutricion aguda,nutricion superior (ns),2007-07-01,3,9,2,0,5,9,14
CAMIRI,desnutricion aguda,nutricion superior (ns),2007-07-01,138,96,58,41,196,137,333
CAPINOTA,desnutricion aguda,nutricion superior (ns),2007-07-01,1,4,0,1,1,5,6
CARACOLLO,desnutricion aguda,nutricion superior (ns),2007-07-01,10,6,6,1,16,7,23
CARAPARI,desnutricion aguda,nutricion superior (ns),2007-07-01,27,23,4,4,31,27,58
CARIPUYO,desnutricion aguda,nutricion superior (ns),2007-07-01,6,4,1,0,7,4,11
CARMEN RIVERO TORREZ,desnutricion aguda,nutricion superior (ns),2007-07-01,8,4,2,2,10,6,16
CHALLAPATA,desnutricion aguda,nutricion superior (ns),2007-07-01,11,15,4,10,15,25,40
CHAQUI,desnutricion aguda,nutricion superior (ns),2007-07-01,7,5,0,0,7,5,12
CHARAGUA,desnutricion aguda,nutricion superior (ns),2007-07-01,71,50,12,12,83,62,145
CHAYANTA,desnutricion aguda,nutricion superior (ns),2007-07-01,9,5,0,0,9,5,14
CHIMORE,desnutricion aguda,nutricion superior (ns),2007-07-01,5,4,0,2,5,6,11
CHIPAYA,desnutricion aguda,nutricion superior (ns),2007-07-01,0,1,0,0,0,1,1
COBIJA,desnutricion aguda,nutricion superior (ns),2007-07-01,110,81,12,16,122,97,219
COCHABAMBA,desnutricion aguda,nutricion superior (ns),2007-07-01,275,248,60,51,335,299,634
COLCAPIRHUA,desnutricion aguda,nutricion superior (ns),2007-07-01,6,18,2,2,8,20,28
"COLCHA ""K""",desnutricion aguda,nutricion superior (ns),2007-07-01,6,7,0,1,6,8,14
COLOMI,desnutricion aguda,nutricion superior (ns),2007-07-01,11,9,2,3,13,12,25
COLPA BELGICA,desnutricion aguda,nutricion superior (ns),2007-07-01,16,5,5,4,21,9,30
COLQUECHACA,desnutricion aguda,nutricion superior (ns),2007-07-01,16,11,3,2,19,13,32
COLQUIRI,desnutricion aguda,nutricion superior (ns),2007-07-01,15,6,13,5,28,11,39
COMARAPA,desnutricion aguda,nutricion superior (ns),2007-07-01,85,57,14,21,99,78,177
CONCEPCION,desnutricion aguda,nutricion superior (ns),2007-07-01,5,3,1,1,6,4,10
CORQUE,desnutricion aguda,nutricion superior (ns),2007-07-01,2,1,3,0,5,1,6
COTAGAITA,desnutricion aguda,nutricion superior (ns),2007-07-01,7,7,0,0,7,7,14
COTOCA,desnutricion aguda,nutricion superior (ns),2007-07-01,55,37,6,7,61,44,105
CUATRO CAÑADAS,desnutricion aguda,nutricion superior (ns),2007-07-01,33,15,20,10,53,25,78
CUCHUMUELA (V. G. VILLARROEL),desnutricion aguda,nutricion superior (ns),2007-07-01,1,0,0,0,1,0,1
CUEVO,desnutricion aguda,nutricion superior (ns),2007-07-01,6,10,0,1,6,11,17
CULPINA,desnutricion aguda,nutricion superior (ns),2007-07-01,21,11,2,1,23,12,35
CURAHUARA DE CARANGAS,desnutricion aguda,nutricion superior (ns),2007-07-01,4,1,1,4,5,5,10
EL CHORO,desnutricion aguda,nutricion superior (ns),2007-07-01,1,1,1,0,2,1,3
EL PUENTE(TJA),desnutricion aguda,nutricion superior (ns),2007-07-01,4,3,1,4,5,7,12
EL TORNO,desnutricion aguda,nutricion superior (ns),2007-07-01,56,33,15,2,71,35,106
EL VILLAR,desnutricion aguda,nutricion superior (ns),2007-07-01,4,4,2,0,6,4,10
ENTRE RIOS,desnutricion aguda,nutricion superior (ns),2007-07-01,16,22,2,1,18,23,41
ENTRE RIOS,desnutricion aguda,nutricion superior (ns),2007-07-01,15,21,11,14,26,35,61
ESMERALDA,desnutricion aguda,nutricion superior (ns),2007-07-01,1,0,0,0,1,0,1
EUCALIPTUS,desnutricion aguda,nutricion superior (ns),2007-07-01,3,4,1,3,4,7,11
EXALTACION,desnutricion aguda,nutricion superior (ns),2007-07-01,6,3,2,1,8,4,12
FERNANDEZ ALONSO,desnutricion aguda,nutricion superior (ns),2007-07-01,23,17,10,2,33,19,52
FILADELFIA,desnutricion aguda,nutricion superior (ns),2007-07-01,9,1,7,2,16,3,19
GENERAL SAAVEDRA,desnutricion aguda,nutricion superior (ns),2007-07-01,43,29,26,23,69,52,121
GUAYARAMERIN,desnutricion aguda,nutricion superior (ns),2007-07-01,97,47,6,4,103,51,154
GUTIERREZ,desnutricion aguda,nutricion superior (ns),2007-07-01,51,31,14,12,65,43,108
HUACARETA,desnutricion aguda,nutricion superior (ns),2007-07-01,15,6,4,6,19,12,31
HUACAYA (VILLA DE HUACAYA),desnutricion aguda,nutricion superior (ns),2007-07-01,4,9,2,5,6,14,20
HUANUNI,desnutricion aguda,nutricion superior (ns),2007-07-01,21,18,14,6,35,24,59
HUARACAJE,desnutricion aguda,nutricion superior (ns),2007-07-01,7,3,1,0,8,3,11
HUAYLLAMARCA,desnutricion aguda,nutricion superior (ns),2007-07-01,1,1,0,2,1,3,4
ICHOCA,desnutricion aguda,nutricion superior (ns),2007-07-01,8,10,4,4,12,14,26
ICLA,desnutricion aguda,nutricion superior (ns),2007-07-01,11,9,2,3,13,12,25
INCAHUASI,desnutricion aguda,nutricion superior (ns),2007-07-01,21,21,3,2,24,23,47
INGAVI (HUMAITA),desnutricion aguda,nutricion superior (ns),2007-07-01,3,1,0,0,3,1,4
INQUISIVI,desnutricion aguda,nutricion superior (ns),2007-07-01,36,18,23,15,59,33,92
LA GUARDIA,desnutricion aguda,nutricion superior (ns),2007-07-01,109,50,28,37,137,87,224
LAGUNILLAS,desnutricion aguda,nutricion superior (ns),2007-07-01,19,22,6,6,25,28,53
LAS CARRERAS,desnutricion aguda,nutricion superior (ns),2007-07-01,7,2,1,0,8,2,10
LICOMA PAMPA,desnutricion aguda,nutricion superior (ns),2007-07-01,8,8,5,7,13,15,28
LLALLAGUA,desnutricion aguda,nutricion superior (ns),2007-07-01,26,20,12,9,38,29,67
LLICA,desnutricion aguda,nutricion superior (ns),2007-07-01,1,1,0,0,1,1,2
LORETO,desnutricion aguda,nutricion superior (ns),2007-07-01,5,5,3,2,8,7,15
MACHACAMARCA,desnutricion aguda,nutricion superior (ns),2007-07-01,0,3,0,0,0,3,3
MACHARETI,desnutricion aguda,nutricion superior (ns),2007-07-01,31,29,13,11,44,40,84
MAGDALENA,desnutricion aguda,nutricion superior (ns),2007-07-01,8,8,1,0,9,8,17
MAIRANA,desnutricion aguda,nutricion superior (ns),2007-07-01,15,12,3,2,18,14,32
MECAPACA,desnutricion aguda,nutricion superior (ns),2007-07-01,2,6,3,0,5,6,11
MINEROS,desnutricion aguda,nutricion superior (ns),2007-07-01,25,17,6,2,31,19,50
MIZQUE,desnutricion aguda,nutricion superior (ns),2007-07-01,39,18,3,1,42,19,61
MOJINETE,desnutricion aguda,nutricion superior (ns),2007-07-01,3,1,0,0,3,1,4
MOJOCOYA,desnutricion aguda,nutricion superior (ns),2007-07-01,6,9,1,2,7,11,18
MONTEAGUDO,desnutricion aguda,nutricion superior (ns),2007-07-01,49,57,19,10,68,67,135
MONTERO,desnutricion aguda,nutricion superior (ns),2007-07-01,255,192,90,72,345,264,609
MORO MORO,desnutricion aguda,nutricion superior (ns),2007-07-01,3,3,0,0,3,3,6
MOROCHATA,desnutricion aguda,nutricion superior (ns),2007-07-01,3,2,1,0,4,2,6
NACEBE (SANTA ROSA DEL ABUNA),desnutricion aguda,nutricion superior (ns),2007-07-01,0,3,1,0,1,3,4
NUEVO MANOA (NUEVA ESPERANZA),desnutricion aguda,nutricion superior (ns),2007-07-01,2,4,0,0,2,4,6
OCURI,desnutricion aguda,nutricion superior (ns),2007-07-01,7,3,2,0,9,3,12
OKINAWA,desnutricion aguda,nutricion superior (ns),2007-07-01,6,2,0,0,6,2,8
OMEREQUE,desnutricion aguda,nutricion superior (ns),2007-07-01,8,8,0,1,8,9,17
ORURO,desnutricion aguda,nutricion superior (ns),2007-07-01,313,293,109,97,422,390,812
PADCAYA,desnutricion aguda,nutricion superior (ns),2007-07-01,9,11,4,1,13,12,25
PADILLA,desnutricion aguda,nutricion superior (ns),2007-07-01,13,13,5,6,18,19,37
PAILON,desnutricion aguda,nutricion superior (ns),2007-07-01,36,21,8,7,44,28,72
PALCA,desnutricion aguda,nutricion superior (ns),2007-07-01,2,3,1,3,3,6,9
PAMPA AULLAGAS,desnutricion aguda,nutricion superior (ns),2007-07-01,4,5,2,2,6,7,13
PAMPA GRANDE,desnutricion aguda,nutricion superior (ns),2007-07-01,10,2,0,2,10,4,14
PASORAPA,desnutricion aguda,nutricion superior (ns),2007-07-01,4,4,0,2,4,6,10
PAZÑA,desnutricion aguda,nutricion superior (ns),2007-07-01,4,5,5,2,9,7,16
POCOATA,desnutricion aguda,nutricion superior (ns),2007-07-01,8,7,2,0,10,7,17
POCONA,desnutricion aguda,nutricion superior (ns),2007-07-01,4,4,2,2,6,6,12
POJO (CBBA),desnutricion aguda,nutricion superior (ns),2007-07-01,23,22,2,2,25,24,49
POOPO,desnutricion aguda,nutricion superior (ns),2007-07-01,1,1,0,0,1,1,2
PORCO,desnutricion aguda,nutricion superior (ns),2007-07-01,6,6,0,0,6,6,12
POROMA,desnutricion aguda,nutricion superior (ns),2007-07-01,18,22,1,3,19,25,44
PORONGO,desnutricion aguda,nutricion superior (ns),2007-07-01,4,5,0,0,4,5,9
PORTACHUELO,desnutricion aguda,nutricion superior (ns),2007-07-01,63,58,37,39,100,97,197
PORVENIR,desnutricion aguda,nutricion superior (ns),2007-07-01,12,6,0,2,12,8,20
POSTRER VALLE,desnutricion aguda,nutricion superior (ns),2007-07-01,0,1,4,0,4,1,5
POTOSI,desnutricion aguda,nutricion superior (ns),2007-07-01,132,93,26,9,158,102,260
PRESTO,desnutricion aguda,nutricion superior (ns),2007-07-01,1,2,8,2,9,4,13
PUCARA,desnutricion aguda,nutricion superior (ns),2007-07-01,0,1,0,0,0,1,1
PUERTO GONZALO MORENO,desnutricion aguda,nutricion superior (ns),2007-07-01,0,2,0,0,0,2,2
PUERTO QUIJARRO,desnutricion aguda,nutricion superior (ns),2007-07-01,36,35,4,1,40,36,76
PUERTO RICO,desnutricion aguda,nutricion superior (ns),2007-07-01,15,10,2,1,17,11,28
PUERTO SILES,desnutricion aguda,nutricion superior (ns),2007-07-01,6,6,5,1,11,7,18
PUERTO SUAREZ,desnutricion aguda,nutricion superior (ns),2007-07-01,10,10,2,5,12,15,27
PUERTO VILLARROEL,desnutricion aguda,nutricion superior (ns),2007-07-01,62,41,10,12,72,53,125
PUNA,desnutricion aguda,nutricion superior (ns),2007-07-01,13,14,2,2,15,16,31
PUNATA,desnutricion aguda,nutricion superior (ns),2007-07-01,11,11,3,2,14,13,27
QUILLACOLLO,desnutricion aguda,nutricion superior (ns),2007-07-01,40,25,3,13,43,38,81
QUIME,desnutricion aguda,nutricion superior (ns),2007-07-01,23,15,8,9,31,24,55
QUIRUSILLAS,desnutricion aguda,nutricion superior (ns),2007-07-01,3,2,2,1,5,3,8
RAVELO,desnutricion aguda,nutricion superior (ns),2007-07-01,9,7,3,4,12,11,23
REYES,desnutricion aguda,nutricion superior (ns),2007-07-01,12,13,5,7,17,20,37
RIBERALTA,desnutricion aguda,nutricion superior (ns),2007-07-01,86,33,8,3,94,36,130
ROBORE,desnutricion aguda,nutricion superior (ns),2007-07-01,0,3,0,0,0,3,3
RURRENABAQUE,desnutricion aguda,nutricion superior (ns),2007-07-01,4,2,1,0,5,2,7
SABAYA,desnutricion aguda,nutricion superior (ns),2007-07-01,2,2,1,1,3,3,6
SACABA,desnutricion aguda,nutricion superior (ns),2007-07-01,54,42,6,4,60,46,106
SACACA,desnutricion aguda,nutricion superior (ns),2007-07-01,1,4,1,0,2,4,6
SAIPINA,desnutricion aguda,nutricion superior (ns),2007-07-01,49,33,14,27,63,60,123
SALINAS DE GARCI MENDOZA,desnutricion aguda,nutricion superior (ns),2007-07-01,4,5,4,0,8,5,13
SAMAIPATA,desnutricion aguda,nutricion superior (ns),2007-07-01,23,5,2,0,25,5,30
SAN AGUSTIN,desnutricion aguda,nutricion superior (ns),2007-07-01,2,3,0,1,2,4,6
SAN ANDRES,desnutricion aguda,nutricion superior (ns),2007-07-01,21,11,5,0,26,11,37
SAN ANTONIO DE ESMORUCO,desnutricion aguda,nutricion superior (ns),2007-07-01,0,1,0,0,0,1,1
SAN ANTONIO DE LOMERIO,desnutricion aguda,nutricion superior (ns),2007-07-01,5,6,0,3,5,9,14
SAN BENITO,desnutricion aguda,nutricion superior (ns),2007-07-01,2,2,0,0,2,2,4
SAN BORJA,desnutricion aguda,nutricion superior (ns),2007-07-01,69,66,14,13,83,79,162
SAN CARLOS,desnutricion aguda,nutricion superior (ns),2007-07-01,43,17,8,9,51,26,77
SAN IGNACIO,desnutricion aguda,nutricion superior (ns),2007-07-01,18,12,4,1,22,13,35
SAN IGNACIO DE VELASCO,desnutricion aguda,nutricion superior (ns),2007-07-01,107,43,10,6,117,49,166
SAN JAVIER(BNI),desnutricion aguda,nutricion superior (ns),2007-07-01,3,5,1,3,4,8,12
SAN JAVIER(STC),desnutricion aguda,nutricion superior (ns),2007-07-01,22,12,3,1,25,13,38
SAN JOAQUIN,desnutricion aguda,nutricion superior (ns),2007-07-01,20,12,2,5,22,17,39
SAN JOSE DE CHIQUITOS,desnutricion aguda,nutricion superior (ns),2007-07-01,13,16,5,4,18,20,38
SAN JUAN DE YAPACANI,desnutricion aguda,nutricion superior (ns),2007-07-01,26,27,5,3,31,30,61
SAN JULIAN,desnutricion aguda,nutricion superior (ns),2007-07-01,29,25,11,13,40,38,78
SAN LORENZO(PND),desnutricion aguda,nutricion superior (ns),2007-07-01,6,4,0,1,6,5,11
SAN LORENZO(TJA),desnutricion aguda,nutricion superior (ns),2007-07-01,11,6,7,6,18,12,30
SAN LUCAS,desnutricion aguda,nutricion superior (ns),2007-07-01,20,23,5,2,25,25,50
SAN MATIAS,desnutricion aguda,nutricion superior (ns),2007-07-01,11,9,2,2,13,11,24
SAN MIGUEL DE VELASCO,desnutricion aguda,nutricion superior (ns),2007-07-01,18,22,1,2,19,24,43
SAN PABLO DE LIPEZ,desnutricion aguda,nutricion superior (ns),2007-07-01,2,1,0,0,2,1,3
SAN PEDRO,desnutricion aguda,nutricion superior (ns),2007-07-01,52,53,9,3,61,56,117
SAN PEDRO DE BUENA VISTA,desnutricion aguda,nutricion superior (ns),2007-07-01,25,15,7,4,32,19,51
SAN PEDRO(PND),desnutricion aguda,nutricion superior (ns),2007-07-01,3,2,1,0,4,2,6
SAN RAFAEL,desnutricion aguda,nutricion superior (ns),2007-07-01,2,3,0,0,2,3,5
SAN RAMON,desnutricion aguda,nutricion superior (ns),2007-07-01,16,9,1,0,17,9,26
SANTA ANA,desnutricion aguda,nutricion superior (ns),2007-07-01,25,14,6,4,31,18,49
SANTA CRUZ DE LA SIERRA,desnutricion aguda,nutricion superior (ns),2007-07-01,927,636,282,232,1209,868,2077
SANTA ROSA,desnutricion aguda,nutricion superior (ns),2007-07-01,31,25,5,7,36,32,68
SANTA ROSA DEL SARA,desnutricion aguda,nutricion superior (ns),2007-07-01,16,14,7,6,23,20,43
SANTIAGO DE HUARI,desnutricion aguda,nutricion superior (ns),2007-07-01,5,6,4,4,9,10,19
SANTIVAÑES,desnutricion aguda,nutricion superior (ns),2007-07-01,4,0,0,1,4,1,5
SANTUARIO DE QUILLACAS,desnutricion aguda,nutricion superior (ns),2007-07-01,9,13,5,9,14,22,36
SENA,desnutricion aguda,nutricion superior (ns),2007-07-01,16,9,0,0,16,9,25
SIPE SIPE,desnutricion aguda,nutricion superior (ns),2007-07-01,31,21,4,3,35,24,59
SOPACHUY,desnutricion aguda,nutricion superior (ns),2007-07-01,5,1,0,0,5,1,6
SORACACHI,desnutricion aguda,nutricion superior (ns),2007-07-01,10,11,4,17,14,28,42
SUCRE,desnutricion aguda,nutricion superior (ns),2007-07-01,176,183,38,34,214,217,431
TACOBAMBA,desnutricion aguda,nutricion superior (ns),2007-07-01,4,2,0,2,4,4,8
TACOPAYA,desnutricion aguda,nutricion superior (ns),2007-07-01,0,1,1,0,1,1,2
TAPACARI,desnutricion aguda,nutricion superior (ns),2007-07-01,4,3,1,2,5,5,10
TARABUCO,desnutricion aguda,nutricion superior (ns),2007-07-01,12,9,2,4,14,13,27
TARATA,desnutricion aguda,nutricion superior (ns),2007-07-01,9,9,0,0,9,9,18
TARIJA,desnutricion aguda,nutricion superior (ns),2007-07-01,250,225,62,45,312,270,582
TARVITA,desnutricion aguda,nutricion superior (ns),2007-07-01,13,10,0,2,13,12,25
TINGUIPAYA,desnutricion aguda,nutricion superior (ns),2007-07-01,4,3,0,1,4,4,8
TIQUIPAYA,desnutricion aguda,nutricion superior (ns),2007-07-01,16,13,2,1,18,14,32
TIRAQUE (CBBA),desnutricion aguda,nutricion superior (ns),2007-07-01,38,50,5,4,43,54,97
TOCO,desnutricion aguda,nutricion superior (ns),2007-07-01,3,3,4,2,7,5,12
TOLATA,desnutricion aguda,nutricion superior (ns),2007-07-01,1,0,0,0,1,0,1
TOLEDO,desnutricion aguda,nutricion superior (ns),2007-07-01,1,0,2,0,3,0,3
TOMAVE,desnutricion aguda,nutricion superior (ns),2007-07-01,8,4,1,0,9,4,13
TOMINA,desnutricion aguda,nutricion superior (ns),2007-07-01,5,9,15,4,20,13,33
TORO TORO,desnutricion aguda,nutricion superior (ns),2007-07-01,12,7,17,6,29,13,42
TOTORA(CBBA),desnutricion aguda,nutricion superior (ns),2007-07-01,15,4,0,0,15,4,19
TOTORA(ORR),desnutricion aguda,nutricion superior (ns),2007-07-01,3,3,1,0,4,3,7
TRIGAL,desnutricion aguda,nutricion superior (ns),2007-07-01,5,4,2,1,7,5,12
TRINIDAD,desnutricion aguda,nutricion superior (ns),2007-07-01,159,152,54,62,213,214,427
TUPIZA,desnutricion aguda,nutricion superior (ns),2007-07-01,47,26,18,12,65,38,103
TURCO,desnutricion aguda,nutricion superior (ns),2007-07-01,6,5,4,3,10,8,18
UNCIA,desnutricion aguda,nutricion superior (ns),2007-07-01,16,7,6,3,22,10,32
URIONDO (A. CONCEPCION),desnutricion aguda,nutricion superior (ns),2007-07-01,10,8,2,7,12,15,27
UYUNI,desnutricion aguda,nutricion superior (ns),2007-07-01,27,10,1,2,28,12,40
VALLEGRANDE,desnutricion aguda,nutricion superior (ns),2007-07-01,15,5,6,3,21,8,29
VIACHA,desnutricion aguda,nutricion superior (ns),2007-07-01,34,29,5,3,39,32,71
VILA VILA,desnutricion aguda,nutricion superior (ns),2007-07-01,1,6,4,4,5,10,15
VILLA MONTES,desnutricion aguda,nutricion superior (ns),2007-07-01,53,28,3,4,56,32,88
VILLA NUEVA (LOMA ALTA),desnutricion aguda,nutricion superior (ns),2007-07-01,3,1,0,1,3,2,5
VILLA RIVERO,desnutricion aguda,nutricion superior (ns),2007-07-01,6,0,0,2,6,2,8
VILLA SERRANO,desnutricion aguda,nutricion superior (ns),2007-07-01,10,4,6,3,16,7,23
VILLA TUNARI,desnutricion aguda,nutricion superior (ns),2007-07-01,67,51,25,25,92,76,168
VILLA VACA GUZMAN (MUYUPAMPA),desnutricion aguda,nutricion superior (ns),2007-07-01,6,11,2,1,8,12,20
VILLAZON,desnutricion aguda,nutricion superior (ns),2007-07-01,31,36,9,5,40,41,81
VINTO,desnutricion aguda,nutricion superior (ns),2007-07-01,39,16,2,3,41,19,60
VITICHI,desnutricion aguda,nutricion superior (ns),2007-07-01,9,3,2,1,11,4,15
WARNES,desnutricion aguda,nutricion superior (ns),2007-07-01,79,56,17,11,96,67,163
YACUIBA,desnutricion aguda,nutricion superior (ns),2007-07-01,107,96,10,5,117,101,218
YAMPARAEZ,desnutricion aguda,nutricion superior (ns),2007-07-01,9,13,2,1,11,14,25
YAPACANI,desnutricion aguda,nutricion superior (ns),2007-07-01,58,54,20,17,78,71,149
YOCALLA,desnutricion aguda,nutricion superior (ns),2007-07-01,7,4,0,0,7,4,11
YOTALA,desnutricion aguda,nutricion superior (ns),2007-07-01,7,0,0,3,7,3,10
ZUDAÑEZ,desnutricion aguda,nutricion superior (ns),2007-07-01,7,10,1,1,8,11,19
ACACIO,desnutricion aguda,nutricion superior (ns),2007-08-01,1,1,0,0,1,1,2
AIQUILE,desnutricion aguda,nutricion superior (ns),2007-08-01,59,8,6,2,65,10,75
ALALAY,desnutricion aguda,nutricion superior (ns),2007-08-01,2,1,2,0,4,1,5
ALCALA,desnutricion aguda,nutricion superior (ns),2007-08-01,3,7,1,2,4,9,13
ANDAMARCA,desnutricion aguda,nutricion superior (ns),2007-08-01,2,4,5,11,7,15,22
ANTEQUERA,desnutricion aguda,nutricion superior (ns),2007-08-01,2,0,2,1,4,1,5
ANZALDO,desnutricion aguda,nutricion superior (ns),2007-08-01,3,2,0,0,3,2,5
ARAMPAMPA,desnutricion aguda,nutricion superior (ns),2007-08-01,4,6,0,2,4,8,12
ARANI,desnutricion aguda,nutricion superior (ns),2007-08-01,4,3,0,0,4,3,7
ARBIETO,desnutricion aguda,nutricion superior (ns),2007-08-01,5,0,0,0,5,0,5
ARQUE,desnutricion aguda,nutricion superior (ns),2007-08-01,3,1,0,0,3,1,4
ASCENCION DE GUARAYOS,desnutricion aguda,nutricion superior (ns),2007-08-01,52,28,10,8,62,36,98
ATOCHA,desnutricion aguda,nutricion superior (ns),2007-08-01,6,3,3,2,9,5,14
AYOPAYA (V. DE INDEPENDENCIA),desnutricion aguda,nutricion superior (ns),2007-08-01,11,13,1,0,12,13,25
AZURDUY,desnutricion aguda,nutricion superior (ns),2007-08-01,12,6,3,3,15,9,24
BAURES,desnutricion aguda,nutricion superior (ns),2007-08-01,16,1,6,1,22,2,24
BELEN DE ANDAMARCA,desnutricion aguda,nutricion superior (ns),2007-08-01,2,1,1,0,3,1,4
BELLA FLOR,desnutricion aguda,nutricion superior (ns),2007-08-01,7,8,3,2,10,10,20
BERMEJO,desnutricion aguda,nutricion superior (ns),2007-08-01,9,2,0,0,9,2,11
BETANZOS,desnutricion aguda,nutricion superior (ns),2007-08-01,16,25,3,10,19,35,54
BOLIVAR,desnutricion aguda,nutricion superior (ns),2007-08-01,0,0,0,1,0,1,1
BOLPEBRA,desnutricion aguda,nutricion superior (ns),2007-08-01,1,3,0,1,1,4,5
BOYUIBE,desnutricion aguda,nutricion superior (ns),2007-08-01,6,3,3,4,9,7,16
BUENA VISTA,desnutricion aguda,nutricion superior (ns),2007-08-01,33,11,10,3,43,14,57
CABEZAS,desnutricion aguda,nutricion superior (ns),2007-08-01,39,38,26,17,65,55,120
"CAIZA ""D""",desnutricion aguda,nutricion superior (ns),2007-08-01,14,9,0,1,14,10,24
CAJUATA,desnutricion aguda,nutricion superior (ns),2007-08-01,24,26,28,13,52,39,91
CAMARGO,desnutricion aguda,nutricion superior (ns),2007-08-01,24,16,1,2,25,18,43
CAMATAQUI (C. VILLA ABECIA),desnutricion aguda,nutricion superior (ns),2007-08-01,2,7,1,2,3,9,12
CAMIRI,desnutricion aguda,nutricion superior (ns),2007-08-01,117,83,63,44,180,127,307
CAPINOTA,desnutricion aguda,nutricion superior (ns),2007-08-01,7,8,9,9,16,17,33
CARACOLLO,desnutricion aguda,nutricion superior (ns),2007-08-01,10,13,1,2,11,15,26
CARANGAS,desnutricion aguda,nutricion superior (ns),2007-08-01,0,0,0,1,0,1,1
CARAPARI,desnutricion aguda,nutricion superior (ns),2007-08-01,31,33,12,11,43,44,87
CARIPUYO,desnutricion aguda,nutricion superior (ns),2007-08-01,2,3,0,0,2,3,5
CARMEN RIVERO TORREZ,desnutricion aguda,nutricion superior (ns),2007-08-01,7,16,2,1,9,17,26
CHALLAPATA,desnutricion aguda,nutricion superior (ns),2007-08-01,30,37,12,17,42,54,96
CHAQUI,desnutricion aguda,nutricion superior (ns),2007-08-01,5,6,3,0,8,6,14
CHARAGUA,desnutricion aguda,nutricion superior (ns),2007-08-01,58,39,9,13,67,52,119
CHAYANTA,desnutricion aguda,nutricion superior (ns),2007-08-01,5,5,1,1,6,6,12
CHIMORE,desnutricion aguda,nutricion superior (ns),2007-08-01,22,16,3,3,25,19,44
CHIPAYA,desnutricion aguda,nutricion superior (ns),2007-08-01,1,1,0,0,1,1,2
CHOQUE COTA,desnutricion aguda,nutricion superior (ns),2007-08-01,2,1,0,0,2,1,3
CLIZA,desnutricion aguda,nutricion superior (ns),2007-08-01,1,0,0,0,1,0,1
COBIJA,desnutricion aguda,nutricion superior (ns),2007-08-01,99,103,11,12,110,115,225
COCHABAMBA,desnutricion aguda,nutricion superior (ns),2007-08-01,332,272,76,67,408,339,747
COLCAPIRHUA,desnutricion aguda,nutricion superior (ns),2007-08-01,19,18,4,3,23,21,44
"COLCHA ""K""",desnutricion aguda,nutricion superior (ns),2007-08-01,3,7,0,1,3,8,11
COLOMI,desnutricion aguda,nutricion superior (ns),2007-08-01,22,13,3,2,25,15,40
COLPA BELGICA,desnutricion aguda,nutricion superior (ns),2007-08-01,18,11,3,6,21,17,38
COLQUECHACA,desnutricion aguda,nutricion superior (ns),2007-08-01,11,8,4,1,15,9,24
COLQUIRI,desnutricion aguda,nutricion superior (ns),2007-08-01,15,18,4,7,19,25,44
COMARAPA,desnutricion aguda,nutricion superior (ns),2007-08-01,77,82,31,22,108,104,212
CONCEPCION,desnutricion aguda,nutricion superior (ns),2007-08-01,3,2,1,2,4,4,8
CORQUE,desnutricion aguda,nutricion superior (ns),2007-08-01,1,0,2,0,3,0,3
COTAGAITA,desnutricion aguda,nutricion superior (ns),2007-08-01,14,10,2,3,16,13,29
COTOCA,desnutricion aguda,nutricion superior (ns),2007-08-01,61,62,8,11,69,73,142
CUATRO CAÑADAS,desnutricion aguda,nutricion superior (ns),2007-08-01,55,36,28,7,83,43,126
CUCHUMUELA (V. G. VILLARROEL),desnutricion aguda,nutricion superior (ns),2007-08-01,1,0,0,0,1,0,1
CUEVO,desnutricion aguda,nutricion superior (ns),2007-08-01,1,2,0,0,1,2,3
CULPINA,desnutricion aguda,nutricion superior (ns),2007-08-01,31,31,10,13,41,44,85
CURAHUARA DE CARANGAS,desnutricion aguda,nutricion superior (ns),2007-08-01,9,5,3,1,12,6,18
CURVA,desnutricion aguda,nutricion superior (ns),2007-08-01,8,4,5,3,13,7,20
EL CHORO,desnutricion aguda,nutricion superior (ns),2007-08-01,2,3,1,1,3,4,7
EL PUENTE(STC),desnutricion aguda,nutricion superior (ns),2007-08-01,28,11,4,3,32,14,46
EL PUENTE(TJA),desnutricion aguda,nutricion superior (ns),2007-08-01,7,1,1,2,8,3,11
EL TORNO,desnutricion aguda,nutricion superior (ns),2007-08-01,67,37,15,10,82,47,129
EL VILLAR,desnutricion aguda,nutricion superior (ns),2007-08-01,7,2,2,1,9,3,12
ENTRE RIOS,desnutricion aguda,nutricion superior (ns),2007-08-01,24,20,4,3,28,23,51
ENTRE RIOS,desnutricion aguda,nutricion superior (ns),2007-08-01,22,18,6,7,28,25,53
EUCALIPTUS,desnutricion aguda,nutricion superior (ns),2007-08-01,2,4,2,0,4,4,8
EUREKA (SANTOS MERCADO),desnutricion aguda,nutricion superior (ns),2007-08-01,0,1,0,0,0,1,1
EXALTACION,desnutricion aguda,nutricion superior (ns),2007-08-01,8,2,3,3,11,5,16
FERNANDEZ ALONSO,desnutricion aguda,nutricion superior (ns),2007-08-01,16,11,3,2,19,13,32
FILADELFIA,desnutricion aguda,nutricion superior (ns),2007-08-01,8,1,1,0,9,1,10
GENERAL SAAVEDRA,desnutricion aguda,nutricion superior (ns),2007-08-01,39,34,16,12,55,46,101
GUAYARAMERIN,desnutricion aguda,nutricion superior (ns),2007-08-01,113,91,13,8,126,99,225
GUTIERREZ,desnutricion aguda,nutricion superior (ns),2007-08-01,32,38,12,10,44,48,92
HUACARETA,desnutricion aguda,nutricion superior (ns),2007-08-01,24,12,4,9,28,21,49
HUACAYA (VILLA DE HUACAYA),desnutricion aguda,nutricion superior (ns),2007-08-01,2,7,1,1,3,8,11
HUANUNI,desnutricion aguda,nutricion superior (ns),2007-08-01,81,90,25,16,106,106,212
HUARACAJE,desnutricion aguda,nutricion superior (ns),2007-08-01,11,6,4,0,15,6,21
HUAYLLAMARCA,desnutricion aguda,nutricion superior (ns),2007-08-01,1,5,3,0,4,5,9
ICHOCA,desnutricion aguda,nutricion superior (ns),2007-08-01,14,24,9,11,23,35,58
ICLA,desnutricion aguda,nutricion superior (ns),2007-08-01,6,4,0,0,6,4,10
INCAHUASI,desnutricion aguda,nutricion superior (ns),2007-08-01,21,23,3,3,24,26,50
INGAVI (HUMAITA),desnutricion aguda,nutricion superior (ns),2007-08-01,4,2,0,0,4,2,6
INQUISIVI,desnutricion aguda,nutricion superior (ns),2007-08-01,17,11,12,8,29,19,48
LA GUARDIA,desnutricion aguda,nutricion superior (ns),2007-08-01,126,84,28,20,154,104,258
LAGUNILLAS,desnutricion aguda,nutricion superior (ns),2007-08-01,30,18,13,9,43,27,70
LAS CARRERAS,desnutricion aguda,nutricion superior (ns),2007-08-01,8,3,2,2,10,5,15
LICOMA PAMPA,desnutricion aguda,nutricion superior (ns),2007-08-01,9,9,6,15,15,24,39
LLALLAGUA,desnutricion aguda,nutricion superior (ns),2007-08-01,34,47,26,23,60,70,130
LLICA,desnutricion aguda,nutricion superior (ns),2007-08-01,1,3,2,0,3,3,6
LORETO,desnutricion aguda,nutricion superior (ns),2007-08-01,5,6,2,2,7,8,15
MACHARETI,desnutricion aguda,nutricion superior (ns),2007-08-01,31,32,22,16,53,48,101
MAGDALENA,desnutricion aguda,nutricion superior (ns),2007-08-01,10,8,2,1,12,9,21
MAIRANA,desnutricion aguda,nutricion superior (ns),2007-08-01,24,14,2,2,26,16,42
MECAPACA,desnutricion aguda,nutricion superior (ns),2007-08-01,4,2,3,0,7,2,9
MINEROS,desnutricion aguda,nutricion superior (ns),2007-08-01,44,27,10,1,54,28,82
MIZQUE,desnutricion aguda,nutricion superior (ns),2007-08-01,49,44,12,10,61,54,115
MOJINETE,desnutricion aguda,nutricion superior (ns),2007-08-01,1,0,0,0,1,0,1
MOJOCOYA,desnutricion aguda,nutricion superior (ns),2007-08-01,16,12,7,7,23,19,42
MONTEAGUDO,desnutricion aguda,nutricion superior (ns),2007-08-01,57,67,25,11,82,78,160
MONTERO,desnutricion aguda,nutricion superior (ns),2007-08-01,277,214,81,73,358,287,645
MORO MORO,desnutricion aguda,nutricion superior (ns),2007-08-01,8,7,3,2,11,9,20
MOROCHATA,desnutricion aguda,nutricion superior (ns),2007-08-01,8,10,3,1,11,11,22
NACEBE (SANTA ROSA DEL ABUNA),desnutricion aguda,nutricion superior (ns),2007-08-01,1,1,0,0,1,1,2
NUEVO MANOA (NUEVA ESPERANZA),desnutricion aguda,nutricion superior (ns),2007-08-01,2,0,0,0,2,0,2
OCURI,desnutricion aguda,nutricion superior (ns),2007-08-01,1,4,7,2,8,6,14
OKINAWA,desnutricion aguda,nutricion superior (ns),2007-08-01,6,5,0,2,6,7,13
OMEREQUE,desnutricion aguda,nutricion superior (ns),2007-08-01,10,15,0,5,10,20,30
ORURO,desnutricion aguda,nutricion superior (ns),2007-08-01,354,334,95,103,449,437,886
PADCAYA,desnutricion aguda,nutricion superior (ns),2007-08-01,22,12,16,14,38,26,64
PADILLA,desnutricion aguda,nutricion superior (ns),2007-08-01,8,21,7,4,15,25,40
PAILON,desnutricion aguda,nutricion superior (ns),2007-08-01,38,33,14,10,52,43,95
PALCA,desnutricion aguda,nutricion superior (ns),2007-08-01,4,4,3,1,7,5,12
PAMPA AULLAGAS,desnutricion aguda,nutricion superior (ns),2007-08-01,0,5,4,2,4,7,11
PAMPA GRANDE,desnutricion aguda,nutricion superior (ns),2007-08-01,11,8,2,0,13,8,21
PASORAPA,desnutricion aguda,nutricion superior (ns),2007-08-01,1,4,2,2,3,6,9
PAZÑA,desnutricion aguda,nutricion superior (ns),2007-08-01,1,3,0,0,1,3,4
POCOATA,desnutricion aguda,nutricion superior (ns),2007-08-01,7,5,2,0,9,5,14
POCONA,desnutricion aguda,nutricion superior (ns),2007-08-01,3,8,0,0,3,8,11
POJO (CBBA),desnutricion aguda,nutricion superior (ns),2007-08-01,19,25,4,7,23,32,55
POOPO,desnutricion aguda,nutricion superior (ns),2007-08-01,3,6,0,0,3,6,9
PORCO,desnutricion aguda,nutricion superior (ns),2007-08-01,9,8,0,0,9,8,17
POROMA,desnutricion aguda,nutricion superior (ns),2007-08-01,19,24,4,1,23,25,48
PORONGO,desnutricion aguda,nutricion superior (ns),2007-08-01,4,4,2,4,6,8,14
PORTACHUELO,desnutricion aguda,nutricion superior (ns),2007-08-01,76,66,21,24,97,90,187
PORVENIR,desnutricion aguda,nutricion superior (ns),2007-08-01,10,7,0,2,10,9,19
POSTRER VALLE,desnutricion aguda,nutricion superior (ns),2007-08-01,5,6,3,1,8,7,15
POTOSI,desnutricion aguda,nutricion superior (ns),2007-08-01,113,79,3,15,116,94,210
PRESTO,desnutricion aguda,nutricion superior (ns),2007-08-01,8,6,1,1,9,7,16
PUCARA,desnutricion aguda,nutricion superior (ns),2007-08-01,2,2,4,1,6,3,9
PUERTO GONZALO MORENO,desnutricion aguda,nutricion superior (ns),2007-08-01,3,3,0,0,3,3,6
PUERTO QUIJARRO,desnutricion aguda,nutricion superior (ns),2007-08-01,36,36,3,4,39,40,79
PUERTO RICO,desnutricion aguda,nutricion superior (ns),2007-08-01,22,14,1,3,23,17,40
PUERTO SILES,desnutricion aguda,nutricion superior (ns),2007-08-01,1,2,1,1,2,3,5
PUERTO SUAREZ,desnutricion aguda,nutricion superior (ns),2007-08-01,32,16,2,7,34,23,57
PUERTO VILLARROEL,desnutricion aguda,nutricion superior (ns),2007-08-01,72,81,13,8,85,89,174
PUNA,desnutricion aguda,nutricion superior (ns),2007-08-01,17,18,4,2,21,20,41
PUNATA,desnutricion aguda,nutricion superior (ns),2007-08-01,12,13,3,1,15,14,29
QUILLACOLLO,desnutricion aguda,nutricion superior (ns),2007-08-01,47,42,12,14,59,56,115
QUIME,desnutricion aguda,nutricion superior (ns),2007-08-01,24,21,30,19,54,40,94
QUIRUSILLAS,desnutricion aguda,nutricion superior (ns),2007-08-01,3,5,0,1,3,6,9
RAVELO,desnutricion aguda,nutricion superior (ns),2007-08-01,10,12,2,5,12,17,29
REYES,desnutricion aguda,nutricion superior (ns),2007-08-01,19,18,5,12,24,30,54
RIBERALTA,desnutricion aguda,nutricion superior (ns),2007-08-01,106,47,16,10,122,57,179
ROBORE,desnutricion aguda,nutricion superior (ns),2007-08-01,29,16,4,2,33,18,51
RURRENABAQUE,desnutricion aguda,nutricion superior (ns),2007-08-01,7,2,0,2,7,4,11
SABAYA,desnutricion aguda,nutricion superior (ns),2007-08-01,4,2,2,1,6,3,9
SACABA,desnutricion aguda,nutricion superior (ns),2007-08-01,67,49,7,13,74,62,136
SACABAMBA,desnutricion aguda,nutricion superior (ns),2007-08-01,1,0,0,0,1,0,1
SACACA,desnutricion aguda,nutricion superior (ns),2007-08-01,8,9,1,0,9,9,18
SAIPINA,desnutricion aguda,nutricion superior (ns),2007-08-01,47,34,20,28,67,62,129
SALINAS DE GARCI MENDOZA,desnutricion aguda,nutricion superior (ns),2007-08-01,11,11,6,4,17,15,32
SAMAIPATA,desnutricion aguda,nutricion superior (ns),2007-08-01,13,7,2,1,15,8,23
SAN AGUSTIN,desnutricion aguda,nutricion superior (ns),2007-08-01,1,3,1,1,2,4,6
SAN ANDRES,desnutricion aguda,nutricion superior (ns),2007-08-01,10,3,0,0,10,3,13
SAN ANTONIO DE ESMORUCO,desnutricion aguda,nutricion superior (ns),2007-08-01,0,5,0,1,0,6,6
SAN ANTONIO DE LOMERIO,desnutricion aguda,nutricion superior (ns),2007-08-01,11,12,1,3,12,15,27
SAN BENITO,desnutricion aguda,nutricion superior (ns),2007-08-01,1,1,1,0,2,1,3
SAN BORJA,desnutricion aguda,nutricion superior (ns),2007-08-01,72,57,17,26,89,83,172
SAN CARLOS,desnutricion aguda,nutricion superior (ns),2007-08-01,31,19,9,6,40,25,65
SAN IGNACIO,desnutricion aguda,nutricion superior (ns),2007-08-01,38,28,3,8,41,36,77
SAN IGNACIO DE VELASCO,desnutricion aguda,nutricion superior (ns),2007-08-01,132,79,20,13,152,92,244
SAN JAVIER(BNI),desnutricion aguda,nutricion superior (ns),2007-08-01,7,3,0,0,7,3,10
SAN JAVIER(STC),desnutricion aguda,nutricion superior (ns),2007-08-01,11,10,1,0,12,10,22
SAN JOAQUIN,desnutricion aguda,nutricion superior (ns),2007-08-01,16,21,6,6,22,27,49
SAN JOSE DE CHIQUITOS,desnutricion aguda,nutricion superior (ns),2007-08-01,21,19,8,9,29,28,57
SAN JUAN DE YAPACANI,desnutricion aguda,nutricion superior (ns),2007-08-01,32,27,8,25,40,52,92
SAN JULIAN,desnutricion aguda,nutricion superior (ns),2007-08-01,24,24,11,14,35,38,73
SAN LORENZO(PND),desnutricion aguda,nutricion superior (ns),2007-08-01,7,5,0,0,7,5,12
SAN LORENZO(TJA),desnutricion aguda,nutricion superior (ns),2007-08-01,26,9,3,5,29,14,43
SAN LUCAS,desnutricion aguda,nutricion superior (ns),2007-08-01,23,34,8,13,31,47,78
SAN MATIAS,desnutricion aguda,nutricion superior (ns),2007-08-01,32,25,9,2,41,27,68
SAN MIGUEL DE VELASCO,desnutricion aguda,nutricion superior (ns),2007-08-01,33,21,2,0,35,21,56
SAN PABLO DE LIPEZ,desnutricion aguda,nutricion superior (ns),2007-08-01,5,0,0,0,5,0,5
SAN PEDRO,desnutricion aguda,nutricion superior (ns),2007-08-01,58,66,11,5,69,71,140
SAN PEDRO DE BUENA VISTA,desnutricion aguda,nutricion superior (ns),2007-08-01,28,21,7,3,35,24,59
SAN PEDRO DE QUEMES,desnutricion aguda,nutricion superior (ns),2007-08-01,2,2,0,0,2,2,4
SAN PEDRO(PND),desnutricion aguda,nutricion superior (ns),2007-08-01,5,4,1,0,6,4,10
SAN RAFAEL,desnutricion aguda,nutricion superior (ns),2007-08-01,2,10,3,1,5,11,16
SAN RAMON,desnutricion aguda,nutricion superior (ns),2007-08-01,26,10,8,1,34,11,45
SANTA ANA,desnutricion aguda,nutricion superior (ns),2007-08-01,62,37,16,12,78,49,127
SANTA CRUZ DE LA SIERRA,desnutricion aguda,nutricion superior (ns),2007-08-01,1107,824,328,312,1435,1136,2571
SANTA ROSA,desnutricion aguda,nutricion superior (ns),2007-08-01,19,22,15,3,34,25,59
SANTA ROSA DEL SARA,desnutricion aguda,nutricion superior (ns),2007-08-01,26,16,7,10,33,26,59
SANTIAGO DE HUARI,desnutricion aguda,nutricion superior (ns),2007-08-01,4,4,3,4,7,8,15
SANTIVAÑES,desnutricion aguda,nutricion superior (ns),2007-08-01,1,1,1,1,2,2,4
SANTUARIO DE QUILLACAS,desnutricion aguda,nutricion superior (ns),2007-08-01,10,8,7,10,17,18,35
SENA,desnutricion aguda,nutricion superior (ns),2007-08-01,7,6,0,0,7,6,13
SIPE SIPE,desnutricion aguda,nutricion superior (ns),2007-08-01,56,28,11,8,67,36,103
SOPACHUY,desnutricion aguda,nutricion superior (ns),2007-08-01,3,3,1,0,4,3,7
SORACACHI,desnutricion aguda,nutricion superior (ns),2007-08-01,14,26,38,35,52,61,113
SUCRE,desnutricion aguda,nutricion superior (ns),2007-08-01,194,174,51,44,245,218,463
TACACHI,desnutricion aguda,nutricion superior (ns),2007-08-01,1,0,0,0,1,0,1
TACOBAMBA,desnutricion aguda,nutricion superior (ns),2007-08-01,4,2,1,1,5,3,8
TACOPAYA,desnutricion aguda,nutricion superior (ns),2007-08-01,1,5,1,0,2,5,7
TAHUA,desnutricion aguda,nutricion superior (ns),2007-08-01,1,0,0,0,1,0,1
TAPACARI,desnutricion aguda,nutricion superior (ns),2007-08-01,13,9,7,1,20,10,30
TARABUCO,desnutricion aguda,nutricion superior (ns),2007-08-01,12,14,4,7,16,21,37
TARATA,desnutricion aguda,nutricion superior (ns),2007-08-01,9,4,2,2,11,6,17
TARIJA,desnutricion aguda,nutricion superior (ns),2007-08-01,293,221,59,60,352,281,633
TARVITA,desnutricion aguda,nutricion superior (ns),2007-08-01,18,8,12,0,30,8,38
TINGUIPAYA,desnutricion aguda,nutricion superior (ns),2007-08-01,8,7,1,2,9,9,18
TIQUIPAYA,desnutricion aguda,nutricion superior (ns),2007-08-01,15,9,3,1,18,10,28
TIRAQUE (CBBA),desnutricion aguda,nutricion superior (ns),2007-08-01,62,49,12,14,74,63,137
TOCO,desnutricion aguda,nutricion superior (ns),2007-08-01,6,1,0,0,6,1,7
TOLATA,desnutricion aguda,nutricion superior (ns),2007-08-01,7,0,0,0,7,0,7
TOLEDO,desnutricion aguda,nutricion superior (ns),2007-08-01,2,2,0,0,2,2,4
TOMAVE,desnutricion aguda,nutricion superior (ns),2007-08-01,3,2,0,3,3,5,8
TOMINA,desnutricion aguda,nutricion superior (ns),2007-08-01,9,10,0,3,9,13,22
TORO TORO,desnutricion aguda,nutricion superior (ns),2007-08-01,20,22,11,4,31,26,57
TOTORA(CBBA),desnutricion aguda,nutricion superior (ns),2007-08-01,15,9,2,1,17,10,27
TRIGAL,desnutricion aguda,nutricion superior (ns),2007-08-01,2,3,8,3,10,6,16
TRINIDAD,desnutricion aguda,nutricion superior (ns),2007-08-01,204,143,56,47,260,190,450
TUPIZA,desnutricion aguda,nutricion superior (ns),2007-08-01,65,28,14,6,79,34,113
TURCO,desnutricion aguda,nutricion superior (ns),2007-08-01,4,10,6,3,10,13,23
UNCIA,desnutricion aguda,nutricion superior (ns),2007-08-01,15,4,0,3,15,7,22
URIONDO (A. CONCEPCION),desnutricion aguda,nutricion superior (ns),2007-08-01,28,17,2,7,30,24,54
URUBICHA,desnutricion aguda,nutricion superior (ns),2007-08-01,7,8,2,0,9,8,17
UYUNI,desnutricion aguda,nutricion superior (ns),2007-08-01,27,14,2,5,29,19,48
VALLEGRANDE,desnutricion aguda,nutricion superior (ns),2007-08-01,17,6,8,6,25,12,37
VIACHA,desnutricion aguda,nutricion superior (ns),2007-08-01,38,32,10,7,48,39,87
VILLA MONTES,desnutricion aguda,nutricion superior (ns),2007-08-01,68,46,7,8,75,54,129
VILLA NUEVA (LOMA ALTA),desnutricion aguda,nutricion superior (ns),2007-08-01,3,3,1,1,4,4,8
VILLA RIVERO,desnutricion aguda,nutricion superior (ns),2007-08-01,3,8,0,0,3,8,11
VILLA SERRANO,desnutricion aguda,nutricion superior (ns),2007-08-01,12,6,3,2,15,8,23
VILLA TUNARI,desnutricion aguda,nutricion superior (ns),2007-08-01,133,89,53,36,186,125,311
VILLA VACA GUZMAN (MUYUPAMPA),desnutricion aguda,nutricion superior (ns),2007-08-01,12,17,6,2,18,19,37
VILLAZON,desnutricion aguda,nutricion superior (ns),2007-08-01,56,49,9,3,65,52,117
VINTO,desnutricion aguda,nutricion superior (ns),2007-08-01,18,9,2,3,20,12,32
VITICHI,desnutricion aguda,nutricion superior (ns),2007-08-01,20,12,4,6,24,18,42
WARNES,desnutricion aguda,nutricion superior (ns),2007-08-01,139,86,19,12,158,98,256
YACUIBA,desnutricion aguda,nutricion superior (ns),2007-08-01,151,103,23,13,174,116,290
YAMPARAEZ,desnutricion aguda,nutricion superior (ns),2007-08-01,7,7,3,0,10,7,17
YAPACANI,desnutricion aguda,nutricion superior (ns),2007-08-01,104,87,13,14,117,101,218
YOCALLA,desnutricion aguda,nutricion superior (ns),2007-08-01,2,1,1,0,3,1,4
YOTALA,desnutricion aguda,nutricion superior (ns),2007-08-01,20,14,11,11,31,25,56
YUNCHARA,desnutricion aguda,nutricion superior (ns),2007-08-01,0,2,0,0,0,2,2
ZUDAÑEZ,desnutricion aguda,nutricion superior (ns),2007-08-01,10,16,0,0,10,16,26
ACACIO,desnutricion aguda,nutricion superior (ns),2007-09-01,3,3,0,1,3,4,7
AIQUILE,desnutricion aguda,nutricion superior (ns),2007-09-01,18,7,3,2,21,9,30
ALALAY,desnutricion aguda,nutricion superior (ns),2007-09-01,0,0,1,0,1,0,1
ALCALA,desnutricion aguda,nutricion superior (ns),2007-09-01,3,4,2,1,5,5,10
ANDAMARCA,desnutricion aguda,nutricion superior (ns),2007-09-01,1,0,3,3,4,3,7
ANTEQUERA,desnutricion aguda,nutricion superior (ns),2007-09-01,7,2,0,0,7,2,9
ANZALDO,desnutricion aguda,nutricion superior (ns),2007-09-01,1,2,0,0,1,2,3
ARAMPAMPA,desnutricion aguda,nutricion superior (ns),2007-09-01,1,3,0,2,1,5,6
ARANI,desnutricion aguda,nutricion superior (ns),2007-09-01,6,2,2,1,8,3,11
ARBIETO,desnutricion aguda,nutricion superior (ns),2007-09-01,6,8,0,0,6,8,14
ARQUE,desnutricion aguda,nutricion superior (ns),2007-09-01,5,2,0,0,5,2,7
ATOCHA,desnutricion aguda,nutricion superior (ns),2007-09-01,3,4,5,4,8,8,16
AYOPAYA (V. DE INDEPENDENCIA),desnutricion aguda,nutricion superior (ns),2007-09-01,16,13,3,5,19,18,37
AZURDUY,desnutricion aguda,nutricion superior (ns),2007-09-01,4,4,3,1,7,5,12
BAURES,desnutricion aguda,nutricion superior (ns),2007-09-01,11,5,2,2,13,7,20
BELEN DE ANDAMARCA,desnutricion aguda,nutricion superior (ns),2007-09-01,0,1,0,0,0,1,1
BELEN DE URMIRI,desnutricion aguda,nutricion superior (ns),2007-09-01,0,3,0,0,0,3,3
BELLA FLOR,desnutricion aguda,nutricion superior (ns),2007-09-01,8,4,2,1,10,5,15
BERMEJO,desnutricion aguda,nutricion superior (ns),2007-09-01,8,3,1,1,9,4,13
BETANZOS,desnutricion aguda,nutricion superior (ns),2007-09-01,20,23,4,1,24,24,48
BOLPEBRA,desnutricion aguda,nutricion superior (ns),2007-09-01,1,2,1,3,2,5,7
BOYUIBE,desnutricion aguda,nutricion superior (ns),2007-09-01,6,3,0,2,6,5,11
BUENA VISTA,desnutricion aguda,nutricion superior (ns),2007-09-01,10,11,0,2,10,13,23
CABEZAS,desnutricion aguda,nutricion superior (ns),2007-09-01,29,20,14,12,43,32,75
"CAIZA ""D""",desnutricion aguda,nutricion superior (ns),2007-09-01,15,7,1,0,16,7,23
CAJUATA,desnutricion aguda,nutricion superior (ns),2007-09-01,23,16,15,10,38,26,64
CAMARGO,desnutricion aguda,nutricion superior (ns),2007-09-01,23,14,1,3,24,17,41
CAMATAQUI (C. VILLA ABECIA),desnutricion aguda,nutricion superior (ns),2007-09-01,2,5,0,0,2,5,7
CAMIRI,desnutricion aguda,nutricion superior (ns),2007-09-01,84,84,27,16,111,100,211
CAPINOTA,desnutricion aguda,nutricion superior (ns),2007-09-01,10,4,2,1,12,5,17
CARACOLLO,desnutricion aguda,nutricion superior (ns),2007-09-01,8,8,2,1,10,9,19
CARAPARI,desnutricion aguda,nutricion superior (ns),2007-09-01,22,13,6,9,28,22,50
CARIPUYO,desnutricion aguda,nutricion superior (ns),2007-09-01,7,1,0,0,7,1,8
CARMEN RIVERO TORREZ,desnutricion aguda,nutricion superior (ns),2007-09-01,10,16,6,1,16,17,33
CHALLAPATA,desnutricion aguda,nutricion superior (ns),2007-09-01,22,18,10,6,32,24,56
CHAQUI,desnutricion aguda,nutricion superior (ns),2007-09-01,10,3,4,4,14,7,21
CHARAGUA,desnutricion aguda,nutricion superior (ns),2007-09-01,41,35,10,6,51,41,92
CHAYANTA,desnutricion aguda,nutricion superior (ns),2007-09-01,15,10,2,1,17,11,28
CHIMORE,desnutricion aguda,nutricion superior (ns),2007-09-01,8,5,0,2,8,7,15
CHIPAYA,desnutricion aguda,nutricion superior (ns),2007-09-01,0,1,0,0,0,1,1
CLIZA,desnutricion aguda,nutricion superior (ns),2007-09-01,1,0,0,0,1,0,1
COBIJA,desnutricion aguda,nutricion superior (ns),2007-09-01,100,84,11,16,111,100,211
COCHABAMBA,desnutricion aguda,nutricion superior (ns),2007-09-01,269,211,61,79,330,290,620
COIPASA,desnutricion aguda,nutricion superior (ns),2007-09-01,0,2,0,0,0,2,2
COLCAPIRHUA,desnutricion aguda,nutricion superior (ns),2007-09-01,8,6,5,4,13,10,23
"COLCHA ""K""",desnutricion aguda,nutricion superior (ns),2007-09-01,7,7,0,2,7,9,16
COLOMI,desnutricion aguda,nutricion superior (ns),2007-09-01,21,8,1,1,22,9,31
COLPA BELGICA,desnutricion aguda,nutricion superior (ns),2007-09-01,11,3,3,0,14,3,17
COLQUECHACA,desnutricion aguda,nutricion superior (ns),2007-09-01,1,0,0,0,1,0,1
COLQUIRI,desnutricion aguda,nutricion superior (ns),2007-09-01,15,8,2,4,17,12,29
COMARAPA,desnutricion aguda,nutricion superior (ns),2007-09-01,75,59,27,27,102,86,188
CONCEPCION,desnutricion aguda,nutricion superior (ns),2007-09-01,5,1,0,0,5,1,6
CORQUE,desnutricion aguda,nutricion superior (ns),2007-09-01,4,5,4,3,8,8,16
COTAGAITA,desnutricion aguda,nutricion superior (ns),2007-09-01,15,11,12,5,27,16,43
COTOCA,desnutricion aguda,nutricion superior (ns),2007-09-01,68,52,7,4,75,56,131
CUATRO CAÑADAS,desnutricion aguda,nutricion superior (ns),2007-09-01,30,25,6,4,36,29,65
CUCHUMUELA (V. G. VILLARROEL),desnutricion aguda,nutricion superior (ns),2007-09-01,0,2,0,0,0,2,2
CUEVO,desnutricion aguda,nutricion superior (ns),2007-09-01,8,4,3,2,11,6,17
CULPINA,desnutricion aguda,nutricion superior (ns),2007-09-01,13,12,4,3,17,15,32
CURAHUARA DE CARANGAS,desnutricion aguda,nutricion superior (ns),2007-09-01,1,1,0,1,1,2,3
CURVA,desnutricion aguda,nutricion superior (ns),2007-09-01,3,2,4,6,7,8,15
EL CHORO,desnutricion aguda,nutricion superior (ns),2007-09-01,5,2,0,1,5,3,8
EL PUENTE(STC),desnutricion aguda,nutricion superior (ns),2007-09-01,29,10,5,3,34,13,47
EL PUENTE(TJA),desnutricion aguda,nutricion superior (ns),2007-09-01,4,3,1,2,5,5,10
EL TORNO,desnutricion aguda,nutricion superior (ns),2007-09-01,49,29,8,1,57,30,87
EL VILLAR,desnutricion aguda,nutricion superior (ns),2007-09-01,9,2,3,2,12,4,16
ENTRE RIOS,desnutricion aguda,nutricion superior (ns),2007-09-01,25,18,4,1,29,19,48
ENTRE RIOS,desnutricion aguda,nutricion superior (ns),2007-09-01,27,35,12,6,39,41,80
EUCALIPTUS,desnutricion aguda,nutricion superior (ns),2007-09-01,3,5,1,4,4,9,13
EUREKA (SANTOS MERCADO),desnutricion aguda,nutricion superior (ns),2007-09-01,1,0,0,2,1,2,3
EXALTACION,desnutricion aguda,nutricion superior (ns),2007-09-01,2,1,1,3,3,4,7
FERNANDEZ ALONSO,desnutricion aguda,nutricion superior (ns),2007-09-01,21,20,5,3,26,23,49
FILADELFIA,desnutricion aguda,nutricion superior (ns),2007-09-01,2,0,0,0,2,0,2
GENERAL SAAVEDRA,desnutricion aguda,nutricion superior (ns),2007-09-01,28,22,12,4,40,26,66
GUAYARAMERIN,desnutricion aguda,nutricion superior (ns),2007-09-01,103,86,12,15,115,101,216
GUTIERREZ,desnutricion aguda,nutricion superior (ns),2007-09-01,28,15,9,6,37,21,58
HUACARETA,desnutricion aguda,nutricion superior (ns),2007-09-01,23,8,5,2,28,10,38
HUACAYA (VILLA DE HUACAYA),desnutricion aguda,nutricion superior (ns),2007-09-01,6,8,3,5,9,13,22
HUANUNI,desnutricion aguda,nutricion superior (ns),2007-09-01,41,51,19,6,60,57,117
HUARACAJE,desnutricion aguda,nutricion superior (ns),2007-09-01,9,5,2,1,11,6,17
HUAYLLAMARCA,desnutricion aguda,nutricion superior (ns),2007-09-01,2,1,1,1,3,2,5
ICHOCA,desnutricion aguda,nutricion superior (ns),2007-09-01,7,2,3,4,10,6,16
ICLA,desnutricion aguda,nutricion superior (ns),2007-09-01,5,5,1,1,6,6,12
INCAHUASI,desnutricion aguda,nutricion superior (ns),2007-09-01,19,25,2,2,21,27,48
INGAVI (HUMAITA),desnutricion aguda,nutricion superior (ns),2007-09-01,2,1,0,0,2,1,3
INQUISIVI,desnutricion aguda,nutricion superior (ns),2007-09-01,23,27,33,29,56,56,112
LA GUARDIA,desnutricion aguda,nutricion superior (ns),2007-09-01,83,74,18,16,101,90,191
LAGUNILLAS,desnutricion aguda,nutricion superior (ns),2007-09-01,25,20,17,20,42,40,82
LAS CARRERAS,desnutricion aguda,nutricion superior (ns),2007-09-01,7,3,3,1,10,4,14
LICOMA PAMPA,desnutricion aguda,nutricion superior (ns),2007-09-01,3,8,4,9,7,17,24
LLALLAGUA,desnutricion aguda,nutricion superior (ns),2007-09-01,16,21,20,20,36,41,77
LLICA,desnutricion aguda,nutricion superior (ns),2007-09-01,2,0,1,0,3,0,3
LORETO,desnutricion aguda,nutricion superior (ns),2007-09-01,2,3,2,0,4,3,7
MACHACAMARCA,desnutricion aguda,nutricion superior (ns),2007-09-01,2,3,1,0,3,3,6
MACHARETI,desnutricion aguda,nutricion superior (ns),2007-09-01,29,28,20,19,49,47,96
MAGDALENA,desnutricion aguda,nutricion superior (ns),2007-09-01,14,15,6,0,20,15,35
MAIRANA,desnutricion aguda,nutricion superior (ns),2007-09-01,14,12,1,3,15,15,30
MECAPACA,desnutricion aguda,nutricion superior (ns),2007-09-01,10,7,3,1,13,8,21
MINEROS,desnutricion aguda,nutricion superior (ns),2007-09-01,17,13,2,3,19,16,35
MIZQUE,desnutricion aguda,nutricion superior (ns),2007-09-01,75,21,7,1,82,22,104
MOJINETE,desnutricion aguda,nutricion superior (ns),2007-09-01,1,0,0,0,1,0,1
MOJOCOYA,desnutricion aguda,nutricion superior (ns),2007-09-01,2,2,0,0,2,2,4
MONTEAGUDO,desnutricion aguda,nutricion superior (ns),2007-09-01,59,54,16,8,75,62,137
MONTERO,desnutricion aguda,nutricion superior (ns),2007-09-01,226,152,64,56,290,208,498
MORO MORO,desnutricion aguda,nutricion superior (ns),2007-09-01,7,3,0,1,7,4,11
MOROCHATA,desnutricion aguda,nutricion superior (ns),2007-09-01,5,4,0,1,5,5,10
NACEBE (SANTA ROSA DEL ABUNA),desnutricion aguda,nutricion superior (ns),2007-09-01,1,0,0,0,1,0,1
NUEVO MANOA (NUEVA ESPERANZA),desnutricion aguda,nutricion superior (ns),2007-09-01,0,5,1,1,1,6,7
OCURI,desnutricion aguda,nutricion superior (ns),2007-09-01,8,8,0,0,8,8,16
OKINAWA,desnutricion aguda,nutricion superior (ns),2007-09-01,12,2,1,2,13,4,17
OMEREQUE,desnutricion aguda,nutricion superior (ns),2007-09-01,12,9,3,1,15,10,25
ORURO,desnutricion aguda,nutricion superior (ns),2007-09-01,258,227,57,64,315,291,606
PADCAYA,desnutricion aguda,nutricion superior (ns),2007-09-01,12,7,4,5,16,12,28
PADILLA,desnutricion aguda,nutricion superior (ns),2007-09-01,11,19,4,5,15,24,39
PAILON,desnutricion aguda,nutricion superior (ns),2007-09-01,31,14,10,8,41,22,63
PALCA,desnutricion aguda,nutricion superior (ns),2007-09-01,15,14,2,1,17,15,32
PAMPA AULLAGAS,desnutricion aguda,nutricion superior (ns),2007-09-01,4,3,3,4,7,7,14
PAMPA GRANDE,desnutricion aguda,nutricion superior (ns),2007-09-01,6,2,1,0,7,2,9
PASORAPA,desnutricion aguda,nutricion superior (ns),2007-09-01,2,2,1,3,3,5,8
PAZÑA,desnutricion aguda,nutricion superior (ns),2007-09-01,2,1,0,1,2,2,4
POCOATA,desnutricion aguda,nutricion superior (ns),2007-09-01,4,3,1,0,5,3,8
POCONA,desnutricion aguda,nutricion superior (ns),2007-09-01,8,8,1,0,9,8,17
POJO (CBBA),desnutricion aguda,nutricion superior (ns),2007-09-01,32,19,3,2,35,21,56
POOPO,desnutricion aguda,nutricion superior (ns),2007-09-01,1,1,1,0,2,1,3
PORCO,desnutricion aguda,nutricion superior (ns),2007-09-01,17,13,0,0,17,13,30
POROMA,desnutricion aguda,nutricion superior (ns),2007-09-01,23,22,2,2,25,24,49
PORONGO,desnutricion aguda,nutricion superior (ns),2007-09-01,8,8,3,0,11,8,19
PORTACHUELO,desnutricion aguda,nutricion superior (ns),2007-09-01,67,40,27,10,94,50,144
PORVENIR,desnutricion aguda,nutricion superior (ns),2007-09-01,3,2,0,1,3,3,6
POSTRER VALLE,desnutricion aguda,nutricion superior (ns),2007-09-01,4,3,1,0,5,3,8
POTOSI,desnutricion aguda,nutricion superior (ns),2007-09-01,107,80,11,16,118,96,214
PRESTO,desnutricion aguda,nutricion superior (ns),2007-09-01,5,6,1,1,6,7,13
PUCARA,desnutricion aguda,nutricion superior (ns),2007-09-01,3,2,2,0,5,2,7
PUERTO GONZALO MORENO,desnutricion aguda,nutricion superior (ns),2007-09-01,1,2,3,1,4,3,7
PUERTO QUIJARRO,desnutricion aguda,nutricion superior (ns),2007-09-01,33,42,6,6,39,48,87
PUERTO RICO,desnutricion aguda,nutricion superior (ns),2007-09-01,6,16,3,1,9,17,26
PUERTO SILES,desnutricion aguda,nutricion superior (ns),2007-09-01,17,13,4,1,21,14,35
PUERTO SUAREZ,desnutricion aguda,nutricion superior (ns),2007-09-01,23,13,0,5,23,18,41
PUERTO VILLARROEL,desnutricion aguda,nutricion superior (ns),2007-09-01,102,95,16,19,118,114,232
PUNA,desnutricion aguda,nutricion superior (ns),2007-09-01,15,9,1,1,16,10,26
PUNATA,desnutricion aguda,nutricion superior (ns),2007-09-01,12,7,1,3,13,10,23
QUILLACOLLO,desnutricion aguda,nutricion superior (ns),2007-09-01,29,27,5,8,34,35,69
QUIME,desnutricion aguda,nutricion superior (ns),2007-09-01,38,42,23,29,61,71,132
QUIRUSILLAS,desnutricion aguda,nutricion superior (ns),2007-09-01,5,3,3,0,8,3,11
RAVELO,desnutricion aguda,nutricion superior (ns),2007-09-01,7,1,9,7,16,8,24
REYES,desnutricion aguda,nutricion superior (ns),2007-09-01,12,13,2,4,14,17,31
RIBERALTA,desnutricion aguda,nutricion superior (ns),2007-09-01,81,22,6,3,87,25,112
ROBORE,desnutricion aguda,nutricion superior (ns),2007-09-01,28,15,8,4,36,19,55
RURRENABAQUE,desnutricion aguda,nutricion superior (ns),2007-09-01,13,5,1,1,14,6,20
SABAYA,desnutricion aguda,nutricion superior (ns),2007-09-01,2,0,1,0,3,0,3
SACABA,desnutricion aguda,nutricion superior (ns),2007-09-01,62,33,8,5,70,38,108
SACACA,desnutricion aguda,nutricion superior (ns),2007-09-01,7,4,0,1,7,5,12
SAIPINA,desnutricion aguda,nutricion superior (ns),2007-09-01,50,37,28,17,78,54,132
SALINAS DE GARCI MENDOZA,desnutricion aguda,nutricion superior (ns),2007-09-01,9,8,4,1,13,9,22
SAMAIPATA,desnutricion aguda,nutricion superior (ns),2007-09-01,12,9,4,1,16,10,26
SAN AGUSTIN,desnutricion aguda,nutricion superior (ns),2007-09-01,1,3,1,2,2,5,7
SAN ANDRES,desnutricion aguda,nutricion superior (ns),2007-09-01,38,8,0,1,38,9,47
SAN ANTONIO DE ESMORUCO,desnutricion aguda,nutricion superior (ns),2007-09-01,3,1,0,0,3,1,4
SAN ANTONIO DE LOMERIO,desnutricion aguda,nutricion superior (ns),2007-09-01,2,1,0,1,2,2,4
SAN BENITO,desnutricion aguda,nutricion superior (ns),2007-09-01,3,2,1,3,4,5,9
SAN BORJA,desnutricion aguda,nutricion superior (ns),2007-09-01,57,56,17,14,74,70,144
SAN CARLOS,desnutricion aguda,nutricion superior (ns),2007-09-01,5,9,1,0,6,9,15
SAN IGNACIO,desnutricion aguda,nutricion superior (ns),2007-09-01,23,12,3,1,26,13,39
SAN IGNACIO DE VELASCO,desnutricion aguda,nutricion superior (ns),2007-09-01,96,39,15,18,111,57,168
SAN JAVIER(BNI),desnutricion aguda,nutricion superior (ns),2007-09-01,2,1,1,0,3,1,4
SAN JAVIER(STC),desnutricion aguda,nutricion superior (ns),2007-09-01,3,6,0,0,3,6,9
SAN JOAQUIN,desnutricion aguda,nutricion superior (ns),2007-09-01,32,22,4,3,36,25,61
SAN JOSE DE CHIQUITOS,desnutricion aguda,nutricion superior (ns),2007-09-01,16,14,10,8,26,22,48
SAN JULIAN,desnutricion aguda,nutricion superior (ns),2007-09-01,13,11,2,1,15,12,27
SAN LORENZO(PND),desnutricion aguda,nutricion superior (ns),2007-09-01,1,0,0,0,1,0,1
SAN LORENZO(TJA),desnutricion aguda,nutricion superior (ns),2007-09-01,12,12,5,3,17,15,32
SAN LUCAS,desnutricion aguda,nutricion superior (ns),2007-09-01,26,35,17,11,43,46,89
SAN MATIAS,desnutricion aguda,nutricion superior (ns),2007-09-01,21,11,6,4,27,15,42
SAN MIGUEL DE VELASCO,desnutricion aguda,nutricion superior (ns),2007-09-01,20,18,1,2,21,20,41
SAN PEDRO,desnutricion aguda,nutricion superior (ns),2007-09-01,46,41,14,6,60,47,107
SAN PEDRO DE BUENA VISTA,desnutricion aguda,nutricion superior (ns),2007-09-01,28,29,4,2,32,31,63
SAN PEDRO DE QUEMES,desnutricion aguda,nutricion superior (ns),2007-09-01,1,1,2,0,3,1,4
SAN PEDRO(PND),desnutricion aguda,nutricion superior (ns),2007-09-01,1,3,0,0,1,3,4
SAN RAFAEL,desnutricion aguda,nutricion superior (ns),2007-09-01,8,3,0,0,8,3,11
SANTA ANA,desnutricion aguda,nutricion superior (ns),2007-09-01,24,13,4,2,28,15,43
SANTA CRUZ DE LA SIERRA,desnutricion aguda,nutricion superior (ns),2007-09-01,1010,765,274,259,1284,1024,2308
SANTA ROSA,desnutricion aguda,nutricion superior (ns),2007-09-01,44,20,6,6,50,26,76
SANTA ROSA DEL SARA,desnutricion aguda,nutricion superior (ns),2007-09-01,15,12,6,6,21,18,39
SANTIAGO DE HUARI,desnutricion aguda,nutricion superior (ns),2007-09-01,4,3,2,2,6,5,11
SANTIVAÑES,desnutricion aguda,nutricion superior (ns),2007-09-01,1,2,0,1,1,3,4
SANTUARIO DE QUILLACAS,desnutricion aguda,nutricion superior (ns),2007-09-01,0,4,2,1,2,5,7
SENA,desnutricion aguda,nutricion superior (ns),2007-09-01,7,5,3,2,10,7,17
SIPE SIPE,desnutricion aguda,nutricion superior (ns),2007-09-01,36,20,3,1,39,21,60
SOPACHUY,desnutricion aguda,nutricion superior (ns),2007-09-01,5,5,1,1,6,6,12
SORACACHI,desnutricion aguda,nutricion superior (ns),2007-09-01,5,7,7,8,12,15,27
SUCRE,desnutricion aguda,nutricion superior (ns),2007-09-01,197,175,64,52,261,227,488
TACACHI,desnutricion aguda,nutricion superior (ns),2007-09-01,1,1,0,0,1,1,2
TACOBAMBA,desnutricion aguda,nutricion superior (ns),2007-09-01,4,2,1,0,5,2,7
TACOPAYA,desnutricion aguda,nutricion superior (ns),2007-09-01,0,2,0,0,0,2,2
TAHUA,desnutricion aguda,nutricion superior (ns),2007-09-01,3,1,0,0,3,1,4
TAPACARI,desnutricion aguda,nutricion superior (ns),2007-09-01,12,3,1,0,13,3,16
TARABUCO,desnutricion aguda,nutricion superior (ns),2007-09-01,10,10,6,3,16,13,29
TARATA,desnutricion aguda,nutricion superior (ns),2007-09-01,10,5,1,0,11,5,16
TARIJA,desnutricion aguda,nutricion superior (ns),2007-09-01,288,245,94,63,382,308,690
TARVITA,desnutricion aguda,nutricion superior (ns),2007-09-01,13,9,0,1,13,10,23
TINGUIPAYA,desnutricion aguda,nutricion superior (ns),2007-09-01,2,3,0,1,2,4,6
TIQUIPAYA,desnutricion aguda,nutricion superior (ns),2007-09-01,13,11,1,1,14,12,26
TIRAQUE (CBBA),desnutricion aguda,nutricion superior (ns),2007-09-01,101,62,13,18,114,80,194
TOCO,desnutricion aguda,nutricion superior (ns),2007-09-01,4,1,0,2,4,3,7
TOLATA,desnutricion aguda,nutricion superior (ns),2007-09-01,2,1,0,0,2,1,3
TOMAVE,desnutricion aguda,nutricion superior (ns),2007-09-01,5,7,1,0,6,7,13
TOMINA,desnutricion aguda,nutricion superior (ns),2007-09-01,12,14,1,3,13,17,30
TORO TORO,desnutricion aguda,nutricion superior (ns),2007-09-01,11,23,9,11,20,34,54
TOTORA(CBBA),desnutricion aguda,nutricion superior (ns),2007-09-01,10,9,1,0,11,9,20
TOTORA(ORR),desnutricion aguda,nutricion superior (ns),2007-09-01,1,0,1,0,2,0,2
TRIGAL,desnutricion aguda,nutricion superior (ns),2007-09-01,4,4,3,3,7,7,14
TRINIDAD,desnutricion aguda,nutricion superior (ns),2007-09-01,145,125,39,55,184,180,364
TUPIZA,desnutricion aguda,nutricion superior (ns),2007-09-01,40,25,12,9,52,34,86
TURCO,desnutricion aguda,nutricion superior (ns),2007-09-01,8,5,2,3,10,8,18
UNCIA,desnutricion aguda,nutricion superior (ns),2007-09-01,9,5,1,0,10,5,15
URIONDO (A. CONCEPCION),desnutricion aguda,nutricion superior (ns),2007-09-01,23,11,2,5,25,16,41
UYUNI,desnutricion aguda,nutricion superior (ns),2007-09-01,29,12,4,3,33,15,48
VACAS,desnutricion aguda,nutricion superior (ns),2007-09-01,2,2,0,0,2,2,4
VALLEGRANDE,desnutricion aguda,nutricion superior (ns),2007-09-01,12,4,3,2,15,6,21
VIACHA,desnutricion aguda,nutricion superior (ns),2007-09-01,36,32,11,4,47,36,83
VILLA MONTES,desnutricion aguda,nutricion superior (ns),2007-09-01,108,91,11,14,119,105,224
VILLA NUEVA (LOMA ALTA),desnutricion aguda,nutricion superior (ns),2007-09-01,7,4,2,2,9,6,15
VILLA RIVERO,desnutricion aguda,nutricion superior (ns),2007-09-01,2,5,2,2,4,7,11
VILLA SERRANO,desnutricion aguda,nutricion superior (ns),2007-09-01,10,12,7,2,17,14,31
VILLA TUNARI,desnutricion aguda,nutricion superior (ns),2007-09-01,203,65,47,32,250,97,347
VILLA VACA GUZMAN (MUYUPAMPA),desnutricion aguda,nutricion superior (ns),2007-09-01,15,11,0,3,15,14,29
VILLAZON,desnutricion aguda,nutricion superior (ns),2007-09-01,33,40,3,6,36,46,82
VINTO,desnutricion aguda,nutricion superior (ns),2007-09-01,17,2,0,0,17,2,19
VITICHI,desnutricion aguda,nutricion superior (ns),2007-09-01,8,4,0,3,8,7,15
WARNES,desnutricion aguda,nutricion superior (ns),2007-09-01,110,76,19,15,129,91,220
YACUIBA,desnutricion aguda,nutricion superior (ns),2007-09-01,120,91,13,8,133,99,232
YAMPARAEZ,desnutricion aguda,nutricion superior (ns),2007-09-01,8,12,4,4,12,16,28
YAPACANI,desnutricion aguda,nutricion superior (ns),2007-09-01,53,28,4,5,57,33,90
YOCALLA,desnutricion aguda,nutricion superior (ns),2007-09-01,10,3,1,0,11,3,14
YOTALA,desnutricion aguda,nutricion superior (ns),2007-09-01,17,26,17,14,34,40,74
YUNCHARA,desnutricion aguda,nutricion superior (ns),2007-09-01,0,1,1,0,1,1,2
ZUDAÑEZ,desnutricion aguda,nutricion superior (ns),2007-09-01,8,11,11,1,19,12,31
ACACIO,desnutricion aguda,nutricion superior (ns),2007-10-01,15,7,9,5,24,12,36
ACHOCALLA,desnutricion aguda,nutricion superior (ns),2007-10-01,1,2,0,0,1,2,3
AIQUILE,desnutricion aguda,nutricion superior (ns),2007-10-01,16,13,9,2,25,15,40
ALCALA,desnutricion aguda,nutricion superior (ns),2007-10-01,3,8,2,1,5,9,14
ANDAMARCA,desnutricion aguda,nutricion superior (ns),2007-10-01,6,3,9,8,15,11,26
ANTEQUERA,desnutricion aguda,nutricion superior (ns),2007-10-01,5,2,1,0,6,2,8
ARAMPAMPA,desnutricion aguda,nutricion superior (ns),2007-10-01,3,3,0,0,3,3,6
ARANI,desnutricion aguda,nutricion superior (ns),2007-10-01,0,1,0,0,0,1,1
ARBIETO,desnutricion aguda,nutricion superior (ns),2007-10-01,2,3,0,3,2,6,8
ARQUE,desnutricion aguda,nutricion superior (ns),2007-10-01,5,4,1,1,6,5,11
ASCENCION DE GUARAYOS,desnutricion aguda,nutricion superior (ns),2007-10-01,29,23,11,3,40,26,66
ATOCHA,desnutricion aguda,nutricion superior (ns),2007-10-01,9,6,5,5,14,11,25
AYOPAYA (V. DE INDEPENDENCIA),desnutricion aguda,nutricion superior (ns),2007-10-01,26,13,4,1,30,14,44
AZURDUY,desnutricion aguda,nutricion superior (ns),2007-10-01,9,4,3,1,12,5,17
BAURES,desnutricion aguda,nutricion superior (ns),2007-10-01,10,5,2,4,12,9,21
BELEN DE ANDAMARCA,desnutricion aguda,nutricion superior (ns),2007-10-01,1,0,0,0,1,0,1
BELEN DE URMIRI,desnutricion aguda,nutricion superior (ns),2007-10-01,1,1,0,0,1,1,2
BELLA FLOR,desnutricion aguda,nutricion superior (ns),2007-10-01,4,3,0,2,4,5,9
BERMEJO,desnutricion aguda,nutricion superior (ns),2007-10-01,6,9,0,1,6,10,16
BETANZOS,desnutricion aguda,nutricion superior (ns),2007-10-01,21,15,7,4,28,19,47
BOLPEBRA,desnutricion aguda,nutricion superior (ns),2007-10-01,1,2,0,2,1,4,5
BOYUIBE,desnutricion aguda,nutricion superior (ns),2007-10-01,4,6,2,1,6,7,13
BUENA VISTA,desnutricion aguda,nutricion superior (ns),2007-10-01,9,8,2,0,11,8,19
CABEZAS,desnutricion aguda,nutricion superior (ns),2007-10-01,25,13,15,9,40,22,62
"CAIZA ""D""",desnutricion aguda,nutricion superior (ns),2007-10-01,12,3,1,1,13,4,17
CAJUATA,desnutricion aguda,nutricion superior (ns),2007-10-01,32,31,37,26,69,57,126
CAMARGO,desnutricion aguda,nutricion superior (ns),2007-10-01,28,21,5,5,33,26,59
CAMATAQUI (C. VILLA ABECIA),desnutricion aguda,nutricion superior (ns),2007-10-01,2,6,0,2,2,8,10
CAMIRI,desnutricion aguda,nutricion superior (ns),2007-10-01,95,74,41,37,136,111,247
CAPINOTA,desnutricion aguda,nutricion superior (ns),2007-10-01,12,8,3,1,15,9,24
CARACOLLO,desnutricion aguda,nutricion superior (ns),2007-10-01,15,16,1,3,16,19,35
CARAPARI,desnutricion aguda,nutricion superior (ns),2007-10-01,25,22,8,5,33,27,60
CARIPUYO,desnutricion aguda,nutricion superior (ns),2007-10-01,3,4,0,0,3,4,7
CARMEN RIVERO TORREZ,desnutricion aguda,nutricion superior (ns),2007-10-01,13,14,5,1,18,15,33
CHALLAPATA,desnutricion aguda,nutricion superior (ns),2007-10-01,18,33,7,12,25,45,70
CHAQUI,desnutricion aguda,nutricion superior (ns),2007-10-01,5,0,0,0,5,0,5
CHARAGUA,desnutricion aguda,nutricion superior (ns),2007-10-01,28,32,12,4,40,36,76
CHAYANTA,desnutricion aguda,nutricion superior (ns),2007-10-01,8,5,0,0,8,5,13
CHIMORE,desnutricion aguda,nutricion superior (ns),2007-10-01,15,8,3,1,18,9,27
CHIPAYA,desnutricion aguda,nutricion superior (ns),2007-10-01,3,5,4,0,7,5,12
CLIZA,desnutricion aguda,nutricion superior (ns),2007-10-01,0,2,1,0,1,2,3
COBIJA,desnutricion aguda,nutricion superior (ns),2007-10-01,83,81,15,6,98,87,185
COCHABAMBA,desnutricion aguda,nutricion superior (ns),2007-10-01,315,243,70,87,385,330,715
COIPASA,desnutricion aguda,nutricion superior (ns),2007-10-01,0,1,1,0,1,1,2
COLCAPIRHUA,desnutricion aguda,nutricion superior (ns),2007-10-01,16,16,0,3,16,19,35
"COLCHA ""K""",desnutricion aguda,nutricion superior (ns),2007-10-01,7,2,5,2,12,4,16
COLOMI,desnutricion aguda,nutricion superior (ns),2007-10-01,24,11,3,1,27,12,39
COLPA BELGICA,desnutricion aguda,nutricion superior (ns),2007-10-01,9,3,6,4,15,7,22
COLQUECHACA,desnutricion aguda,nutricion superior (ns),2007-10-01,8,7,3,1,11,8,19
COLQUIRI,desnutricion aguda,nutricion superior (ns),2007-10-01,3,2,2,5,5,7,12
COMARAPA,desnutricion aguda,nutricion superior (ns),2007-10-01,76,65,25,29,101,94,195
CONCEPCION,desnutricion aguda,nutricion superior (ns),2007-10-01,14,10,4,4,18,14,32
CORQUE,desnutricion aguda,nutricion superior (ns),2007-10-01,0,0,1,0,1,0,1
COTAGAITA,desnutricion aguda,nutricion superior (ns),2007-10-01,9,16,7,5,16,21,37
COTOCA,desnutricion aguda,nutricion superior (ns),2007-10-01,59,31,6,2,65,33,98
CUATRO CAÑADAS,desnutricion aguda,nutricion superior (ns),2007-10-01,32,20,8,6,40,26,66
CUCHUMUELA (V. G. VILLARROEL),desnutricion aguda,nutricion superior (ns),2007-10-01,1,0,0,0,1,0,1
CUEVO,desnutricion aguda,nutricion superior (ns),2007-10-01,3,5,2,1,5,6,11
CULPINA,desnutricion aguda,nutricion superior (ns),2007-10-01,23,22,5,5,28,27,55
CURAHUARA DE CARANGAS,desnutricion aguda,nutricion superior (ns),2007-10-01,17,5,3,2,20,7,27
EL CHORO,desnutricion aguda,nutricion superior (ns),2007-10-01,4,4,1,0,5,4,9
EL PUENTE(STC),desnutricion aguda,nutricion superior (ns),2007-10-01,3,2,0,0,3,2,5
EL PUENTE(TJA),desnutricion aguda,nutricion superior (ns),2007-10-01,4,3,1,0,5,3,8
EL TORNO,desnutricion aguda,nutricion superior (ns),2007-10-01,40,39,11,17,51,56,107
EL VILLAR,desnutricion aguda,nutricion superior (ns),2007-10-01,2,1,0,0,2,1,3
ENTRE RIOS,desnutricion aguda,nutricion superior (ns),2007-10-01,17,20,8,4,25,24,49
ENTRE RIOS,desnutricion aguda,nutricion superior (ns),2007-10-01,22,30,4,4,26,34,60
EUCALIPTUS,desnutricion aguda,nutricion superior (ns),2007-10-01,1,1,2,3,3,4,7
EXALTACION,desnutricion aguda,nutricion superior (ns),2007-10-01,20,17,3,6,23,23,46
FERNANDEZ ALONSO,desnutricion aguda,nutricion superior (ns),2007-10-01,25,12,2,3,27,15,42
FILADELFIA,desnutricion aguda,nutricion superior (ns),2007-10-01,5,1,1,0,6,1,7
GENERAL SAAVEDRA,desnutricion aguda,nutricion superior (ns),2007-10-01,18,14,5,5,23,19,42
GUAYARAMERIN,desnutricion aguda,nutricion superior (ns),2007-10-01,147,83,11,12,158,95,253
GUTIERREZ,desnutricion aguda,nutricion superior (ns),2007-10-01,24,11,7,4,31,15,46
HUACARETA,desnutricion aguda,nutricion superior (ns),2007-10-01,26,6,10,4,36,10,46
HUACAYA (VILLA DE HUACAYA),desnutricion aguda,nutricion superior (ns),2007-10-01,5,9,0,4,5,13,18
HUACHACALLA,desnutricion aguda,nutricion superior (ns),2007-10-01,1,2,1,0,2,2,4
HUANUNI,desnutricion aguda,nutricion superior (ns),2007-10-01,49,44,11,15,60,59,119
HUARACAJE,desnutricion aguda,nutricion superior (ns),2007-10-01,6,3,2,0,8,3,11
HUAYLLAMARCA,desnutricion aguda,nutricion superior (ns),2007-10-01,3,2,1,0,4,2,6
ICHOCA,desnutricion aguda,nutricion superior (ns),2007-10-01,12,12,11,17,23,29,52
ICLA,desnutricion aguda,nutricion superior (ns),2007-10-01,7,6,2,1,9,7,16
INCAHUASI,desnutricion aguda,nutricion superior (ns),2007-10-01,32,25,1,5,33,30,63
INQUISIVI,desnutricion aguda,nutricion superior (ns),2007-10-01,18,13,11,7,29,20,49
LA GUARDIA,desnutricion aguda,nutricion superior (ns),2007-10-01,96,74,28,24,124,98,222
LA RIVERA,desnutricion aguda,nutricion superior (ns),2007-10-01,1,0,1,0,2,0,2
LAGUNILLAS,desnutricion aguda,nutricion superior (ns),2007-10-01,17,12,5,6,22,18,40
LAS CARRERAS,desnutricion aguda,nutricion superior (ns),2007-10-01,4,0,1,3,5,3,8
LICOMA PAMPA,desnutricion aguda,nutricion superior (ns),2007-10-01,5,19,6,11,11,30,41
LLALLAGUA,desnutricion aguda,nutricion superior (ns),2007-10-01,34,25,18,11,52,36,88
LLICA,desnutricion aguda,nutricion superior (ns),2007-10-01,4,1,0,0,4,1,5
LORETO,desnutricion aguda,nutricion superior (ns),2007-10-01,1,0,0,0,1,0,1
MACHACAMARCA,desnutricion aguda,nutricion superior (ns),2007-10-01,4,4,3,6,7,10,17
MACHARETI,desnutricion aguda,nutricion superior (ns),2007-10-01,22,21,10,8,32,29,61
MAGDALENA,desnutricion aguda,nutricion superior (ns),2007-10-01,8,9,3,1,11,10,21
MAIRANA,desnutricion aguda,nutricion superior (ns),2007-10-01,25,8,7,6,32,14,46
MECAPACA,desnutricion aguda,nutricion superior (ns),2007-10-01,1,2,1,0,2,2,4
MINEROS,desnutricion aguda,nutricion superior (ns),2007-10-01,20,12,2,1,22,13,35
MIZQUE,desnutricion aguda,nutricion superior (ns),2007-10-01,42,29,10,12,52,41,93
MOJOCOYA,desnutricion aguda,nutricion superior (ns),2007-10-01,4,7,1,5,5,12,17
MONTEAGUDO,desnutricion aguda,nutricion superior (ns),2007-10-01,70,56,16,14,86,70,156
MONTERO,desnutricion aguda,nutricion superior (ns),2007-10-01,224,157,74,47,298,204,502
MORO MORO,desnutricion aguda,nutricion superior (ns),2007-10-01,4,5,1,0,5,5,10
MOROCHATA,desnutricion aguda,nutricion superior (ns),2007-10-01,11,15,12,7,23,22,45
NACEBE (SANTA ROSA DEL ABUNA),desnutricion aguda,nutricion superior (ns),2007-10-01,1,1,0,0,1,1,2
NUEVO MANOA (NUEVA ESPERANZA),desnutricion aguda,nutricion superior (ns),2007-10-01,1,1,0,0,1,1,2
OCURI,desnutricion aguda,nutricion superior (ns),2007-10-01,4,3,2,1,6,4,10
OKINAWA,desnutricion aguda,nutricion superior (ns),2007-10-01,13,10,4,2,17,12,29
OMEREQUE,desnutricion aguda,nutricion superior (ns),2007-10-01,9,8,5,3,14,11,25
ORURO,desnutricion aguda,nutricion superior (ns),2007-10-01,271,251,88,109,359,360,719
PADCAYA,desnutricion aguda,nutricion superior (ns),2007-10-01,13,9,9,11,22,20,42
PADILLA,desnutricion aguda,nutricion superior (ns),2007-10-01,14,12,4,0,18,12,30
PAILON,desnutricion aguda,nutricion superior (ns),2007-10-01,29,16,8,10,37,26,63
PALCA,desnutricion aguda,nutricion superior (ns),2007-10-01,12,10,1,2,13,12,25
PAMPA AULLAGAS,desnutricion aguda,nutricion superior (ns),2007-10-01,1,3,3,0,4,3,7
PAMPA GRANDE,desnutricion aguda,nutricion superior (ns),2007-10-01,12,7,1,0,13,7,20
PASORAPA,desnutricion aguda,nutricion superior (ns),2007-10-01,6,3,8,5,14,8,22
PAZÑA,desnutricion aguda,nutricion superior (ns),2007-10-01,4,6,1,2,5,8,13
POCOATA,desnutricion aguda,nutricion superior (ns),2007-10-01,4,7,3,1,7,8,15
POCONA,desnutricion aguda,nutricion superior (ns),2007-10-01,6,3,0,0,6,3,9
POJO (CBBA),desnutricion aguda,nutricion superior (ns),2007-10-01,8,11,4,2,12,13,25
POOPO,desnutricion aguda,nutricion superior (ns),2007-10-01,2,3,1,2,3,5,8
PORCO,desnutricion aguda,nutricion superior (ns),2007-10-01,8,5,0,0,8,5,13
POROMA,desnutricion aguda,nutricion superior (ns),2007-10-01,17,20,1,1,18,21,39
PORONGO,desnutricion aguda,nutricion superior (ns),2007-10-01,10,1,1,1,11,2,13
PORTACHUELO,desnutricion aguda,nutricion superior (ns),2007-10-01,68,78,42,49,110,127,237
PORVENIR,desnutricion aguda,nutricion superior (ns),2007-10-01,4,5,0,1,4,6,10
POSTRER VALLE,desnutricion aguda,nutricion superior (ns),2007-10-01,2,3,1,0,3,3,6
POTOSI,desnutricion aguda,nutricion superior (ns),2007-10-01,108,81,16,24,124,105,229
PRESTO,desnutricion aguda,nutricion superior (ns),2007-10-01,8,3,9,5,17,8,25
PUCARA,desnutricion aguda,nutricion superior (ns),2007-10-01,2,3,2,0,4,3,7
PUERTO GONZALO MORENO,desnutricion aguda,nutricion superior (ns),2007-10-01,1,3,0,1,1,4,5
PUERTO QUIJARRO,desnutricion aguda,nutricion superior (ns),2007-10-01,50,51,1,1,51,52,103
PUERTO RICO,desnutricion aguda,nutricion superior (ns),2007-10-01,10,12,2,0,12,12,24
PUERTO SILES,desnutricion aguda,nutricion superior (ns),2007-10-01,3,4,5,2,8,6,14
PUERTO SUAREZ,desnutricion aguda,nutricion superior (ns),2007-10-01,20,14,3,4,23,18,41
PUERTO VILLARROEL,desnutricion aguda,nutricion superior (ns),2007-10-01,67,39,21,8,88,47,135
PUNA,desnutricion aguda,nutricion superior (ns),2007-10-01,12,11,2,2,14,13,27
PUNATA,desnutricion aguda,nutricion superior (ns),2007-10-01,16,15,2,2,18,17,35
QUILLACOLLO,desnutricion aguda,nutricion superior (ns),2007-10-01,73,59,17,23,90,82,172
QUIME,desnutricion aguda,nutricion superior (ns),2007-10-01,15,19,14,19,29,38,67
QUIRUSILLAS,desnutricion aguda,nutricion superior (ns),2007-10-01,5,2,1,0,6,2,8
RAVELO,desnutricion aguda,nutricion superior (ns),2007-10-01,14,9,9,6,23,15,38
REYES,desnutricion aguda,nutricion superior (ns),2007-10-01,20,18,5,7,25,25,50
RIBERALTA,desnutricion aguda,nutricion superior (ns),2007-10-01,80,26,10,8,90,34,124
ROBORE,desnutricion aguda,nutricion superior (ns),2007-10-01,9,10,5,5,14,15,29
RURRENABAQUE,desnutricion aguda,nutricion superior (ns),2007-10-01,11,12,0,5,11,17,28
SABAYA,desnutricion aguda,nutricion superior (ns),2007-10-01,2,1,0,2,2,3,5
SACABA,desnutricion aguda,nutricion superior (ns),2007-10-01,45,33,7,4,52,37,89
SACABAMBA,desnutricion aguda,nutricion superior (ns),2007-10-01,0,2,0,0,0,2,2
SACACA,desnutricion aguda,nutricion superior (ns),2007-10-01,7,2,0,0,7,2,9
SAIPINA,desnutricion aguda,nutricion superior (ns),2007-10-01,54,38,18,17,72,55,127
SALINAS DE GARCI MENDOZA,desnutricion aguda,nutricion superior (ns),2007-10-01,9,7,5,2,14,9,23
SAMAIPATA,desnutricion aguda,nutricion superior (ns),2007-10-01,15,7,3,3,18,10,28
SAN AGUSTIN,desnutricion aguda,nutricion superior (ns),2007-10-01,3,4,1,1,4,5,9
SAN ANDRES,desnutricion aguda,nutricion superior (ns),2007-10-01,10,4,1,1,11,5,16
SAN ANTONIO DE ESMORUCO,desnutricion aguda,nutricion superior (ns),2007-10-01,1,2,1,1,2,3,5
SAN ANTONIO DE LOMERIO,desnutricion aguda,nutricion superior (ns),2007-10-01,4,6,0,0,4,6,10
SAN BENITO,desnutricion aguda,nutricion superior (ns),2007-10-01,1,2,0,1,1,3,4
SAN BORJA,desnutricion aguda,nutricion superior (ns),2007-10-01,59,53,35,20,94,73,167
SAN CARLOS,desnutricion aguda,nutricion superior (ns),2007-10-01,6,2,1,0,7,2,9
SAN IGNACIO,desnutricion aguda,nutricion superior (ns),2007-10-01,33,11,4,2,37,13,50
SAN IGNACIO DE VELASCO,desnutricion aguda,nutricion superior (ns),2007-10-01,110,59,9,12,119,71,190
SAN JAVIER(BNI),desnutricion aguda,nutricion superior (ns),2007-10-01,1,0,1,2,2,2,4
SAN JOAQUIN,desnutricion aguda,nutricion superior (ns),2007-10-01,3,3,0,1,3,4,7
SAN JOSE DE CHIQUITOS,desnutricion aguda,nutricion superior (ns),2007-10-01,34,43,16,14,50,57,107
SAN JUAN DE YAPACANI,desnutricion aguda,nutricion superior (ns),2007-10-01,10,3,2,3,12,6,18
SAN JULIAN,desnutricion aguda,nutricion superior (ns),2007-10-01,12,10,3,1,15,11,26
SAN LORENZO(PND),desnutricion aguda,nutricion superior (ns),2007-10-01,6,2,1,0,7,2,9
SAN LORENZO(TJA),desnutricion aguda,nutricion superior (ns),2007-10-01,12,8,3,1,15,9,24
SAN LUCAS,desnutricion aguda,nutricion superior (ns),2007-10-01,18,19,7,6,25,25,50
SAN MATIAS,desnutricion aguda,nutricion superior (ns),2007-10-01,15,22,4,0,19,22,41
SAN MIGUEL DE VELASCO,desnutricion aguda,nutricion superior (ns),2007-10-01,22,28,1,1,23,29,52
SAN PABLO DE LIPEZ,desnutricion aguda,nutricion superior (ns),2007-10-01,2,1,0,0,2,1,3
SAN PEDRO,desnutricion aguda,nutricion superior (ns),2007-10-01,44,39,11,8,55,47,102
SAN PEDRO DE BUENA VISTA,desnutricion aguda,nutricion superior (ns),2007-10-01,38,25,1,0,39,25,64
SAN PEDRO DE QUEMES,desnutricion aguda,nutricion superior (ns),2007-10-01,2,1,0,0,2,1,3
SAN PEDRO(PND),desnutricion aguda,nutricion superior (ns),2007-10-01,0,1,0,0,0,1,1
SAN RAFAEL,desnutricion aguda,nutricion superior (ns),2007-10-01,2,6,0,0,2,6,8
SAN RAMON,desnutricion aguda,nutricion superior (ns),2007-10-01,9,12,0,2,9,14,23
SAN RAMON,desnutricion aguda,nutricion superior (ns),2007-10-01,10,14,1,0,11,14,25
SANTA ANA,desnutricion aguda,nutricion superior (ns),2007-10-01,40,31,8,10,48,41,89
SANTA CRUZ DE LA SIERRA,desnutricion aguda,nutricion superior (ns),2007-10-01,1030,705,341,355,1371,1060,2431
SANTA ROSA,desnutricion aguda,nutricion superior (ns),2007-10-01,27,27,3,6,30,33,63
SANTA ROSA DEL SARA,desnutricion aguda,nutricion superior (ns),2007-10-01,23,17,5,6,28,23,51
SANTIAGO DE HUARI,desnutricion aguda,nutricion superior (ns),2007-10-01,2,3,0,2,2,5,7
SANTIVAÑES,desnutricion aguda,nutricion superior (ns),2007-10-01,0,2,0,0,0,2,2
SANTUARIO DE QUILLACAS,desnutricion aguda,nutricion superior (ns),2007-10-01,3,3,1,6,4,9,13
SENA,desnutricion aguda,nutricion superior (ns),2007-10-01,4,9,0,0,4,9,13
SICAYA,desnutricion aguda,nutricion superior (ns),2007-10-01,1,1,0,0,1,1,2
SIPE SIPE,desnutricion aguda,nutricion superior (ns),2007-10-01,30,22,6,3,36,25,61
SOPACHUY,desnutricion aguda,nutricion superior (ns),2007-10-01,6,3,1,0,7,3,10
SORACACHI,desnutricion aguda,nutricion superior (ns),2007-10-01,22,23,31,41,53,64,117
SUCRE,desnutricion aguda,nutricion superior (ns),2007-10-01,169,162,45,28,214,190,404
TACACHI,desnutricion aguda,nutricion superior (ns),2007-10-01,1,1,1,0,2,1,3
TACOBAMBA,desnutricion aguda,nutricion superior (ns),2007-10-01,1,8,2,1,3,9,12
TACOPAYA,desnutricion aguda,nutricion superior (ns),2007-10-01,4,3,2,0,6,3,9
TAHUA,desnutricion aguda,nutricion superior (ns),2007-10-01,1,2,1,2,2,4,6
TAPACARI,desnutricion aguda,nutricion superior (ns),2007-10-01,6,3,1,2,7,5,12
TARABUCO,desnutricion aguda,nutricion superior (ns),2007-10-01,10,17,10,1,20,18,38
TARATA,desnutricion aguda,nutricion superior (ns),2007-10-01,9,4,0,1,9,5,14
TARIJA,desnutricion aguda,nutricion superior (ns),2007-10-01,18306,253,64,59,18370,312,18682
TARVITA,desnutricion aguda,nutricion superior (ns),2007-10-01,17,7,0,1,17,8,25
TINGUIPAYA,desnutricion aguda,nutricion superior (ns),2007-10-01,5,4,0,1,5,5,10
TIQUIPAYA,desnutricion aguda,nutricion superior (ns),2007-10-01,10,16,4,3,14,19,33
TIRAQUE (CBBA),desnutricion aguda,nutricion superior (ns),2007-10-01,70,68,16,9,86,77,163
TOCO,desnutricion aguda,nutricion superior (ns),2007-10-01,3,2,3,2,6,4,10
TOLATA,desnutricion aguda,nutricion superior (ns),2007-10-01,1,1,0,1,1,2,3
TOLEDO,desnutricion aguda,nutricion superior (ns),2007-10-01,3,0,1,1,4,1,5
TOMAVE,desnutricion aguda,nutricion superior (ns),2007-10-01,0,4,1,0,1,4,5
TOMINA,desnutricion aguda,nutricion superior (ns),2007-10-01,14,18,0,5,14,23,37
TORO TORO,desnutricion aguda,nutricion superior (ns),2007-10-01,20,19,24,16,44,35,79
TOTORA(CBBA),desnutricion aguda,nutricion superior (ns),2007-10-01,18,14,1,2,19,16,35
TOTORA(ORR),desnutricion aguda,nutricion superior (ns),2007-10-01,1,0,0,0,1,0,1
TRIGAL,desnutricion aguda,nutricion superior (ns),2007-10-01,3,8,3,0,6,8,14
TRINIDAD,desnutricion aguda,nutricion superior (ns),2007-10-01,216,183,61,65,277,248,525
TUPIZA,desnutricion aguda,nutricion superior (ns),2007-10-01,39,23,10,9,49,32,81
TURCO,desnutricion aguda,nutricion superior (ns),2007-10-01,9,8,3,2,12,10,22
UNCIA,desnutricion aguda,nutricion superior (ns),2007-10-01,4,1,0,0,4,1,5
URIONDO (A. CONCEPCION),desnutricion aguda,nutricion superior (ns),2007-10-01,20,8,5,3,25,11,36
UYUNI,desnutricion aguda,nutricion superior (ns),2007-10-01,19,11,2,6,21,17,38
VACAS,desnutricion aguda,nutricion superior (ns),2007-10-01,2,2,3,0,5,2,7
VALLEGRANDE,desnutricion aguda,nutricion superior (ns),2007-10-01,12,8,6,2,18,10,28
VIACHA,desnutricion aguda,nutricion superior (ns),2007-10-01,36,23,5,5,41,28,69
VILLA MONTES,desnutricion aguda,nutricion superior (ns),2007-10-01,109,89,14,19,123,108,231
VILLA NUEVA (LOMA ALTA),desnutricion aguda,nutricion superior (ns),2007-10-01,4,1,0,1,4,2,6
VILLA RIVERO,desnutricion aguda,nutricion superior (ns),2007-10-01,3,3,1,2,4,5,9
VILLA SERRANO,desnutricion aguda,nutricion superior (ns),2007-10-01,5,11,8,1,13,12,25
VILLA TUNARI,desnutricion aguda,nutricion superior (ns),2007-10-01,83,66,32,35,115,101,216
VILLA VACA GUZMAN (MUYUPAMPA),desnutricion aguda,nutricion superior (ns),2007-10-01,14,11,5,3,19,14,33
VILLAZON,desnutricion aguda,nutricion superior (ns),2007-10-01,38,40,3,7,41,47,88
VINTO,desnutricion aguda,nutricion superior (ns),2007-10-01,25,7,7,4,32,11,43
VITICHI,desnutricion aguda,nutricion superior (ns),2007-10-01,8,9,3,4,11,13,24
WARNES,desnutricion aguda,nutricion superior (ns),2007-10-01,89,62,21,16,110,78,188
YACUIBA,desnutricion aguda,nutricion superior (ns),2007-10-01,126,85,24,12,150,97,247
YAMPARAEZ,desnutricion aguda,nutricion superior (ns),2007-10-01,4,4,2,2,6,6,12
YAPACANI,desnutricion aguda,nutricion superior (ns),2007-10-01,20,26,18,20,38,46,84
YOCALLA,desnutricion aguda,nutricion superior (ns),2007-10-01,7,3,0,2,7,5,12
YOTALA,desnutricion aguda,nutricion superior (ns),2007-10-01,22,20,36,16,58,36,94
YUNCHARA,desnutricion aguda,nutricion superior (ns),2007-10-01,11,14,19,19,30,33,63
ZUDAÑEZ,desnutricion aguda,nutricion superior (ns),2007-10-01,8,10,3,2,11,12,23
ACACIO,desnutricion aguda,nutricion superior (ns),2007-11-01,4,2,1,0,5,2,7
AIQUILE,desnutricion aguda,nutricion superior (ns),2007-11-01,13,15,3,0,16,15,31
ALCALA,desnutricion aguda,nutricion superior (ns),2007-11-01,8,10,0,1,8,11,19
ANDAMARCA,desnutricion aguda,nutricion superior (ns),2007-11-01,8,2,9,9,17,11,28
ANZALDO,desnutricion aguda,nutricion superior (ns),2007-11-01,1,0,0,0,1,0,1
ARAMPAMPA,desnutricion aguda,nutricion superior (ns),2007-11-01,3,2,0,0,3,2,5
ARANI,desnutricion aguda,nutricion superior (ns),2007-11-01,6,4,4,3,10,7,17
ARBIETO,desnutricion aguda,nutricion superior (ns),2007-11-01,11,9,5,0,16,9,25
ARQUE,desnutricion aguda,nutricion superior (ns),2007-11-01,2,0,0,0,2,0,2
ATOCHA,desnutricion aguda,nutricion superior (ns),2007-11-01,6,8,4,0,10,8,18
AYOPAYA (V. DE INDEPENDENCIA),desnutricion aguda,nutricion superior (ns),2007-11-01,13,11,3,0,16,11,27
AZURDUY,desnutricion aguda,nutricion superior (ns),2007-11-01,8,0,3,4,11,4,15
BAURES,desnutricion aguda,nutricion superior (ns),2007-11-01,12,4,0,2,12,6,18
BELEN DE URMIRI,desnutricion aguda,nutricion superior (ns),2007-11-01,1,0,0,0,1,0,1
BELLA FLOR,desnutricion aguda,nutricion superior (ns),2007-11-01,5,2,4,3,9,5,14
BERMEJO,desnutricion aguda,nutricion superior (ns),2007-11-01,5,4,0,2,5,6,11
BETANZOS,desnutricion aguda,nutricion superior (ns),2007-11-01,19,15,3,4,22,19,41
BOLIVAR,desnutricion aguda,nutricion superior (ns),2007-11-01,1,0,0,0,1,0,1
BOLPEBRA,desnutricion aguda,nutricion superior (ns),2007-11-01,0,1,1,2,1,3,4
BOYUIBE,desnutricion aguda,nutricion superior (ns),2007-11-01,3,1,1,1,4,2,6
BUENA VISTA,desnutricion aguda,nutricion superior (ns),2007-11-01,27,11,3,4,30,15,45
CABEZAS,desnutricion aguda,nutricion superior (ns),2007-11-01,30,28,14,12,44,40,84
"CAIZA ""D""",desnutricion aguda,nutricion superior (ns),2007-11-01,8,7,0,0,8,7,15
CAJUATA,desnutricion aguda,nutricion superior (ns),2007-11-01,32,30,41,32,73,62,135
CAMARGO,desnutricion aguda,nutricion superior (ns),2007-11-01,29,20,2,2,31,22,53
CAMATAQUI (C. VILLA ABECIA),desnutricion aguda,nutricion superior (ns),2007-11-01,4,3,0,2,4,5,9
CAMIRI,desnutricion aguda,nutricion superior (ns),2007-11-01,106,75,117,57,223,132,355
CAPINOTA,desnutricion aguda,nutricion superior (ns),2007-11-01,10,20,7,6,17,26,43
CARACOLLO,desnutricion aguda,nutricion superior (ns),2007-11-01,24,17,10,9,34,26,60
CARAPARI,desnutricion aguda,nutricion superior (ns),2007-11-01,27,14,7,5,34,19,53
CARIPUYO,desnutricion aguda,nutricion superior (ns),2007-11-01,7,2,0,0,7,2,9
CARMEN RIVERO TORREZ,desnutricion aguda,nutricion superior (ns),2007-11-01,1,6,2,1,3,7,10
CHALLAPATA,desnutricion aguda,nutricion superior (ns),2007-11-01,13,15,14,11,27,26,53
CHAQUI,desnutricion aguda,nutricion superior (ns),2007-11-01,9,5,0,1,9,6,15
CHARAGUA,desnutricion aguda,nutricion superior (ns),2007-11-01,33,22,10,10,43,32,75
CHAYANTA,desnutricion aguda,nutricion superior (ns),2007-11-01,10,12,0,0,10,12,22
CHIMORE,desnutricion aguda,nutricion superior (ns),2007-11-01,11,10,0,1,11,11,22
CLIZA,desnutricion aguda,nutricion superior (ns),2007-11-01,30,20,9,14,39,34,73
COBIJA,desnutricion aguda,nutricion superior (ns),2007-11-01,79,79,14,8,93,87,180
COCHABAMBA,desnutricion aguda,nutricion superior (ns),2007-11-01,231,189,73,78,304,267,571
COIPASA,desnutricion aguda,nutricion superior (ns),2007-11-01,0,2,0,0,0,2,2
COLCAPIRHUA,desnutricion aguda,nutricion superior (ns),2007-11-01,9,14,0,0,9,14,23
"COLCHA ""K""",desnutricion aguda,nutricion superior (ns),2007-11-01,5,2,0,2,5,4,9
COLOMI,desnutricion aguda,nutricion superior (ns),2007-11-01,16,9,2,0,18,9,27
COLPA BELGICA,desnutricion aguda,nutricion superior (ns),2007-11-01,11,1,1,0,12,1,13
COLQUECHACA,desnutricion aguda,nutricion superior (ns),2007-11-01,5,5,2,4,7,9,16
COLQUIRI,desnutricion aguda,nutricion superior (ns),2007-11-01,8,8,5,1,13,9,22
COMARAPA,desnutricion aguda,nutricion superior (ns),2007-11-01,75,58,24,15,99,73,172
CONCEPCION,desnutricion aguda,nutricion superior (ns),2007-11-01,7,3,2,0,9,3,12
CORQUE,desnutricion aguda,nutricion superior (ns),2007-11-01,1,0,0,0,1,0,1
COTAGAITA,desnutricion aguda,nutricion superior (ns),2007-11-01,8,9,11,3,19,12,31
COTOCA,desnutricion aguda,nutricion superior (ns),2007-11-01,60,45,6,6,66,51,117
CUATRO CAÑADAS,desnutricion aguda,nutricion superior (ns),2007-11-01,18,14,9,2,27,16,43
CUEVO,desnutricion aguda,nutricion superior (ns),2007-11-01,13,6,2,1,15,7,22
CULPINA,desnutricion aguda,nutricion superior (ns),2007-11-01,15,10,1,3,16,13,29
CURAHUARA DE CARANGAS,desnutricion aguda,nutricion superior (ns),2007-11-01,6,6,1,2,7,8,15
EL CHORO,desnutricion aguda,nutricion superior (ns),2007-11-01,4,3,2,1,6,4,10
EL PUENTE(STC),desnutricion aguda,nutricion superior (ns),2007-11-01,6,1,1,0,7,1,8
EL PUENTE(TJA),desnutricion aguda,nutricion superior (ns),2007-11-01,5,2,0,3,5,5,10
EL TORNO,desnutricion aguda,nutricion superior (ns),2007-11-01,65,13,5,4,70,17,87
EL VILLAR,desnutricion aguda,nutricion superior (ns),2007-11-01,6,4,0,0,6,4,10
ENTRE RIOS,desnutricion aguda,nutricion superior (ns),2007-11-01,26,29,4,2,30,31,61
ENTRE RIOS,desnutricion aguda,nutricion superior (ns),2007-11-01,28,22,8,5,36,27,63
ESCARA,desnutricion aguda,nutricion superior (ns),2007-11-01,1,0,0,0,1,0,1
EUCALIPTUS,desnutricion aguda,nutricion superior (ns),2007-11-01,0,0,1,1,1,1,2
EUREKA (SANTOS MERCADO),desnutricion aguda,nutricion superior (ns),2007-11-01,1,3,0,1,1,4,5
EXALTACION,desnutricion aguda,nutricion superior (ns),2007-11-01,4,2,1,2,5,4,9
FERNANDEZ ALONSO,desnutricion aguda,nutricion superior (ns),2007-11-01,13,7,3,0,16,7,23
FILADELFIA,desnutricion aguda,nutricion superior (ns),2007-11-01,4,1,0,0,4,1,5
GENERAL SAAVEDRA,desnutricion aguda,nutricion superior (ns),2007-11-01,39,32,14,11,53,43,96
GUAYARAMERIN,desnutricion aguda,nutricion superior (ns),2007-11-01,91,74,9,10,100,84,184
GUTIERREZ,desnutricion aguda,nutricion superior (ns),2007-11-01,30,19,10,5,40,24,64
HUACARETA,desnutricion aguda,nutricion superior (ns),2007-11-01,20,10,4,5,24,15,39
HUACAYA (VILLA DE HUACAYA),desnutricion aguda,nutricion superior (ns),2007-11-01,3,5,0,1,3,6,9
HUANUNI,desnutricion aguda,nutricion superior (ns),2007-11-01,55,63,28,20,83,83,166
HUARACAJE,desnutricion aguda,nutricion superior (ns),2007-11-01,8,2,4,2,12,4,16
HUAYLLAMARCA,desnutricion aguda,nutricion superior (ns),2007-11-01,2,1,2,1,4,2,6
ICHOCA,desnutricion aguda,nutricion superior (ns),2007-11-01,19,26,30,26,49,52,101
ICLA,desnutricion aguda,nutricion superior (ns),2007-11-01,5,5,0,1,5,6,11
INCAHUASI,desnutricion aguda,nutricion superior (ns),2007-11-01,17,24,1,2,18,26,44
INQUISIVI,desnutricion aguda,nutricion superior (ns),2007-11-01,12,10,9,10,21,20,41
LA GUARDIA,desnutricion aguda,nutricion superior (ns),2007-11-01,75,47,16,14,91,61,152
LAGUNILLAS,desnutricion aguda,nutricion superior (ns),2007-11-01,14,15,4,4,18,19,37
LAS CARRERAS,desnutricion aguda,nutricion superior (ns),2007-11-01,7,0,1,0,8,0,8
LICOMA PAMPA,desnutricion aguda,nutricion superior (ns),2007-11-01,9,12,10,10,19,22,41
LLALLAGUA,desnutricion aguda,nutricion superior (ns),2007-11-01,43,28,18,17,61,45,106
LLICA,desnutricion aguda,nutricion superior (ns),2007-11-01,4,0,0,0,4,0,4
LORETO,desnutricion aguda,nutricion superior (ns),2007-11-01,2,2,1,2,3,4,7
MACHACAMARCA,desnutricion aguda,nutricion superior (ns),2007-11-01,13,8,3,3,16,11,27
MACHARETI,desnutricion aguda,nutricion superior (ns),2007-11-01,19,24,12,4,31,28,59
MAGDALENA,desnutricion aguda,nutricion superior (ns),2007-11-01,7,8,0,1,7,9,16
MAIRANA,desnutricion aguda,nutricion superior (ns),2007-11-01,16,7,0,0,16,7,23
MECAPACA,desnutricion aguda,nutricion superior (ns),2007-11-01,8,5,1,1,9,6,15
MINEROS,desnutricion aguda,nutricion superior (ns),2007-11-01,11,8,2,0,13,8,21
MIZQUE,desnutricion aguda,nutricion superior (ns),2007-11-01,37,19,3,5,40,24,64
MOJOCOYA,desnutricion aguda,nutricion superior (ns),2007-11-01,9,10,1,8,10,18,28
MONTEAGUDO,desnutricion aguda,nutricion superior (ns),2007-11-01,46,57,12,11,58,68,126
MONTERO,desnutricion aguda,nutricion superior (ns),2007-11-01,196,151,55,47,251,198,449
MORO MORO,desnutricion aguda,nutricion superior (ns),2007-11-01,4,3,0,0,4,3,7
MOROCHATA,desnutricion aguda,nutricion superior (ns),2007-11-01,16,6,0,1,16,7,23
NACEBE (SANTA ROSA DEL ABUNA),desnutricion aguda,nutricion superior (ns),2007-11-01,1,1,1,0,2,1,3
NUEVO MANOA (NUEVA ESPERANZA),desnutricion aguda,nutricion superior (ns),2007-11-01,1,0,0,0,1,0,1
OCURI,desnutricion aguda,nutricion superior (ns),2007-11-01,5,9,2,0,7,9,16
OKINAWA,desnutricion aguda,nutricion superior (ns),2007-11-01,9,12,1,1,10,13,23
OMEREQUE,desnutricion aguda,nutricion superior (ns),2007-11-01,8,7,2,0,10,7,17
ORURO,desnutricion aguda,nutricion superior (ns),2007-11-01,177,196,72,57,249,253,502
PADCAYA,desnutricion aguda,nutricion superior (ns),2007-11-01,13,12,8,8,21,20,41
PADILLA,desnutricion aguda,nutricion superior (ns),2007-11-01,5,9,3,2,8,11,19
PAILON,desnutricion aguda,nutricion superior (ns),2007-11-01,24,9,3,5,27,14,41
PALCA,desnutricion aguda,nutricion superior (ns),2007-11-01,5,10,1,1,6,11,17
PAMPA AULLAGAS,desnutricion aguda,nutricion superior (ns),2007-11-01,1,3,0,0,1,3,4
PAMPA GRANDE,desnutricion aguda,nutricion superior (ns),2007-11-01,6,4,1,1,7,5,12
PASORAPA,desnutricion aguda,nutricion superior (ns),2007-11-01,1,3,1,0,2,3,5
PAZÑA,desnutricion aguda,nutricion superior (ns),2007-11-01,1,2,0,0,1,2,3
POCOATA,desnutricion aguda,nutricion superior (ns),2007-11-01,11,8,2,0,13,8,21
POCONA,desnutricion aguda,nutricion superior (ns),2007-11-01,5,2,1,0,6,2,8
POJO (CBBA),desnutricion aguda,nutricion superior (ns),2007-11-01,14,23,1,4,15,27,42
POOPO,desnutricion aguda,nutricion superior (ns),2007-11-01,1,3,2,0,3,3,6
PORCO,desnutricion aguda,nutricion superior (ns),2007-11-01,14,6,1,0,15,6,21
POROMA,desnutricion aguda,nutricion superior (ns),2007-11-01,13,13,1,0,14,13,27
PORONGO,desnutricion aguda,nutricion superior (ns),2007-11-01,8,7,1,0,9,7,16
PORTACHUELO,desnutricion aguda,nutricion superior (ns),2007-11-01,44,36,33,26,77,62,139
PORVENIR,desnutricion aguda,nutricion superior (ns),2007-11-01,6,2,0,1,6,3,9
POSTRER VALLE,desnutricion aguda,nutricion superior (ns),2007-11-01,3,1,1,0,4,1,5
POTOSI,desnutricion aguda,nutricion superior (ns),2007-11-01,96,55,6,5,102,60,162
PRESTO,desnutricion aguda,nutricion superior (ns),2007-11-01,8,6,1,0,9,6,15
PUCARA,desnutricion aguda,nutricion superior (ns),2007-11-01,1,1,0,0,1,1,2
PUERTO GONZALO MORENO,desnutricion aguda,nutricion superior (ns),2007-11-01,3,3,1,0,4,3,7
PUERTO QUIJARRO,desnutricion aguda,nutricion superior (ns),2007-11-01,36,42,1,4,37,46,83
PUERTO RICO,desnutricion aguda,nutricion superior (ns),2007-11-01,6,9,3,2,9,11,20
PUERTO SILES,desnutricion aguda,nutricion superior (ns),2007-11-01,3,4,3,0,6,4,10
PUERTO SUAREZ,desnutricion aguda,nutricion superior (ns),2007-11-01,19,13,0,1,19,14,33
PUERTO VILLARROEL,desnutricion aguda,nutricion superior (ns),2007-11-01,82,95,17,16,99,111,210
PUNA,desnutricion aguda,nutricion superior (ns),2007-11-01,9,11,1,1,10,12,22
PUNATA,desnutricion aguda,nutricion superior (ns),2007-11-01,24,5,2,1,26,6,32
QUILLACOLLO,desnutricion aguda,nutricion superior (ns),2007-11-01,44,35,26,17,70,52,122
QUIME,desnutricion aguda,nutricion superior (ns),2007-11-01,15,13,17,16,32,29,61
QUIRUSILLAS,desnutricion aguda,nutricion superior (ns),2007-11-01,4,2,4,1,8,3,11
RAVELO,desnutricion aguda,nutricion superior (ns),2007-11-01,10,8,13,10,23,18,41
REYES,desnutricion aguda,nutricion superior (ns),2007-11-01,19,20,4,2,23,22,45
RIBERALTA,desnutricion aguda,nutricion superior (ns),2007-11-01,95,38,10,3,105,41,146
ROBORE,desnutricion aguda,nutricion superior (ns),2007-11-01,24,13,4,1,28,14,42
RURRENABAQUE,desnutricion aguda,nutricion superior (ns),2007-11-01,18,14,0,6,18,20,38
SABAYA,desnutricion aguda,nutricion superior (ns),2007-11-01,4,3,1,2,5,5,10
SACABA,desnutricion aguda,nutricion superior (ns),2007-11-01,40,32,5,2,45,34,79
SACABAMBA,desnutricion aguda,nutricion superior (ns),2007-11-01,1,2,1,0,2,2,4
SACACA,desnutricion aguda,nutricion superior (ns),2007-11-01,8,8,10,16,18,24,42
SAIPINA,desnutricion aguda,nutricion superior (ns),2007-11-01,38,31,13,12,51,43,94
SALINAS DE GARCI MENDOZA,desnutricion aguda,nutricion superior (ns),2007-11-01,7,8,4,3,11,11,22
SAMAIPATA,desnutricion aguda,nutricion superior (ns),2007-11-01,14,5,1,1,15,6,21
SAN AGUSTIN,desnutricion aguda,nutricion superior (ns),2007-11-01,1,2,1,1,2,3,5
SAN ANDRES,desnutricion aguda,nutricion superior (ns),2007-11-01,10,8,2,4,12,12,24
SAN ANTONIO DE ESMORUCO,desnutricion aguda,nutricion superior (ns),2007-11-01,3,2,0,1,3,3,6
SAN ANTONIO DE LOMERIO,desnutricion aguda,nutricion superior (ns),2007-11-01,1,0,0,0,1,0,1
SAN BENITO,desnutricion aguda,nutricion superior (ns),2007-11-01,6,4,0,0,6,4,10
SAN BORJA,desnutricion aguda,nutricion superior (ns),2007-11-01,44,44,8,9,52,53,105
SAN CARLOS,desnutricion aguda,nutricion superior (ns),2007-11-01,23,8,0,9,23,17,40
SAN IGNACIO,desnutricion aguda,nutricion superior (ns),2007-11-01,32,21,5,4,37,25,62
SAN IGNACIO DE VELASCO,desnutricion aguda,nutricion superior (ns),2007-11-01,121,59,34,32,155,91,246
SAN JAVIER(BNI),desnutricion aguda,nutricion superior (ns),2007-11-01,2,0,2,1,4,1,5
SAN JAVIER(STC),desnutricion aguda,nutricion superior (ns),2007-11-01,9,8,2,3,11,11,22
SAN JOAQUIN,desnutricion aguda,nutricion superior (ns),2007-11-01,25,20,9,5,34,25,59
SAN JOSE DE CHIQUITOS,desnutricion aguda,nutricion superior (ns),2007-11-01,10,11,2,9,12,20,32
SAN JUAN DE YAPACANI,desnutricion aguda,nutricion superior (ns),2007-11-01,18,19,2,2,20,21,41
SAN JULIAN,desnutricion aguda,nutricion superior (ns),2007-11-01,15,11,9,9,24,20,44
SAN LORENZO(PND),desnutricion aguda,nutricion superior (ns),2007-11-01,4,4,0,0,4,4,8
SAN LORENZO(TJA),desnutricion aguda,nutricion superior (ns),2007-11-01,10,2,1,2,11,4,15
SAN LUCAS,desnutricion aguda,nutricion superior (ns),2007-11-01,44,24,18,6,62,30,92
SAN MATIAS,desnutricion aguda,nutricion superior (ns),2007-11-01,14,10,10,3,24,13,37
SAN MIGUEL DE VELASCO,desnutricion aguda,nutricion superior (ns),2007-11-01,15,17,1,0,16,17,33
SAN PABLO DE LIPEZ,desnutricion aguda,nutricion superior (ns),2007-11-01,1,0,0,0,1,0,1
SAN PEDRO,desnutricion aguda,nutricion superior (ns),2007-11-01,39,43,8,4,47,47,94
SAN PEDRO DE BUENA VISTA,desnutricion aguda,nutricion superior (ns),2007-11-01,22,7,0,1,22,8,30
SAN PEDRO DE QUEMES,desnutricion aguda,nutricion superior (ns),2007-11-01,1,2,0,0,1,2,3
SAN PEDRO(PND),desnutricion aguda,nutricion superior (ns),2007-11-01,0,1,0,1,0,2,2
SAN RAFAEL,desnutricion aguda,nutricion superior (ns),2007-11-01,2,7,2,3,4,10,14
SAN RAMON,desnutricion aguda,nutricion superior (ns),2007-11-01,14,6,3,0,17,6,23
SAN RAMON,desnutricion aguda,nutricion superior (ns),2007-11-01,16,9,2,1,18,10,28
SANTA ANA,desnutricion aguda,nutricion superior (ns),2007-11-01,37,35,18,12,55,47,102
SANTA CRUZ DE LA SIERRA,desnutricion aguda,nutricion superior (ns),2007-11-01,592,377,162,159,754,536,1290
SANTA ROSA,desnutricion aguda,nutricion superior (ns),2007-11-01,34,20,4,2,38,22,60
SANTA ROSA DEL SARA,desnutricion aguda,nutricion superior (ns),2007-11-01,17,11,5,6,22,17,39
SANTIAGO DE HUARI,desnutricion aguda,nutricion superior (ns),2007-11-01,1,2,1,1,2,3,5
SANTUARIO DE QUILLACAS,desnutricion aguda,nutricion superior (ns),2007-11-01,0,0,1,1,1,1,2
SIPE SIPE,desnutricion aguda,nutricion superior (ns),2007-11-01,31,16,4,4,35,20,55
SOPACHUY,desnutricion aguda,nutricion superior (ns),2007-11-01,5,1,0,0,5,1,6
SORACACHI,desnutricion aguda,nutricion superior (ns),2007-11-01,8,6,7,4,15,10,25
SUCRE,desnutricion aguda,nutricion superior (ns),2007-11-01,167,176,46,37,213,213,426
TACACHI,desnutricion aguda,nutricion superior (ns),2007-11-01,1,0,0,0,1,0,1
TACOBAMBA,desnutricion aguda,nutricion superior (ns),2007-11-01,3,2,0,0,3,2,5
TACOPAYA,desnutricion aguda,nutricion superior (ns),2007-11-01,5,5,10,7,15,12,27
TAHUA,desnutricion aguda,nutricion superior (ns),2007-11-01,1,1,0,0,1,1,2
TAPACARI,desnutricion aguda,nutricion superior (ns),2007-11-01,5,2,0,0,5,2,7
TARABUCO,desnutricion aguda,nutricion superior (ns),2007-11-01,5,11,6,2,11,13,24
TARATA,desnutricion aguda,nutricion superior (ns),2007-11-01,10,7,1,1,11,8,19
TARIJA,desnutricion aguda,nutricion superior (ns),2007-11-01,236,207,70,66,306,273,579
TARVITA,desnutricion aguda,nutricion superior (ns),2007-11-01,12,11,5,1,17,12,29
TINGUIPAYA,desnutricion aguda,nutricion superior (ns),2007-11-01,1,0,0,0,1,0,1
TIQUIPAYA,desnutricion aguda,nutricion superior (ns),2007-11-01,5,9,0,3,5,12,17
TIRAQUE (CBBA),desnutricion aguda,nutricion superior (ns),2007-11-01,69,64,16,14,85,78,163
TOCO,desnutricion aguda,nutricion superior (ns),2007-11-01,1,4,3,0,4,4,8
TODOS SANTOS,desnutricion aguda,nutricion superior (ns),2007-11-01,2,0,0,0,2,0,2
TOLATA,desnutricion aguda,nutricion superior (ns),2007-11-01,1,0,0,0,1,0,1
TOLEDO,desnutricion aguda,nutricion superior (ns),2007-11-01,1,1,1,0,2,1,3
TOMAVE,desnutricion aguda,nutricion superior (ns),2007-11-01,1,3,0,1,1,4,5
TOMINA,desnutricion aguda,nutricion superior (ns),2007-11-01,13,13,0,2,13,15,28
TORO TORO,desnutricion aguda,nutricion superior (ns),2007-11-01,10,14,4,5,14,19,33
TOTORA(CBBA),desnutricion aguda,nutricion superior (ns),2007-11-01,10,5,1,0,11,5,16
TOTORA(ORR),desnutricion aguda,nutricion superior (ns),2007-11-01,0,1,0,0,0,1,1
TRIGAL,desnutricion aguda,nutricion superior (ns),2007-11-01,5,4,2,1,7,5,12
TRINIDAD,desnutricion aguda,nutricion superior (ns),2007-11-01,131,98,24,43,155,141,296
TUPIZA,desnutricion aguda,nutricion superior (ns),2007-11-01,60,21,8,8,68,29,97
TURCO,desnutricion aguda,nutricion superior (ns),2007-11-01,8,6,2,4,10,10,20
UNCIA,desnutricion aguda,nutricion superior (ns),2007-11-01,21,16,8,11,29,27,56
URIONDO (A. CONCEPCION),desnutricion aguda,nutricion superior (ns),2007-11-01,9,13,3,4,12,17,29
UYUNI,desnutricion aguda,nutricion superior (ns),2007-11-01,32,18,3,5,35,23,58
VACAS,desnutricion aguda,nutricion superior (ns),2007-11-01,1,1,0,0,1,1,2
VALLEGRANDE,desnutricion aguda,nutricion superior (ns),2007-11-01,6,2,4,11,10,13,23
VIACHA,desnutricion aguda,nutricion superior (ns),2007-11-01,32,26,4,1,36,27,63
VILLA MONTES,desnutricion aguda,nutricion superior (ns),2007-11-01,125,117,38,32,163,149,312
VILLA NUEVA (LOMA ALTA),desnutricion aguda,nutricion superior (ns),2007-11-01,4,1,3,0,7,1,8
VILLA RIVERO,desnutricion aguda,nutricion superior (ns),2007-11-01,2,4,2,0,4,4,8
VILLA SERRANO,desnutricion aguda,nutricion superior (ns),2007-11-01,6,13,2,0,8,13,21
VILLA TUNARI,desnutricion aguda,nutricion superior (ns),2007-11-01,67,45,14,6,81,51,132
VILLA VACA GUZMAN (MUYUPAMPA),desnutricion aguda,nutricion superior (ns),2007-11-01,11,12,5,4,16,16,32
VILLAZON,desnutricion aguda,nutricion superior (ns),2007-11-01,28,47,1,2,29,49,78
VINTO,desnutricion aguda,nutricion superior (ns),2007-11-01,4,1,0,1,4,2,6
VITICHI,desnutricion aguda,nutricion superior (ns),2007-11-01,3,3,1,2,4,5,9
WARNES,desnutricion aguda,nutricion superior (ns),2007-11-01,85,73,17,11,102,84,186
YACUIBA,desnutricion aguda,nutricion superior (ns),2007-11-01,110,86,26,25,136,111,247
YAMPARAEZ,desnutricion aguda,nutricion superior (ns),2007-11-01,8,6,3,1,11,7,18
YOCALLA,desnutricion aguda,nutricion superior (ns),2007-11-01,10,0,0,0,10,0,10
YOTALA,desnutricion aguda,nutricion superior (ns),2007-11-01,29,25,24,16,53,41,94
YUNCHARA,desnutricion aguda,nutricion superior (ns),2007-11-01,11,1,0,0,11,1,12
ZUDAÑEZ,desnutricion aguda,nutricion superior (ns),2007-11-01,2,7,0,0,2,7,9
ACACIO,desnutricion aguda,nutricion superior (ns),2007-12-01,11,3,1,1,12,4,16
AIQUILE,desnutricion aguda,nutricion superior (ns),2007-12-01,11,7,3,3,14,10,24
ALALAY,desnutricion aguda,nutricion superior (ns),2007-12-01,3,1,1,0,4,1,5
ALCALA,desnutricion aguda,nutricion superior (ns),2007-12-01,5,6,0,0,5,6,11
ANDAMARCA,desnutricion aguda,nutricion superior (ns),2007-12-01,3,3,2,1,5,4,9
ANZALDO,desnutricion aguda,nutricion superior (ns),2007-12-01,0,0,1,0,1,0,1
ARAMPAMPA,desnutricion aguda,nutricion superior (ns),2007-12-01,1,0,0,1,1,1,2
ARANI,desnutricion aguda,nutricion superior (ns),2007-12-01,2,0,0,0,2,0,2
ARBIETO,desnutricion aguda,nutricion superior (ns),2007-12-01,10,7,1,1,11,8,19
ARQUE,desnutricion aguda,nutricion superior (ns),2007-12-01,1,0,0,0,1,0,1
ASCENCION DE GUARAYOS,desnutricion aguda,nutricion superior (ns),2007-12-01,39,19,5,4,44,23,67
ATOCHA,desnutricion aguda,nutricion superior (ns),2007-12-01,8,12,3,0,11,12,23
AYOPAYA (V. DE INDEPENDENCIA),desnutricion aguda,nutricion superior (ns),2007-12-01,9,4,0,0,9,4,13
AZURDUY,desnutricion aguda,nutricion superior (ns),2007-12-01,1,2,1,0,2,2,4
BAURES,desnutricion aguda,nutricion superior (ns),2007-12-01,2,2,1,2,3,4,7
BELEN DE URMIRI,desnutricion aguda,nutricion superior (ns),2007-12-01,1,0,0,0,1,0,1
BELLA FLOR,desnutricion aguda,nutricion superior (ns),2007-12-01,7,3,1,0,8,3,11
BERMEJO,desnutricion aguda,nutricion superior (ns),2007-12-01,5,6,0,0,5,6,11
BETANZOS,desnutricion aguda,nutricion superior (ns),2007-12-01,27,17,7,4,34,21,55
BOLPEBRA,desnutricion aguda,nutricion superior (ns),2007-12-01,2,4,0,4,2,8,10
BOYUIBE,desnutricion aguda,nutricion superior (ns),2007-12-01,1,0,0,0,1,0,1
BUENA VISTA,desnutricion aguda,nutricion superior (ns),2007-12-01,15,9,2,6,17,15,32
CABEZAS,desnutricion aguda,nutricion superior (ns),2007-12-01,30,18,11,8,41,26,67
"CAIZA ""D""",desnutricion aguda,nutricion superior (ns),2007-12-01,11,5,2,1,13,6,19
CAJUATA,desnutricion aguda,nutricion superior (ns),2007-12-01,16,17,23,18,39,35,74
CAMARGO,desnutricion aguda,nutricion superior (ns),2007-12-01,23,16,2,2,25,18,43
CAMATAQUI (C. VILLA ABECIA),desnutricion aguda,nutricion superior (ns),2007-12-01,6,4,0,2,6,6,12
CAMIRI,desnutricion aguda,nutricion superior (ns),2007-12-01,74,72,34,27,108,99,207
CARACOLLO,desnutricion aguda,nutricion superior (ns),2007-12-01,11,18,7,3,18,21,39
CARAPARI,desnutricion aguda,nutricion superior (ns),2007-12-01,17,23,5,7,22,30,52
CARIPUYO,desnutricion aguda,nutricion superior (ns),2007-12-01,3,5,1,0,4,5,9
CARMEN RIVERO TORREZ,desnutricion aguda,nutricion superior (ns),2007-12-01,4,9,1,0,5,9,14
CHALLAPATA,desnutricion aguda,nutricion superior (ns),2007-12-01,14,17,13,13,27,30,57
CHAQUI,desnutricion aguda,nutricion superior (ns),2007-12-01,5,8,6,13,11,21,32
CHARAGUA,desnutricion aguda,nutricion superior (ns),2007-12-01,42,42,23,13,65,55,120
CHAYANTA,desnutricion aguda,nutricion superior (ns),2007-12-01,8,8,2,0,10,8,18
CHIMORE,desnutricion aguda,nutricion superior (ns),2007-12-01,10,7,0,2,10,9,19
CHIPAYA,desnutricion aguda,nutricion superior (ns),2007-12-01,0,0,0,1,0,1,1
CLIZA,desnutricion aguda,nutricion superior (ns),2007-12-01,36,17,3,9,39,26,65
COBIJA,desnutricion aguda,nutricion superior (ns),2007-12-01,58,78,11,15,69,93,162
COCHABAMBA,desnutricion aguda,nutricion superior (ns),2007-12-01,272,244,103,53,375,297,672
COLCAPIRHUA,desnutricion aguda,nutricion superior (ns),2007-12-01,4,9,1,3,5,12,17
"COLCHA ""K""",desnutricion aguda,nutricion superior (ns),2007-12-01,3,1,0,2,3,3,6
COLOMI,desnutricion aguda,nutricion superior (ns),2007-12-01,10,6,0,1,10,7,17
COLPA BELGICA,desnutricion aguda,nutricion superior (ns),2007-12-01,6,2,4,2,10,4,14
COLQUECHACA,desnutricion aguda,nutricion superior (ns),2007-12-01,6,7,0,1,6,8,14
COLQUIRI,desnutricion aguda,nutricion superior (ns),2007-12-01,8,7,7,9,15,16,31
COMARAPA,desnutricion aguda,nutricion superior (ns),2007-12-01,77,60,16,26,93,86,179
CONCEPCION,desnutricion aguda,nutricion superior (ns),2007-12-01,2,4,1,3,3,7,10
CORQUE,desnutricion aguda,nutricion superior (ns),2007-12-01,1,1,3,3,4,4,8
COTAGAITA,desnutricion aguda,nutricion superior (ns),2007-12-01,13,14,12,13,25,27,52
COTOCA,desnutricion aguda,nutricion superior (ns),2007-12-01,66,24,5,2,71,26,97
CUATRO CAÑADAS,desnutricion aguda,nutricion superior (ns),2007-12-01,15,12,11,6,26,18,44
CUCHUMUELA (V. G. VILLARROEL),desnutricion aguda,nutricion superior (ns),2007-12-01,1,0,0,0,1,0,1
CUEVO,desnutricion aguda,nutricion superior (ns),2007-12-01,10,7,2,1,12,8,20
CULPINA,desnutricion aguda,nutricion superior (ns),2007-12-01,11,16,2,2,13,18,31
CURAHUARA DE CARANGAS,desnutricion aguda,nutricion superior (ns),2007-12-01,2,1,0,0,2,1,3
EL CHORO,desnutricion aguda,nutricion superior (ns),2007-12-01,2,1,1,1,3,2,5
EL PUENTE(STC),desnutricion aguda,nutricion superior (ns),2007-12-01,22,6,2,0,24,6,30
EL PUENTE(TJA),desnutricion aguda,nutricion superior (ns),2007-12-01,3,3,0,0,3,3,6
EL TORNO,desnutricion aguda,nutricion superior (ns),2007-12-01,50,21,6,7,56,28,84
EL VILLAR,desnutricion aguda,nutricion superior (ns),2007-12-01,3,1,2,1,5,2,7
ENTRE RIOS,desnutricion aguda,nutricion superior (ns),2007-12-01,18,16,1,2,19,18,37
ENTRE RIOS,desnutricion aguda,nutricion superior (ns),2007-12-01,20,18,3,8,23,26,49
EUCALIPTUS,desnutricion aguda,nutricion superior (ns),2007-12-01,1,3,0,0,1,3,4
EUREKA (SANTOS MERCADO),desnutricion aguda,nutricion superior (ns),2007-12-01,0,1,0,0,0,1,1
EXALTACION,desnutricion aguda,nutricion superior (ns),2007-12-01,3,1,1,2,4,3,7
FERNANDEZ ALONSO,desnutricion aguda,nutricion superior (ns),2007-12-01,14,13,1,4,15,17,32
FILADELFIA,desnutricion aguda,nutricion superior (ns),2007-12-01,6,2,0,1,6,3,9
GENERAL SAAVEDRA,desnutricion aguda,nutricion superior (ns),2007-12-01,21,16,13,12,34,28,62
GUAYARAMERIN,desnutricion aguda,nutricion superior (ns),2007-12-01,105,64,11,9,116,73,189
GUTIERREZ,desnutricion aguda,nutricion superior (ns),2007-12-01,28,21,9,7,37,28,65
HUACARETA,desnutricion aguda,nutricion superior (ns),2007-12-01,17,10,1,3,18,13,31
HUACAYA (VILLA DE HUACAYA),desnutricion aguda,nutricion superior (ns),2007-12-01,7,7,2,2,9,9,18
HUANUNI,desnutricion aguda,nutricion superior (ns),2007-12-01,21,25,6,5,27,30,57
HUARACAJE,desnutricion aguda,nutricion superior (ns),2007-12-01,4,6,6,0,10,6,16
HUAYLLAMARCA,desnutricion aguda,nutricion superior (ns),2007-12-01,2,3,0,0,2,3,5
ICHOCA,desnutricion aguda,nutricion superior (ns),2007-12-01,9,12,5,5,14,17,31
ICLA,desnutricion aguda,nutricion superior (ns),2007-12-01,5,9,7,0,12,9,21
INCAHUASI,desnutricion aguda,nutricion superior (ns),2007-12-01,11,13,1,1,12,14,26
INQUISIVI,desnutricion aguda,nutricion superior (ns),2007-12-01,11,11,7,8,18,19,37
LA GUARDIA,desnutricion aguda,nutricion superior (ns),2007-12-01,84,56,17,11,101,67,168
LAGUNILLAS,desnutricion aguda,nutricion superior (ns),2007-12-01,28,19,20,10,48,29,77
LAS CARRERAS,desnutricion aguda,nutricion superior (ns),2007-12-01,5,1,2,1,7,2,9
LICOMA PAMPA,desnutricion aguda,nutricion superior (ns),2007-12-01,8,11,5,2,13,13,26
LLALLAGUA,desnutricion aguda,nutricion superior (ns),2007-12-01,25,23,2,4,27,27,54
LLICA,desnutricion aguda,nutricion superior (ns),2007-12-01,1,2,0,0,1,2,3
LORETO,desnutricion aguda,nutricion superior (ns),2007-12-01,3,1,2,1,5,2,7
MACHACAMARCA,desnutricion aguda,nutricion superior (ns),2007-12-01,2,3,0,0,2,3,5
MACHARETI,desnutricion aguda,nutricion superior (ns),2007-12-01,18,18,7,9,25,27,52
MAGDALENA,desnutricion aguda,nutricion superior (ns),2007-12-01,9,9,0,1,9,10,19
MAIRANA,desnutricion aguda,nutricion superior (ns),2007-12-01,19,8,2,3,21,11,32
MECAPACA,desnutricion aguda,nutricion superior (ns),2007-12-01,7,8,0,1,7,9,16
MINEROS,desnutricion aguda,nutricion superior (ns),2007-12-01,17,9,4,5,21,14,35
MIZQUE,desnutricion aguda,nutricion superior (ns),2007-12-01,11,10,0,1,11,11,22
MOJINETE,desnutricion aguda,nutricion superior (ns),2007-12-01,1,0,0,0,1,0,1
MOJOCOYA,desnutricion aguda,nutricion superior (ns),2007-12-01,6,12,2,0,8,12,20
MONTEAGUDO,desnutricion aguda,nutricion superior (ns),2007-12-01,61,45,17,7,78,52,130
MONTERO,desnutricion aguda,nutricion superior (ns),2007-12-01,169,129,49,40,218,169,387
MORO MORO,desnutricion aguda,nutricion superior (ns),2007-12-01,6,4,2,0,8,4,12
MOROCHATA,desnutricion aguda,nutricion superior (ns),2007-12-01,8,3,1,0,9,3,12
NUEVO MANOA (NUEVA ESPERANZA),desnutricion aguda,nutricion superior (ns),2007-12-01,1,0,0,0,1,0,1
OCURI,desnutricion aguda,nutricion superior (ns),2007-12-01,10,8,0,0,10,8,18
OKINAWA,desnutricion aguda,nutricion superior (ns),2007-12-01,6,1,0,3,6,4,10
OMEREQUE,desnutricion aguda,nutricion superior (ns),2007-12-01,7,7,1,2,8,9,17
ORURO,desnutricion aguda,nutricion superior (ns),2007-12-01,202,182,69,116,271,298,569
PADCAYA,desnutricion aguda,nutricion superior (ns),2007-12-01,18,12,6,7,24,19,43
PADILLA,desnutricion aguda,nutricion superior (ns),2007-12-01,7,13,5,5,12,18,30
PAILON,desnutricion aguda,nutricion superior (ns),2007-12-01,18,7,5,6,23,13,36
PALCA,desnutricion aguda,nutricion superior (ns),2007-12-01,3,1,3,1,6,2,8
PAMPA AULLAGAS,desnutricion aguda,nutricion superior (ns),2007-12-01,1,4,0,0,1,4,5
PAMPA GRANDE,desnutricion aguda,nutricion superior (ns),2007-12-01,5,2,0,0,5,2,7
PASORAPA,desnutricion aguda,nutricion superior (ns),2007-12-01,1,1,0,2,1,3,4
PAZÑA,desnutricion aguda,nutricion superior (ns),2007-12-01,0,3,1,3,1,6,7
POCOATA,desnutricion aguda,nutricion superior (ns),2007-12-01,8,4,3,0,11,4,15
POCONA,desnutricion aguda,nutricion superior (ns),2007-12-01,4,2,0,1,4,3,7
POJO (CBBA),desnutricion aguda,nutricion superior (ns),2007-12-01,22,18,0,0,22,18,40
POOPO,desnutricion aguda,nutricion superior (ns),2007-12-01,2,2,1,1,3,3,6
PORCO,desnutricion aguda,nutricion superior (ns),2007-12-01,20,6,1,0,21,6,27
POROMA,desnutricion aguda,nutricion superior (ns),2007-12-01,7,12,2,0,9,12,21
PORONGO,desnutricion aguda,nutricion superior (ns),2007-12-01,8,8,0,0,8,8,16
PORTACHUELO,desnutricion aguda,nutricion superior (ns),2007-12-01,46,44,25,18,71,62,133
PORVENIR,desnutricion aguda,nutricion superior (ns),2007-12-01,6,2,1,0,7,2,9
POSTRER VALLE,desnutricion aguda,nutricion superior (ns),2007-12-01,0,2,1,0,1,2,3
POTOSI,desnutricion aguda,nutricion superior (ns),2007-12-01,2,2,0,0,2,2,4
PRESTO,desnutricion aguda,nutricion superior (ns),2007-12-01,2,9,0,0,2,9,11
PUCARA,desnutricion aguda,nutricion superior (ns),2007-12-01,1,0,0,0,1,0,1
PUERTO GONZALO MORENO,desnutricion aguda,nutricion superior (ns),2007-12-01,1,4,0,0,1,4,5
PUERTO QUIJARRO,desnutricion aguda,nutricion superior (ns),2007-12-01,32,32,3,6,35,38,73
PUERTO RICO,desnutricion aguda,nutricion superior (ns),2007-12-01,10,7,6,1,16,8,24
PUERTO SILES,desnutricion aguda,nutricion superior (ns),2007-12-01,0,2,0,0,0,2,2
PUERTO SUAREZ,desnutricion aguda,nutricion superior (ns),2007-12-01,12,5,1,1,13,6,19
PUERTO VILLARROEL,desnutricion aguda,nutricion superior (ns),2007-12-01,76,84,20,18,96,102,198
PUNA,desnutricion aguda,nutricion superior (ns),2007-12-01,17,14,1,3,18,17,35
PUNATA,desnutricion aguda,nutricion superior (ns),2007-12-01,17,12,0,2,17,14,31
QUILLACOLLO,desnutricion aguda,nutricion superior (ns),2007-12-01,29,22,3,5,32,27,59
QUIME,desnutricion aguda,nutricion superior (ns),2007-12-01,12,13,23,11,35,24,59
RAVELO,desnutricion aguda,nutricion superior (ns),2007-12-01,8,5,8,10,16,15,31
REYES,desnutricion aguda,nutricion superior (ns),2007-12-01,17,26,4,5,21,31,52
RIBERALTA,desnutricion aguda,nutricion superior (ns),2007-12-01,95,41,26,6,121,47,168
ROBORE,desnutricion aguda,nutricion superior (ns),2007-12-01,10,2,3,11,13,13,26
RURRENABAQUE,desnutricion aguda,nutricion superior (ns),2007-12-01,12,15,2,1,14,16,30
SABAYA,desnutricion aguda,nutricion superior (ns),2007-12-01,2,0,0,1,2,1,3
SACABA,desnutricion aguda,nutricion superior (ns),2007-12-01,49,29,1,2,50,31,81
SACABAMBA,desnutricion aguda,nutricion superior (ns),2007-12-01,1,0,0,0,1,0,1
SACACA,desnutricion aguda,nutricion superior (ns),2007-12-01,2,0,0,3,2,3,5
SAIPINA,desnutricion aguda,nutricion superior (ns),2007-12-01,46,39,31,21,77,60,137
SALINAS DE GARCI MENDOZA,desnutricion aguda,nutricion superior (ns),2007-12-01,13,9,6,2,19,11,30
SAMAIPATA,desnutricion aguda,nutricion superior (ns),2007-12-01,4,3,0,0,4,3,7
SAN AGUSTIN,desnutricion aguda,nutricion superior (ns),2007-12-01,1,2,3,0,4,2,6
SAN ANDRES,desnutricion aguda,nutricion superior (ns),2007-12-01,4,3,0,0,4,3,7
SAN ANTONIO DE LOMERIO,desnutricion aguda,nutricion superior (ns),2007-12-01,7,11,0,1,7,12,19
SAN BENITO,desnutricion aguda,nutricion superior (ns),2007-12-01,4,1,0,0,4,1,5
SAN BORJA,desnutricion aguda,nutricion superior (ns),2007-12-01,39,36,6,11,45,47,92
SAN CARLOS,desnutricion aguda,nutricion superior (ns),2007-12-01,7,5,2,1,9,6,15
SAN IGNACIO,desnutricion aguda,nutricion superior (ns),2007-12-01,23,13,9,3,32,16,48
SAN IGNACIO DE VELASCO,desnutricion aguda,nutricion superior (ns),2007-12-01,81,33,8,8,89,41,130
SAN JAVIER(BNI),desnutricion aguda,nutricion superior (ns),2007-12-01,2,0,3,3,5,3,8
SAN JAVIER(STC),desnutricion aguda,nutricion superior (ns),2007-12-01,9,10,4,1,13,11,24
SAN JOAQUIN,desnutricion aguda,nutricion superior (ns),2007-12-01,7,11,1,0,8,11,19
SAN JOSE DE CHIQUITOS,desnutricion aguda,nutricion superior (ns),2007-12-01,12,7,5,6,17,13,30
SAN JUAN DE YAPACANI,desnutricion aguda,nutricion superior (ns),2007-12-01,13,6,1,2,14,8,22
SAN JULIAN,desnutricion aguda,nutricion superior (ns),2007-12-01,9,8,3,1,12,9,21
SAN LORENZO(PND),desnutricion aguda,nutricion superior (ns),2007-12-01,2,4,0,1,2,5,7
SAN LORENZO(TJA),desnutricion aguda,nutricion superior (ns),2007-12-01,11,5,3,0,14,5,19
SAN LUCAS,desnutricion aguda,nutricion superior (ns),2007-12-01,19,21,4,2,23,23,46
SAN MATIAS,desnutricion aguda,nutricion superior (ns),2007-12-01,11,8,0,1,11,9,20
SAN MIGUEL DE VELASCO,desnutricion aguda,nutricion superior (ns),2007-12-01,10,16,1,1,11,17,28
SAN PABLO DE LIPEZ,desnutricion aguda,nutricion superior (ns),2007-12-01,0,0,1,0,1,0,1
SAN PEDRO,desnutricion aguda,nutricion superior (ns),2007-12-01,38,40,5,4,43,44,87
SAN PEDRO DE BUENA VISTA,desnutricion aguda,nutricion superior (ns),2007-12-01,11,6,0,2,11,8,19
SAN PEDRO(PND),desnutricion aguda,nutricion superior (ns),2007-12-01,1,2,0,0,1,2,3
SAN RAFAEL,desnutricion aguda,nutricion superior (ns),2007-12-01,8,3,0,1,8,4,12
SAN RAMON,desnutricion aguda,nutricion superior (ns),2007-12-01,14,0,0,0,14,0,14
SAN RAMON,desnutricion aguda,nutricion superior (ns),2007-12-01,7,9,5,4,12,13,25
SANTA ANA,desnutricion aguda,nutricion superior (ns),2007-12-01,24,24,2,6,26,30,56
SANTA CRUZ DE LA SIERRA,desnutricion aguda,nutricion superior (ns),2007-12-01,807,581,210,212,1017,793,1810
SANTA ROSA,desnutricion aguda,nutricion superior (ns),2007-12-01,2,0,0,0,2,0,2
SANTA ROSA DEL SARA,desnutricion aguda,nutricion superior (ns),2007-12-01,18,13,4,2,22,15,37
SANTIAGO DE HUARI,desnutricion aguda,nutricion superior (ns),2007-12-01,10,14,10,11,20,25,45
SANTIVAÑES,desnutricion aguda,nutricion superior (ns),2007-12-01,1,2,0,0,1,2,3
SANTUARIO DE QUILLACAS,desnutricion aguda,nutricion superior (ns),2007-12-01,3,1,0,2,3,3,6
SENA,desnutricion aguda,nutricion superior (ns),2007-12-01,5,0,0,0,5,0,5
SIPE SIPE,desnutricion aguda,nutricion superior (ns),2007-12-01,32,28,8,28,40,56,96
SOPACHUY,desnutricion aguda,nutricion superior (ns),2007-12-01,5,1,0,0,5,1,6
SORACACHI,desnutricion aguda,nutricion superior (ns),2007-12-01,22,18,23,19,45,37,82
SUCRE,desnutricion aguda,nutricion superior (ns),2007-12-01,201,164,28,19,229,183,412
TACACHI,desnutricion aguda,nutricion superior (ns),2007-12-01,2,1,0,0,2,1,3
TACOBAMBA,desnutricion aguda,nutricion superior (ns),2007-12-01,0,2,0,0,0,2,2
TACOPAYA,desnutricion aguda,nutricion superior (ns),2007-12-01,2,0,2,0,4,0,4
TAHUA,desnutricion aguda,nutricion superior (ns),2007-12-01,0,5,0,0,0,5,5
TAPACARI,desnutricion aguda,nutricion superior (ns),2007-12-01,2,2,0,0,2,2,4
TARABUCO,desnutricion aguda,nutricion superior (ns),2007-12-01,9,9,7,3,16,12,28
TARATA,desnutricion aguda,nutricion superior (ns),2007-12-01,11,6,0,1,11,7,18
TARIJA,desnutricion aguda,nutricion superior (ns),2007-12-01,293,271,70,52,363,323,686
TARVITA,desnutricion aguda,nutricion superior (ns),2007-12-01,10,2,0,0,10,2,12
TINGUIPAYA,desnutricion aguda,nutricion superior (ns),2007-12-01,2,1,0,1,2,2,4
TIQUIPAYA,desnutricion aguda,nutricion superior (ns),2007-12-01,6,5,1,0,7,5,12
TIRAQUE (CBBA),desnutricion aguda,nutricion superior (ns),2007-12-01,55,44,10,7,65,51,116
TOCO,desnutricion aguda,nutricion superior (ns),2007-12-01,4,2,0,2,4,4,8
TOLATA,desnutricion aguda,nutricion superior (ns),2007-12-01,3,2,2,0,5,2,7
TOLEDO,desnutricion aguda,nutricion superior (ns),2007-12-01,0,2,0,0,0,2,2
TOMAVE,desnutricion aguda,nutricion superior (ns),2007-12-01,1,11,0,1,1,12,13
TOMINA,desnutricion aguda,nutricion superior (ns),2007-12-01,11,15,1,3,12,18,30
TORO TORO,desnutricion aguda,nutricion superior (ns),2007-12-01,22,20,20,22,42,42,84
TOTORA(CBBA),desnutricion aguda,nutricion superior (ns),2007-12-01,9,5,0,0,9,5,14
TOTORA(ORR),desnutricion aguda,nutricion superior (ns),2007-12-01,1,2,3,0,4,2,6
TRIGAL,desnutricion aguda,nutricion superior (ns),2007-12-01,3,4,5,0,8,4,12
TRINIDAD,desnutricion aguda,nutricion superior (ns),2007-12-01,103,77,23,23,126,100,226
TUPIZA,desnutricion aguda,nutricion superior (ns),2007-12-01,30,18,10,4,40,22,62
TURCO,desnutricion aguda,nutricion superior (ns),2007-12-01,8,3,1,4,9,7,16
UNCIA,desnutricion aguda,nutricion superior (ns),2007-12-01,7,2,1,2,8,4,12
URIONDO (A. CONCEPCION),desnutricion aguda,nutricion superior (ns),2007-12-01,12,11,11,3,23,14,37
URUBICHA,desnutricion aguda,nutricion superior (ns),2007-12-01,8,9,5,1,13,10,23
UYUNI,desnutricion aguda,nutricion superior (ns),2007-12-01,19,17,1,2,20,19,39
VACAS,desnutricion aguda,nutricion superior (ns),2007-12-01,2,2,1,0,3,2,5
VALLEGRANDE,desnutricion aguda,nutricion superior (ns),2007-12-01,15,9,8,9,23,18,41
VIACHA,desnutricion aguda,nutricion superior (ns),2007-12-01,28,28,7,7,35,35,70
VILA VILA,desnutricion aguda,nutricion superior (ns),2007-12-01,0,1,0,0,0,1,1
VILLA MONTES,desnutricion aguda,nutricion superior (ns),2007-12-01,40,31,4,6,44,37,81
VILLA NUEVA (LOMA ALTA),desnutricion aguda,nutricion superior (ns),2007-12-01,2,4,0,0,2,4,6
VILLA RIVERO,desnutricion aguda,nutricion superior (ns),2007-12-01,2,3,1,0,3,3,6
VILLA SERRANO,desnutricion aguda,nutricion superior (ns),2007-12-01,9,7,2,2,11,9,20
VILLA TUNARI,desnutricion aguda,nutricion superior (ns),2007-12-01,13,12,3,0,16,12,28
VILLA VACA GUZMAN (MUYUPAMPA),desnutricion aguda,nutricion superior (ns),2007-12-01,6,12,1,2,7,14,21
VILLAZON,desnutricion aguda,nutricion superior (ns),2007-12-01,21,27,2,8,23,35,58
VINTO,desnutricion aguda,nutricion superior (ns),2007-12-01,12,6,0,2,12,8,20
VITICHI,desnutricion aguda,nutricion superior (ns),2007-12-01,7,5,1,1,8,6,14
WARNES,desnutricion aguda,nutricion superior (ns),2007-12-01,110,63,17,27,127,90,217
YACUIBA,desnutricion aguda,nutricion superior (ns),2007-12-01,70,59,6,9,76,68,144
YAMPARAEZ,desnutricion aguda,nutricion superior (ns),2007-12-01,9,8,3,1,12,9,21
YAPACANI,desnutricion aguda,nutricion superior (ns),2007-12-01,0,43,47,9,47,52,99
YOCALLA,desnutricion aguda,nutricion superior (ns),2007-12-01,2,0,0,1,2,1,3
YOTALA,desnutricion aguda,nutricion superior (ns),2007-12-01,20,28,16,22,36,50,86
YUNCHARA,desnutricion aguda,nutricion superior (ns),2007-12-01,1,0,6,3,7,3,10
ZUDAÑEZ,desnutricion aguda,nutricion superior (ns),2007-12-01,5,4,1,0,6,4,10
