municipality,group,variable,month,< de 2 años-H,< de 2 años-M,2 a 4 años-H,2 a 4 años-M,TOTAL-H,TOTAL-M,TOTAL
ACACIO,desnutricion aguda,nutricion normal (n),2007-01-01,36,27,26,23,62,50,112
AIQUILE,desnutricion aguda,nutricion normal (n),2007-01-01,74,49,45,45,119,94,213
ALALAY,desnutricion aguda,nutricion normal (n),2007-01-01,11,10,4,5,15,15,30
ALCALA,desnutricion aguda,nutricion normal (n),2007-01-01,38,38,39,31,77,69,146
ANDAMARCA,desnutricion aguda,nutricion normal (n),2007-01-01,9,10,10,9,19,19,38
ANTEQUERA,desnutricion aguda,nutricion normal (n),2007-01-01,0,1,1,1,1,2,3
ANZALDO,desnutricion aguda,nutricion normal (n),2007-01-01,24,19,17,7,41,26,67
ARAMPAMPA,desnutricion aguda,nutricion normal (n),2007-01-01,45,48,44,50,89,98,187
ARANI,desnutricion aguda,nutricion normal (n),2007-01-01,27,31,23,21,50,52,102
ARBIETO,desnutricion aguda,nutricion normal (n),2007-01-01,53,42,34,34,87,76,163
ARQUE,desnutricion aguda,nutricion normal (n),2007-01-01,39,37,14,24,53,61,114
ATOCHA,desnutricion aguda,nutricion normal (n),2007-01-01,76,80,52,29,128,109,237
AYOPAYA (V. DE INDEPENDENCIA),desnutricion aguda,nutricion normal (n),2007-01-01,78,104,73,56,151,160,311
AZURDUY,desnutricion aguda,nutricion normal (n),2007-01-01,211,157,182,155,393,312,705
BAURES,desnutricion aguda,nutricion normal (n),2007-01-01,37,32,37,31,74,63,137
BELEN DE ANDAMARCA,desnutricion aguda,nutricion normal (n),2007-01-01,5,4,2,5,7,9,16
BELEN DE URMIRI,desnutricion aguda,nutricion normal (n),2007-01-01,7,4,6,7,13,11,24
BELLA FLOR,desnutricion aguda,nutricion normal (n),2007-01-01,16,17,13,15,29,32,61
BERMEJO,desnutricion aguda,nutricion normal (n),2007-01-01,58,54,21,20,79,74,153
BETANZOS,desnutricion aguda,nutricion normal (n),2007-01-01,159,137,147,157,306,294,600
BOLIVAR,desnutricion aguda,nutricion normal (n),2007-01-01,41,27,25,26,66,53,119
BOLPEBRA,desnutricion aguda,nutricion normal (n),2007-01-01,2,3,3,7,5,10,15
BOYUIBE,desnutricion aguda,nutricion normal (n),2007-01-01,25,33,26,15,51,48,99
BUENA VISTA,desnutricion aguda,nutricion normal (n),2007-01-01,169,165,139,149,308,314,622
CABEZAS,desnutricion aguda,nutricion normal (n),2007-01-01,114,85,99,72,213,157,370
"CAIZA ""D""",desnutricion aguda,nutricion normal (n),2007-01-01,53,35,34,38,87,73,160
CAJUATA,desnutricion aguda,nutricion normal (n),2007-01-01,97,82,45,46,142,128,270
CAMARGO,desnutricion aguda,nutricion normal (n),2007-01-01,144,145,89,90,233,235,468
CAMATAQUI (C. VILLA ABECIA),desnutricion aguda,nutricion normal (n),2007-01-01,35,30,39,24,74,54,128
CAMIRI,desnutricion aguda,nutricion normal (n),2007-01-01,215,206,207,185,422,391,813
CAPINOTA,desnutricion aguda,nutricion normal (n),2007-01-01,125,135,134,165,259,300,559
CARACOLLO,desnutricion aguda,nutricion normal (n),2007-01-01,33,24,37,31,70,55,125
CARANGAS,desnutricion aguda,nutricion normal (n),2007-01-01,0,0,1,1,1,1,2
CARAPARI,desnutricion aguda,nutricion normal (n),2007-01-01,83,70,65,78,148,148,296
CARIPUYO,desnutricion aguda,nutricion normal (n),2007-01-01,59,73,72,62,131,135,266
CARMEN RIVERO TORREZ,desnutricion aguda,nutricion normal (n),2007-01-01,29,14,16,15,45,29,74
CHALLAPATA,desnutricion aguda,nutricion normal (n),2007-01-01,144,141,74,69,218,210,428
CHAQUI,desnutricion aguda,nutricion normal (n),2007-01-01,44,31,25,37,69,68,137
CHARAGUA,desnutricion aguda,nutricion normal (n),2007-01-01,183,162,141,119,324,281,605
CHAYANTA,desnutricion aguda,nutricion normal (n),2007-01-01,48,56,24,34,72,90,162
CHIMORE,desnutricion aguda,nutricion normal (n),2007-01-01,58,60,68,53,126,113,239
CHIPAYA,desnutricion aguda,nutricion normal (n),2007-01-01,9,9,6,7,15,16,31
CLIZA,desnutricion aguda,nutricion normal (n),2007-01-01,0,0,0,2,0,2,2
COBIJA,desnutricion aguda,nutricion normal (n),2007-01-01,187,170,84,99,271,269,540
COCHABAMBA,desnutricion aguda,nutricion normal (n),2007-01-01,2072,1885,1010,945,3082,2830,5912
COIPASA,desnutricion aguda,nutricion normal (n),2007-01-01,1,4,1,4,2,8,10
COLCAPIRHUA,desnutricion aguda,nutricion normal (n),2007-01-01,204,229,104,89,308,318,626
"COLCHA ""K""",desnutricion aguda,nutricion normal (n),2007-01-01,61,48,34,43,95,91,186
COLOMI,desnutricion aguda,nutricion normal (n),2007-01-01,214,148,83,100,297,248,545
COLPA BELGICA,desnutricion aguda,nutricion normal (n),2007-01-01,47,45,31,24,78,69,147
COLQUECHACA,desnutricion aguda,nutricion normal (n),2007-01-01,91,104,40,28,131,132,263
COLQUIRI,desnutricion aguda,nutricion normal (n),2007-01-01,117,128,67,68,184,196,380
COMARAPA,desnutricion aguda,nutricion normal (n),2007-01-01,82,70,34,45,116,115,231
CONCEPCION,desnutricion aguda,nutricion normal (n),2007-01-01,119,89,48,64,167,153,320
CORQUE,desnutricion aguda,nutricion normal (n),2007-01-01,25,19,17,23,42,42,84
COTAGAITA,desnutricion aguda,nutricion normal (n),2007-01-01,120,147,67,55,187,202,389
COTOCA,desnutricion aguda,nutricion normal (n),2007-01-01,140,117,125,68,265,185,450
CUATRO CAÑADAS,desnutricion aguda,nutricion normal (n),2007-01-01,58,63,47,30,105,93,198
CUCHUMUELA (V. G. VILLARROEL),desnutricion aguda,nutricion normal (n),2007-01-01,11,15,8,1,19,16,35
CUEVO,desnutricion aguda,nutricion normal (n),2007-01-01,21,39,34,35,55,74,129
CULPINA,desnutricion aguda,nutricion normal (n),2007-01-01,180,191,150,150,330,341,671
CURAHUARA DE CARANGAS,desnutricion aguda,nutricion normal (n),2007-01-01,23,31,15,7,38,38,76
EL CHORO,desnutricion aguda,nutricion normal (n),2007-01-01,13,6,3,5,16,11,27
EL PUENTE(STC),desnutricion aguda,nutricion normal (n),2007-01-01,115,99,78,81,193,180,373
EL PUENTE(TJA),desnutricion aguda,nutricion normal (n),2007-01-01,56,58,80,53,136,111,247
EL TORNO,desnutricion aguda,nutricion normal (n),2007-01-01,195,190,69,79,264,269,533
EL VILLAR,desnutricion aguda,nutricion normal (n),2007-01-01,65,46,67,50,132,96,228
ENTRE RIOS,desnutricion aguda,nutricion normal (n),2007-01-01,140,140,129,110,269,250,519
ENTRE RIOS,desnutricion aguda,nutricion normal (n),2007-01-01,223,231,137,169,360,400,760
ESCARA,desnutricion aguda,nutricion normal (n),2007-01-01,2,0,1,1,3,1,4
EUCALIPTUS,desnutricion aguda,nutricion normal (n),2007-01-01,26,14,29,18,55,32,87
EUREKA (SANTOS MERCADO),desnutricion aguda,nutricion normal (n),2007-01-01,5,7,8,4,13,11,24
EXALTACION,desnutricion aguda,nutricion normal (n),2007-01-01,5,11,16,23,21,34,55
FERNANDEZ ALONSO,desnutricion aguda,nutricion normal (n),2007-01-01,98,88,61,70,159,158,317
FILADELFIA,desnutricion aguda,nutricion normal (n),2007-01-01,19,18,12,15,31,33,64
GENERAL SAAVEDRA,desnutricion aguda,nutricion normal (n),2007-01-01,125,112,96,89,221,201,422
GUAYARAMERIN,desnutricion aguda,nutricion normal (n),2007-01-01,303,274,161,144,464,418,882
GUTIERREZ,desnutricion aguda,nutricion normal (n),2007-01-01,41,56,42,44,83,100,183
HUACARETA,desnutricion aguda,nutricion normal (n),2007-01-01,91,81,84,72,175,153,328
HUACAYA (VILLA DE HUACAYA),desnutricion aguda,nutricion normal (n),2007-01-01,32,34,52,47,84,81,165
HUACHACALLA,desnutricion aguda,nutricion normal (n),2007-01-01,7,5,3,2,10,7,17
HUANUNI,desnutricion aguda,nutricion normal (n),2007-01-01,224,199,101,88,325,287,612
HUARACAJE,desnutricion aguda,nutricion normal (n),2007-01-01,32,29,19,18,51,47,98
HUAYLLAMARCA,desnutricion aguda,nutricion normal (n),2007-01-01,26,17,10,9,36,26,62
ICHOCA,desnutricion aguda,nutricion normal (n),2007-01-01,13,11,14,10,27,21,48
ICLA,desnutricion aguda,nutricion normal (n),2007-01-01,120,113,133,143,253,256,509
INCAHUASI,desnutricion aguda,nutricion normal (n),2007-01-01,231,198,182,163,413,361,774
INQUISIVI,desnutricion aguda,nutricion normal (n),2007-01-01,71,93,49,72,120,165,285
LA GUARDIA,desnutricion aguda,nutricion normal (n),2007-01-01,478,472,229,222,707,694,1401
LA RIVERA,desnutricion aguda,nutricion normal (n),2007-01-01,3,0,2,1,5,1,6
LAGUNILLAS,desnutricion aguda,nutricion normal (n),2007-01-01,74,86,99,103,173,189,362
LAS CARRERAS,desnutricion aguda,nutricion normal (n),2007-01-01,36,29,27,30,63,59,122
LICOMA PAMPA,desnutricion aguda,nutricion normal (n),2007-01-01,23,26,24,22,47,48,95
LLALLAGUA,desnutricion aguda,nutricion normal (n),2007-01-01,260,229,175,161,435,390,825
LLICA,desnutricion aguda,nutricion normal (n),2007-01-01,21,18,13,15,34,33,67
LORETO,desnutricion aguda,nutricion normal (n),2007-01-01,21,14,14,16,35,30,65
MACHACAMARCA,desnutricion aguda,nutricion normal (n),2007-01-01,50,50,66,53,116,103,219
MACHARETI,desnutricion aguda,nutricion normal (n),2007-01-01,92,84,116,112,208,196,404
MAGDALENA,desnutricion aguda,nutricion normal (n),2007-01-01,116,77,44,32,160,109,269
MAIRANA,desnutricion aguda,nutricion normal (n),2007-01-01,91,78,31,22,122,100,222
MINEROS,desnutricion aguda,nutricion normal (n),2007-01-01,186,175,126,112,312,287,599
MIZQUE,desnutricion aguda,nutricion normal (n),2007-01-01,169,132,143,162,312,294,606
MOJINETE,desnutricion aguda,nutricion normal (n),2007-01-01,3,6,3,5,6,11,17
MOJOCOYA,desnutricion aguda,nutricion normal (n),2007-01-01,57,45,80,68,137,113,250
MONTEAGUDO,desnutricion aguda,nutricion normal (n),2007-01-01,198,184,243,138,441,322,763
MONTERO,desnutricion aguda,nutricion normal (n),2007-01-01,1026,924,641,571,1667,1495,3162
MORO MORO,desnutricion aguda,nutricion normal (n),2007-01-01,13,18,11,10,24,28,52
MOROCHATA,desnutricion aguda,nutricion normal (n),2007-01-01,66,56,42,50,108,106,214
NACEBE (SANTA ROSA DEL ABUNA),desnutricion aguda,nutricion normal (n),2007-01-01,6,7,2,2,8,9,17
NUEVO MANOA (NUEVA ESPERANZA),desnutricion aguda,nutricion normal (n),2007-01-01,0,0,0,1,0,1,1
OCURI,desnutricion aguda,nutricion normal (n),2007-01-01,135,119,108,101,243,220,463
OKINAWA,desnutricion aguda,nutricion normal (n),2007-01-01,109,126,91,77,200,203,403
OMEREQUE,desnutricion aguda,nutricion normal (n),2007-01-01,54,39,51,73,105,112,217
ORURO,desnutricion aguda,nutricion normal (n),2007-01-01,1280,1137,656,602,1936,1739,3675
PADCAYA,desnutricion aguda,nutricion normal (n),2007-01-01,103,71,48,57,151,128,279
PADILLA,desnutricion aguda,nutricion normal (n),2007-01-01,149,150,184,163,333,313,646
PAILON,desnutricion aguda,nutricion normal (n),2007-01-01,98,110,61,76,159,186,345
PAMPA AULLAGAS,desnutricion aguda,nutricion normal (n),2007-01-01,38,31,15,19,53,50,103
PAMPA GRANDE,desnutricion aguda,nutricion normal (n),2007-01-01,41,57,23,20,64,77,141
PASORAPA,desnutricion aguda,nutricion normal (n),2007-01-01,18,15,19,17,37,32,69
PAZÑA,desnutricion aguda,nutricion normal (n),2007-01-01,25,31,18,11,43,42,85
POCOATA,desnutricion aguda,nutricion normal (n),2007-01-01,89,83,75,85,164,168,332
POCONA,desnutricion aguda,nutricion normal (n),2007-01-01,60,55,38,52,98,107,205
POJO (CBBA),desnutricion aguda,nutricion normal (n),2007-01-01,31,29,33,30,64,59,123
POOPO,desnutricion aguda,nutricion normal (n),2007-01-01,27,34,16,8,43,42,85
PORCO,desnutricion aguda,nutricion normal (n),2007-01-01,65,56,16,13,81,69,150
POROMA,desnutricion aguda,nutricion normal (n),2007-01-01,58,51,42,37,100,88,188
PORONGO,desnutricion aguda,nutricion normal (n),2007-01-01,39,35,15,9,54,44,98
PORTACHUELO,desnutricion aguda,nutricion normal (n),2007-01-01,180,153,102,91,282,244,526
PORVENIR,desnutricion aguda,nutricion normal (n),2007-01-01,59,55,48,51,107,106,213
POSTRER VALLE,desnutricion aguda,nutricion normal (n),2007-01-01,7,10,3,11,10,21,31
POTOSI,desnutricion aguda,nutricion normal (n),2007-01-01,1090,1008,437,369,1527,1377,2904
PRESTO,desnutricion aguda,nutricion normal (n),2007-01-01,55,55,82,56,137,111,248
PUCARA,desnutricion aguda,nutricion normal (n),2007-01-01,15,9,5,3,20,12,32
PUERTO GONZALO MORENO,desnutricion aguda,nutricion normal (n),2007-01-01,30,37,26,26,56,63,119
PUERTO QUIJARRO,desnutricion aguda,nutricion normal (n),2007-01-01,76,73,25,27,101,100,201
PUERTO RICO,desnutricion aguda,nutricion normal (n),2007-01-01,22,19,14,17,36,36,72
PUERTO SILES,desnutricion aguda,nutricion normal (n),2007-01-01,12,5,4,4,16,9,25
PUERTO SUAREZ,desnutricion aguda,nutricion normal (n),2007-01-01,77,68,30,28,107,96,203
PUERTO VILLARROEL,desnutricion aguda,nutricion normal (n),2007-01-01,166,183,168,139,334,322,656
PUNA,desnutricion aguda,nutricion normal (n),2007-01-01,148,128,105,102,253,230,483
PUNATA,desnutricion aguda,nutricion normal (n),2007-01-01,202,169,72,48,274,217,491
QUILLACOLLO,desnutricion aguda,nutricion normal (n),2007-01-01,716,329,263,315,979,644,1623
QUIME,desnutricion aguda,nutricion normal (n),2007-01-01,72,57,72,62,144,119,263
QUIRUSILLAS,desnutricion aguda,nutricion normal (n),2007-01-01,8,3,6,8,14,11,25
RAVELO,desnutricion aguda,nutricion normal (n),2007-01-01,98,80,86,71,184,151,335
REYES,desnutricion aguda,nutricion normal (n),2007-01-01,154,218,154,100,308,318,626
RIBERALTA,desnutricion aguda,nutricion normal (n),2007-01-01,910,800,289,274,1199,1074,2273
ROBORE,desnutricion aguda,nutricion normal (n),2007-01-01,127,131,84,83,211,214,425
RURRENABAQUE,desnutricion aguda,nutricion normal (n),2007-01-01,96,69,31,30,127,99,226
SABAYA,desnutricion aguda,nutricion normal (n),2007-01-01,11,11,8,8,19,19,38
SACABA,desnutricion aguda,nutricion normal (n),2007-01-01,355,306,169,126,524,432,956
SACABAMBA,desnutricion aguda,nutricion normal (n),2007-01-01,21,19,17,15,38,34,72
SACACA,desnutricion aguda,nutricion normal (n),2007-01-01,119,120,165,172,284,292,576
SAIPINA,desnutricion aguda,nutricion normal (n),2007-01-01,30,25,33,27,63,52,115
SALINAS DE GARCI MENDOZA,desnutricion aguda,nutricion normal (n),2007-01-01,64,66,54,44,118,110,228
SAMAIPATA,desnutricion aguda,nutricion normal (n),2007-01-01,56,42,27,26,83,68,151
SAN AGUSTIN,desnutricion aguda,nutricion normal (n),2007-01-01,16,17,19,12,35,29,64
SAN ANDRES,desnutricion aguda,nutricion normal (n),2007-01-01,92,70,65,58,157,128,285
SAN ANTONIO DE ESMORUCO,desnutricion aguda,nutricion normal (n),2007-01-01,4,8,4,0,8,8,16
SAN ANTONIO DE LOMERIO,desnutricion aguda,nutricion normal (n),2007-01-01,73,61,62,44,135,105,240
SAN BENITO,desnutricion aguda,nutricion normal (n),2007-01-01,127,94,55,49,182,143,325
SAN BORJA,desnutricion aguda,nutricion normal (n),2007-01-01,278,281,130,128,408,409,817
SAN CARLOS,desnutricion aguda,nutricion normal (n),2007-01-01,213,232,103,103,316,335,651
SAN IGNACIO,desnutricion aguda,nutricion normal (n),2007-01-01,232,164,121,80,353,244,597
SAN IGNACIO DE VELASCO,desnutricion aguda,nutricion normal (n),2007-01-01,464,374,302,238,766,612,1378
SAN JAVIER(BNI),desnutricion aguda,nutricion normal (n),2007-01-01,20,9,12,24,32,33,65
SAN JOAQUIN,desnutricion aguda,nutricion normal (n),2007-01-01,15,16,28,36,43,52,95
SAN JOSE DE CHIQUITOS,desnutricion aguda,nutricion normal (n),2007-01-01,76,73,68,58,144,131,275
SAN JUAN DE YAPACANI,desnutricion aguda,nutricion normal (n),2007-01-01,91,117,61,81,152,198,350
SAN JULIAN,desnutricion aguda,nutricion normal (n),2007-01-01,70,67,72,60,142,127,269
SAN LORENZO(PND),desnutricion aguda,nutricion normal (n),2007-01-01,23,21,2,5,25,26,51
SAN LORENZO(TJA),desnutricion aguda,nutricion normal (n),2007-01-01,102,94,70,68,172,162,334
SAN LUCAS,desnutricion aguda,nutricion normal (n),2007-01-01,240,258,213,183,453,441,894
SAN MATIAS,desnutricion aguda,nutricion normal (n),2007-01-01,94,88,57,54,151,142,293
SAN MIGUEL DE VELASCO,desnutricion aguda,nutricion normal (n),2007-01-01,85,77,29,44,114,121,235
SAN PABLO DE LIPEZ,desnutricion aguda,nutricion normal (n),2007-01-01,21,7,13,9,34,16,50
SAN PEDRO,desnutricion aguda,nutricion normal (n),2007-01-01,128,116,99,73,227,189,416
SAN PEDRO DE QUEMES,desnutricion aguda,nutricion normal (n),2007-01-01,4,2,2,7,6,9,15
SAN PEDRO(PND),desnutricion aguda,nutricion normal (n),2007-01-01,12,8,7,5,19,13,32
SAN RAFAEL,desnutricion aguda,nutricion normal (n),2007-01-01,61,58,35,25,96,83,179
SAN RAMON,desnutricion aguda,nutricion normal (n),2007-01-01,39,35,30,25,69,60,129
SANTA ANA,desnutricion aguda,nutricion normal (n),2007-01-01,93,120,34,59,127,179,306
SANTA CRUZ DE LA SIERRA,desnutricion aguda,nutricion normal (n),2007-01-01,5964,5476,2879,2726,8843,8202,17045
SANTA ROSA,desnutricion aguda,nutricion normal (n),2007-01-01,35,31,17,22,52,53,105
SANTA ROSA DEL SARA,desnutricion aguda,nutricion normal (n),2007-01-01,141,105,92,90,233,195,428
SANTIAGO DE HUARI,desnutricion aguda,nutricion normal (n),2007-01-01,51,48,47,56,98,104,202
SANTIVAÑES,desnutricion aguda,nutricion normal (n),2007-01-01,53,46,34,34,87,80,167
SANTUARIO DE QUILLACAS,desnutricion aguda,nutricion normal (n),2007-01-01,9,16,23,19,32,35,67
SENA,desnutricion aguda,nutricion normal (n),2007-01-01,54,46,46,32,100,78,178
SICAYA,desnutricion aguda,nutricion normal (n),2007-01-01,17,18,5,8,22,26,48
SIPE SIPE,desnutricion aguda,nutricion normal (n),2007-01-01,208,136,74,74,282,210,492
SOPACHUY,desnutricion aguda,nutricion normal (n),2007-01-01,133,87,100,73,233,160,393
SORACACHI,desnutricion aguda,nutricion normal (n),2007-01-01,60,59,40,58,100,117,217
SUCRE,desnutricion aguda,nutricion normal (n),2007-01-01,965,896,585,481,1550,1377,2927
TACACHI,desnutricion aguda,nutricion normal (n),2007-01-01,6,4,1,1,7,5,12
TACOBAMBA,desnutricion aguda,nutricion normal (n),2007-01-01,36,30,18,15,54,45,99
TACOPAYA,desnutricion aguda,nutricion normal (n),2007-01-01,75,83,68,54,143,137,280
TAHUA,desnutricion aguda,nutricion normal (n),2007-01-01,3,5,7,5,10,10,20
TAPACARI,desnutricion aguda,nutricion normal (n),2007-01-01,155,153,70,57,225,210,435
TARABUCO,desnutricion aguda,nutricion normal (n),2007-01-01,183,184,255,244,438,428,866
TARATA,desnutricion aguda,nutricion normal (n),2007-01-01,72,64,13,21,85,85,170
TARIJA,desnutricion aguda,nutricion normal (n),2007-01-01,948,948,483,566,1431,1514,2945
TARVITA,desnutricion aguda,nutricion normal (n),2007-01-01,219,197,229,200,448,397,845
TINGUIPAYA,desnutricion aguda,nutricion normal (n),2007-01-01,75,68,40,46,115,114,229
TIQUIPAYA,desnutricion aguda,nutricion normal (n),2007-01-01,145,138,71,71,216,209,425
TIRAQUE (CBBA),desnutricion aguda,nutricion normal (n),2007-01-01,207,174,117,127,324,301,625
TOCO,desnutricion aguda,nutricion normal (n),2007-01-01,28,25,39,36,67,61,128
TODOS SANTOS,desnutricion aguda,nutricion normal (n),2007-01-01,2,2,1,1,3,3,6
TOLATA,desnutricion aguda,nutricion normal (n),2007-01-01,32,32,12,7,44,39,83
TOLEDO,desnutricion aguda,nutricion normal (n),2007-01-01,35,29,22,33,57,62,119
TOMAVE,desnutricion aguda,nutricion normal (n),2007-01-01,80,25,50,21,130,46,176
TOMINA,desnutricion aguda,nutricion normal (n),2007-01-01,122,130,131,110,253,240,493
TORO TORO,desnutricion aguda,nutricion normal (n),2007-01-01,18,6,9,4,27,10,37
TOTORA(CBBA),desnutricion aguda,nutricion normal (n),2007-01-01,88,74,33,37,121,111,232
TOTORA(ORR),desnutricion aguda,nutricion normal (n),2007-01-01,30,33,20,34,50,67,117
TRIGAL,desnutricion aguda,nutricion normal (n),2007-01-01,10,7,15,10,25,17,42
TRINIDAD,desnutricion aguda,nutricion normal (n),2007-01-01,738,635,336,313,1074,948,2022
TUPIZA,desnutricion aguda,nutricion normal (n),2007-01-01,301,257,218,194,519,451,970
TURCO,desnutricion aguda,nutricion normal (n),2007-01-01,15,24,15,14,30,38,68
UNCIA,desnutricion aguda,nutricion normal (n),2007-01-01,108,95,40,38,148,133,281
URIONDO (A. CONCEPCION),desnutricion aguda,nutricion normal (n),2007-01-01,105,94,51,94,156,188,344
UYUNI,desnutricion aguda,nutricion normal (n),2007-01-01,141,174,75,73,216,247,463
VACAS,desnutricion aguda,nutricion normal (n),2007-01-01,28,38,22,23,50,61,111
VALLEGRANDE,desnutricion aguda,nutricion normal (n),2007-01-01,160,133,84,75,244,208,452
VILA VILA,desnutricion aguda,nutricion normal (n),2007-01-01,12,6,10,3,22,9,31
VILLA MONTES,desnutricion aguda,nutricion normal (n),2007-01-01,162,134,143,141,305,275,580
VILLA NUEVA (LOMA ALTA),desnutricion aguda,nutricion normal (n),2007-01-01,7,9,16,9,23,18,41
VILLA RIVERO,desnutricion aguda,nutricion normal (n),2007-01-01,24,36,27,29,51,65,116
VILLA SERRANO,desnutricion aguda,nutricion normal (n),2007-01-01,121,113,137,139,258,252,510
VILLA TUNARI,desnutricion aguda,nutricion normal (n),2007-01-01,537,452,267,227,804,679,1483
VILLA VACA GUZMAN (MUYUPAMPA),desnutricion aguda,nutricion normal (n),2007-01-01,80,74,80,101,160,175,335
VILLAZON,desnutricion aguda,nutricion normal (n),2007-01-01,264,255,177,170,441,425,866
VINTO,desnutricion aguda,nutricion normal (n),2007-01-01,83,80,24,20,107,100,207
VITICHI,desnutricion aguda,nutricion normal (n),2007-01-01,58,44,41,29,99,73,172
WARNES,desnutricion aguda,nutricion normal (n),2007-01-01,342,329,218,211,560,540,1100
YACUIBA,desnutricion aguda,nutricion normal (n),2007-01-01,437,379,159,151,596,530,1126
YAMPARAEZ,desnutricion aguda,nutricion normal (n),2007-01-01,73,68,109,103,182,171,353
YAPACANI,desnutricion aguda,nutricion normal (n),2007-01-01,337,375,160,155,497,530,1027
YOCALLA,desnutricion aguda,nutricion normal (n),2007-01-01,13,15,15,16,28,31,59
YOTALA,desnutricion aguda,nutricion normal (n),2007-01-01,49,53,53,66,102,119,221
YUNCHARA,desnutricion aguda,nutricion normal (n),2007-01-01,38,66,52,44,90,110,200
ZUDAÑEZ,desnutricion aguda,nutricion normal (n),2007-01-01,75,72,98,79,173,151,324
ACACIO,desnutricion aguda,nutricion normal (n),2007-02-01,32,21,17,17,49,38,87
AIQUILE,desnutricion aguda,nutricion normal (n),2007-02-01,67,54,56,37,123,91,214
ALALAY,desnutricion aguda,nutricion normal (n),2007-02-01,23,19,23,18,46,37,83
ALCALA,desnutricion aguda,nutricion normal (n),2007-02-01,32,39,33,29,65,68,133
ANDAMARCA,desnutricion aguda,nutricion normal (n),2007-02-01,22,11,20,23,42,34,76
ANTEQUERA,desnutricion aguda,nutricion normal (n),2007-02-01,1,1,7,3,8,4,12
ANZALDO,desnutricion aguda,nutricion normal (n),2007-02-01,13,20,17,21,30,41,71
ARAMPAMPA,desnutricion aguda,nutricion normal (n),2007-02-01,52,42,46,43,98,85,183
ARANI,desnutricion aguda,nutricion normal (n),2007-02-01,64,33,85,87,149,120,269
ARBIETO,desnutricion aguda,nutricion normal (n),2007-02-01,58,51,48,42,106,93,199
ARQUE,desnutricion aguda,nutricion normal (n),2007-02-01,46,29,22,21,68,50,118
ASCENCION DE GUARAYOS,desnutricion aguda,nutricion normal (n),2007-02-01,196,217,208,186,404,403,807
ATOCHA,desnutricion aguda,nutricion normal (n),2007-02-01,68,53,35,33,103,86,189
AYOPAYA (V. DE INDEPENDENCIA),desnutricion aguda,nutricion normal (n),2007-02-01,118,124,77,60,195,184,379
AZURDUY,desnutricion aguda,nutricion normal (n),2007-02-01,228,181,236,184,464,365,829
BAURES,desnutricion aguda,nutricion normal (n),2007-02-01,39,34,26,38,65,72,137
BELEN DE ANDAMARCA,desnutricion aguda,nutricion normal (n),2007-02-01,10,5,7,6,17,11,28
BELEN DE URMIRI,desnutricion aguda,nutricion normal (n),2007-02-01,2,8,6,6,8,14,22
BELLA FLOR,desnutricion aguda,nutricion normal (n),2007-02-01,6,4,4,4,10,8,18
BERMEJO,desnutricion aguda,nutricion normal (n),2007-02-01,20,24,18,9,38,33,71
BETANZOS,desnutricion aguda,nutricion normal (n),2007-02-01,135,120,109,101,244,221,465
BOLIVAR,desnutricion aguda,nutricion normal (n),2007-02-01,35,32,35,28,70,60,130
BOLPEBRA,desnutricion aguda,nutricion normal (n),2007-02-01,3,8,8,9,11,17,28
BOYUIBE,desnutricion aguda,nutricion normal (n),2007-02-01,27,21,24,21,51,42,93
BUENA VISTA,desnutricion aguda,nutricion normal (n),2007-02-01,158,143,95,114,253,257,510
CABEZAS,desnutricion aguda,nutricion normal (n),2007-02-01,130,69,79,69,209,138,347
"CAIZA ""D""",desnutricion aguda,nutricion normal (n),2007-02-01,48,37,44,47,92,84,176
CAJUATA,desnutricion aguda,nutricion normal (n),2007-02-01,76,79,47,38,123,117,240
CAMARGO,desnutricion aguda,nutricion normal (n),2007-02-01,120,127,103,85,223,212,435
CAMATAQUI (C. VILLA ABECIA),desnutricion aguda,nutricion normal (n),2007-02-01,29,31,39,25,68,56,124
CAMIRI,desnutricion aguda,nutricion normal (n),2007-02-01,224,234,228,180,452,414,866
CAPINOTA,desnutricion aguda,nutricion normal (n),2007-02-01,58,57,40,27,98,84,182
CARACOLLO,desnutricion aguda,nutricion normal (n),2007-02-01,52,52,31,20,83,72,155
CARANGAS,desnutricion aguda,nutricion normal (n),2007-02-01,0,0,2,0,2,0,2
CARAPARI,desnutricion aguda,nutricion normal (n),2007-02-01,68,83,87,89,155,172,327
CARIPUYO,desnutricion aguda,nutricion normal (n),2007-02-01,54,59,62,62,116,121,237
CARMEN RIVERO TORREZ,desnutricion aguda,nutricion normal (n),2007-02-01,25,9,14,3,39,12,51
CHALLAPATA,desnutricion aguda,nutricion normal (n),2007-02-01,101,92,60,66,161,158,319
CHAQUI,desnutricion aguda,nutricion normal (n),2007-02-01,44,37,42,41,86,78,164
CHARAGUA,desnutricion aguda,nutricion normal (n),2007-02-01,243,226,202,176,445,402,847
CHAYANTA,desnutricion aguda,nutricion normal (n),2007-02-01,79,89,73,46,152,135,287
CHIMORE,desnutricion aguda,nutricion normal (n),2007-02-01,53,56,46,21,99,77,176
CHIPAYA,desnutricion aguda,nutricion normal (n),2007-02-01,4,6,6,4,10,10,20
CLIZA,desnutricion aguda,nutricion normal (n),2007-02-01,6,2,2,1,8,3,11
COBIJA,desnutricion aguda,nutricion normal (n),2007-02-01,234,203,117,101,351,304,655
COCHABAMBA,desnutricion aguda,nutricion normal (n),2007-02-01,1745,1592,901,887,2646,2479,5125
COIPASA,desnutricion aguda,nutricion normal (n),2007-02-01,1,3,1,0,2,3,5
COLCAPIRHUA,desnutricion aguda,nutricion normal (n),2007-02-01,184,184,77,76,261,260,521
"COLCHA ""K""",desnutricion aguda,nutricion normal (n),2007-02-01,90,70,38,41,128,111,239
COLOMI,desnutricion aguda,nutricion normal (n),2007-02-01,152,120,72,51,224,171,395
COLPA BELGICA,desnutricion aguda,nutricion normal (n),2007-02-01,33,39,29,11,62,50,112
COLQUECHACA,desnutricion aguda,nutricion normal (n),2007-02-01,121,123,71,71,192,194,386
COLQUIRI,desnutricion aguda,nutricion normal (n),2007-02-01,145,107,85,108,230,215,445
COMARAPA,desnutricion aguda,nutricion normal (n),2007-02-01,57,55,36,43,93,98,191
CONCEPCION,desnutricion aguda,nutricion normal (n),2007-02-01,124,92,75,53,199,145,344
CORQUE,desnutricion aguda,nutricion normal (n),2007-02-01,21,14,20,19,41,33,74
COTAGAITA,desnutricion aguda,nutricion normal (n),2007-02-01,141,164,146,103,287,267,554
COTOCA,desnutricion aguda,nutricion normal (n),2007-02-01,77,119,57,21,134,140,274
CUATRO CAÑADAS,desnutricion aguda,nutricion normal (n),2007-02-01,110,115,119,90,229,205,434
CUCHUMUELA (V. G. VILLARROEL),desnutricion aguda,nutricion normal (n),2007-02-01,11,9,9,7,20,16,36
CUEVO,desnutricion aguda,nutricion normal (n),2007-02-01,16,31,33,30,49,61,110
CULPINA,desnutricion aguda,nutricion normal (n),2007-02-01,210,189,159,179,369,368,737
CURAHUARA DE CARANGAS,desnutricion aguda,nutricion normal (n),2007-02-01,25,20,6,16,31,36,67
EL CHORO,desnutricion aguda,nutricion normal (n),2007-02-01,16,13,24,32,40,45,85
EL PUENTE(STC),desnutricion aguda,nutricion normal (n),2007-02-01,98,102,58,59,156,161,317
EL PUENTE(TJA),desnutricion aguda,nutricion normal (n),2007-02-01,63,43,87,49,150,92,242
EL TORNO,desnutricion aguda,nutricion normal (n),2007-02-01,88,116,58,24,146,140,286
EL VILLAR,desnutricion aguda,nutricion normal (n),2007-02-01,84,71,93,67,177,138,315
ENTRE RIOS,desnutricion aguda,nutricion normal (n),2007-02-01,115,95,102,111,217,206,423
ENTRE RIOS,desnutricion aguda,nutricion normal (n),2007-02-01,177,195,75,94,252,289,541
ESCARA,desnutricion aguda,nutricion normal (n),2007-02-01,1,2,1,1,2,3,5
EUCALIPTUS,desnutricion aguda,nutricion normal (n),2007-02-01,24,13,9,9,33,22,55
EUREKA (SANTOS MERCADO),desnutricion aguda,nutricion normal (n),2007-02-01,9,10,7,4,16,14,30
EXALTACION,desnutricion aguda,nutricion normal (n),2007-02-01,25,14,36,38,61,52,113
FERNANDEZ ALONSO,desnutricion aguda,nutricion normal (n),2007-02-01,72,67,46,61,118,128,246
FILADELFIA,desnutricion aguda,nutricion normal (n),2007-02-01,25,18,19,21,44,39,83
GENERAL SAAVEDRA,desnutricion aguda,nutricion normal (n),2007-02-01,98,79,80,74,178,153,331
GUAYARAMERIN,desnutricion aguda,nutricion normal (n),2007-02-01,237,233,123,140,360,373,733
GUTIERREZ,desnutricion aguda,nutricion normal (n),2007-02-01,23,49,44,41,67,90,157
HUACARETA,desnutricion aguda,nutricion normal (n),2007-02-01,94,72,108,108,202,180,382
HUACAYA (VILLA DE HUACAYA),desnutricion aguda,nutricion normal (n),2007-02-01,25,36,45,34,70,70,140
HUACHACALLA,desnutricion aguda,nutricion normal (n),2007-02-01,12,8,5,7,17,15,32
HUANUNI,desnutricion aguda,nutricion normal (n),2007-02-01,156,147,84,61,240,208,448
HUARACAJE,desnutricion aguda,nutricion normal (n),2007-02-01,36,22,18,17,54,39,93
HUAYLLAMARCA,desnutricion aguda,nutricion normal (n),2007-02-01,14,17,6,9,20,26,46
ICHOCA,desnutricion aguda,nutricion normal (n),2007-02-01,32,20,19,20,51,40,91
ICLA,desnutricion aguda,nutricion normal (n),2007-02-01,132,119,167,138,299,257,556
INCAHUASI,desnutricion aguda,nutricion normal (n),2007-02-01,224,227,188,196,412,423,835
INGAVI (HUMAITA),desnutricion aguda,nutricion normal (n),2007-02-01,8,5,13,15,21,20,41
INQUISIVI,desnutricion aguda,nutricion normal (n),2007-02-01,96,86,70,58,166,144,310
LA GUARDIA,desnutricion aguda,nutricion normal (n),2007-02-01,107,59,65,57,172,116,288
LA RIVERA,desnutricion aguda,nutricion normal (n),2007-02-01,1,1,1,3,2,4,6
LAGUNILLAS,desnutricion aguda,nutricion normal (n),2007-02-01,56,65,85,93,141,158,299
LAS CARRERAS,desnutricion aguda,nutricion normal (n),2007-02-01,42,29,30,27,72,56,128
LICOMA PAMPA,desnutricion aguda,nutricion normal (n),2007-02-01,20,30,16,15,36,45,81
LLALLAGUA,desnutricion aguda,nutricion normal (n),2007-02-01,180,198,150,99,330,297,627
LLICA,desnutricion aguda,nutricion normal (n),2007-02-01,14,19,10,5,24,24,48
LORETO,desnutricion aguda,nutricion normal (n),2007-02-01,17,8,20,16,37,24,61
MACHACAMARCA,desnutricion aguda,nutricion normal (n),2007-02-01,19,16,20,16,39,32,71
MACHARETI,desnutricion aguda,nutricion normal (n),2007-02-01,80,69,95,115,175,184,359
MAGDALENA,desnutricion aguda,nutricion normal (n),2007-02-01,112,62,33,32,145,94,239
MAIRANA,desnutricion aguda,nutricion normal (n),2007-02-01,83,62,23,13,106,75,181
MINEROS,desnutricion aguda,nutricion normal (n),2007-02-01,125,120,89,98,214,218,432
MIZQUE,desnutricion aguda,nutricion normal (n),2007-02-01,148,102,103,94,251,196,447
MOJINETE,desnutricion aguda,nutricion normal (n),2007-02-01,1,4,4,3,5,7,12
MOJOCOYA,desnutricion aguda,nutricion normal (n),2007-02-01,25,28,37,31,62,59,121
MONTEAGUDO,desnutricion aguda,nutricion normal (n),2007-02-01,175,147,174,613,349,760,1109
MONTERO,desnutricion aguda,nutricion normal (n),2007-02-01,817,724,486,452,1303,1176,2479
MORO MORO,desnutricion aguda,nutricion normal (n),2007-02-01,18,19,16,8,34,27,61
MOROCHATA,desnutricion aguda,nutricion normal (n),2007-02-01,69,67,57,54,126,121,247
NACEBE (SANTA ROSA DEL ABUNA),desnutricion aguda,nutricion normal (n),2007-02-01,16,6,16,6,32,12,44
NUEVO MANOA (NUEVA ESPERANZA),desnutricion aguda,nutricion normal (n),2007-02-01,4,10,26,20,30,30,60
OCURI,desnutricion aguda,nutricion normal (n),2007-02-01,104,107,73,73,177,180,357
OKINAWA,desnutricion aguda,nutricion normal (n),2007-02-01,90,91,93,52,183,143,326
OMEREQUE,desnutricion aguda,nutricion normal (n),2007-02-01,45,33,42,47,87,80,167
ORURO,desnutricion aguda,nutricion normal (n),2007-02-01,942,846,478,428,1420,1274,2694
PADCAYA,desnutricion aguda,nutricion normal (n),2007-02-01,87,79,61,56,148,135,283
PADILLA,desnutricion aguda,nutricion normal (n),2007-02-01,135,151,168,179,303,330,633
PAILON,desnutricion aguda,nutricion normal (n),2007-02-01,111,122,66,82,177,204,381
PAMPA AULLAGAS,desnutricion aguda,nutricion normal (n),2007-02-01,22,19,13,10,35,29,64
PAMPA GRANDE,desnutricion aguda,nutricion normal (n),2007-02-01,37,41,45,44,82,85,167
PASORAPA,desnutricion aguda,nutricion normal (n),2007-02-01,44,24,77,41,121,65,186
PAZÑA,desnutricion aguda,nutricion normal (n),2007-02-01,18,10,12,9,30,19,49
POCOATA,desnutricion aguda,nutricion normal (n),2007-02-01,92,90,87,82,179,172,351
POCONA,desnutricion aguda,nutricion normal (n),2007-02-01,61,50,33,45,94,95,189
POJO (CBBA),desnutricion aguda,nutricion normal (n),2007-02-01,56,46,21,17,77,63,140
POOPO,desnutricion aguda,nutricion normal (n),2007-02-01,29,39,17,17,46,56,102
PORCO,desnutricion aguda,nutricion normal (n),2007-02-01,61,46,12,9,73,55,128
POROMA,desnutricion aguda,nutricion normal (n),2007-02-01,96,72,83,93,179,165,344
PORONGO,desnutricion aguda,nutricion normal (n),2007-02-01,6,21,20,18,26,39,65
PORTACHUELO,desnutricion aguda,nutricion normal (n),2007-02-01,113,106,78,70,191,176,367
PORVENIR,desnutricion aguda,nutricion normal (n),2007-02-01,56,36,24,38,80,74,154
POSTRER VALLE,desnutricion aguda,nutricion normal (n),2007-02-01,5,9,6,7,11,16,27
POTOSI,desnutricion aguda,nutricion normal (n),2007-02-01,842,741,332,277,1174,1018,2192
PRESTO,desnutricion aguda,nutricion normal (n),2007-02-01,57,64,63,81,120,145,265
PUCARA,desnutricion aguda,nutricion normal (n),2007-02-01,10,10,15,19,25,29,54
PUERTO GONZALO MORENO,desnutricion aguda,nutricion normal (n),2007-02-01,28,43,26,25,54,68,122
PUERTO QUIJARRO,desnutricion aguda,nutricion normal (n),2007-02-01,70,48,32,23,102,71,173
PUERTO RICO,desnutricion aguda,nutricion normal (n),2007-02-01,29,22,11,9,40,31,71
PUERTO SILES,desnutricion aguda,nutricion normal (n),2007-02-01,15,13,25,37,40,50,90
PUERTO SUAREZ,desnutricion aguda,nutricion normal (n),2007-02-01,63,69,27,27,90,96,186
PUERTO VILLARROEL,desnutricion aguda,nutricion normal (n),2007-02-01,275,175,141,98,416,273,689
PUNA,desnutricion aguda,nutricion normal (n),2007-02-01,163,163,163,124,326,287,613
PUNATA,desnutricion aguda,nutricion normal (n),2007-02-01,118,131,41,45,159,176,335
QUILLACOLLO,desnutricion aguda,nutricion normal (n),2007-02-01,753,589,401,256,1154,845,1999
QUIME,desnutricion aguda,nutricion normal (n),2007-02-01,83,80,106,102,189,182,371
QUIRUSILLAS,desnutricion aguda,nutricion normal (n),2007-02-01,5,13,11,12,16,25,41
RAVELO,desnutricion aguda,nutricion normal (n),2007-02-01,141,147,125,97,266,244,510
REYES,desnutricion aguda,nutricion normal (n),2007-02-01,59,79,50,55,109,134,243
RIBERALTA,desnutricion aguda,nutricion normal (n),2007-02-01,786,622,231,208,1017,830,1847
ROBORE,desnutricion aguda,nutricion normal (n),2007-02-01,123,103,71,59,194,162,356
RURRENABAQUE,desnutricion aguda,nutricion normal (n),2007-02-01,64,61,18,19,82,80,162
SABAYA,desnutricion aguda,nutricion normal (n),2007-02-01,17,6,7,7,24,13,37
SACABA,desnutricion aguda,nutricion normal (n),2007-02-01,391,359,151,115,542,474,1016
SACABAMBA,desnutricion aguda,nutricion normal (n),2007-02-01,47,28,10,24,57,52,109
SACACA,desnutricion aguda,nutricion normal (n),2007-02-01,191,180,237,161,428,341,769
SAIPINA,desnutricion aguda,nutricion normal (n),2007-02-01,20,16,22,15,42,31,73
SALINAS DE GARCI MENDOZA,desnutricion aguda,nutricion normal (n),2007-02-01,60,48,36,41,96,89,185
SAMAIPATA,desnutricion aguda,nutricion normal (n),2007-02-01,74,35,56,32,130,67,197
SAN AGUSTIN,desnutricion aguda,nutricion normal (n),2007-02-01,7,12,12,7,19,19,38
SAN ANDRES,desnutricion aguda,nutricion normal (n),2007-02-01,58,52,43,44,101,96,197
SAN ANTONIO DE ESMORUCO,desnutricion aguda,nutricion normal (n),2007-02-01,8,4,4,5,12,9,21
SAN ANTONIO DE LOMERIO,desnutricion aguda,nutricion normal (n),2007-02-01,63,52,63,45,126,97,223
SAN BENITO,desnutricion aguda,nutricion normal (n),2007-02-01,77,71,20,19,97,90,187
SAN BORJA,desnutricion aguda,nutricion normal (n),2007-02-01,337,327,189,149,526,476,1002
SAN CARLOS,desnutricion aguda,nutricion normal (n),2007-02-01,205,206,94,82,299,288,587
SAN IGNACIO,desnutricion aguda,nutricion normal (n),2007-02-01,169,154,101,82,270,236,506
SAN IGNACIO DE VELASCO,desnutricion aguda,nutricion normal (n),2007-02-01,422,359,310,256,732,615,1347
SAN JAVIER(BNI),desnutricion aguda,nutricion normal (n),2007-02-01,10,6,6,14,16,20,36
SAN JOAQUIN,desnutricion aguda,nutricion normal (n),2007-02-01,3,3,30,34,33,37,70
SAN JOSE DE CHIQUITOS,desnutricion aguda,nutricion normal (n),2007-02-01,65,58,51,37,116,95,211
SAN JUAN DE YAPACANI,desnutricion aguda,nutricion normal (n),2007-02-01,56,77,54,60,110,137,247
SAN JULIAN,desnutricion aguda,nutricion normal (n),2007-02-01,113,111,149,126,262,237,499
SAN LORENZO(PND),desnutricion aguda,nutricion normal (n),2007-02-01,14,13,2,3,16,16,32
SAN LORENZO(TJA),desnutricion aguda,nutricion normal (n),2007-02-01,102,107,85,69,187,176,363
SAN LUCAS,desnutricion aguda,nutricion normal (n),2007-02-01,334,314,295,282,629,596,1225
SAN MATIAS,desnutricion aguda,nutricion normal (n),2007-02-01,82,68,72,61,154,129,283
SAN MIGUEL DE VELASCO,desnutricion aguda,nutricion normal (n),2007-02-01,89,86,63,58,152,144,296
SAN PABLO DE LIPEZ,desnutricion aguda,nutricion normal (n),2007-02-01,24,15,8,13,32,28,60
SAN PEDRO,desnutricion aguda,nutricion normal (n),2007-02-01,133,115,71,78,204,193,397
SAN PEDRO DE QUEMES,desnutricion aguda,nutricion normal (n),2007-02-01,4,5,3,5,7,10,17
SAN PEDRO(PND),desnutricion aguda,nutricion normal (n),2007-02-01,7,4,4,5,11,9,20
SAN RAFAEL,desnutricion aguda,nutricion normal (n),2007-02-01,43,30,23,26,66,56,122
SAN RAMON,desnutricion aguda,nutricion normal (n),2007-02-01,27,32,25,22,52,54,106
SANTA ANA,desnutricion aguda,nutricion normal (n),2007-02-01,100,100,42,50,142,150,292
SANTA CRUZ DE LA SIERRA,desnutricion aguda,nutricion normal (n),2007-02-01,4374,4098,2122,1958,6496,6056,12552
SANTA ROSA,desnutricion aguda,nutricion normal (n),2007-02-01,30,19,10,7,40,26,66
SANTA ROSA DEL SARA,desnutricion aguda,nutricion normal (n),2007-02-01,102,98,69,90,171,188,359
SANTIAGO DE HUARI,desnutricion aguda,nutricion normal (n),2007-02-01,43,48,40,39,83,87,170
SANTIVAÑES,desnutricion aguda,nutricion normal (n),2007-02-01,44,34,69,61,113,95,208
SANTUARIO DE QUILLACAS,desnutricion aguda,nutricion normal (n),2007-02-01,16,11,16,15,32,26,58
SENA,desnutricion aguda,nutricion normal (n),2007-02-01,37,28,14,17,51,45,96
SICAYA,desnutricion aguda,nutricion normal (n),2007-02-01,19,19,5,3,24,22,46
SIPE SIPE,desnutricion aguda,nutricion normal (n),2007-02-01,135,133,48,49,183,182,365
SOPACHUY,desnutricion aguda,nutricion normal (n),2007-02-01,122,104,85,92,207,196,403
SORACACHI,desnutricion aguda,nutricion normal (n),2007-02-01,41,54,49,53,90,107,197
SUCRE,desnutricion aguda,nutricion normal (n),2007-02-01,1159,1056,757,641,1916,1697,3613
TACACHI,desnutricion aguda,nutricion normal (n),2007-02-01,6,10,0,0,6,10,16
TACOBAMBA,desnutricion aguda,nutricion normal (n),2007-02-01,58,48,45,33,103,81,184
TACOPAYA,desnutricion aguda,nutricion normal (n),2007-02-01,68,59,61,64,129,123,252
TAHUA,desnutricion aguda,nutricion normal (n),2007-02-01,8,7,7,4,15,11,26
TAPACARI,desnutricion aguda,nutricion normal (n),2007-02-01,189,150,85,56,274,206,480
TARABUCO,desnutricion aguda,nutricion normal (n),2007-02-01,198,197,244,241,442,438,880
TARATA,desnutricion aguda,nutricion normal (n),2007-02-01,41,51,19,21,60,72,132
TARIJA,desnutricion aguda,nutricion normal (n),2007-02-01,856,813,388,382,1244,1195,2439
TARVITA,desnutricion aguda,nutricion normal (n),2007-02-01,228,213,247,230,475,443,918
TINGUIPAYA,desnutricion aguda,nutricion normal (n),2007-02-01,49,48,30,24,79,72,151
TIQUIPAYA,desnutricion aguda,nutricion normal (n),2007-02-01,199,163,111,96,310,259,569
TIRAQUE (CBBA),desnutricion aguda,nutricion normal (n),2007-02-01,216,185,120,108,336,293,629
TOCO,desnutricion aguda,nutricion normal (n),2007-02-01,19,5,18,7,37,12,49
TOLATA,desnutricion aguda,nutricion normal (n),2007-02-01,23,19,9,10,32,29,61
TOLEDO,desnutricion aguda,nutricion normal (n),2007-02-01,32,19,19,20,51,39,90
TOMAVE,desnutricion aguda,nutricion normal (n),2007-02-01,107,8,67,9,174,17,191
TOMINA,desnutricion aguda,nutricion normal (n),2007-02-01,125,113,119,97,244,210,454
TORO TORO,desnutricion aguda,nutricion normal (n),2007-02-01,24,31,28,25,52,56,108
TOTORA(CBBA),desnutricion aguda,nutricion normal (n),2007-02-01,100,48,50,42,150,90,240
TOTORA(ORR),desnutricion aguda,nutricion normal (n),2007-02-01,21,20,13,9,34,29,63
TRIGAL,desnutricion aguda,nutricion normal (n),2007-02-01,9,8,9,13,18,21,39
TRINIDAD,desnutricion aguda,nutricion normal (n),2007-02-01,654,561,293,242,947,803,1750
TUPIZA,desnutricion aguda,nutricion normal (n),2007-02-01,289,225,236,244,525,469,994
TURCO,desnutricion aguda,nutricion normal (n),2007-02-01,16,11,9,10,25,21,46
UNCIA,desnutricion aguda,nutricion normal (n),2007-02-01,76,73,38,33,114,106,220
URIONDO (A. CONCEPCION),desnutricion aguda,nutricion normal (n),2007-02-01,108,94,78,85,186,179,365
URUBICHA,desnutricion aguda,nutricion normal (n),2007-02-01,70,80,137,101,207,181,388
UYUNI,desnutricion aguda,nutricion normal (n),2007-02-01,102,107,41,34,143,141,284
VACAS,desnutricion aguda,nutricion normal (n),2007-02-01,29,35,28,17,57,52,109
VALLEGRANDE,desnutricion aguda,nutricion normal (n),2007-02-01,120,110,42,51,162,161,323
VILA VILA,desnutricion aguda,nutricion normal (n),2007-02-01,3,6,6,4,9,10,19
VILLA MONTES,desnutricion aguda,nutricion normal (n),2007-02-01,193,189,119,121,312,310,622
VILLA NUEVA (LOMA ALTA),desnutricion aguda,nutricion normal (n),2007-02-01,9,6,4,7,13,13,26
VILLA RIVERO,desnutricion aguda,nutricion normal (n),2007-02-01,22,32,35,29,57,61,118
VILLA SERRANO,desnutricion aguda,nutricion normal (n),2007-02-01,113,120,146,132,259,252,511
VILLA TUNARI,desnutricion aguda,nutricion normal (n),2007-02-01,511,413,300,236,811,649,1460
VILLA VACA GUZMAN (MUYUPAMPA),desnutricion aguda,nutricion normal (n),2007-02-01,96,79,89,94,185,173,358
VILLAZON,desnutricion aguda,nutricion normal (n),2007-02-01,235,247,115,114,350,361,711
VINTO,desnutricion aguda,nutricion normal (n),2007-02-01,98,78,7,11,105,89,194
VITICHI,desnutricion aguda,nutricion normal (n),2007-02-01,84,56,87,49,171,105,276
WARNES,desnutricion aguda,nutricion normal (n),2007-02-01,213,215,176,159,389,374,763
YACUIBA,desnutricion aguda,nutricion normal (n),2007-02-01,313,253,112,108,425,361,786
YAMPARAEZ,desnutricion aguda,nutricion normal (n),2007-02-01,92,82,136,120,228,202,430
YAPACANI,desnutricion aguda,nutricion normal (n),2007-02-01,248,256,111,108,359,364,723
YOCALLA,desnutricion aguda,nutricion normal (n),2007-02-01,20,10,8,10,28,20,48
YOTALA,desnutricion aguda,nutricion normal (n),2007-02-01,50,59,91,93,141,152,293
YUNCHARA,desnutricion aguda,nutricion normal (n),2007-02-01,34,34,54,43,88,77,165
ZUDAÑEZ,desnutricion aguda,nutricion normal (n),2007-02-01,62,48,68,54,130,102,232
ACACIO,desnutricion aguda,nutricion normal (n),2007-03-01,25,20,24,22,49,42,91
AIQUILE,desnutricion aguda,nutricion normal (n),2007-03-01,86,93,99,76,185,169,354
ALALAY,desnutricion aguda,nutricion normal (n),2007-03-01,19,10,14,9,33,19,52
ALCALA,desnutricion aguda,nutricion normal (n),2007-03-01,29,34,28,31,57,65,122
ANDAMARCA,desnutricion aguda,nutricion normal (n),2007-03-01,22,13,42,39,64,52,116
ANTEQUERA,desnutricion aguda,nutricion normal (n),2007-03-01,27,20,18,21,45,41,86
ANZALDO,desnutricion aguda,nutricion normal (n),2007-03-01,36,52,34,34,70,86,156
ARAMPAMPA,desnutricion aguda,nutricion normal (n),2007-03-01,58,52,41,57,99,109,208
ARANI,desnutricion aguda,nutricion normal (n),2007-03-01,53,34,31,17,84,51,135
ARBIETO,desnutricion aguda,nutricion normal (n),2007-03-01,44,36,43,46,87,82,169
ARQUE,desnutricion aguda,nutricion normal (n),2007-03-01,61,66,47,32,108,98,206
ASCENCION DE GUARAYOS,desnutricion aguda,nutricion normal (n),2007-03-01,3,1,0,0,3,1,4
ATOCHA,desnutricion aguda,nutricion normal (n),2007-03-01,75,60,66,61,141,121,262
AYOPAYA (V. DE INDEPENDENCIA),desnutricion aguda,nutricion normal (n),2007-03-01,177,161,101,100,278,261,539
AZURDUY,desnutricion aguda,nutricion normal (n),2007-03-01,229,196,293,211,522,407,929
BAURES,desnutricion aguda,nutricion normal (n),2007-03-01,38,43,46,48,84,91,175
BELEN DE ANDAMARCA,desnutricion aguda,nutricion normal (n),2007-03-01,8,9,6,8,14,17,31
BELEN DE URMIRI,desnutricion aguda,nutricion normal (n),2007-03-01,9,7,4,5,13,12,25
BELLA FLOR,desnutricion aguda,nutricion normal (n),2007-03-01,25,22,24,27,49,49,98
BERMEJO,desnutricion aguda,nutricion normal (n),2007-03-01,45,38,24,20,69,58,127
BETANZOS,desnutricion aguda,nutricion normal (n),2007-03-01,202,168,197,195,399,363,762
BOLIVAR,desnutricion aguda,nutricion normal (n),2007-03-01,48,50,54,55,102,105,207
BOLPEBRA,desnutricion aguda,nutricion normal (n),2007-03-01,8,10,14,11,22,21,43
BOYUIBE,desnutricion aguda,nutricion normal (n),2007-03-01,44,30,55,47,99,77,176
BUENA VISTA,desnutricion aguda,nutricion normal (n),2007-03-01,119,132,113,126,232,258,490
CABEZAS,desnutricion aguda,nutricion normal (n),2007-03-01,88,67,87,60,175,127,302
"CAIZA ""D""",desnutricion aguda,nutricion normal (n),2007-03-01,54,54,63,61,117,115,232
CAJUATA,desnutricion aguda,nutricion normal (n),2007-03-01,63,81,45,54,108,135,243
CAMARGO,desnutricion aguda,nutricion normal (n),2007-03-01,133,150,100,106,233,256,489
CAMATAQUI (C. VILLA ABECIA),desnutricion aguda,nutricion normal (n),2007-03-01,26,28,24,19,50,47,97
CAMIRI,desnutricion aguda,nutricion normal (n),2007-03-01,318,336,350,293,668,629,1297
CAPINOTA,desnutricion aguda,nutricion normal (n),2007-03-01,78,76,38,39,116,115,231
CARACOLLO,desnutricion aguda,nutricion normal (n),2007-03-01,74,69,38,43,112,112,224
CARANGAS,desnutricion aguda,nutricion normal (n),2007-03-01,0,0,4,4,4,4,8
CARAPARI,desnutricion aguda,nutricion normal (n),2007-03-01,73,78,80,72,153,150,303
CARIPUYO,desnutricion aguda,nutricion normal (n),2007-03-01,75,68,80,71,155,139,294
CARMEN RIVERO TORREZ,desnutricion aguda,nutricion normal (n),2007-03-01,28,17,16,8,44,25,69
CHALLAPATA,desnutricion aguda,nutricion normal (n),2007-03-01,115,115,79,79,194,194,388
CHAQUI,desnutricion aguda,nutricion normal (n),2007-03-01,51,42,35,41,86,83,169
CHARAGUA,desnutricion aguda,nutricion normal (n),2007-03-01,134,139,141,119,275,258,533
CHAYANTA,desnutricion aguda,nutricion normal (n),2007-03-01,72,89,57,47,129,136,265
CHIMORE,desnutricion aguda,nutricion normal (n),2007-03-01,72,68,84,76,156,144,300
CHIPAYA,desnutricion aguda,nutricion normal (n),2007-03-01,4,11,8,6,12,17,29
CHOQUE COTA,desnutricion aguda,nutricion normal (n),2007-03-01,3,2,0,4,3,6,9
CLIZA,desnutricion aguda,nutricion normal (n),2007-03-01,2,0,2,3,4,3,7
COBIJA,desnutricion aguda,nutricion normal (n),2007-03-01,285,248,179,108,464,356,820
COCHABAMBA,desnutricion aguda,nutricion normal (n),2007-03-01,1893,1781,955,905,2848,2686,5534
COIPASA,desnutricion aguda,nutricion normal (n),2007-03-01,2,2,1,1,3,3,6
COLCAPIRHUA,desnutricion aguda,nutricion normal (n),2007-03-01,109,127,53,52,162,179,341
"COLCHA ""K""",desnutricion aguda,nutricion normal (n),2007-03-01,68,56,43,62,111,118,229
COLOMI,desnutricion aguda,nutricion normal (n),2007-03-01,172,140,83,70,255,210,465
COLPA BELGICA,desnutricion aguda,nutricion normal (n),2007-03-01,35,53,24,27,59,80,139
COLQUECHACA,desnutricion aguda,nutricion normal (n),2007-03-01,177,153,79,96,256,249,505
COLQUIRI,desnutricion aguda,nutricion normal (n),2007-03-01,108,116,83,64,191,180,371
COMARAPA,desnutricion aguda,nutricion normal (n),2007-03-01,108,104,85,109,193,213,406
CONCEPCION,desnutricion aguda,nutricion normal (n),2007-03-01,108,82,67,47,175,129,304
CORQUE,desnutricion aguda,nutricion normal (n),2007-03-01,32,34,34,48,66,82,148
COTAGAITA,desnutricion aguda,nutricion normal (n),2007-03-01,195,212,147,126,342,338,680
COTOCA,desnutricion aguda,nutricion normal (n),2007-03-01,127,119,7,9,134,128,262
CUATRO CAÑADAS,desnutricion aguda,nutricion normal (n),2007-03-01,102,93,63,55,165,148,313
CUCHUMUELA (V. G. VILLARROEL),desnutricion aguda,nutricion normal (n),2007-03-01,8,9,5,1,13,10,23
CUEVO,desnutricion aguda,nutricion normal (n),2007-03-01,26,53,42,43,68,96,164
CULPINA,desnutricion aguda,nutricion normal (n),2007-03-01,217,213,191,186,408,399,807
CURAHUARA DE CARANGAS,desnutricion aguda,nutricion normal (n),2007-03-01,29,21,15,16,44,37,81
EL CHORO,desnutricion aguda,nutricion normal (n),2007-03-01,18,7,11,21,29,28,57
EL PUENTE(STC),desnutricion aguda,nutricion normal (n),2007-03-01,127,119,82,96,209,215,424
EL PUENTE(TJA),desnutricion aguda,nutricion normal (n),2007-03-01,53,51,61,38,114,89,203
EL TORNO,desnutricion aguda,nutricion normal (n),2007-03-01,74,70,8,5,82,75,157
EL VILLAR,desnutricion aguda,nutricion normal (n),2007-03-01,77,67,87,70,164,137,301
ENTRE RIOS,desnutricion aguda,nutricion normal (n),2007-03-01,178,145,152,138,330,283,613
ENTRE RIOS,desnutricion aguda,nutricion normal (n),2007-03-01,175,191,113,97,288,288,576
ESCARA,desnutricion aguda,nutricion normal (n),2007-03-01,0,1,1,2,1,3,4
ESMERALDA,desnutricion aguda,nutricion normal (n),2007-03-01,0,0,1,1,1,1,2
EUCALIPTUS,desnutricion aguda,nutricion normal (n),2007-03-01,32,37,63,69,95,106,201
EXALTACION,desnutricion aguda,nutricion normal (n),2007-03-01,10,7,17,19,27,26,53
FERNANDEZ ALONSO,desnutricion aguda,nutricion normal (n),2007-03-01,63,59,42,60,105,119,224
FILADELFIA,desnutricion aguda,nutricion normal (n),2007-03-01,58,58,56,50,114,108,222
GENERAL SAAVEDRA,desnutricion aguda,nutricion normal (n),2007-03-01,94,77,66,72,160,149,309
GUAYARAMERIN,desnutricion aguda,nutricion normal (n),2007-03-01,285,239,151,138,436,377,813
GUTIERREZ,desnutricion aguda,nutricion normal (n),2007-03-01,18,18,15,13,33,31,64
HUACARETA,desnutricion aguda,nutricion normal (n),2007-03-01,113,103,119,110,232,213,445
HUACAYA (VILLA DE HUACAYA),desnutricion aguda,nutricion normal (n),2007-03-01,38,45,51,49,89,94,183
HUACHACALLA,desnutricion aguda,nutricion normal (n),2007-03-01,6,2,21,25,27,27,54
HUANUNI,desnutricion aguda,nutricion normal (n),2007-03-01,40,41,54,47,94,88,182
HUARACAJE,desnutricion aguda,nutricion normal (n),2007-03-01,30,17,23,11,53,28,81
HUAYLLAMARCA,desnutricion aguda,nutricion normal (n),2007-03-01,14,12,12,11,26,23,49
ICHOCA,desnutricion aguda,nutricion normal (n),2007-03-01,11,13,8,10,19,23,42
ICLA,desnutricion aguda,nutricion normal (n),2007-03-01,138,136,172,172,310,308,618
INCAHUASI,desnutricion aguda,nutricion normal (n),2007-03-01,207,194,149,145,356,339,695
INGAVI (HUMAITA),desnutricion aguda,nutricion normal (n),2007-03-01,5,4,9,7,14,11,25
INQUISIVI,desnutricion aguda,nutricion normal (n),2007-03-01,95,92,78,69,173,161,334
LA GUARDIA,desnutricion aguda,nutricion normal (n),2007-03-01,145,140,48,57,193,197,390
LA RIVERA,desnutricion aguda,nutricion normal (n),2007-03-01,2,1,1,4,3,5,8
LAGUNILLAS,desnutricion aguda,nutricion normal (n),2007-03-01,54,62,83,84,137,146,283
LAS CARRERAS,desnutricion aguda,nutricion normal (n),2007-03-01,38,42,48,52,86,94,180
LICOMA PAMPA,desnutricion aguda,nutricion normal (n),2007-03-01,27,33,23,28,50,61,111
LLALLAGUA,desnutricion aguda,nutricion normal (n),2007-03-01,228,185,176,119,404,304,708
LLICA,desnutricion aguda,nutricion normal (n),2007-03-01,33,34,19,21,52,55,107
LORETO,desnutricion aguda,nutricion normal (n),2007-03-01,17,17,29,24,46,41,87
MACHACAMARCA,desnutricion aguda,nutricion normal (n),2007-03-01,28,29,28,18,56,47,103
MACHARETI,desnutricion aguda,nutricion normal (n),2007-03-01,95,80,133,141,228,221,449
MAGDALENA,desnutricion aguda,nutricion normal (n),2007-03-01,52,58,30,18,82,76,158
MAIRANA,desnutricion aguda,nutricion normal (n),2007-03-01,111,98,46,31,157,129,286
MINEROS,desnutricion aguda,nutricion normal (n),2007-03-01,170,165,114,92,284,257,541
MIZQUE,desnutricion aguda,nutricion normal (n),2007-03-01,229,171,177,152,406,323,729
MOJINETE,desnutricion aguda,nutricion normal (n),2007-03-01,2,1,4,6,6,7,13
MOJOCOYA,desnutricion aguda,nutricion normal (n),2007-03-01,73,60,82,65,155,125,280
MONTEAGUDO,desnutricion aguda,nutricion normal (n),2007-03-01,195,182,197,163,392,345,737
MONTERO,desnutricion aguda,nutricion normal (n),2007-03-01,873,942,572,571,1445,1513,2958
MORO MORO,desnutricion aguda,nutricion normal (n),2007-03-01,16,17,19,19,35,36,71
MOROCHATA,desnutricion aguda,nutricion normal (n),2007-03-01,99,97,77,67,176,164,340
NACEBE (SANTA ROSA DEL ABUNA),desnutricion aguda,nutricion normal (n),2007-03-01,23,26,14,21,37,47,84
NUEVO MANOA (NUEVA ESPERANZA),desnutricion aguda,nutricion normal (n),2007-03-01,4,13,6,6,10,19,29
OCURI,desnutricion aguda,nutricion normal (n),2007-03-01,107,120,111,98,218,218,436
OKINAWA,desnutricion aguda,nutricion normal (n),2007-03-01,74,97,56,51,130,148,278
OMEREQUE,desnutricion aguda,nutricion normal (n),2007-03-01,50,41,34,25,84,66,150
ORURO,desnutricion aguda,nutricion normal (n),2007-03-01,987,995,587,585,1574,1580,3154
PADCAYA,desnutricion aguda,nutricion normal (n),2007-03-01,81,72,52,61,133,133,266
PADILLA,desnutricion aguda,nutricion normal (n),2007-03-01,125,157,160,160,285,317,602
PAILON,desnutricion aguda,nutricion normal (n),2007-03-01,108,125,75,62,183,187,370
PAMPA AULLAGAS,desnutricion aguda,nutricion normal (n),2007-03-01,17,25,17,14,34,39,73
PAMPA GRANDE,desnutricion aguda,nutricion normal (n),2007-03-01,49,42,16,18,65,60,125
PASORAPA,desnutricion aguda,nutricion normal (n),2007-03-01,19,20,30,26,49,46,95
PAZÑA,desnutricion aguda,nutricion normal (n),2007-03-01,35,28,33,33,68,61,129
POCOATA,desnutricion aguda,nutricion normal (n),2007-03-01,184,143,194,152,378,295,673
POCONA,desnutricion aguda,nutricion normal (n),2007-03-01,67,54,42,47,109,101,210
POJO (CBBA),desnutricion aguda,nutricion normal (n),2007-03-01,116,95,77,103,193,198,391
POOPO,desnutricion aguda,nutricion normal (n),2007-03-01,40,27,11,11,51,38,89
PORCO,desnutricion aguda,nutricion normal (n),2007-03-01,58,69,14,20,72,89,161
POROMA,desnutricion aguda,nutricion normal (n),2007-03-01,115,89,115,74,230,163,393
PORONGO,desnutricion aguda,nutricion normal (n),2007-03-01,12,8,1,0,13,8,21
PORTACHUELO,desnutricion aguda,nutricion normal (n),2007-03-01,129,134,102,82,231,216,447
PORVENIR,desnutricion aguda,nutricion normal (n),2007-03-01,43,48,39,42,82,90,172
POSTRER VALLE,desnutricion aguda,nutricion normal (n),2007-03-01,8,13,5,9,13,22,35
POTOSI,desnutricion aguda,nutricion normal (n),2007-03-01,910,791,497,411,1407,1202,2609
PRESTO,desnutricion aguda,nutricion normal (n),2007-03-01,95,78,112,91,207,169,376
PUCARA,desnutricion aguda,nutricion normal (n),2007-03-01,3,6,2,1,5,7,12
PUERTO GONZALO MORENO,desnutricion aguda,nutricion normal (n),2007-03-01,32,19,19,20,51,39,90
PUERTO QUIJARRO,desnutricion aguda,nutricion normal (n),2007-03-01,78,87,35,23,113,110,223
PUERTO RICO,desnutricion aguda,nutricion normal (n),2007-03-01,55,66,27,22,82,88,170
PUERTO SILES,desnutricion aguda,nutricion normal (n),2007-03-01,2,6,4,6,6,12,18
PUERTO SUAREZ,desnutricion aguda,nutricion normal (n),2007-03-01,72,73,34,28,106,101,207
PUERTO VILLARROEL,desnutricion aguda,nutricion normal (n),2007-03-01,335,251,207,171,542,422,964
PUNA,desnutricion aguda,nutricion normal (n),2007-03-01,197,202,175,198,372,400,772
PUNATA,desnutricion aguda,nutricion normal (n),2007-03-01,235,207,77,85,312,292,604
QUILLACOLLO,desnutricion aguda,nutricion normal (n),2007-03-01,799,706,272,366,1071,1072,2143
QUIME,desnutricion aguda,nutricion normal (n),2007-03-01,110,103,101,87,211,190,401
QUIRUSILLAS,desnutricion aguda,nutricion normal (n),2007-03-01,17,11,22,12,39,23,62
RAVELO,desnutricion aguda,nutricion normal (n),2007-03-01,154,161,159,123,313,284,597
REYES,desnutricion aguda,nutricion normal (n),2007-03-01,72,78,67,47,139,125,264
RIBERALTA,desnutricion aguda,nutricion normal (n),2007-03-01,934,736,325,261,1259,997,2256
ROBORE,desnutricion aguda,nutricion normal (n),2007-03-01,144,128,85,89,229,217,446
RURRENABAQUE,desnutricion aguda,nutricion normal (n),2007-03-01,73,88,30,36,103,124,227
SABAYA,desnutricion aguda,nutricion normal (n),2007-03-01,21,23,25,18,46,41,87
SACABA,desnutricion aguda,nutricion normal (n),2007-03-01,526,466,284,198,810,664,1474
SACABAMBA,desnutricion aguda,nutricion normal (n),2007-03-01,33,26,37,17,70,43,113
SACACA,desnutricion aguda,nutricion normal (n),2007-03-01,176,188,225,162,401,350,751
SAIPINA,desnutricion aguda,nutricion normal (n),2007-03-01,37,34,70,72,107,106,213
SALINAS DE GARCI MENDOZA,desnutricion aguda,nutricion normal (n),2007-03-01,80,71,59,62,139,133,272
SAMAIPATA,desnutricion aguda,nutricion normal (n),2007-03-01,74,49,50,28,124,77,201
SAN AGUSTIN,desnutricion aguda,nutricion normal (n),2007-03-01,18,15,10,17,28,32,60
SAN ANDRES,desnutricion aguda,nutricion normal (n),2007-03-01,80,54,69,70,149,124,273
SAN ANTONIO DE ESMORUCO,desnutricion aguda,nutricion normal (n),2007-03-01,5,8,8,7,13,15,28
SAN ANTONIO DE LOMERIO,desnutricion aguda,nutricion normal (n),2007-03-01,91,68,95,66,186,134,320
SAN BENITO,desnutricion aguda,nutricion normal (n),2007-03-01,79,46,32,33,111,79,190
SAN BORJA,desnutricion aguda,nutricion normal (n),2007-03-01,328,330,145,139,473,469,942
SAN CARLOS,desnutricion aguda,nutricion normal (n),2007-03-01,195,196,91,98,286,294,580
SAN IGNACIO,desnutricion aguda,nutricion normal (n),2007-03-01,87,65,88,84,175,149,324
SAN IGNACIO DE VELASCO,desnutricion aguda,nutricion normal (n),2007-03-01,435,384,330,305,765,689,1454
SAN JAVIER(BNI),desnutricion aguda,nutricion normal (n),2007-03-01,7,10,10,11,17,21,38
SAN JOAQUIN,desnutricion aguda,nutricion normal (n),2007-03-01,29,18,22,19,51,37,88
SAN JOSE DE CHIQUITOS,desnutricion aguda,nutricion normal (n),2007-03-01,64,70,35,43,99,113,212
SAN JUAN DE YAPACANI,desnutricion aguda,nutricion normal (n),2007-03-01,81,81,76,74,157,155,312
SAN JULIAN,desnutricion aguda,nutricion normal (n),2007-03-01,131,146,192,203,323,349,672
SAN LORENZO(PND),desnutricion aguda,nutricion normal (n),2007-03-01,46,40,34,36,80,76,156
SAN LORENZO(TJA),desnutricion aguda,nutricion normal (n),2007-03-01,100,95,102,81,202,176,378
SAN LUCAS,desnutricion aguda,nutricion normal (n),2007-03-01,359,336,347,338,706,674,1380
SAN MATIAS,desnutricion aguda,nutricion normal (n),2007-03-01,77,102,77,57,154,159,313
SAN MIGUEL DE VELASCO,desnutricion aguda,nutricion normal (n),2007-03-01,93,90,57,52,150,142,292
SAN PABLO DE LIPEZ,desnutricion aguda,nutricion normal (n),2007-03-01,40,20,12,11,52,31,83
SAN PEDRO,desnutricion aguda,nutricion normal (n),2007-03-01,138,154,119,101,257,255,512
SAN PEDRO DE QUEMES,desnutricion aguda,nutricion normal (n),2007-03-01,1,4,3,2,4,6,10
SAN PEDRO(PND),desnutricion aguda,nutricion normal (n),2007-03-01,5,7,3,12,8,19,27
SAN RAFAEL,desnutricion aguda,nutricion normal (n),2007-03-01,46,47,40,29,86,76,162
SAN RAMON,desnutricion aguda,nutricion normal (n),2007-03-01,27,26,20,14,47,40,87
SANTA ANA,desnutricion aguda,nutricion normal (n),2007-03-01,98,120,64,66,162,186,348
SANTA CRUZ DE LA SIERRA,desnutricion aguda,nutricion normal (n),2007-03-01,5115,4294,2705,2512,7820,6806,14626
SANTA ROSA,desnutricion aguda,nutricion normal (n),2007-03-01,32,22,12,15,44,37,81
SANTA ROSA DEL SARA,desnutricion aguda,nutricion normal (n),2007-03-01,93,112,78,96,171,208,379
SANTIAGO DE HUARI,desnutricion aguda,nutricion normal (n),2007-03-01,53,43,50,53,103,96,199
SANTIVAÑES,desnutricion aguda,nutricion normal (n),2007-03-01,50,44,71,63,121,107,228
SANTUARIO DE QUILLACAS,desnutricion aguda,nutricion normal (n),2007-03-01,12,12,17,15,29,27,56
SENA,desnutricion aguda,nutricion normal (n),2007-03-01,52,43,26,31,78,74,152
SICAYA,desnutricion aguda,nutricion normal (n),2007-03-01,17,23,8,2,25,25,50
SIPE SIPE,desnutricion aguda,nutricion normal (n),2007-03-01,226,174,100,79,326,253,579
SOPACHUY,desnutricion aguda,nutricion normal (n),2007-03-01,128,115,96,83,224,198,422
SORACACHI,desnutricion aguda,nutricion normal (n),2007-03-01,70,55,70,51,140,106,246
SUCRE,desnutricion aguda,nutricion normal (n),2007-03-01,1217,1198,1087,985,2304,2183,4487
TACACHI,desnutricion aguda,nutricion normal (n),2007-03-01,6,5,4,2,10,7,17
TACOBAMBA,desnutricion aguda,nutricion normal (n),2007-03-01,41,39,45,25,86,64,150
TACOPAYA,desnutricion aguda,nutricion normal (n),2007-03-01,80,93,90,72,170,165,335
TAHUA,desnutricion aguda,nutricion normal (n),2007-03-01,13,7,5,3,18,10,28
TAPACARI,desnutricion aguda,nutricion normal (n),2007-03-01,229,175,127,119,356,294,650
TARABUCO,desnutricion aguda,nutricion normal (n),2007-03-01,184,196,268,248,452,444,896
TARATA,desnutricion aguda,nutricion normal (n),2007-03-01,40,46,24,48,64,94,158
TARIJA,desnutricion aguda,nutricion normal (n),2007-03-01,973,872,574,626,1547,1498,3045
TARVITA,desnutricion aguda,nutricion normal (n),2007-03-01,265,240,327,265,592,505,1097
TINGUIPAYA,desnutricion aguda,nutricion normal (n),2007-03-01,93,75,69,74,162,149,311
TIQUIPAYA,desnutricion aguda,nutricion normal (n),2007-03-01,235,214,128,116,363,330,693
TIRAQUE (CBBA),desnutricion aguda,nutricion normal (n),2007-03-01,199,163,67,84,266,247,513
TOCO,desnutricion aguda,nutricion normal (n),2007-03-01,32,13,18,12,50,25,75
TODOS SANTOS,desnutricion aguda,nutricion normal (n),2007-03-01,1,0,6,4,7,4,11
TOLATA,desnutricion aguda,nutricion normal (n),2007-03-01,28,23,16,15,44,38,82
TOLEDO,desnutricion aguda,nutricion normal (n),2007-03-01,44,41,28,40,72,81,153
TOMAVE,desnutricion aguda,nutricion normal (n),2007-03-01,95,27,82,11,177,38,215
TOMINA,desnutricion aguda,nutricion normal (n),2007-03-01,122,125,131,122,253,247,500
TORO TORO,desnutricion aguda,nutricion normal (n),2007-03-01,56,57,91,72,147,129,276
TOTORA(CBBA),desnutricion aguda,nutricion normal (n),2007-03-01,99,91,44,43,143,134,277
TOTORA(ORR),desnutricion aguda,nutricion normal (n),2007-03-01,16,28,26,18,42,46,88
TRIGAL,desnutricion aguda,nutricion normal (n),2007-03-01,13,10,12,18,25,28,53
TRINIDAD,desnutricion aguda,nutricion normal (n),2007-03-01,570,585,334,236,904,821,1725
TUPIZA,desnutricion aguda,nutricion normal (n),2007-03-01,203,261,199,196,402,457,859
TURCO,desnutricion aguda,nutricion normal (n),2007-03-01,37,35,33,42,70,77,147
UNCIA,desnutricion aguda,nutricion normal (n),2007-03-01,82,77,43,49,125,126,251
URIONDO (A. CONCEPCION),desnutricion aguda,nutricion normal (n),2007-03-01,155,133,83,122,238,255,493
UYUNI,desnutricion aguda,nutricion normal (n),2007-03-01,139,131,73,86,212,217,429
VACAS,desnutricion aguda,nutricion normal (n),2007-03-01,51,28,18,17,69,45,114
VALLEGRANDE,desnutricion aguda,nutricion normal (n),2007-03-01,121,126,70,76,191,202,393
VILA VILA,desnutricion aguda,nutricion normal (n),2007-03-01,15,14,11,5,26,19,45
VILLA MONTES,desnutricion aguda,nutricion normal (n),2007-03-01,253,197,150,137,403,334,737
VILLA NUEVA (LOMA ALTA),desnutricion aguda,nutricion normal (n),2007-03-01,3,6,3,2,6,8,14
VILLA RIVERO,desnutricion aguda,nutricion normal (n),2007-03-01,41,27,26,19,67,46,113
VILLA SERRANO,desnutricion aguda,nutricion normal (n),2007-03-01,140,140,184,171,324,311,635
VILLA TUNARI,desnutricion aguda,nutricion normal (n),2007-03-01,358,309,237,196,595,505,1100
VILLA VACA GUZMAN (MUYUPAMPA),desnutricion aguda,nutricion normal (n),2007-03-01,92,90,132,138,224,228,452
VILLAZON,desnutricion aguda,nutricion normal (n),2007-03-01,211,220,150,135,361,355,716
VINTO,desnutricion aguda,nutricion normal (n),2007-03-01,172,139,24,40,196,179,375
VITICHI,desnutricion aguda,nutricion normal (n),2007-03-01,92,55,48,42,140,97,237
WARNES,desnutricion aguda,nutricion normal (n),2007-03-01,316,291,236,226,552,517,1069
YACUIBA,desnutricion aguda,nutricion normal (n),2007-03-01,292,227,129,129,421,356,777
YAMPARAEZ,desnutricion aguda,nutricion normal (n),2007-03-01,93,97,154,139,247,236,483
YAPACANI,desnutricion aguda,nutricion normal (n),2007-03-01,276,265,155,131,431,396,827
YOCALLA,desnutricion aguda,nutricion normal (n),2007-03-01,29,21,28,29,57,50,107
YOTALA,desnutricion aguda,nutricion normal (n),2007-03-01,75,83,100,93,175,176,351
YUNCHARA,desnutricion aguda,nutricion normal (n),2007-03-01,35,24,40,39,75,63,138
ZUDAÑEZ,desnutricion aguda,nutricion normal (n),2007-03-01,78,72,98,74,176,146,322
ACACIO,desnutricion aguda,nutricion normal (n),2007-04-01,67,61,53,45,120,106,226
AIQUILE,desnutricion aguda,nutricion normal (n),2007-04-01,43,41,42,47,85,88,173
ALALAY,desnutricion aguda,nutricion normal (n),2007-04-01,23,19,20,10,43,29,72
ALCALA,desnutricion aguda,nutricion normal (n),2007-04-01,32,41,34,35,66,76,142
ANDAMARCA,desnutricion aguda,nutricion normal (n),2007-04-01,20,18,25,25,45,43,88
ANTEQUERA,desnutricion aguda,nutricion normal (n),2007-04-01,12,13,51,43,63,56,119
ANZALDO,desnutricion aguda,nutricion normal (n),2007-04-01,23,45,43,22,66,67,133
ARAMPAMPA,desnutricion aguda,nutricion normal (n),2007-04-01,54,45,45,38,99,83,182
ARANI,desnutricion aguda,nutricion normal (n),2007-04-01,4,8,1,3,5,11,16
ARBIETO,desnutricion aguda,nutricion normal (n),2007-04-01,48,41,39,41,87,82,169
ARQUE,desnutricion aguda,nutricion normal (n),2007-04-01,37,34,21,26,58,60,118
ASCENCION DE GUARAYOS,desnutricion aguda,nutricion normal (n),2007-04-01,217,246,232,219,449,465,914
ATOCHA,desnutricion aguda,nutricion normal (n),2007-04-01,89,83,77,87,166,170,336
AYOPAYA (V. DE INDEPENDENCIA),desnutricion aguda,nutricion normal (n),2007-04-01,126,129,82,80,208,209,417
AZURDUY,desnutricion aguda,nutricion normal (n),2007-04-01,242,204,272,212,514,416,930
BAURES,desnutricion aguda,nutricion normal (n),2007-04-01,40,39,28,29,68,68,136
BELEN DE ANDAMARCA,desnutricion aguda,nutricion normal (n),2007-04-01,5,16,8,7,13,23,36
BELEN DE URMIRI,desnutricion aguda,nutricion normal (n),2007-04-01,8,14,7,5,15,19,34
BELLA FLOR,desnutricion aguda,nutricion normal (n),2007-04-01,24,37,38,21,62,58,120
BERMEJO,desnutricion aguda,nutricion normal (n),2007-04-01,50,40,10,11,60,51,111
BETANZOS,desnutricion aguda,nutricion normal (n),2007-04-01,228,187,218,190,446,377,823
BOLIVAR,desnutricion aguda,nutricion normal (n),2007-04-01,53,36,26,27,79,63,142
BOLPEBRA,desnutricion aguda,nutricion normal (n),2007-04-01,20,12,21,24,41,36,77
BOYUIBE,desnutricion aguda,nutricion normal (n),2007-04-01,32,20,33,37,65,57,122
BUENA VISTA,desnutricion aguda,nutricion normal (n),2007-04-01,124,106,92,98,216,204,420
CABEZAS,desnutricion aguda,nutricion normal (n),2007-04-01,125,92,86,77,211,169,380
"CAIZA ""D""",desnutricion aguda,nutricion normal (n),2007-04-01,45,53,39,49,84,102,186
CAJUATA,desnutricion aguda,nutricion normal (n),2007-04-01,71,74,58,47,129,121,250
CAMARGO,desnutricion aguda,nutricion normal (n),2007-04-01,138,137,117,120,255,257,512
CAMATAQUI (C. VILLA ABECIA),desnutricion aguda,nutricion normal (n),2007-04-01,31,39,31,32,62,71,133
CAMIRI,desnutricion aguda,nutricion normal (n),2007-04-01,291,285,362,261,653,546,1199
CAPINOTA,desnutricion aguda,nutricion normal (n),2007-04-01,101,91,68,36,169,127,296
CARACOLLO,desnutricion aguda,nutricion normal (n),2007-04-01,51,78,31,30,82,108,190
CARANGAS,desnutricion aguda,nutricion normal (n),2007-04-01,2,1,0,4,2,5,7
CARAPARI,desnutricion aguda,nutricion normal (n),2007-04-01,75,90,88,65,163,155,318
CARIPUYO,desnutricion aguda,nutricion normal (n),2007-04-01,74,49,68,68,142,117,259
CARMEN RIVERO TORREZ,desnutricion aguda,nutricion normal (n),2007-04-01,29,17,12,12,41,29,70
CHALLAPATA,desnutricion aguda,nutricion normal (n),2007-04-01,132,119,85,76,217,195,412
CHAQUI,desnutricion aguda,nutricion normal (n),2007-04-01,40,39,36,50,76,89,165
CHARAGUA,desnutricion aguda,nutricion normal (n),2007-04-01,141,139,105,112,246,251,497
CHAYANTA,desnutricion aguda,nutricion normal (n),2007-04-01,35,41,40,32,75,73,148
CHIMORE,desnutricion aguda,nutricion normal (n),2007-04-01,65,83,72,37,137,120,257
CHIPAYA,desnutricion aguda,nutricion normal (n),2007-04-01,2,8,4,10,6,18,24
CHOQUE COTA,desnutricion aguda,nutricion normal (n),2007-04-01,4,7,4,2,8,9,17
COBIJA,desnutricion aguda,nutricion normal (n),2007-04-01,267,217,139,138,406,355,761
COCHABAMBA,desnutricion aguda,nutricion normal (n),2007-04-01,1557,1497,771,756,2328,2253,4581
COIPASA,desnutricion aguda,nutricion normal (n),2007-04-01,2,3,5,8,7,11,18
COLCAPIRHUA,desnutricion aguda,nutricion normal (n),2007-04-01,133,77,29,43,162,120,282
"COLCHA ""K""",desnutricion aguda,nutricion normal (n),2007-04-01,66,57,33,49,99,106,205
COLOMI,desnutricion aguda,nutricion normal (n),2007-04-01,200,160,102,95,302,255,557
COLPA BELGICA,desnutricion aguda,nutricion normal (n),2007-04-01,35,50,36,36,71,86,157
COLQUECHACA,desnutricion aguda,nutricion normal (n),2007-04-01,121,106,67,57,188,163,351
COLQUIRI,desnutricion aguda,nutricion normal (n),2007-04-01,110,110,68,69,178,179,357
COMARAPA,desnutricion aguda,nutricion normal (n),2007-04-01,62,55,53,55,115,110,225
CONCEPCION,desnutricion aguda,nutricion normal (n),2007-04-01,184,123,70,44,254,167,421
CORQUE,desnutricion aguda,nutricion normal (n),2007-04-01,29,20,31,34,60,54,114
COTAGAITA,desnutricion aguda,nutricion normal (n),2007-04-01,173,154,138,132,311,286,597
COTOCA,desnutricion aguda,nutricion normal (n),2007-04-01,167,166,81,67,248,233,481
CUATRO CAÑADAS,desnutricion aguda,nutricion normal (n),2007-04-01,64,78,62,53,126,131,257
CUCHUMUELA (V. G. VILLARROEL),desnutricion aguda,nutricion normal (n),2007-04-01,11,6,1,2,12,8,20
CUEVO,desnutricion aguda,nutricion normal (n),2007-04-01,27,26,32,35,59,61,120
CULPINA,desnutricion aguda,nutricion normal (n),2007-04-01,213,203,173,199,386,402,788
CURAHUARA DE CARANGAS,desnutricion aguda,nutricion normal (n),2007-04-01,24,16,17,6,41,22,63
EL CHORO,desnutricion aguda,nutricion normal (n),2007-04-01,22,10,17,31,39,41,80
EL PUENTE(STC),desnutricion aguda,nutricion normal (n),2007-04-01,126,103,86,84,212,187,399
EL PUENTE(TJA),desnutricion aguda,nutricion normal (n),2007-04-01,52,52,59,37,111,89,200
EL TORNO,desnutricion aguda,nutricion normal (n),2007-04-01,123,121,53,50,176,171,347
EL VILLAR,desnutricion aguda,nutricion normal (n),2007-04-01,70,61,73,52,143,113,256
ENTRE RIOS,desnutricion aguda,nutricion normal (n),2007-04-01,74,90,50,60,124,150,274
ENTRE RIOS,desnutricion aguda,nutricion normal (n),2007-04-01,230,230,116,127,346,357,703
ESCARA,desnutricion aguda,nutricion normal (n),2007-04-01,0,0,1,4,1,4,5
ESMERALDA,desnutricion aguda,nutricion normal (n),2007-04-01,0,0,2,3,2,3,5
EUCALIPTUS,desnutricion aguda,nutricion normal (n),2007-04-01,14,15,11,10,25,25,50
EUREKA (SANTOS MERCADO),desnutricion aguda,nutricion normal (n),2007-04-01,8,10,5,12,13,22,35
EXALTACION,desnutricion aguda,nutricion normal (n),2007-04-01,26,22,92,50,118,72,190
FERNANDEZ ALONSO,desnutricion aguda,nutricion normal (n),2007-04-01,71,46,46,34,117,80,197
FILADELFIA,desnutricion aguda,nutricion normal (n),2007-04-01,37,22,30,21,67,43,110
GENERAL SAAVEDRA,desnutricion aguda,nutricion normal (n),2007-04-01,60,54,27,37,87,91,178
GUAYARAMERIN,desnutricion aguda,nutricion normal (n),2007-04-01,241,264,148,110,389,374,763
GUTIERREZ,desnutricion aguda,nutricion normal (n),2007-04-01,107,100,145,143,252,243,495
HUACARETA,desnutricion aguda,nutricion normal (n),2007-04-01,118,112,155,127,273,239,512
HUACAYA (VILLA DE HUACAYA),desnutricion aguda,nutricion normal (n),2007-04-01,27,29,41,27,68,56,124
HUACHACALLA,desnutricion aguda,nutricion normal (n),2007-04-01,8,11,5,5,13,16,29
HUANUNI,desnutricion aguda,nutricion normal (n),2007-04-01,51,52,47,38,98,90,188
HUARACAJE,desnutricion aguda,nutricion normal (n),2007-04-01,25,23,26,25,51,48,99
HUAYLLAMARCA,desnutricion aguda,nutricion normal (n),2007-04-01,17,17,6,6,23,23,46
ICHOCA,desnutricion aguda,nutricion normal (n),2007-04-01,16,14,17,16,33,30,63
ICLA,desnutricion aguda,nutricion normal (n),2007-04-01,111,124,168,161,279,285,564
INCAHUASI,desnutricion aguda,nutricion normal (n),2007-04-01,271,295,273,283,544,578,1122
INGAVI (HUMAITA),desnutricion aguda,nutricion normal (n),2007-04-01,22,14,29,17,51,31,82
INQUISIVI,desnutricion aguda,nutricion normal (n),2007-04-01,99,107,102,96,201,203,404
LA GUARDIA,desnutricion aguda,nutricion normal (n),2007-04-01,348,354,182,174,530,528,1058
LA RIVERA,desnutricion aguda,nutricion normal (n),2007-04-01,3,1,1,3,4,4,8
LAGUNILLAS,desnutricion aguda,nutricion normal (n),2007-04-01,53,63,75,80,128,143,271
LAS CARRERAS,desnutricion aguda,nutricion normal (n),2007-04-01,39,39,46,46,85,85,170
LICOMA PAMPA,desnutricion aguda,nutricion normal (n),2007-04-01,14,21,6,19,20,40,60
LLALLAGUA,desnutricion aguda,nutricion normal (n),2007-04-01,142,104,105,50,247,154,401
LLICA,desnutricion aguda,nutricion normal (n),2007-04-01,21,23,20,17,41,40,81
LORETO,desnutricion aguda,nutricion normal (n),2007-04-01,22,24,15,11,37,35,72
MACHACAMARCA,desnutricion aguda,nutricion normal (n),2007-04-01,18,11,13,17,31,28,59
MACHARETI,desnutricion aguda,nutricion normal (n),2007-04-01,87,84,108,123,195,207,402
MAGDALENA,desnutricion aguda,nutricion normal (n),2007-04-01,91,71,27,28,118,99,217
MAIRANA,desnutricion aguda,nutricion normal (n),2007-04-01,89,90,57,25,146,115,261
MINEROS,desnutricion aguda,nutricion normal (n),2007-04-01,169,134,110,105,279,239,518
MIZQUE,desnutricion aguda,nutricion normal (n),2007-04-01,135,148,92,85,227,233,460
MOJINETE,desnutricion aguda,nutricion normal (n),2007-04-01,3,2,4,4,7,6,13
MOJOCOYA,desnutricion aguda,nutricion normal (n),2007-04-01,67,69,85,87,152,156,308
MONTEAGUDO,desnutricion aguda,nutricion normal (n),2007-04-01,223,169,267,227,490,396,886
MONTERO,desnutricion aguda,nutricion normal (n),2007-04-01,860,718,503,461,1363,1179,2542
MORO MORO,desnutricion aguda,nutricion normal (n),2007-04-01,15,19,34,23,49,42,91
MOROCHATA,desnutricion aguda,nutricion normal (n),2007-04-01,139,140,80,79,219,219,438
NACEBE (SANTA ROSA DEL ABUNA),desnutricion aguda,nutricion normal (n),2007-04-01,20,25,23,17,43,42,85
NUEVO MANOA (NUEVA ESPERANZA),desnutricion aguda,nutricion normal (n),2007-04-01,1,0,4,4,5,4,9
OCURI,desnutricion aguda,nutricion normal (n),2007-04-01,74,87,51,44,125,131,256
OKINAWA,desnutricion aguda,nutricion normal (n),2007-04-01,79,87,63,43,142,130,272
OMEREQUE,desnutricion aguda,nutricion normal (n),2007-04-01,18,14,18,25,36,39,75
ORURO,desnutricion aguda,nutricion normal (n),2007-04-01,1017,961,544,515,1561,1476,3037
PADCAYA,desnutricion aguda,nutricion normal (n),2007-04-01,88,82,47,69,135,151,286
PADILLA,desnutricion aguda,nutricion normal (n),2007-04-01,160,158,189,214,349,372,721
PAILON,desnutricion aguda,nutricion normal (n),2007-04-01,123,110,80,64,203,174,377
PAMPA AULLAGAS,desnutricion aguda,nutricion normal (n),2007-04-01,16,14,14,11,30,25,55
PAMPA GRANDE,desnutricion aguda,nutricion normal (n),2007-04-01,51,47,40,47,91,94,185
PASORAPA,desnutricion aguda,nutricion normal (n),2007-04-01,20,18,40,34,60,52,112
PAZÑA,desnutricion aguda,nutricion normal (n),2007-04-01,37,31,16,25,53,56,109
POCOATA,desnutricion aguda,nutricion normal (n),2007-04-01,109,90,95,64,204,154,358
POCONA,desnutricion aguda,nutricion normal (n),2007-04-01,56,49,39,30,95,79,174
POJO (CBBA),desnutricion aguda,nutricion normal (n),2007-04-01,62,52,24,25,86,77,163
POOPO,desnutricion aguda,nutricion normal (n),2007-04-01,28,28,21,18,49,46,95
PORCO,desnutricion aguda,nutricion normal (n),2007-04-01,71,65,35,21,106,86,192
POROMA,desnutricion aguda,nutricion normal (n),2007-04-01,127,123,131,130,258,253,511
PORONGO,desnutricion aguda,nutricion normal (n),2007-04-01,33,37,21,19,54,56,110
PORTACHUELO,desnutricion aguda,nutricion normal (n),2007-04-01,177,147,128,86,305,233,538
PORVENIR,desnutricion aguda,nutricion normal (n),2007-04-01,45,41,36,25,81,66,147
POSTRER VALLE,desnutricion aguda,nutricion normal (n),2007-04-01,8,8,5,22,13,30,43
POTOSI,desnutricion aguda,nutricion normal (n),2007-04-01,649,658,303,332,952,990,1942
PRESTO,desnutricion aguda,nutricion normal (n),2007-04-01,84,60,110,95,194,155,349
PUCARA,desnutricion aguda,nutricion normal (n),2007-04-01,9,10,15,16,24,26,50
PUERTO GONZALO MORENO,desnutricion aguda,nutricion normal (n),2007-04-01,22,37,34,13,56,50,106
PUERTO QUIJARRO,desnutricion aguda,nutricion normal (n),2007-04-01,70,54,15,13,85,67,152
PUERTO RICO,desnutricion aguda,nutricion normal (n),2007-04-01,50,32,27,37,77,69,146
PUERTO SILES,desnutricion aguda,nutricion normal (n),2007-04-01,21,7,25,35,46,42,88
PUERTO SUAREZ,desnutricion aguda,nutricion normal (n),2007-04-01,63,66,9,18,72,84,156
PUERTO VILLARROEL,desnutricion aguda,nutricion normal (n),2007-04-01,368,300,193,203,561,503,1064
PUNA,desnutricion aguda,nutricion normal (n),2007-04-01,134,129,132,111,266,240,506
PUNATA,desnutricion aguda,nutricion normal (n),2007-04-01,201,198,59,66,260,264,524
QUILLACOLLO,desnutricion aguda,nutricion normal (n),2007-04-01,692,647,254,223,946,870,1816
QUIME,desnutricion aguda,nutricion normal (n),2007-04-01,112,88,102,86,214,174,388
QUIRUSILLAS,desnutricion aguda,nutricion normal (n),2007-04-01,6,3,10,8,16,11,27
RAVELO,desnutricion aguda,nutricion normal (n),2007-04-01,113,106,116,107,229,213,442
REYES,desnutricion aguda,nutricion normal (n),2007-04-01,53,51,50,53,103,104,207
RIBERALTA,desnutricion aguda,nutricion normal (n),2007-04-01,788,633,263,245,1051,878,1929
ROBORE,desnutricion aguda,nutricion normal (n),2007-04-01,111,85,72,46,183,131,314
RURRENABAQUE,desnutricion aguda,nutricion normal (n),2007-04-01,60,59,23,28,83,87,170
SABAYA,desnutricion aguda,nutricion normal (n),2007-04-01,13,19,11,12,24,31,55
SACABA,desnutricion aguda,nutricion normal (n),2007-04-01,511,433,200,158,711,591,1302
SACABAMBA,desnutricion aguda,nutricion normal (n),2007-04-01,33,33,15,9,48,42,90
SACACA,desnutricion aguda,nutricion normal (n),2007-04-01,159,169,202,131,361,300,661
SAIPINA,desnutricion aguda,nutricion normal (n),2007-04-01,13,9,15,13,28,22,50
SALINAS DE GARCI MENDOZA,desnutricion aguda,nutricion normal (n),2007-04-01,54,67,34,43,88,110,198
SAMAIPATA,desnutricion aguda,nutricion normal (n),2007-04-01,74,52,82,58,156,110,266
SAN AGUSTIN,desnutricion aguda,nutricion normal (n),2007-04-01,17,12,21,18,38,30,68
SAN ANDRES,desnutricion aguda,nutricion normal (n),2007-04-01,88,54,69,64,157,118,275
SAN ANTONIO DE ESMORUCO,desnutricion aguda,nutricion normal (n),2007-04-01,11,10,3,3,14,13,27
SAN ANTONIO DE LOMERIO,desnutricion aguda,nutricion normal (n),2007-04-01,74,71,86,60,160,131,291
SAN BENITO,desnutricion aguda,nutricion normal (n),2007-04-01,30,28,24,13,54,41,95
SAN BORJA,desnutricion aguda,nutricion normal (n),2007-04-01,280,273,152,129,432,402,834
SAN CARLOS,desnutricion aguda,nutricion normal (n),2007-04-01,181,177,105,115,286,292,578
SAN IGNACIO,desnutricion aguda,nutricion normal (n),2007-04-01,143,155,129,84,272,239,511
SAN IGNACIO DE VELASCO,desnutricion aguda,nutricion normal (n),2007-04-01,380,349,259,283,639,632,1271
SAN JAVIER(BNI),desnutricion aguda,nutricion normal (n),2007-04-01,13,11,11,13,24,24,48
SAN JOAQUIN,desnutricion aguda,nutricion normal (n),2007-04-01,12,6,22,9,34,15,49
SAN JOSE DE CHIQUITOS,desnutricion aguda,nutricion normal (n),2007-04-01,48,35,32,20,80,55,135
SAN JUAN DE YAPACANI,desnutricion aguda,nutricion normal (n),2007-04-01,64,69,55,43,119,112,231
SAN JULIAN,desnutricion aguda,nutricion normal (n),2007-04-01,64,76,50,51,114,127,241
SAN LORENZO(PND),desnutricion aguda,nutricion normal (n),2007-04-01,24,23,21,14,45,37,82
SAN LORENZO(TJA),desnutricion aguda,nutricion normal (n),2007-04-01,91,104,94,96,185,200,385
SAN LUCAS,desnutricion aguda,nutricion normal (n),2007-04-01,370,339,377,349,747,688,1435
SAN MATIAS,desnutricion aguda,nutricion normal (n),2007-04-01,60,60,50,37,110,97,207
SAN MIGUEL DE VELASCO,desnutricion aguda,nutricion normal (n),2007-04-01,71,54,44,34,115,88,203
SAN PABLO DE LIPEZ,desnutricion aguda,nutricion normal (n),2007-04-01,31,19,15,16,46,35,81
SAN PEDRO,desnutricion aguda,nutricion normal (n),2007-04-01,104,117,89,84,193,201,394
SAN PEDRO DE BUENA VISTA,desnutricion aguda,nutricion normal (n),2007-04-01,8,9,3,2,11,11,22
SAN PEDRO DE QUEMES,desnutricion aguda,nutricion normal (n),2007-04-01,4,4,3,3,7,7,14
SAN PEDRO(PND),desnutricion aguda,nutricion normal (n),2007-04-01,9,7,13,9,22,16,38
SAN RAFAEL,desnutricion aguda,nutricion normal (n),2007-04-01,37,32,22,27,59,59,118
SAN RAMON,desnutricion aguda,nutricion normal (n),2007-04-01,46,23,19,12,65,35,100
SANTA ANA,desnutricion aguda,nutricion normal (n),2007-04-01,117,103,41,49,158,152,310
SANTA CRUZ DE LA SIERRA,desnutricion aguda,nutricion normal (n),2007-04-01,4129,3752,2078,2002,6207,5754,11961
SANTA ROSA,desnutricion aguda,nutricion normal (n),2007-04-01,60,63,37,41,97,104,201
SANTA ROSA DEL SARA,desnutricion aguda,nutricion normal (n),2007-04-01,106,111,74,108,180,219,399
SANTIAGO DE HUARI,desnutricion aguda,nutricion normal (n),2007-04-01,48,36,44,34,92,70,162
SANTIVAÑES,desnutricion aguda,nutricion normal (n),2007-04-01,31,37,30,41,61,78,139
SANTUARIO DE QUILLACAS,desnutricion aguda,nutricion normal (n),2007-04-01,13,11,15,27,28,38,66
SENA,desnutricion aguda,nutricion normal (n),2007-04-01,17,4,7,10,24,14,38
SICAYA,desnutricion aguda,nutricion normal (n),2007-04-01,6,5,3,1,9,6,15
SIPE SIPE,desnutricion aguda,nutricion normal (n),2007-04-01,183,198,77,82,260,280,540
SOPACHUY,desnutricion aguda,nutricion normal (n),2007-04-01,112,71,95,79,207,150,357
SORACACHI,desnutricion aguda,nutricion normal (n),2007-04-01,57,55,69,71,126,126,252
SUCRE,desnutricion aguda,nutricion normal (n),2007-04-01,1238,1014,1010,1135,2248,2149,4397
TACACHI,desnutricion aguda,nutricion normal (n),2007-04-01,1,5,3,2,4,7,11
TACOBAMBA,desnutricion aguda,nutricion normal (n),2007-04-01,78,60,59,45,137,105,242
TACOPAYA,desnutricion aguda,nutricion normal (n),2007-04-01,58,43,44,50,102,93,195
TAHUA,desnutricion aguda,nutricion normal (n),2007-04-01,2,5,7,9,9,14,23
TAPACARI,desnutricion aguda,nutricion normal (n),2007-04-01,171,148,120,98,291,246,537
TARABUCO,desnutricion aguda,nutricion normal (n),2007-04-01,174,181,261,253,435,434,869
TARATA,desnutricion aguda,nutricion normal (n),2007-04-01,5,4,5,2,10,6,16
TARIJA,desnutricion aguda,nutricion normal (n),2007-04-01,799,755,438,503,1237,1258,2495
TARVITA,desnutricion aguda,nutricion normal (n),2007-04-01,212,196,210,180,422,376,798
TINGUIPAYA,desnutricion aguda,nutricion normal (n),2007-04-01,92,74,58,59,150,133,283
TIQUIPAYA,desnutricion aguda,nutricion normal (n),2007-04-01,181,128,88,74,269,202,471
TIRAQUE (CBBA),desnutricion aguda,nutricion normal (n),2007-04-01,206,183,96,103,302,286,588
TOCO,desnutricion aguda,nutricion normal (n),2007-04-01,27,13,17,22,44,35,79
TODOS SANTOS,desnutricion aguda,nutricion normal (n),2007-04-01,2,2,1,0,3,2,5
TOLATA,desnutricion aguda,nutricion normal (n),2007-04-01,16,20,3,4,19,24,43
TOLEDO,desnutricion aguda,nutricion normal (n),2007-04-01,36,38,20,22,56,60,116
TOMAVE,desnutricion aguda,nutricion normal (n),2007-04-01,82,31,69,24,151,55,206
TOMINA,desnutricion aguda,nutricion normal (n),2007-04-01,134,118,126,89,260,207,467
TORO TORO,desnutricion aguda,nutricion normal (n),2007-04-01,30,28,39,27,69,55,124
TOTORA(CBBA),desnutricion aguda,nutricion normal (n),2007-04-01,73,79,36,36,109,115,224
TOTORA(ORR),desnutricion aguda,nutricion normal (n),2007-04-01,25,22,36,31,61,53,114
TRIGAL,desnutricion aguda,nutricion normal (n),2007-04-01,9,8,17,13,26,21,47
TRINIDAD,desnutricion aguda,nutricion normal (n),2007-04-01,543,463,302,222,845,685,1530
TUPIZA,desnutricion aguda,nutricion normal (n),2007-04-01,268,242,221,193,489,435,924
TURCO,desnutricion aguda,nutricion normal (n),2007-04-01,30,31,22,11,52,42,94
UNCIA,desnutricion aguda,nutricion normal (n),2007-04-01,54,36,22,15,76,51,127
URIONDO (A. CONCEPCION),desnutricion aguda,nutricion normal (n),2007-04-01,105,103,70,94,175,197,372
URUBICHA,desnutricion aguda,nutricion normal (n),2007-04-01,74,43,66,66,140,109,249
UYUNI,desnutricion aguda,nutricion normal (n),2007-04-01,77,50,25,32,102,82,184
VACAS,desnutricion aguda,nutricion normal (n),2007-04-01,43,38,25,19,68,57,125
VALLEGRANDE,desnutricion aguda,nutricion normal (n),2007-04-01,126,102,69,64,195,166,361
VILA VILA,desnutricion aguda,nutricion normal (n),2007-04-01,31,17,19,27,50,44,94
VILLA MONTES,desnutricion aguda,nutricion normal (n),2007-04-01,213,174,143,131,356,305,661
VILLA NUEVA (LOMA ALTA),desnutricion aguda,nutricion normal (n),2007-04-01,22,34,25,12,47,46,93
VILLA RIVERO,desnutricion aguda,nutricion normal (n),2007-04-01,30,26,18,23,48,49,97
VILLA SERRANO,desnutricion aguda,nutricion normal (n),2007-04-01,120,130,177,147,297,277,574
VILLA TUNARI,desnutricion aguda,nutricion normal (n),2007-04-01,394,376,259,211,653,587,1240
VILLA VACA GUZMAN (MUYUPAMPA),desnutricion aguda,nutricion normal (n),2007-04-01,68,77,72,91,140,168,308
VILLAZON,desnutricion aguda,nutricion normal (n),2007-04-01,226,217,163,136,389,353,742
VINTO,desnutricion aguda,nutricion normal (n),2007-04-01,186,109,22,16,208,125,333
VITICHI,desnutricion aguda,nutricion normal (n),2007-04-01,62,66,72,73,134,139,273
WARNES,desnutricion aguda,nutricion normal (n),2007-04-01,224,199,147,112,371,311,682
YACUIBA,desnutricion aguda,nutricion normal (n),2007-04-01,259,244,105,73,364,317,681
YAMPARAEZ,desnutricion aguda,nutricion normal (n),2007-04-01,92,104,149,133,241,237,478
YAPACANI,desnutricion aguda,nutricion normal (n),2007-04-01,275,268,165,117,440,385,825
YOCALLA,desnutricion aguda,nutricion normal (n),2007-04-01,24,25,33,20,57,45,102
YOTALA,desnutricion aguda,nutricion normal (n),2007-04-01,79,69,115,95,194,164,358
YUNCHARA,desnutricion aguda,nutricion normal (n),2007-04-01,45,47,51,43,96,90,186
ZUDAÑEZ,desnutricion aguda,nutricion normal (n),2007-04-01,83,78,106,84,189,162,351
ACACIO,desnutricion aguda,nutricion normal (n),2007-05-01,51,60,37,28,88,88,176
AIQUILE,desnutricion aguda,nutricion normal (n),2007-05-01,180,107,119,81,299,188,487
ALALAY,desnutricion aguda,nutricion normal (n),2007-05-01,27,28,7,11,34,39,73
ALCALA,desnutricion aguda,nutricion normal (n),2007-05-01,32,36,36,45,68,81,149
ANDAMARCA,desnutricion aguda,nutricion normal (n),2007-05-01,26,32,48,39,74,71,145
ANTEQUERA,desnutricion aguda,nutricion normal (n),2007-05-01,43,47,49,55,92,102,194
ANZALDO,desnutricion aguda,nutricion normal (n),2007-05-01,36,34,20,14,56,48,104
ARAMPAMPA,desnutricion aguda,nutricion normal (n),2007-05-01,70,69,41,44,111,113,224
ARANI,desnutricion aguda,nutricion normal (n),2007-05-01,45,37,30,27,75,64,139
ARBIETO,desnutricion aguda,nutricion normal (n),2007-05-01,51,48,41,31,92,79,171
ARQUE,desnutricion aguda,nutricion normal (n),2007-05-01,68,49,42,42,110,91,201
ASCENCION DE GUARAYOS,desnutricion aguda,nutricion normal (n),2007-05-01,4,5,5,7,9,12,21
ATOCHA,desnutricion aguda,nutricion normal (n),2007-05-01,115,101,85,73,200,174,374
AYOPAYA (V. DE INDEPENDENCIA),desnutricion aguda,nutricion normal (n),2007-05-01,178,142,116,95,294,237,531
AZURDUY,desnutricion aguda,nutricion normal (n),2007-05-01,224,195,245,254,469,449,918
BAURES,desnutricion aguda,nutricion normal (n),2007-05-01,36,41,38,47,74,88,162
BELEN DE ANDAMARCA,desnutricion aguda,nutricion normal (n),2007-05-01,5,5,10,10,15,15,30
BELEN DE URMIRI,desnutricion aguda,nutricion normal (n),2007-05-01,10,10,4,9,14,19,33
BELLA FLOR,desnutricion aguda,nutricion normal (n),2007-05-01,21,20,18,21,39,41,80
BERMEJO,desnutricion aguda,nutricion normal (n),2007-05-01,67,54,42,45,109,99,208
BETANZOS,desnutricion aguda,nutricion normal (n),2007-05-01,220,192,212,176,432,368,800
BOLIVAR,desnutricion aguda,nutricion normal (n),2007-05-01,54,50,53,62,107,112,219
BOLPEBRA,desnutricion aguda,nutricion normal (n),2007-05-01,16,13,22,25,38,38,76
BOYUIBE,desnutricion aguda,nutricion normal (n),2007-05-01,20,24,12,20,32,44,76
BUENA VISTA,desnutricion aguda,nutricion normal (n),2007-05-01,158,130,123,151,281,281,562
CABEZAS,desnutricion aguda,nutricion normal (n),2007-05-01,106,89,82,59,188,148,336
"CAIZA ""D""",desnutricion aguda,nutricion normal (n),2007-05-01,74,59,68,70,142,129,271
CAJUATA,desnutricion aguda,nutricion normal (n),2007-05-01,85,92,49,50,134,142,276
CAMARGO,desnutricion aguda,nutricion normal (n),2007-05-01,202,187,132,121,334,308,642
CAMATAQUI (C. VILLA ABECIA),desnutricion aguda,nutricion normal (n),2007-05-01,26,33,39,19,65,52,117
CAMIRI,desnutricion aguda,nutricion normal (n),2007-05-01,283,260,260,223,543,483,1026
CAPINOTA,desnutricion aguda,nutricion normal (n),2007-05-01,72,75,41,23,113,98,211
CARACOLLO,desnutricion aguda,nutricion normal (n),2007-05-01,77,91,32,37,109,128,237
CARANGAS,desnutricion aguda,nutricion normal (n),2007-05-01,3,2,0,0,3,2,5
CARAPARI,desnutricion aguda,nutricion normal (n),2007-05-01,94,90,63,76,157,166,323
CARIPUYO,desnutricion aguda,nutricion normal (n),2007-05-01,52,60,63,63,115,123,238
CARMEN RIVERO TORREZ,desnutricion aguda,nutricion normal (n),2007-05-01,49,17,11,20,60,37,97
CHALLAPATA,desnutricion aguda,nutricion normal (n),2007-05-01,215,229,104,118,319,347,666
CHAQUI,desnutricion aguda,nutricion normal (n),2007-05-01,55,35,30,37,85,72,157
CHARAGUA,desnutricion aguda,nutricion normal (n),2007-05-01,169,165,115,153,284,318,602
CHAYANTA,desnutricion aguda,nutricion normal (n),2007-05-01,58,58,40,28,98,86,184
CHIMORE,desnutricion aguda,nutricion normal (n),2007-05-01,79,63,50,27,129,90,219
CHIPAYA,desnutricion aguda,nutricion normal (n),2007-05-01,9,8,11,4,20,12,32
CHOQUE COTA,desnutricion aguda,nutricion normal (n),2007-05-01,6,8,10,16,16,24,40
COBIJA,desnutricion aguda,nutricion normal (n),2007-05-01,145,145,96,91,241,236,477
COCHABAMBA,desnutricion aguda,nutricion normal (n),2007-05-01,1939,1684,1038,897,2977,2581,5558
COIPASA,desnutricion aguda,nutricion normal (n),2007-05-01,3,3,2,1,5,4,9
COLCAPIRHUA,desnutricion aguda,nutricion normal (n),2007-05-01,101,116,62,80,163,196,359
"COLCHA ""K""",desnutricion aguda,nutricion normal (n),2007-05-01,97,97,81,63,178,160,338
COLOMI,desnutricion aguda,nutricion normal (n),2007-05-01,202,158,125,104,327,262,589
COLPA BELGICA,desnutricion aguda,nutricion normal (n),2007-05-01,53,45,28,25,81,70,151
COLQUECHACA,desnutricion aguda,nutricion normal (n),2007-05-01,165,154,71,62,236,216,452
COLQUIRI,desnutricion aguda,nutricion normal (n),2007-05-01,137,113,81,100,218,213,431
COMARAPA,desnutricion aguda,nutricion normal (n),2007-05-01,124,96,79,123,203,219,422
CONCEPCION,desnutricion aguda,nutricion normal (n),2007-05-01,126,90,53,35,179,125,304
CORQUE,desnutricion aguda,nutricion normal (n),2007-05-01,41,47,27,42,68,89,157
COTAGAITA,desnutricion aguda,nutricion normal (n),2007-05-01,166,173,140,126,306,299,605
COTOCA,desnutricion aguda,nutricion normal (n),2007-05-01,225,182,85,80,310,262,572
CUATRO CAÑADAS,desnutricion aguda,nutricion normal (n),2007-05-01,161,148,140,129,301,277,578
CUCHUMUELA (V. G. VILLARROEL),desnutricion aguda,nutricion normal (n),2007-05-01,9,5,8,9,17,14,31
CUEVO,desnutricion aguda,nutricion normal (n),2007-05-01,28,45,41,40,69,85,154
CULPINA,desnutricion aguda,nutricion normal (n),2007-05-01,207,218,216,204,423,422,845
CURAHUARA DE CARANGAS,desnutricion aguda,nutricion normal (n),2007-05-01,39,18,17,20,56,38,94
EL CHORO,desnutricion aguda,nutricion normal (n),2007-05-01,38,25,18,29,56,54,110
EL PUENTE(STC),desnutricion aguda,nutricion normal (n),2007-05-01,129,134,74,95,203,229,432
EL PUENTE(TJA),desnutricion aguda,nutricion normal (n),2007-05-01,55,58,64,55,119,113,232
EL TORNO,desnutricion aguda,nutricion normal (n),2007-05-01,127,135,54,70,181,205,386
EL VILLAR,desnutricion aguda,nutricion normal (n),2007-05-01,72,55,76,68,148,123,271
ENTRE RIOS,desnutricion aguda,nutricion normal (n),2007-05-01,114,109,111,100,225,209,434
ENTRE RIOS,desnutricion aguda,nutricion normal (n),2007-05-01,235,185,128,114,363,299,662
ESCARA,desnutricion aguda,nutricion normal (n),2007-05-01,1,1,3,3,4,4,8
ESMERALDA,desnutricion aguda,nutricion normal (n),2007-05-01,0,0,0,2,0,2,2
EUCALIPTUS,desnutricion aguda,nutricion normal (n),2007-05-01,27,31,34,29,61,60,121
EUREKA (SANTOS MERCADO),desnutricion aguda,nutricion normal (n),2007-05-01,22,12,7,12,29,24,53
EXALTACION,desnutricion aguda,nutricion normal (n),2007-05-01,12,10,24,17,36,27,63
FERNANDEZ ALONSO,desnutricion aguda,nutricion normal (n),2007-05-01,114,100,66,81,180,181,361
FILADELFIA,desnutricion aguda,nutricion normal (n),2007-05-01,51,54,48,47,99,101,200
GENERAL SAAVEDRA,desnutricion aguda,nutricion normal (n),2007-05-01,47,47,30,30,77,77,154
GUAYARAMERIN,desnutricion aguda,nutricion normal (n),2007-05-01,176,147,67,73,243,220,463
GUTIERREZ,desnutricion aguda,nutricion normal (n),2007-05-01,136,138,169,172,305,310,615
HUACARETA,desnutricion aguda,nutricion normal (n),2007-05-01,124,118,144,106,268,224,492
HUACAYA (VILLA DE HUACAYA),desnutricion aguda,nutricion normal (n),2007-05-01,35,41,52,55,87,96,183
HUACHACALLA,desnutricion aguda,nutricion normal (n),2007-05-01,16,9,6,13,22,22,44
HUANUNI,desnutricion aguda,nutricion normal (n),2007-05-01,39,29,48,37,87,66,153
HUARACAJE,desnutricion aguda,nutricion normal (n),2007-05-01,46,26,31,36,77,62,139
HUAYLLAMARCA,desnutricion aguda,nutricion normal (n),2007-05-01,19,26,11,15,30,41,71
ICHOCA,desnutricion aguda,nutricion normal (n),2007-05-01,21,14,10,17,31,31,62
ICLA,desnutricion aguda,nutricion normal (n),2007-05-01,106,106,135,156,241,262,503
INCAHUASI,desnutricion aguda,nutricion normal (n),2007-05-01,273,266,201,202,474,468,942
INGAVI (HUMAITA),desnutricion aguda,nutricion normal (n),2007-05-01,7,4,10,14,17,18,35
INQUISIVI,desnutricion aguda,nutricion normal (n),2007-05-01,71,69,82,69,153,138,291
LA GUARDIA,desnutricion aguda,nutricion normal (n),2007-05-01,414,379,222,188,636,567,1203
LA RIVERA,desnutricion aguda,nutricion normal (n),2007-05-01,2,3,0,4,2,7,9
LAGUNILLAS,desnutricion aguda,nutricion normal (n),2007-05-01,69,70,114,91,183,161,344
LAS CARRERAS,desnutricion aguda,nutricion normal (n),2007-05-01,40,43,52,49,92,92,184
LICOMA PAMPA,desnutricion aguda,nutricion normal (n),2007-05-01,24,28,17,26,41,54,95
LLALLAGUA,desnutricion aguda,nutricion normal (n),2007-05-01,208,181,145,167,353,348,701
LLICA,desnutricion aguda,nutricion normal (n),2007-05-01,28,25,20,18,48,43,91
LORETO,desnutricion aguda,nutricion normal (n),2007-05-01,19,15,22,27,41,42,83
MACHACAMARCA,desnutricion aguda,nutricion normal (n),2007-05-01,45,36,36,19,81,55,136
MACHARETI,desnutricion aguda,nutricion normal (n),2007-05-01,110,88,114,128,224,216,440
MAGDALENA,desnutricion aguda,nutricion normal (n),2007-05-01,80,74,51,34,131,108,239
MAIRANA,desnutricion aguda,nutricion normal (n),2007-05-01,95,89,62,38,157,127,284
MINEROS,desnutricion aguda,nutricion normal (n),2007-05-01,147,165,93,98,240,263,503
MIZQUE,desnutricion aguda,nutricion normal (n),2007-05-01,145,115,116,109,261,224,485
MOJINETE,desnutricion aguda,nutricion normal (n),2007-05-01,2,9,2,6,4,15,19
MOJOCOYA,desnutricion aguda,nutricion normal (n),2007-05-01,35,32,33,11,68,43,111
MONTEAGUDO,desnutricion aguda,nutricion normal (n),2007-05-01,200,172,255,216,455,388,843
MONTERO,desnutricion aguda,nutricion normal (n),2007-05-01,910,903,541,473,1451,1376,2827
MORO MORO,desnutricion aguda,nutricion normal (n),2007-05-01,17,18,15,16,32,34,66
MOROCHATA,desnutricion aguda,nutricion normal (n),2007-05-01,82,73,39,37,121,110,231
NACEBE (SANTA ROSA DEL ABUNA),desnutricion aguda,nutricion normal (n),2007-05-01,9,12,16,13,25,25,50
NUEVO MANOA (NUEVA ESPERANZA),desnutricion aguda,nutricion normal (n),2007-05-01,3,11,11,7,14,18,32
OCURI,desnutricion aguda,nutricion normal (n),2007-05-01,80,74,54,66,134,140,274
OKINAWA,desnutricion aguda,nutricion normal (n),2007-05-01,90,80,64,61,154,141,295
OMEREQUE,desnutricion aguda,nutricion normal (n),2007-05-01,14,20,10,15,24,35,59
ORURO,desnutricion aguda,nutricion normal (n),2007-05-01,1294,1174,601,633,1895,1807,3702
PADCAYA,desnutricion aguda,nutricion normal (n),2007-05-01,121,133,103,104,224,237,461
PADILLA,desnutricion aguda,nutricion normal (n),2007-05-01,124,136,176,180,300,316,616
PAILON,desnutricion aguda,nutricion normal (n),2007-05-01,114,117,73,60,187,177,364
PAMPA AULLAGAS,desnutricion aguda,nutricion normal (n),2007-05-01,28,27,14,14,42,41,83
PAMPA GRANDE,desnutricion aguda,nutricion normal (n),2007-05-01,29,38,10,19,39,57,96
PASORAPA,desnutricion aguda,nutricion normal (n),2007-05-01,33,35,48,47,81,82,163
PAZÑA,desnutricion aguda,nutricion normal (n),2007-05-01,34,29,28,34,62,63,125
POCOATA,desnutricion aguda,nutricion normal (n),2007-05-01,148,105,177,128,325,233,558
POCONA,desnutricion aguda,nutricion normal (n),2007-05-01,86,79,41,49,127,128,255
POJO (CBBA),desnutricion aguda,nutricion normal (n),2007-05-01,94,110,87,96,181,206,387
POOPO,desnutricion aguda,nutricion normal (n),2007-05-01,54,30,19,11,73,41,114
PORCO,desnutricion aguda,nutricion normal (n),2007-05-01,66,77,27,25,93,102,195
POROMA,desnutricion aguda,nutricion normal (n),2007-05-01,157,135,181,143,338,278,616
PORONGO,desnutricion aguda,nutricion normal (n),2007-05-01,35,35,19,13,54,48,102
PORTACHUELO,desnutricion aguda,nutricion normal (n),2007-05-01,177,165,108,117,285,282,567
PORVENIR,desnutricion aguda,nutricion normal (n),2007-05-01,31,47,17,21,48,68,116
POSTRER VALLE,desnutricion aguda,nutricion normal (n),2007-05-01,12,10,4,10,16,20,36
POTOSI,desnutricion aguda,nutricion normal (n),2007-05-01,861,796,368,345,1229,1141,2370
PRESTO,desnutricion aguda,nutricion normal (n),2007-05-01,88,77,127,92,215,169,384
PUCARA,desnutricion aguda,nutricion normal (n),2007-05-01,7,0,0,1,7,1,8
PUERTO GONZALO MORENO,desnutricion aguda,nutricion normal (n),2007-05-01,29,32,20,22,49,54,103
PUERTO QUIJARRO,desnutricion aguda,nutricion normal (n),2007-05-01,71,57,14,21,85,78,163
PUERTO RICO,desnutricion aguda,nutricion normal (n),2007-05-01,42,27,23,24,65,51,116
PUERTO SILES,desnutricion aguda,nutricion normal (n),2007-05-01,17,16,37,37,54,53,107
PUERTO SUAREZ,desnutricion aguda,nutricion normal (n),2007-05-01,60,49,21,23,81,72,153
PUERTO VILLARROEL,desnutricion aguda,nutricion normal (n),2007-05-01,376,276,220,201,596,477,1073
PUNA,desnutricion aguda,nutricion normal (n),2007-05-01,190,174,161,176,351,350,701
PUNATA,desnutricion aguda,nutricion normal (n),2007-05-01,267,234,88,82,355,316,671
QUILLACOLLO,desnutricion aguda,nutricion normal (n),2007-05-01,633,577,270,249,903,826,1729
QUIME,desnutricion aguda,nutricion normal (n),2007-05-01,99,75,77,78,176,153,329
QUIRUSILLAS,desnutricion aguda,nutricion normal (n),2007-05-01,8,2,8,6,16,8,24
RAVELO,desnutricion aguda,nutricion normal (n),2007-05-01,121,106,114,94,235,200,435
REYES,desnutricion aguda,nutricion normal (n),2007-05-01,46,58,49,57,95,115,210
RIBERALTA,desnutricion aguda,nutricion normal (n),2007-05-01,905,822,283,239,1188,1061,2249
ROBORE,desnutricion aguda,nutricion normal (n),2007-05-01,111,92,93,65,204,157,361
RURRENABAQUE,desnutricion aguda,nutricion normal (n),2007-05-01,67,43,23,34,90,77,167
SABAYA,desnutricion aguda,nutricion normal (n),2007-05-01,36,31,21,10,57,41,98
SACABA,desnutricion aguda,nutricion normal (n),2007-05-01,634,525,355,308,989,833,1822
SACABAMBA,desnutricion aguda,nutricion normal (n),2007-05-01,42,37,25,25,67,62,129
SACACA,desnutricion aguda,nutricion normal (n),2007-05-01,132,115,152,124,284,239,523
SAIPINA,desnutricion aguda,nutricion normal (n),2007-05-01,19,21,42,35,61,56,117
SALINAS DE GARCI MENDOZA,desnutricion aguda,nutricion normal (n),2007-05-01,87,70,63,62,150,132,282
SAMAIPATA,desnutricion aguda,nutricion normal (n),2007-05-01,87,54,35,30,122,84,206
SAN AGUSTIN,desnutricion aguda,nutricion normal (n),2007-05-01,20,16,21,20,41,36,77
SAN ANDRES,desnutricion aguda,nutricion normal (n),2007-05-01,60,60,62,49,122,109,231
SAN ANTONIO DE ESMORUCO,desnutricion aguda,nutricion normal (n),2007-05-01,5,7,4,3,9,10,19
SAN ANTONIO DE LOMERIO,desnutricion aguda,nutricion normal (n),2007-05-01,83,72,85,78,168,150,318
SAN BENITO,desnutricion aguda,nutricion normal (n),2007-05-01,55,32,18,24,73,56,129
SAN BORJA,desnutricion aguda,nutricion normal (n),2007-05-01,326,358,220,210,546,568,1114
SAN CARLOS,desnutricion aguda,nutricion normal (n),2007-05-01,230,209,78,93,308,302,610
SAN IGNACIO,desnutricion aguda,nutricion normal (n),2007-05-01,194,182,126,118,320,300,620
SAN IGNACIO DE VELASCO,desnutricion aguda,nutricion normal (n),2007-05-01,473,433,275,246,748,679,1427
SAN JAVIER(BNI),desnutricion aguda,nutricion normal (n),2007-05-01,32,30,27,45,59,75,134
SAN JOAQUIN,desnutricion aguda,nutricion normal (n),2007-05-01,7,9,12,17,19,26,45
SAN JOSE DE CHIQUITOS,desnutricion aguda,nutricion normal (n),2007-05-01,81,53,54,43,135,96,231
SAN JUAN DE YAPACANI,desnutricion aguda,nutricion normal (n),2007-05-01,105,95,64,71,169,166,335
SAN JULIAN,desnutricion aguda,nutricion normal (n),2007-05-01,123,114,136,153,259,267,526
SAN LORENZO(PND),desnutricion aguda,nutricion normal (n),2007-05-01,48,32,32,17,80,49,129
SAN LORENZO(TJA),desnutricion aguda,nutricion normal (n),2007-05-01,111,110,115,109,226,219,445
SAN LUCAS,desnutricion aguda,nutricion normal (n),2007-05-01,382,370,467,427,849,797,1646
SAN MATIAS,desnutricion aguda,nutricion normal (n),2007-05-01,80,66,59,54,139,120,259
SAN MIGUEL DE VELASCO,desnutricion aguda,nutricion normal (n),2007-05-01,61,70,40,34,101,104,205
SAN PABLO DE LIPEZ,desnutricion aguda,nutricion normal (n),2007-05-01,15,9,20,10,35,19,54
SAN PEDRO,desnutricion aguda,nutricion normal (n),2007-05-01,100,118,74,81,174,199,373
SAN PEDRO DE BUENA VISTA,desnutricion aguda,nutricion normal (n),2007-05-01,121,111,117,93,238,204,442
SAN PEDRO DE QUEMES,desnutricion aguda,nutricion normal (n),2007-05-01,5,5,2,5,7,10,17
SAN PEDRO(PND),desnutricion aguda,nutricion normal (n),2007-05-01,31,19,19,14,50,33,83
SAN RAFAEL,desnutricion aguda,nutricion normal (n),2007-05-01,33,33,27,15,60,48,108
SAN RAMON,desnutricion aguda,nutricion normal (n),2007-05-01,26,30,20,15,46,45,91
SANTA ANA,desnutricion aguda,nutricion normal (n),2007-05-01,101,76,51,72,152,148,300
SANTA CRUZ DE LA SIERRA,desnutricion aguda,nutricion normal (n),2007-05-01,4147,3761,1868,1853,6015,5614,11629
SANTA ROSA,desnutricion aguda,nutricion normal (n),2007-05-01,71,66,36,45,107,111,218
SANTA ROSA DEL SARA,desnutricion aguda,nutricion normal (n),2007-05-01,105,134,98,84,203,218,421
SANTIAGO DE HUARI,desnutricion aguda,nutricion normal (n),2007-05-01,39,54,39,38,78,92,170
SANTIVAÑES,desnutricion aguda,nutricion normal (n),2007-05-01,44,41,47,49,91,90,181
SANTUARIO DE QUILLACAS,desnutricion aguda,nutricion normal (n),2007-05-01,21,15,25,18,46,33,79
SENA,desnutricion aguda,nutricion normal (n),2007-05-01,13,24,8,5,21,29,50
SICAYA,desnutricion aguda,nutricion normal (n),2007-05-01,10,15,19,12,29,27,56
SIPE SIPE,desnutricion aguda,nutricion normal (n),2007-05-01,296,271,129,108,425,379,804
SOPACHUY,desnutricion aguda,nutricion normal (n),2007-05-01,99,96,114,99,213,195,408
SORACACHI,desnutricion aguda,nutricion normal (n),2007-05-01,62,63,31,31,93,94,187
SUCRE,desnutricion aguda,nutricion normal (n),2007-05-01,1213,1250,1154,1183,2367,2433,4800
TACACHI,desnutricion aguda,nutricion normal (n),2007-05-01,5,3,1,3,6,6,12
TACOBAMBA,desnutricion aguda,nutricion normal (n),2007-05-01,48,55,38,42,86,97,183
TACOPAYA,desnutricion aguda,nutricion normal (n),2007-05-01,37,26,21,22,58,48,106
TAHUA,desnutricion aguda,nutricion normal (n),2007-05-01,14,8,8,13,22,21,43
TAPACARI,desnutricion aguda,nutricion normal (n),2007-05-01,181,181,143,131,324,312,636
TARABUCO,desnutricion aguda,nutricion normal (n),2007-05-01,177,184,280,242,457,426,883
TARATA,desnutricion aguda,nutricion normal (n),2007-05-01,55,61,25,29,80,90,170
TARIJA,desnutricion aguda,nutricion normal (n),2007-05-01,1031,922,549,581,1580,1503,3083
TARVITA,desnutricion aguda,nutricion normal (n),2007-05-01,229,212,236,188,465,400,865
TINGUIPAYA,desnutricion aguda,nutricion normal (n),2007-05-01,134,102,67,62,201,164,365
TIQUIPAYA,desnutricion aguda,nutricion normal (n),2007-05-01,210,163,94,97,304,260,564
TIRAQUE (CBBA),desnutricion aguda,nutricion normal (n),2007-05-01,265,212,122,123,387,335,722
TOCO,desnutricion aguda,nutricion normal (n),2007-05-01,19,25,23,12,42,37,79
TODOS SANTOS,desnutricion aguda,nutricion normal (n),2007-05-01,3,1,2,0,5,1,6
TOLATA,desnutricion aguda,nutricion normal (n),2007-05-01,24,40,13,20,37,60,97
TOLEDO,desnutricion aguda,nutricion normal (n),2007-05-01,46,51,38,32,84,83,167
TOMAVE,desnutricion aguda,nutricion normal (n),2007-05-01,114,55,96,29,210,84,294
TOMINA,desnutricion aguda,nutricion normal (n),2007-05-01,88,90,98,89,186,179,365
TORO TORO,desnutricion aguda,nutricion normal (n),2007-05-01,53,78,75,62,128,140,268
TOTORA(CBBA),desnutricion aguda,nutricion normal (n),2007-05-01,146,92,27,46,173,138,311
TOTORA(ORR),desnutricion aguda,nutricion normal (n),2007-05-01,25,30,20,27,45,57,102
TRIGAL,desnutricion aguda,nutricion normal (n),2007-05-01,10,4,19,9,29,13,42
TRINIDAD,desnutricion aguda,nutricion normal (n),2007-05-01,532,379,288,211,820,590,1410
TUPIZA,desnutricion aguda,nutricion normal (n),2007-05-01,300,330,265,262,565,592,1157
TURCO,desnutricion aguda,nutricion normal (n),2007-05-01,27,37,22,17,49,54,103
UNCIA,desnutricion aguda,nutricion normal (n),2007-05-01,88,75,49,41,137,116,253
URIONDO (A. CONCEPCION),desnutricion aguda,nutricion normal (n),2007-05-01,123,75,85,94,208,169,377
URUBICHA,desnutricion aguda,nutricion normal (n),2007-05-01,53,53,67,67,120,120,240
UYUNI,desnutricion aguda,nutricion normal (n),2007-05-01,67,58,83,57,150,115,265
VACAS,desnutricion aguda,nutricion normal (n),2007-05-01,31,34,23,12,54,46,100
VALLEGRANDE,desnutricion aguda,nutricion normal (n),2007-05-01,124,102,66,73,190,175,365
VILA VILA,desnutricion aguda,nutricion normal (n),2007-05-01,13,11,25,26,38,37,75
VILLA MONTES,desnutricion aguda,nutricion normal (n),2007-05-01,206,208,133,157,339,365,704
VILLA NUEVA (LOMA ALTA),desnutricion aguda,nutricion normal (n),2007-05-01,28,18,22,22,50,40,90
VILLA RIVERO,desnutricion aguda,nutricion normal (n),2007-05-01,27,28,13,18,40,46,86
VILLA SERRANO,desnutricion aguda,nutricion normal (n),2007-05-01,135,141,172,179,307,320,627
VILLA TUNARI,desnutricion aguda,nutricion normal (n),2007-05-01,404,413,206,240,610,653,1263
VILLA VACA GUZMAN (MUYUPAMPA),desnutricion aguda,nutricion normal (n),2007-05-01,95,73,124,136,219,209,428
VILLAZON,desnutricion aguda,nutricion normal (n),2007-05-01,278,284,182,185,460,469,929
VINTO,desnutricion aguda,nutricion normal (n),2007-05-01,272,173,38,32,310,205,515
VITICHI,desnutricion aguda,nutricion normal (n),2007-05-01,58,57,51,55,109,112,221
WARNES,desnutricion aguda,nutricion normal (n),2007-05-01,221,208,116,124,337,332,669
YACUIBA,desnutricion aguda,nutricion normal (n),2007-05-01,456,375,157,177,613,552,1165
YAMPARAEZ,desnutricion aguda,nutricion normal (n),2007-05-01,99,100,145,144,244,244,488
YAPACANI,desnutricion aguda,nutricion normal (n),2007-05-01,294,352,159,148,453,500,953
YOCALLA,desnutricion aguda,nutricion normal (n),2007-05-01,21,23,30,15,51,38,89
YOTALA,desnutricion aguda,nutricion normal (n),2007-05-01,63,69,108,99,171,168,339
YUNCHARA,desnutricion aguda,nutricion normal (n),2007-05-01,42,53,58,54,100,107,207
ZUDAÑEZ,desnutricion aguda,nutricion normal (n),2007-05-01,69,72,111,85,180,157,337
ACACIO,desnutricion aguda,nutricion normal (n),2007-06-01,73,69,64,73,137,142,279
AIQUILE,desnutricion aguda,nutricion normal (n),2007-06-01,89,102,48,50,137,152,289
ALALAY,desnutricion aguda,nutricion normal (n),2007-06-01,40,24,26,17,66,41,107
ALCALA,desnutricion aguda,nutricion normal (n),2007-06-01,26,36,36,31,62,67,129
ANDAMARCA,desnutricion aguda,nutricion normal (n),2007-06-01,33,25,38,36,71,61,132
ANTEQUERA,desnutricion aguda,nutricion normal (n),2007-06-01,34,26,21,17,55,43,98
ANZALDO,desnutricion aguda,nutricion normal (n),2007-06-01,34,45,47,33,81,78,159
ARAMPAMPA,desnutricion aguda,nutricion normal (n),2007-06-01,44,53,56,47,100,100,200
ARANI,desnutricion aguda,nutricion normal (n),2007-06-01,45,28,29,28,74,56,130
ARBIETO,desnutricion aguda,nutricion normal (n),2007-06-01,45,45,50,29,95,74,169
ARQUE,desnutricion aguda,nutricion normal (n),2007-06-01,74,62,43,49,117,111,228
ASCENCION DE GUARAYOS,desnutricion aguda,nutricion normal (n),2007-06-01,215,216,240,241,455,457,912
ATOCHA,desnutricion aguda,nutricion normal (n),2007-06-01,68,66,79,65,147,131,278
AYOPAYA (V. DE INDEPENDENCIA),desnutricion aguda,nutricion normal (n),2007-06-01,159,162,88,92,247,254,501
AZURDUY,desnutricion aguda,nutricion normal (n),2007-06-01,212,139,250,166,462,305,767
BAURES,desnutricion aguda,nutricion normal (n),2007-06-01,27,31,25,33,52,64,116
BELEN DE ANDAMARCA,desnutricion aguda,nutricion normal (n),2007-06-01,8,12,3,5,11,17,28
BELEN DE URMIRI,desnutricion aguda,nutricion normal (n),2007-06-01,15,10,10,9,25,19,44
BELLA FLOR,desnutricion aguda,nutricion normal (n),2007-06-01,43,32,47,48,90,80,170
BERMEJO,desnutricion aguda,nutricion normal (n),2007-06-01,80,70,46,47,126,117,243
BETANZOS,desnutricion aguda,nutricion normal (n),2007-06-01,210,173,215,200,425,373,798
BOLIVAR,desnutricion aguda,nutricion normal (n),2007-06-01,42,25,20,31,62,56,118
BOLPEBRA,desnutricion aguda,nutricion normal (n),2007-06-01,8,22,20,26,28,48,76
BOYUIBE,desnutricion aguda,nutricion normal (n),2007-06-01,25,34,40,35,65,69,134
BUENA VISTA,desnutricion aguda,nutricion normal (n),2007-06-01,161,138,117,131,278,269,547
CABEZAS,desnutricion aguda,nutricion normal (n),2007-06-01,118,99,97,75,215,174,389
"CAIZA ""D""",desnutricion aguda,nutricion normal (n),2007-06-01,96,56,67,79,163,135,298
CAJUATA,desnutricion aguda,nutricion normal (n),2007-06-01,74,86,47,52,121,138,259
CAMARGO,desnutricion aguda,nutricion normal (n),2007-06-01,123,122,99,97,222,219,441
CAMATAQUI (C. VILLA ABECIA),desnutricion aguda,nutricion normal (n),2007-06-01,28,42,30,16,58,58,116
CAMIRI,desnutricion aguda,nutricion normal (n),2007-06-01,267,232,172,148,439,380,819
CAPINOTA,desnutricion aguda,nutricion normal (n),2007-06-01,112,117,84,89,196,206,402
CARACOLLO,desnutricion aguda,nutricion normal (n),2007-06-01,71,86,38,38,109,124,233
CARANGAS,desnutricion aguda,nutricion normal (n),2007-06-01,8,3,6,5,14,8,22
CARAPARI,desnutricion aguda,nutricion normal (n),2007-06-01,66,79,78,72,144,151,295
CARIPUYO,desnutricion aguda,nutricion normal (n),2007-06-01,82,66,100,112,182,178,360
CARMEN RIVERO TORREZ,desnutricion aguda,nutricion normal (n),2007-06-01,28,22,20,21,48,43,91
CHALLAPATA,desnutricion aguda,nutricion normal (n),2007-06-01,171,181,131,129,302,310,612
CHAQUI,desnutricion aguda,nutricion normal (n),2007-06-01,56,36,31,49,87,85,172
CHARAGUA,desnutricion aguda,nutricion normal (n),2007-06-01,161,155,109,97,270,252,522
CHAYANTA,desnutricion aguda,nutricion normal (n),2007-06-01,108,111,95,95,203,206,409
CHIMORE,desnutricion aguda,nutricion normal (n),2007-06-01,66,57,47,35,113,92,205
CHIPAYA,desnutricion aguda,nutricion normal (n),2007-06-01,5,5,9,10,14,15,29
CHOQUE COTA,desnutricion aguda,nutricion normal (n),2007-06-01,11,10,7,9,18,19,37
COBIJA,desnutricion aguda,nutricion normal (n),2007-06-01,375,329,229,220,604,549,1153
COCHABAMBA,desnutricion aguda,nutricion normal (n),2007-06-01,1649,1500,849,814,2498,2314,4812
COIPASA,desnutricion aguda,nutricion normal (n),2007-06-01,2,5,2,2,4,7,11
COLCAPIRHUA,desnutricion aguda,nutricion normal (n),2007-06-01,151,190,106,101,257,291,548
"COLCHA ""K""",desnutricion aguda,nutricion normal (n),2007-06-01,94,98,94,103,188,201,389
COLOMI,desnutricion aguda,nutricion normal (n),2007-06-01,170,159,99,88,269,247,516
COLPA BELGICA,desnutricion aguda,nutricion normal (n),2007-06-01,40,42,29,21,69,63,132
COLQUECHACA,desnutricion aguda,nutricion normal (n),2007-06-01,147,128,109,95,256,223,479
COLQUIRI,desnutricion aguda,nutricion normal (n),2007-06-01,119,93,66,78,185,171,356
COMARAPA,desnutricion aguda,nutricion normal (n),2007-06-01,65,63,39,42,104,105,209
CONCEPCION,desnutricion aguda,nutricion normal (n),2007-06-01,188,135,69,54,257,189,446
CORQUE,desnutricion aguda,nutricion normal (n),2007-06-01,33,34,27,38,60,72,132
COTAGAITA,desnutricion aguda,nutricion normal (n),2007-06-01,171,190,186,178,357,368,725
COTOCA,desnutricion aguda,nutricion normal (n),2007-06-01,178,163,157,153,335,316,651
CUATRO CAÑADAS,desnutricion aguda,nutricion normal (n),2007-06-01,99,98,114,75,213,173,386
CUCHUMUELA (V. G. VILLARROEL),desnutricion aguda,nutricion normal (n),2007-06-01,47,57,50,33,97,90,187
CUEVO,desnutricion aguda,nutricion normal (n),2007-06-01,25,26,14,26,39,52,91
CULPINA,desnutricion aguda,nutricion normal (n),2007-06-01,191,182,171,171,362,353,715
CURAHUARA DE CARANGAS,desnutricion aguda,nutricion normal (n),2007-06-01,46,37,23,21,69,58,127
EL CHORO,desnutricion aguda,nutricion normal (n),2007-06-01,27,29,21,17,48,46,94
EL PUENTE(STC),desnutricion aguda,nutricion normal (n),2007-06-01,155,118,79,81,234,199,433
EL PUENTE(TJA),desnutricion aguda,nutricion normal (n),2007-06-01,37,47,55,45,92,92,184
EL TORNO,desnutricion aguda,nutricion normal (n),2007-06-01,184,179,72,80,256,259,515
EL VILLAR,desnutricion aguda,nutricion normal (n),2007-06-01,70,59,75,78,145,137,282
ENTRE RIOS,desnutricion aguda,nutricion normal (n),2007-06-01,157,155,189,151,346,306,652
ENTRE RIOS,desnutricion aguda,nutricion normal (n),2007-06-01,199,155,125,106,324,261,585
ESCARA,desnutricion aguda,nutricion normal (n),2007-06-01,0,1,1,4,1,5,6
EUCALIPTUS,desnutricion aguda,nutricion normal (n),2007-06-01,35,26,21,25,56,51,107
EUREKA (SANTOS MERCADO),desnutricion aguda,nutricion normal (n),2007-06-01,10,20,7,16,17,36,53
EXALTACION,desnutricion aguda,nutricion normal (n),2007-06-01,9,8,14,14,23,22,45
FERNANDEZ ALONSO,desnutricion aguda,nutricion normal (n),2007-06-01,126,131,105,97,231,228,459
FILADELFIA,desnutricion aguda,nutricion normal (n),2007-06-01,30,24,30,26,60,50,110
GENERAL SAAVEDRA,desnutricion aguda,nutricion normal (n),2007-06-01,124,105,83,75,207,180,387
GUAYARAMERIN,desnutricion aguda,nutricion normal (n),2007-06-01,303,273,170,191,473,464,937
GUTIERREZ,desnutricion aguda,nutricion normal (n),2007-06-01,111,101,145,138,256,239,495
HUACARETA,desnutricion aguda,nutricion normal (n),2007-06-01,118,96,99,91,217,187,404
HUACAYA (VILLA DE HUACAYA),desnutricion aguda,nutricion normal (n),2007-06-01,27,27,43,30,70,57,127
HUACHACALLA,desnutricion aguda,nutricion normal (n),2007-06-01,17,18,19,18,36,36,72
HUANUNI,desnutricion aguda,nutricion normal (n),2007-06-01,160,169,62,60,222,229,451
HUARACAJE,desnutricion aguda,nutricion normal (n),2007-06-01,29,18,22,15,51,33,84
HUAYLLAMARCA,desnutricion aguda,nutricion normal (n),2007-06-01,18,16,17,12,35,28,63
ICHOCA,desnutricion aguda,nutricion normal (n),2007-06-01,36,31,30,33,66,64,130
ICLA,desnutricion aguda,nutricion normal (n),2007-06-01,116,128,163,174,279,302,581
INCAHUASI,desnutricion aguda,nutricion normal (n),2007-06-01,234,229,183,178,417,407,824
INGAVI (HUMAITA),desnutricion aguda,nutricion normal (n),2007-06-01,2,3,6,2,8,5,13
INQUISIVI,desnutricion aguda,nutricion normal (n),2007-06-01,72,77,77,59,149,136,285
LA GUARDIA,desnutricion aguda,nutricion normal (n),2007-06-01,357,325,166,168,523,493,1016
LA RIVERA,desnutricion aguda,nutricion normal (n),2007-06-01,2,3,0,4,2,7,9
LAGUNILLAS,desnutricion aguda,nutricion normal (n),2007-06-01,78,69,102,101,180,170,350
LAS CARRERAS,desnutricion aguda,nutricion normal (n),2007-06-01,36,44,65,47,101,91,192
LICOMA PAMPA,desnutricion aguda,nutricion normal (n),2007-06-01,18,13,5,7,23,20,43
LLALLAGUA,desnutricion aguda,nutricion normal (n),2007-06-01,213,201,306,274,519,475,994
LLICA,desnutricion aguda,nutricion normal (n),2007-06-01,39,42,36,37,75,79,154
LORETO,desnutricion aguda,nutricion normal (n),2007-06-01,35,34,26,21,61,55,116
MACHACAMARCA,desnutricion aguda,nutricion normal (n),2007-06-01,19,23,4,8,23,31,54
MACHARETI,desnutricion aguda,nutricion normal (n),2007-06-01,106,77,109,137,215,214,429
MAGDALENA,desnutricion aguda,nutricion normal (n),2007-06-01,99,93,55,40,154,133,287
MAIRANA,desnutricion aguda,nutricion normal (n),2007-06-01,92,77,50,25,142,102,244
MECAPACA,desnutricion aguda,nutricion normal (n),2007-06-01,3,4,0,0,3,4,7
MINEROS,desnutricion aguda,nutricion normal (n),2007-06-01,223,198,152,150,375,348,723
MIZQUE,desnutricion aguda,nutricion normal (n),2007-06-01,162,133,125,114,287,247,534
MOJINETE,desnutricion aguda,nutricion normal (n),2007-06-01,3,2,2,3,5,5,10
MOJOCOYA,desnutricion aguda,nutricion normal (n),2007-06-01,74,69,84,74,158,143,301
MONTEAGUDO,desnutricion aguda,nutricion normal (n),2007-06-01,224,207,272,224,496,431,927
MONTERO,desnutricion aguda,nutricion normal (n),2007-06-01,902,844,547,495,1449,1339,2788
MORO MORO,desnutricion aguda,nutricion normal (n),2007-06-01,22,19,25,22,47,41,88
MOROCHATA,desnutricion aguda,nutricion normal (n),2007-06-01,148,152,90,84,238,236,474
NACEBE (SANTA ROSA DEL ABUNA),desnutricion aguda,nutricion normal (n),2007-06-01,6,8,5,4,11,12,23
NUEVO MANOA (NUEVA ESPERANZA),desnutricion aguda,nutricion normal (n),2007-06-01,10,17,15,4,25,21,46
OCURI,desnutricion aguda,nutricion normal (n),2007-06-01,157,155,122,126,279,281,560
OKINAWA,desnutricion aguda,nutricion normal (n),2007-06-01,118,109,78,63,196,172,368
OMEREQUE,desnutricion aguda,nutricion normal (n),2007-06-01,34,35,24,22,58,57,115
ORURO,desnutricion aguda,nutricion normal (n),2007-06-01,1084,976,499,487,1583,1463,3046
PADCAYA,desnutricion aguda,nutricion normal (n),2007-06-01,137,108,117,125,254,233,487
PADILLA,desnutricion aguda,nutricion normal (n),2007-06-01,116,143,150,158,266,301,567
PAILON,desnutricion aguda,nutricion normal (n),2007-06-01,121,110,59,63,180,173,353
PAMPA AULLAGAS,desnutricion aguda,nutricion normal (n),2007-06-01,13,35,18,26,31,61,92
PAMPA GRANDE,desnutricion aguda,nutricion normal (n),2007-06-01,49,38,48,50,97,88,185
PASORAPA,desnutricion aguda,nutricion normal (n),2007-06-01,29,30,27,20,56,50,106
PAZÑA,desnutricion aguda,nutricion normal (n),2007-06-01,27,37,37,39,64,76,140
POCOATA,desnutricion aguda,nutricion normal (n),2007-06-01,165,146,180,161,345,307,652
POCONA,desnutricion aguda,nutricion normal (n),2007-06-01,66,54,40,38,106,92,198
POJO (CBBA),desnutricion aguda,nutricion normal (n),2007-06-01,58,68,28,31,86,99,185
POOPO,desnutricion aguda,nutricion normal (n),2007-06-01,11,12,5,16,16,28,44
PORCO,desnutricion aguda,nutricion normal (n),2007-06-01,80,72,39,38,119,110,229
POROMA,desnutricion aguda,nutricion normal (n),2007-06-01,156,129,183,132,339,261,600
PORONGO,desnutricion aguda,nutricion normal (n),2007-06-01,41,33,45,25,86,58,144
PORTACHUELO,desnutricion aguda,nutricion normal (n),2007-06-01,217,184,117,112,334,296,630
PORVENIR,desnutricion aguda,nutricion normal (n),2007-06-01,51,53,21,27,72,80,152
POSTRER VALLE,desnutricion aguda,nutricion normal (n),2007-06-01,4,4,6,12,10,16,26
POTOSI,desnutricion aguda,nutricion normal (n),2007-06-01,708,794,312,288,1020,1082,2102
PRESTO,desnutricion aguda,nutricion normal (n),2007-06-01,68,57,97,80,165,137,302
PUCARA,desnutricion aguda,nutricion normal (n),2007-06-01,2,5,6,2,8,7,15
PUERTO GONZALO MORENO,desnutricion aguda,nutricion normal (n),2007-06-01,31,31,20,34,51,65,116
PUERTO QUIJARRO,desnutricion aguda,nutricion normal (n),2007-06-01,71,61,21,22,92,83,175
PUERTO RICO,desnutricion aguda,nutricion normal (n),2007-06-01,107,111,107,83,214,194,408
PUERTO SUAREZ,desnutricion aguda,nutricion normal (n),2007-06-01,81,57,14,14,95,71,166
PUERTO VILLARROEL,desnutricion aguda,nutricion normal (n),2007-06-01,255,226,185,156,440,382,822
PUNA,desnutricion aguda,nutricion normal (n),2007-06-01,214,172,157,157,371,329,700
PUNATA,desnutricion aguda,nutricion normal (n),2007-06-01,260,191,90,93,350,284,634
QUILLACOLLO,desnutricion aguda,nutricion normal (n),2007-06-01,711,577,406,299,1117,876,1993
QUIME,desnutricion aguda,nutricion normal (n),2007-06-01,97,73,52,76,149,149,298
QUIRUSILLAS,desnutricion aguda,nutricion normal (n),2007-06-01,10,6,15,12,25,18,43
RAVELO,desnutricion aguda,nutricion normal (n),2007-06-01,166,158,161,113,327,271,598
REYES,desnutricion aguda,nutricion normal (n),2007-06-01,140,111,128,164,268,275,543
RIBERALTA,desnutricion aguda,nutricion normal (n),2007-06-01,978,825,288,272,1266,1097,2363
ROBORE,desnutricion aguda,nutricion normal (n),2007-06-01,126,126,62,67,188,193,381
RURRENABAQUE,desnutricion aguda,nutricion normal (n),2007-06-01,66,58,54,57,120,115,235
SABAYA,desnutricion aguda,nutricion normal (n),2007-06-01,32,27,19,14,51,41,92
SACABA,desnutricion aguda,nutricion normal (n),2007-06-01,530,431,231,185,761,616,1377
SACABAMBA,desnutricion aguda,nutricion normal (n),2007-06-01,30,29,13,17,43,46,89
SACACA,desnutricion aguda,nutricion normal (n),2007-06-01,171,189,230,177,401,366,767
SAIPINA,desnutricion aguda,nutricion normal (n),2007-06-01,19,17,14,24,33,41,74
SALINAS DE GARCI MENDOZA,desnutricion aguda,nutricion normal (n),2007-06-01,106,98,95,95,201,193,394
SAMAIPATA,desnutricion aguda,nutricion normal (n),2007-06-01,81,55,68,63,149,118,267
SAN AGUSTIN,desnutricion aguda,nutricion normal (n),2007-06-01,16,15,20,15,36,30,66
SAN ANDRES,desnutricion aguda,nutricion normal (n),2007-06-01,81,59,54,49,135,108,243
SAN ANTONIO DE ESMORUCO,desnutricion aguda,nutricion normal (n),2007-06-01,10,11,8,1,18,12,30
SAN ANTONIO DE LOMERIO,desnutricion aguda,nutricion normal (n),2007-06-01,61,56,46,41,107,97,204
SAN BENITO,desnutricion aguda,nutricion normal (n),2007-06-01,71,61,59,58,130,119,249
SAN BORJA,desnutricion aguda,nutricion normal (n),2007-06-01,306,329,165,157,471,486,957
SAN CARLOS,desnutricion aguda,nutricion normal (n),2007-06-01,204,208,81,89,285,297,582
SAN IGNACIO,desnutricion aguda,nutricion normal (n),2007-06-01,268,179,130,120,398,299,697
SAN IGNACIO DE VELASCO,desnutricion aguda,nutricion normal (n),2007-06-01,382,361,211,237,593,598,1191
SAN JAVIER(BNI),desnutricion aguda,nutricion normal (n),2007-06-01,37,27,21,32,58,59,117
SAN JAVIER(STC),desnutricion aguda,nutricion normal (n),2007-06-01,44,53,26,16,70,69,139
SAN JOAQUIN,desnutricion aguda,nutricion normal (n),2007-06-01,4,4,69,59,73,63,136
SAN JOSE DE CHIQUITOS,desnutricion aguda,nutricion normal (n),2007-06-01,58,52,39,50,97,102,199
SAN JUAN DE YAPACANI,desnutricion aguda,nutricion normal (n),2007-06-01,71,97,78,56,149,153,302
SAN JULIAN,desnutricion aguda,nutricion normal (n),2007-06-01,127,121,135,145,262,266,528
SAN LORENZO(PND),desnutricion aguda,nutricion normal (n),2007-06-01,50,52,36,37,86,89,175
SAN LORENZO(TJA),desnutricion aguda,nutricion normal (n),2007-06-01,135,122,114,124,249,246,495
SAN LUCAS,desnutricion aguda,nutricion normal (n),2007-06-01,390,345,425,466,815,811,1626
SAN MATIAS,desnutricion aguda,nutricion normal (n),2007-06-01,59,47,52,35,111,82,193
SAN MIGUEL DE VELASCO,desnutricion aguda,nutricion normal (n),2007-06-01,71,57,52,39,123,96,219
SAN PABLO DE LIPEZ,desnutricion aguda,nutricion normal (n),2007-06-01,42,25,24,27,66,52,118
SAN PEDRO,desnutricion aguda,nutricion normal (n),2007-06-01,138,140,82,99,220,239,459
SAN PEDRO DE BUENA VISTA,desnutricion aguda,nutricion normal (n),2007-06-01,160,136,145,146,305,282,587
SAN PEDRO DE QUEMES,desnutricion aguda,nutricion normal (n),2007-06-01,7,6,9,3,16,9,25
SAN PEDRO(PND),desnutricion aguda,nutricion normal (n),2007-06-01,10,5,13,7,23,12,35
SAN RAFAEL,desnutricion aguda,nutricion normal (n),2007-06-01,47,51,28,33,75,84,159
SAN RAMON,desnutricion aguda,nutricion normal (n),2007-06-01,30,36,26,16,56,52,108
SAN RAMON,desnutricion aguda,nutricion normal (n),2007-06-01,38,44,16,17,54,61,115
SANTA ANA,desnutricion aguda,nutricion normal (n),2007-06-01,195,186,71,85,266,271,537
SANTA CRUZ DE LA SIERRA,desnutricion aguda,nutricion normal (n),2007-06-01,4289,4146,1806,1836,6095,5982,12077
SANTA ROSA,desnutricion aguda,nutricion normal (n),2007-06-01,59,78,58,57,117,135,252
SANTA ROSA DEL SARA,desnutricion aguda,nutricion normal (n),2007-06-01,131,120,76,93,207,213,420
SANTIAGO DE HUARI,desnutricion aguda,nutricion normal (n),2007-06-01,45,35,69,66,114,101,215
SANTIVAÑES,desnutricion aguda,nutricion normal (n),2007-06-01,53,41,138,109,191,150,341
SANTUARIO DE QUILLACAS,desnutricion aguda,nutricion normal (n),2007-06-01,22,14,17,20,39,34,73
SENA,desnutricion aguda,nutricion normal (n),2007-06-01,22,30,23,29,45,59,104
SICAYA,desnutricion aguda,nutricion normal (n),2007-06-01,26,24,11,8,37,32,69
SIPE SIPE,desnutricion aguda,nutricion normal (n),2007-06-01,254,197,75,85,329,282,611
SOPACHUY,desnutricion aguda,nutricion normal (n),2007-06-01,96,84,92,88,188,172,360
SORACACHI,desnutricion aguda,nutricion normal (n),2007-06-01,80,84,101,109,181,193,374
SUCRE,desnutricion aguda,nutricion normal (n),2007-06-01,1405,1572,1048,1078,2453,2650,5103
TACACHI,desnutricion aguda,nutricion normal (n),2007-06-01,3,3,5,3,8,6,14
TACOBAMBA,desnutricion aguda,nutricion normal (n),2007-06-01,62,47,31,33,93,80,173
TACOPAYA,desnutricion aguda,nutricion normal (n),2007-06-01,60,49,61,82,121,131,252
TAHUA,desnutricion aguda,nutricion normal (n),2007-06-01,11,8,19,23,30,31,61
TAPACARI,desnutricion aguda,nutricion normal (n),2007-06-01,199,180,130,110,329,290,619
TARABUCO,desnutricion aguda,nutricion normal (n),2007-06-01,122,127,187,181,309,308,617
TARATA,desnutricion aguda,nutricion normal (n),2007-06-01,35,54,16,15,51,69,120
TARIJA,desnutricion aguda,nutricion normal (n),2007-06-01,833,766,529,555,1362,1321,2683
TARVITA,desnutricion aguda,nutricion normal (n),2007-06-01,259,236,192,180,451,416,867
TINGUIPAYA,desnutricion aguda,nutricion normal (n),2007-06-01,149,127,114,87,263,214,477
TIQUIPAYA,desnutricion aguda,nutricion normal (n),2007-06-01,124,76,63,58,187,134,321
TIRAQUE (CBBA),desnutricion aguda,nutricion normal (n),2007-06-01,260,226,103,111,363,337,700
TOCO,desnutricion aguda,nutricion normal (n),2007-06-01,31,30,41,39,72,69,141
TODOS SANTOS,desnutricion aguda,nutricion normal (n),2007-06-01,1,0,1,1,2,1,3
TOLATA,desnutricion aguda,nutricion normal (n),2007-06-01,1,5,1,6,2,11,13
TOLEDO,desnutricion aguda,nutricion normal (n),2007-06-01,47,51,42,22,89,73,162
TOMAVE,desnutricion aguda,nutricion normal (n),2007-06-01,111,48,116,51,227,99,326
TOMINA,desnutricion aguda,nutricion normal (n),2007-06-01,90,100,109,108,199,208,407
TORO TORO,desnutricion aguda,nutricion normal (n),2007-06-01,94,135,111,107,205,242,447
TOTORA(CBBA),desnutricion aguda,nutricion normal (n),2007-06-01,101,84,35,49,136,133,269
TOTORA(ORR),desnutricion aguda,nutricion normal (n),2007-06-01,19,24,22,25,41,49,90
TRIGAL,desnutricion aguda,nutricion normal (n),2007-06-01,11,7,6,12,17,19,36
TRINIDAD,desnutricion aguda,nutricion normal (n),2007-06-01,749,658,432,401,1181,1059,2240
TUPIZA,desnutricion aguda,nutricion normal (n),2007-06-01,247,266,364,320,611,586,1197
TURCO,desnutricion aguda,nutricion normal (n),2007-06-01,26,23,33,19,59,42,101
UNCIA,desnutricion aguda,nutricion normal (n),2007-06-01,108,98,112,104,220,202,422
URIONDO (A. CONCEPCION),desnutricion aguda,nutricion normal (n),2007-06-01,91,88,82,83,173,171,344
URUBICHA,desnutricion aguda,nutricion normal (n),2007-06-01,54,64,79,66,133,130,263
UYUNI,desnutricion aguda,nutricion normal (n),2007-06-01,275,239,175,164,450,403,853
VACAS,desnutricion aguda,nutricion normal (n),2007-06-01,50,51,27,34,77,85,162
VALLEGRANDE,desnutricion aguda,nutricion normal (n),2007-06-01,150,103,58,54,208,157,365
VIACHA,desnutricion aguda,nutricion normal (n),2007-06-01,231,194,120,134,351,328,679
VILA VILA,desnutricion aguda,nutricion normal (n),2007-06-01,5,12,12,7,17,19,36
VILLA MONTES,desnutricion aguda,nutricion normal (n),2007-06-01,190,185,144,158,334,343,677
VILLA NUEVA (LOMA ALTA),desnutricion aguda,nutricion normal (n),2007-06-01,8,16,10,13,18,29,47
VILLA RIVERO,desnutricion aguda,nutricion normal (n),2007-06-01,23,25,26,20,49,45,94
VILLA SERRANO,desnutricion aguda,nutricion normal (n),2007-06-01,142,127,187,168,329,295,624
VILLA TUNARI,desnutricion aguda,nutricion normal (n),2007-06-01,462,451,260,230,722,681,1403
VILLA VACA GUZMAN (MUYUPAMPA),desnutricion aguda,nutricion normal (n),2007-06-01,54,63,67,82,121,145,266
VILLAZON,desnutricion aguda,nutricion normal (n),2007-06-01,194,202,147,147,341,349,690
VINTO,desnutricion aguda,nutricion normal (n),2007-06-01,127,134,7,6,134,140,274
VITICHI,desnutricion aguda,nutricion normal (n),2007-06-01,69,91,79,82,148,173,321
WARNES,desnutricion aguda,nutricion normal (n),2007-06-01,250,222,189,173,439,395,834
YACUIBA,desnutricion aguda,nutricion normal (n),2007-06-01,350,348,194,199,544,547,1091
YAMPARAEZ,desnutricion aguda,nutricion normal (n),2007-06-01,99,88,146,145,245,233,478
YAPACANI,desnutricion aguda,nutricion normal (n),2007-06-01,240,288,142,124,382,412,794
YOCALLA,desnutricion aguda,nutricion normal (n),2007-06-01,49,11,45,44,94,55,149
YOTALA,desnutricion aguda,nutricion normal (n),2007-06-01,54,64,97,81,151,145,296
YUNCHARA,desnutricion aguda,nutricion normal (n),2007-06-01,25,42,49,32,74,74,148
ZUDAÑEZ,desnutricion aguda,nutricion normal (n),2007-06-01,73,84,99,77,172,161,333
ACACIO,desnutricion aguda,nutricion normal (n),2007-07-01,40,44,45,46,85,90,175
ACHOCALLA,desnutricion aguda,nutricion normal (n),2007-07-01,12,9,0,2,12,11,23
AIQUILE,desnutricion aguda,nutricion normal (n),2007-07-01,108,118,42,55,150,173,323
ALALAY,desnutricion aguda,nutricion normal (n),2007-07-01,20,13,14,8,34,21,55
ALCALA,desnutricion aguda,nutricion normal (n),2007-07-01,20,32,40,32,60,64,124
ANDAMARCA,desnutricion aguda,nutricion normal (n),2007-07-01,20,14,15,20,35,34,69
ANTEQUERA,desnutricion aguda,nutricion normal (n),2007-07-01,41,32,21,12,62,44,106
ANZALDO,desnutricion aguda,nutricion normal (n),2007-07-01,32,17,23,21,55,38,93
ARAMPAMPA,desnutricion aguda,nutricion normal (n),2007-07-01,52,50,53,52,105,102,207
ARANI,desnutricion aguda,nutricion normal (n),2007-07-01,26,10,19,27,45,37,82
ARBIETO,desnutricion aguda,nutricion normal (n),2007-07-01,41,38,21,18,62,56,118
ARQUE,desnutricion aguda,nutricion normal (n),2007-07-01,62,44,27,35,89,79,168
ASCENCION DE GUARAYOS,desnutricion aguda,nutricion normal (n),2007-07-01,8,9,11,12,19,21,40
ATOCHA,desnutricion aguda,nutricion normal (n),2007-07-01,46,39,44,42,90,81,171
AYOPAYA (V. DE INDEPENDENCIA),desnutricion aguda,nutricion normal (n),2007-07-01,160,138,101,79,261,217,478
AZURDUY,desnutricion aguda,nutricion normal (n),2007-07-01,170,141,214,160,384,301,685
BAURES,desnutricion aguda,nutricion normal (n),2007-07-01,32,29,32,32,64,61,125
BELEN DE ANDAMARCA,desnutricion aguda,nutricion normal (n),2007-07-01,2,0,1,0,3,0,3
BELEN DE URMIRI,desnutricion aguda,nutricion normal (n),2007-07-01,12,8,7,11,19,19,38
BELLA FLOR,desnutricion aguda,nutricion normal (n),2007-07-01,17,13,15,14,32,27,59
BERMEJO,desnutricion aguda,nutricion normal (n),2007-07-01,108,89,55,92,163,181,344
BETANZOS,desnutricion aguda,nutricion normal (n),2007-07-01,238,177,189,191,427,368,795
BOLIVAR,desnutricion aguda,nutricion normal (n),2007-07-01,47,34,34,26,81,60,141
BOLPEBRA,desnutricion aguda,nutricion normal (n),2007-07-01,14,15,16,16,30,31,61
BOYUIBE,desnutricion aguda,nutricion normal (n),2007-07-01,26,33,27,28,53,61,114
BUENA VISTA,desnutricion aguda,nutricion normal (n),2007-07-01,100,110,112,106,212,216,428
CABEZAS,desnutricion aguda,nutricion normal (n),2007-07-01,115,93,74,62,189,155,344
"CAIZA ""D""",desnutricion aguda,nutricion normal (n),2007-07-01,65,54,55,55,120,109,229
CAJUATA,desnutricion aguda,nutricion normal (n),2007-07-01,69,59,49,27,118,86,204
CAMARGO,desnutricion aguda,nutricion normal (n),2007-07-01,100,125,94,95,194,220,414
CAMATAQUI (C. VILLA ABECIA),desnutricion aguda,nutricion normal (n),2007-07-01,28,33,33,23,61,56,117
CAMIRI,desnutricion aguda,nutricion normal (n),2007-07-01,240,213,227,203,467,416,883
CAPINOTA,desnutricion aguda,nutricion normal (n),2007-07-01,102,88,40,37,142,125,267
CARACOLLO,desnutricion aguda,nutricion normal (n),2007-07-01,90,112,29,52,119,164,283
CARAPARI,desnutricion aguda,nutricion normal (n),2007-07-01,60,65,57,77,117,142,259
CARIPUYO,desnutricion aguda,nutricion normal (n),2007-07-01,70,59,81,97,151,156,307
CARMEN RIVERO TORREZ,desnutricion aguda,nutricion normal (n),2007-07-01,40,23,28,21,68,44,112
CHALLAPATA,desnutricion aguda,nutricion normal (n),2007-07-01,162,183,123,111,285,294,579
CHAQUI,desnutricion aguda,nutricion normal (n),2007-07-01,41,41,48,40,89,81,170
CHARAGUA,desnutricion aguda,nutricion normal (n),2007-07-01,147,185,146,139,293,324,617
CHAYANTA,desnutricion aguda,nutricion normal (n),2007-07-01,56,53,54,54,110,107,217
CHIMORE,desnutricion aguda,nutricion normal (n),2007-07-01,37,30,20,15,57,45,102
CHIPAYA,desnutricion aguda,nutricion normal (n),2007-07-01,6,11,8,7,14,18,32
CHOQUE COTA,desnutricion aguda,nutricion normal (n),2007-07-01,3,3,2,3,5,6,11
CLIZA,desnutricion aguda,nutricion normal (n),2007-07-01,0,0,5,4,5,4,9
COBIJA,desnutricion aguda,nutricion normal (n),2007-07-01,313,308,148,142,461,450,911
COCHABAMBA,desnutricion aguda,nutricion normal (n),2007-07-01,1691,1466,724,686,2415,2152,4567
COIPASA,desnutricion aguda,nutricion normal (n),2007-07-01,2,3,0,0,2,3,5
COLCAPIRHUA,desnutricion aguda,nutricion normal (n),2007-07-01,132,121,73,77,205,198,403
"COLCHA ""K""",desnutricion aguda,nutricion normal (n),2007-07-01,74,62,38,34,112,96,208
COLOMI,desnutricion aguda,nutricion normal (n),2007-07-01,122,113,49,59,171,172,343
COLPA BELGICA,desnutricion aguda,nutricion normal (n),2007-07-01,37,36,29,16,66,52,118
COLQUECHACA,desnutricion aguda,nutricion normal (n),2007-07-01,173,152,98,76,271,228,499
COLQUIRI,desnutricion aguda,nutricion normal (n),2007-07-01,136,119,74,86,210,205,415
COMARAPA,desnutricion aguda,nutricion normal (n),2007-07-01,81,89,80,95,161,184,345
CONCEPCION,desnutricion aguda,nutricion normal (n),2007-07-01,106,68,30,35,136,103,239
CORQUE,desnutricion aguda,nutricion normal (n),2007-07-01,43,47,30,36,73,83,156
COTAGAITA,desnutricion aguda,nutricion normal (n),2007-07-01,158,135,80,100,238,235,473
COTOCA,desnutricion aguda,nutricion normal (n),2007-07-01,319,246,169,144,488,390,878
CUATRO CAÑADAS,desnutricion aguda,nutricion normal (n),2007-07-01,83,86,57,54,140,140,280
CUCHUMUELA (V. G. VILLARROEL),desnutricion aguda,nutricion normal (n),2007-07-01,7,3,1,1,8,4,12
CUEVO,desnutricion aguda,nutricion normal (n),2007-07-01,24,32,34,43,58,75,133
CULPINA,desnutricion aguda,nutricion normal (n),2007-07-01,184,181,175,179,359,360,719
CURAHUARA DE CARANGAS,desnutricion aguda,nutricion normal (n),2007-07-01,42,21,27,21,69,42,111
EL CHORO,desnutricion aguda,nutricion normal (n),2007-07-01,18,12,4,4,22,16,38
EL PUENTE(TJA),desnutricion aguda,nutricion normal (n),2007-07-01,46,45,51,46,97,91,188
EL TORNO,desnutricion aguda,nutricion normal (n),2007-07-01,160,190,56,73,216,263,479
EL VILLAR,desnutricion aguda,nutricion normal (n),2007-07-01,64,51,66,66,130,117,247
ENTRE RIOS,desnutricion aguda,nutricion normal (n),2007-07-01,143,146,123,108,266,254,520
ENTRE RIOS,desnutricion aguda,nutricion normal (n),2007-07-01,187,192,83,77,270,269,539
ESCARA,desnutricion aguda,nutricion normal (n),2007-07-01,1,3,3,1,4,4,8
ESMERALDA,desnutricion aguda,nutricion normal (n),2007-07-01,2,1,1,1,3,2,5
EUCALIPTUS,desnutricion aguda,nutricion normal (n),2007-07-01,26,21,23,14,49,35,84
EUREKA (SANTOS MERCADO),desnutricion aguda,nutricion normal (n),2007-07-01,5,2,2,4,7,6,13
EXALTACION,desnutricion aguda,nutricion normal (n),2007-07-01,6,11,9,12,15,23,38
FERNANDEZ ALONSO,desnutricion aguda,nutricion normal (n),2007-07-01,99,77,57,59,156,136,292
FILADELFIA,desnutricion aguda,nutricion normal (n),2007-07-01,50,34,34,43,84,77,161
GENERAL SAAVEDRA,desnutricion aguda,nutricion normal (n),2007-07-01,125,118,80,72,205,190,395
GUAYARAMERIN,desnutricion aguda,nutricion normal (n),2007-07-01,217,201,108,100,325,301,626
GUTIERREZ,desnutricion aguda,nutricion normal (n),2007-07-01,123,119,185,174,308,293,601
HUACARETA,desnutricion aguda,nutricion normal (n),2007-07-01,100,86,84,70,184,156,340
HUACAYA (VILLA DE HUACAYA),desnutricion aguda,nutricion normal (n),2007-07-01,38,24,39,43,77,67,144
HUACHACALLA,desnutricion aguda,nutricion normal (n),2007-07-01,7,10,6,5,13,15,28
HUANUNI,desnutricion aguda,nutricion normal (n),2007-07-01,115,110,66,54,181,164,345
HUARACAJE,desnutricion aguda,nutricion normal (n),2007-07-01,32,18,19,17,51,35,86
HUAYLLAMARCA,desnutricion aguda,nutricion normal (n),2007-07-01,29,20,8,12,37,32,69
ICHOCA,desnutricion aguda,nutricion normal (n),2007-07-01,29,19,15,21,44,40,84
ICLA,desnutricion aguda,nutricion normal (n),2007-07-01,54,34,65,32,119,66,185
INCAHUASI,desnutricion aguda,nutricion normal (n),2007-07-01,226,245,213,209,439,454,893
INGAVI (HUMAITA),desnutricion aguda,nutricion normal (n),2007-07-01,3,3,2,1,5,4,9
INQUISIVI,desnutricion aguda,nutricion normal (n),2007-07-01,63,76,67,53,130,129,259
LA GUARDIA,desnutricion aguda,nutricion normal (n),2007-07-01,326,325,146,141,472,466,938
LA RIVERA,desnutricion aguda,nutricion normal (n),2007-07-01,1,4,0,0,1,4,5
LAGUNILLAS,desnutricion aguda,nutricion normal (n),2007-07-01,85,78,110,122,195,200,395
LAS CARRERAS,desnutricion aguda,nutricion normal (n),2007-07-01,41,40,54,37,95,77,172
LICOMA PAMPA,desnutricion aguda,nutricion normal (n),2007-07-01,11,12,6,9,17,21,38
LLALLAGUA,desnutricion aguda,nutricion normal (n),2007-07-01,147,148,168,164,315,312,627
LLICA,desnutricion aguda,nutricion normal (n),2007-07-01,18,20,25,15,43,35,78
LORETO,desnutricion aguda,nutricion normal (n),2007-07-01,22,18,17,14,39,32,71
MACHACAMARCA,desnutricion aguda,nutricion normal (n),2007-07-01,40,35,48,47,88,82,170
MACHARETI,desnutricion aguda,nutricion normal (n),2007-07-01,89,74,96,136,185,210,395
MAGDALENA,desnutricion aguda,nutricion normal (n),2007-07-01,59,45,23,24,82,69,151
MAIRANA,desnutricion aguda,nutricion normal (n),2007-07-01,79,89,68,40,147,129,276
MECAPACA,desnutricion aguda,nutricion normal (n),2007-07-01,44,69,46,40,90,109,199
MINEROS,desnutricion aguda,nutricion normal (n),2007-07-01,172,125,69,92,241,217,458
MIZQUE,desnutricion aguda,nutricion normal (n),2007-07-01,179,119,102,108,281,227,508
MOJINETE,desnutricion aguda,nutricion normal (n),2007-07-01,6,9,5,8,11,17,28
MOJOCOYA,desnutricion aguda,nutricion normal (n),2007-07-01,64,58,89,67,153,125,278
MONTEAGUDO,desnutricion aguda,nutricion normal (n),2007-07-01,198,182,185,178,383,360,743
MONTERO,desnutricion aguda,nutricion normal (n),2007-07-01,759,757,488,470,1247,1227,2474
MORO MORO,desnutricion aguda,nutricion normal (n),2007-07-01,18,15,13,17,31,32,63
MOROCHATA,desnutricion aguda,nutricion normal (n),2007-07-01,103,112,69,92,172,204,376
NACEBE (SANTA ROSA DEL ABUNA),desnutricion aguda,nutricion normal (n),2007-07-01,12,13,22,10,34,23,57
NUEVO MANOA (NUEVA ESPERANZA),desnutricion aguda,nutricion normal (n),2007-07-01,9,8,10,7,19,15,34
OCURI,desnutricion aguda,nutricion normal (n),2007-07-01,99,123,110,110,209,233,442
OKINAWA,desnutricion aguda,nutricion normal (n),2007-07-01,92,81,46,55,138,136,274
OMEREQUE,desnutricion aguda,nutricion normal (n),2007-07-01,32,27,23,25,55,52,107
ORURO,desnutricion aguda,nutricion normal (n),2007-07-01,1240,1094,510,570,1750,1664,3414
PADCAYA,desnutricion aguda,nutricion normal (n),2007-07-01,75,93,64,76,139,169,308
PADILLA,desnutricion aguda,nutricion normal (n),2007-07-01,119,144,162,161,281,305,586
PAILON,desnutricion aguda,nutricion normal (n),2007-07-01,98,105,60,46,158,151,309
PALCA,desnutricion aguda,nutricion normal (n),2007-07-01,48,42,16,10,64,52,116
PAMPA AULLAGAS,desnutricion aguda,nutricion normal (n),2007-07-01,23,24,16,26,39,50,89
PAMPA GRANDE,desnutricion aguda,nutricion normal (n),2007-07-01,28,27,16,15,44,42,86
PASORAPA,desnutricion aguda,nutricion normal (n),2007-07-01,18,12,20,20,38,32,70
PAZÑA,desnutricion aguda,nutricion normal (n),2007-07-01,54,26,30,36,84,62,146
POCOATA,desnutricion aguda,nutricion normal (n),2007-07-01,145,115,106,88,251,203,454
POCONA,desnutricion aguda,nutricion normal (n),2007-07-01,68,47,40,37,108,84,192
POJO (CBBA),desnutricion aguda,nutricion normal (n),2007-07-01,78,58,68,74,146,132,278
POOPO,desnutricion aguda,nutricion normal (n),2007-07-01,21,21,5,3,26,24,50
PORCO,desnutricion aguda,nutricion normal (n),2007-07-01,54,50,18,12,72,62,134
POROMA,desnutricion aguda,nutricion normal (n),2007-07-01,159,142,154,138,313,280,593
PORONGO,desnutricion aguda,nutricion normal (n),2007-07-01,37,43,21,24,58,67,125
PORTACHUELO,desnutricion aguda,nutricion normal (n),2007-07-01,125,118,74,68,199,186,385
PORVENIR,desnutricion aguda,nutricion normal (n),2007-07-01,48,53,37,48,85,101,186
POSTRER VALLE,desnutricion aguda,nutricion normal (n),2007-07-01,8,5,7,9,15,14,29
POTOSI,desnutricion aguda,nutricion normal (n),2007-07-01,894,842,340,327,1234,1169,2403
PRESTO,desnutricion aguda,nutricion normal (n),2007-07-01,77,56,89,76,166,132,298
PUCARA,desnutricion aguda,nutricion normal (n),2007-07-01,13,11,8,9,21,20,41
PUERTO GONZALO MORENO,desnutricion aguda,nutricion normal (n),2007-07-01,43,65,49,36,92,101,193
PUERTO QUIJARRO,desnutricion aguda,nutricion normal (n),2007-07-01,65,73,23,27,88,100,188
PUERTO RICO,desnutricion aguda,nutricion normal (n),2007-07-01,60,69,62,50,122,119,241
PUERTO SILES,desnutricion aguda,nutricion normal (n),2007-07-01,43,41,60,47,103,88,191
PUERTO SUAREZ,desnutricion aguda,nutricion normal (n),2007-07-01,46,62,15,16,61,78,139
PUERTO VILLARROEL,desnutricion aguda,nutricion normal (n),2007-07-01,209,167,85,123,294,290,584
PUNA,desnutricion aguda,nutricion normal (n),2007-07-01,186,136,153,136,339,272,611
PUNATA,desnutricion aguda,nutricion normal (n),2007-07-01,267,235,115,104,382,339,721
QUILLACOLLO,desnutricion aguda,nutricion normal (n),2007-07-01,506,518,305,178,811,696,1507
QUIME,desnutricion aguda,nutricion normal (n),2007-07-01,75,86,59,60,134,146,280
QUIRUSILLAS,desnutricion aguda,nutricion normal (n),2007-07-01,9,7,12,6,21,13,34
RAVELO,desnutricion aguda,nutricion normal (n),2007-07-01,124,110,154,132,278,242,520
REYES,desnutricion aguda,nutricion normal (n),2007-07-01,52,56,55,50,107,106,213
RIBERALTA,desnutricion aguda,nutricion normal (n),2007-07-01,967,739,253,244,1220,983,2203
ROBORE,desnutricion aguda,nutricion normal (n),2007-07-01,118,111,67,54,185,165,350
RURRENABAQUE,desnutricion aguda,nutricion normal (n),2007-07-01,110,105,65,58,175,163,338
SABAYA,desnutricion aguda,nutricion normal (n),2007-07-01,12,21,5,8,17,29,46
SACABA,desnutricion aguda,nutricion normal (n),2007-07-01,517,446,249,214,766,660,1426
SACABAMBA,desnutricion aguda,nutricion normal (n),2007-07-01,35,30,23,13,58,43,101
SACACA,desnutricion aguda,nutricion normal (n),2007-07-01,100,118,165,122,265,240,505
SAIPINA,desnutricion aguda,nutricion normal (n),2007-07-01,34,27,56,65,90,92,182
SALINAS DE GARCI MENDOZA,desnutricion aguda,nutricion normal (n),2007-07-01,52,60,38,40,90,100,190
SAMAIPATA,desnutricion aguda,nutricion normal (n),2007-07-01,60,46,27,26,87,72,159
SAN AGUSTIN,desnutricion aguda,nutricion normal (n),2007-07-01,7,6,12,16,19,22,41
SAN ANDRES,desnutricion aguda,nutricion normal (n),2007-07-01,152,125,96,62,248,187,435
SAN ANTONIO DE ESMORUCO,desnutricion aguda,nutricion normal (n),2007-07-01,2,8,4,1,6,9,15
SAN ANTONIO DE LOMERIO,desnutricion aguda,nutricion normal (n),2007-07-01,58,39,47,67,105,106,211
SAN BENITO,desnutricion aguda,nutricion normal (n),2007-07-01,55,47,22,18,77,65,142
SAN BORJA,desnutricion aguda,nutricion normal (n),2007-07-01,320,302,171,181,491,483,974
SAN CARLOS,desnutricion aguda,nutricion normal (n),2007-07-01,267,199,87,98,354,297,651
SAN IGNACIO,desnutricion aguda,nutricion normal (n),2007-07-01,178,176,105,91,283,267,550
SAN IGNACIO DE VELASCO,desnutricion aguda,nutricion normal (n),2007-07-01,387,342,257,231,644,573,1217
SAN JAVIER(BNI),desnutricion aguda,nutricion normal (n),2007-07-01,26,17,27,23,53,40,93
SAN JAVIER(STC),desnutricion aguda,nutricion normal (n),2007-07-01,25,25,18,7,43,32,75
SAN JOAQUIN,desnutricion aguda,nutricion normal (n),2007-07-01,29,15,11,19,40,34,74
SAN JOSE DE CHIQUITOS,desnutricion aguda,nutricion normal (n),2007-07-01,62,47,36,35,98,82,180
SAN JUAN DE YAPACANI,desnutricion aguda,nutricion normal (n),2007-07-01,72,78,52,61,124,139,263
SAN JULIAN,desnutricion aguda,nutricion normal (n),2007-07-01,107,108,130,144,237,252,489
SAN LORENZO(PND),desnutricion aguda,nutricion normal (n),2007-07-01,55,54,79,79,134,133,267
SAN LORENZO(TJA),desnutricion aguda,nutricion normal (n),2007-07-01,85,81,72,70,157,151,308
SAN LUCAS,desnutricion aguda,nutricion normal (n),2007-07-01,378,353,474,417,852,770,1622
SAN MATIAS,desnutricion aguda,nutricion normal (n),2007-07-01,48,51,55,42,103,93,196
SAN MIGUEL DE VELASCO,desnutricion aguda,nutricion normal (n),2007-07-01,79,62,64,55,143,117,260
SAN PABLO DE LIPEZ,desnutricion aguda,nutricion normal (n),2007-07-01,18,12,13,10,31,22,53
SAN PEDRO,desnutricion aguda,nutricion normal (n),2007-07-01,122,105,67,82,189,187,376
SAN PEDRO DE BUENA VISTA,desnutricion aguda,nutricion normal (n),2007-07-01,142,125,122,87,264,212,476
SAN PEDRO DE QUEMES,desnutricion aguda,nutricion normal (n),2007-07-01,6,5,2,5,8,10,18
SAN PEDRO(PND),desnutricion aguda,nutricion normal (n),2007-07-01,10,16,16,14,26,30,56
SAN RAFAEL,desnutricion aguda,nutricion normal (n),2007-07-01,51,41,35,31,86,72,158
SAN RAMON,desnutricion aguda,nutricion normal (n),2007-07-01,47,37,28,16,75,53,128
SANTA ANA,desnutricion aguda,nutricion normal (n),2007-07-01,109,121,45,55,154,176,330
SANTA CRUZ DE LA SIERRA,desnutricion aguda,nutricion normal (n),2007-07-01,3880,3576,1667,1559,5547,5135,10682
SANTA ROSA,desnutricion aguda,nutricion normal (n),2007-07-01,76,62,66,71,142,133,275
SANTA ROSA DEL SARA,desnutricion aguda,nutricion normal (n),2007-07-01,119,121,87,94,206,215,421
SANTIAGO DE HUARI,desnutricion aguda,nutricion normal (n),2007-07-01,40,35,26,30,66,65,131
SANTIVAÑES,desnutricion aguda,nutricion normal (n),2007-07-01,36,34,42,27,78,61,139
SANTUARIO DE QUILLACAS,desnutricion aguda,nutricion normal (n),2007-07-01,12,9,12,11,24,20,44
SENA,desnutricion aguda,nutricion normal (n),2007-07-01,30,29,18,19,48,48,96
SICAYA,desnutricion aguda,nutricion normal (n),2007-07-01,10,15,13,7,23,22,45
SIPE SIPE,desnutricion aguda,nutricion normal (n),2007-07-01,204,195,72,102,276,297,573
SOPACHUY,desnutricion aguda,nutricion normal (n),2007-07-01,96,81,80,79,176,160,336
SORACACHI,desnutricion aguda,nutricion normal (n),2007-07-01,94,83,68,67,162,150,312
SUCRE,desnutricion aguda,nutricion normal (n),2007-07-01,1247,1251,833,802,2080,2053,4133
TACACHI,desnutricion aguda,nutricion normal (n),2007-07-01,4,3,0,1,4,4,8
TACOBAMBA,desnutricion aguda,nutricion normal (n),2007-07-01,59,39,29,29,88,68,156
TACOPAYA,desnutricion aguda,nutricion normal (n),2007-07-01,50,53,47,34,97,87,184
TAHUA,desnutricion aguda,nutricion normal (n),2007-07-01,3,8,1,5,4,13,17
TAPACARI,desnutricion aguda,nutricion normal (n),2007-07-01,169,167,119,115,288,282,570
TARABUCO,desnutricion aguda,nutricion normal (n),2007-07-01,142,144,237,232,379,376,755
TARATA,desnutricion aguda,nutricion normal (n),2007-07-01,46,56,22,28,68,84,152
TARIJA,desnutricion aguda,nutricion normal (n),2007-07-01,730,655,366,433,1096,1088,2184
TARVITA,desnutricion aguda,nutricion normal (n),2007-07-01,253,201,264,266,517,467,984
TINGUIPAYA,desnutricion aguda,nutricion normal (n),2007-07-01,86,64,58,43,144,107,251
TIQUIPAYA,desnutricion aguda,nutricion normal (n),2007-07-01,235,169,98,81,333,250,583
TIRAQUE (CBBA),desnutricion aguda,nutricion normal (n),2007-07-01,291,225,129,148,420,373,793
TOCO,desnutricion aguda,nutricion normal (n),2007-07-01,34,25,31,27,65,52,117
TODOS SANTOS,desnutricion aguda,nutricion normal (n),2007-07-01,3,1,2,0,5,1,6
TOLATA,desnutricion aguda,nutricion normal (n),2007-07-01,17,19,11,13,28,32,60
TOLEDO,desnutricion aguda,nutricion normal (n),2007-07-01,36,43,16,25,52,68,120
TOMAVE,desnutricion aguda,nutricion normal (n),2007-07-01,56,48,46,29,102,77,179
TOMINA,desnutricion aguda,nutricion normal (n),2007-07-01,98,111,122,116,220,227,447
TORO TORO,desnutricion aguda,nutricion normal (n),2007-07-01,31,60,45,31,76,91,167
TOTORA(CBBA),desnutricion aguda,nutricion normal (n),2007-07-01,99,78,20,34,119,112,231
TOTORA(ORR),desnutricion aguda,nutricion normal (n),2007-07-01,17,17,20,24,37,41,78
TRIGAL,desnutricion aguda,nutricion normal (n),2007-07-01,11,9,9,14,20,23,43
TRINIDAD,desnutricion aguda,nutricion normal (n),2007-07-01,636,604,317,306,953,910,1863
TUPIZA,desnutricion aguda,nutricion normal (n),2007-07-01,229,233,189,191,418,424,842
TURCO,desnutricion aguda,nutricion normal (n),2007-07-01,22,34,22,23,44,57,101
UNCIA,desnutricion aguda,nutricion normal (n),2007-07-01,96,78,68,64,164,142,306
URIONDO (A. CONCEPCION),desnutricion aguda,nutricion normal (n),2007-07-01,87,65,57,102,144,167,311
UYUNI,desnutricion aguda,nutricion normal (n),2007-07-01,257,216,132,115,389,331,720
VACAS,desnutricion aguda,nutricion normal (n),2007-07-01,39,52,12,19,51,71,122
VALLEGRANDE,desnutricion aguda,nutricion normal (n),2007-07-01,98,91,44,57,142,148,290
VIACHA,desnutricion aguda,nutricion normal (n),2007-07-01,219,211,131,131,350,342,692
VILA VILA,desnutricion aguda,nutricion normal (n),2007-07-01,15,27,14,22,29,49,78
VILLA MONTES,desnutricion aguda,nutricion normal (n),2007-07-01,218,202,137,118,355,320,675
VILLA NUEVA (LOMA ALTA),desnutricion aguda,nutricion normal (n),2007-07-01,26,23,25,17,51,40,91
VILLA RIVERO,desnutricion aguda,nutricion normal (n),2007-07-01,17,12,12,9,29,21,50
VILLA SERRANO,desnutricion aguda,nutricion normal (n),2007-07-01,141,133,172,152,313,285,598
VILLA TUNARI,desnutricion aguda,nutricion normal (n),2007-07-01,489,342,216,183,705,525,1230
VILLA VACA GUZMAN (MUYUPAMPA),desnutricion aguda,nutricion normal (n),2007-07-01,58,70,90,85,148,155,303
VILLAZON,desnutricion aguda,nutricion normal (n),2007-07-01,190,196,110,117,300,313,613
VINTO,desnutricion aguda,nutricion normal (n),2007-07-01,92,85,24,18,116,103,219
VITICHI,desnutricion aguda,nutricion normal (n),2007-07-01,77,70,72,71,149,141,290
WARNES,desnutricion aguda,nutricion normal (n),2007-07-01,179,209,123,110,302,319,621
YACUIBA,desnutricion aguda,nutricion normal (n),2007-07-01,343,301,139,148,482,449,931
YAMPARAEZ,desnutricion aguda,nutricion normal (n),2007-07-01,98,88,144,154,242,242,484
YAPACANI,desnutricion aguda,nutricion normal (n),2007-07-01,218,228,149,140,367,368,735
YOCALLA,desnutricion aguda,nutricion normal (n),2007-07-01,43,39,43,24,86,63,149
YOTALA,desnutricion aguda,nutricion normal (n),2007-07-01,14,12,6,6,20,18,38
YUNCHARA,desnutricion aguda,nutricion normal (n),2007-07-01,17,34,47,43,64,77,141
ZUDAÑEZ,desnutricion aguda,nutricion normal (n),2007-07-01,62,59,72,69,134,128,262
ACACIO,desnutricion aguda,nutricion normal (n),2007-08-01,49,44,52,45,101,89,190
ACHOCALLA,desnutricion aguda,nutricion normal (n),2007-08-01,7,16,0,2,7,18,25
AIQUILE,desnutricion aguda,nutricion normal (n),2007-08-01,147,136,76,75,223,211,434
ALALAY,desnutricion aguda,nutricion normal (n),2007-08-01,41,31,33,32,74,63,137
ALCALA,desnutricion aguda,nutricion normal (n),2007-08-01,23,27,39,39,62,66,128
ANDAMARCA,desnutricion aguda,nutricion normal (n),2007-08-01,40,34,53,45,93,79,172
ANTEQUERA,desnutricion aguda,nutricion normal (n),2007-08-01,48,33,21,18,69,51,120
ANZALDO,desnutricion aguda,nutricion normal (n),2007-08-01,33,34,37,41,70,75,145
ARAMPAMPA,desnutricion aguda,nutricion normal (n),2007-08-01,71,54,70,66,141,120,261
ARANI,desnutricion aguda,nutricion normal (n),2007-08-01,26,25,15,17,41,42,83
ARBIETO,desnutricion aguda,nutricion normal (n),2007-08-01,45,39,32,31,77,70,147
ARQUE,desnutricion aguda,nutricion normal (n),2007-08-01,55,45,47,60,102,105,207
ASCENCION DE GUARAYOS,desnutricion aguda,nutricion normal (n),2007-08-01,204,201,176,226,380,427,807
ATOCHA,desnutricion aguda,nutricion normal (n),2007-08-01,81,66,45,34,126,100,226
AYOPAYA (V. DE INDEPENDENCIA),desnutricion aguda,nutricion normal (n),2007-08-01,160,200,82,106,242,306,548
AZURDUY,desnutricion aguda,nutricion normal (n),2007-08-01,182,159,246,184,428,343,771
BAURES,desnutricion aguda,nutricion normal (n),2007-08-01,42,34,32,44,74,78,152
BELEN DE ANDAMARCA,desnutricion aguda,nutricion normal (n),2007-08-01,10,6,7,6,17,12,29
BELEN DE URMIRI,desnutricion aguda,nutricion normal (n),2007-08-01,9,11,10,2,19,13,32
BELLA FLOR,desnutricion aguda,nutricion normal (n),2007-08-01,19,26,33,30,52,56,108
BERMEJO,desnutricion aguda,nutricion normal (n),2007-08-01,94,94,54,64,148,158,306
BETANZOS,desnutricion aguda,nutricion normal (n),2007-08-01,291,222,261,282,552,504,1056
BOLIVAR,desnutricion aguda,nutricion normal (n),2007-08-01,56,31,40,50,96,81,177
BOLPEBRA,desnutricion aguda,nutricion normal (n),2007-08-01,6,8,14,13,20,21,41
BOYUIBE,desnutricion aguda,nutricion normal (n),2007-08-01,27,19,25,18,52,37,89
BUENA VISTA,desnutricion aguda,nutricion normal (n),2007-08-01,142,130,133,109,275,239,514
CABEZAS,desnutricion aguda,nutricion normal (n),2007-08-01,134,112,105,91,239,203,442
"CAIZA ""D""",desnutricion aguda,nutricion normal (n),2007-08-01,74,77,74,65,148,142,290
CAJUATA,desnutricion aguda,nutricion normal (n),2007-08-01,80,79,48,39,128,118,246
CAMARGO,desnutricion aguda,nutricion normal (n),2007-08-01,156,154,109,118,265,272,537
CAMATAQUI (C. VILLA ABECIA),desnutricion aguda,nutricion normal (n),2007-08-01,28,39,31,27,59,66,125
CAMIRI,desnutricion aguda,nutricion normal (n),2007-08-01,231,253,222,246,453,499,952
CAPINOTA,desnutricion aguda,nutricion normal (n),2007-08-01,142,114,77,87,219,201,420
CARACOLLO,desnutricion aguda,nutricion normal (n),2007-08-01,63,100,37,52,100,152,252
CARANGAS,desnutricion aguda,nutricion normal (n),2007-08-01,3,8,4,5,7,13,20
CARAPARI,desnutricion aguda,nutricion normal (n),2007-08-01,77,94,84,81,161,175,336
CARIPUYO,desnutricion aguda,nutricion normal (n),2007-08-01,93,88,76,98,169,186,355
CARMEN RIVERO TORREZ,desnutricion aguda,nutricion normal (n),2007-08-01,32,40,22,21,54,61,115
CHALLAPATA,desnutricion aguda,nutricion normal (n),2007-08-01,160,151,124,114,284,265,549
CHAQUI,desnutricion aguda,nutricion normal (n),2007-08-01,56,53,53,44,109,97,206
CHARAGUA,desnutricion aguda,nutricion normal (n),2007-08-01,158,149,131,149,289,298,587
CHAYANTA,desnutricion aguda,nutricion normal (n),2007-08-01,84,71,75,66,159,137,296
CHIMORE,desnutricion aguda,nutricion normal (n),2007-08-01,74,53,58,46,132,99,231
CHIPAYA,desnutricion aguda,nutricion normal (n),2007-08-01,11,6,5,14,16,20,36
CHOQUE COTA,desnutricion aguda,nutricion normal (n),2007-08-01,11,6,3,2,14,8,22
CLIZA,desnutricion aguda,nutricion normal (n),2007-08-01,1,2,4,7,5,9,14
COBIJA,desnutricion aguda,nutricion normal (n),2007-08-01,357,332,204,140,561,472,1033
COCHABAMBA,desnutricion aguda,nutricion normal (n),2007-08-01,2113,1910,868,861,2981,2771,5752
COIPASA,desnutricion aguda,nutricion normal (n),2007-08-01,11,0,0,11,11,11,22
COLCAPIRHUA,desnutricion aguda,nutricion normal (n),2007-08-01,310,295,129,118,439,413,852
"COLCHA ""K""",desnutricion aguda,nutricion normal (n),2007-08-01,99,83,69,66,168,149,317
COLOMI,desnutricion aguda,nutricion normal (n),2007-08-01,172,169,82,59,254,228,482
COLPA BELGICA,desnutricion aguda,nutricion normal (n),2007-08-01,31,50,34,18,65,68,133
COLQUECHACA,desnutricion aguda,nutricion normal (n),2007-08-01,148,148,84,84,232,232,464
COLQUIRI,desnutricion aguda,nutricion normal (n),2007-08-01,135,120,99,108,234,228,462
COMARAPA,desnutricion aguda,nutricion normal (n),2007-08-01,88,64,51,57,139,121,260
CONCEPCION,desnutricion aguda,nutricion normal (n),2007-08-01,107,73,46,34,153,107,260
CORQUE,desnutricion aguda,nutricion normal (n),2007-08-01,34,31,42,43,76,74,150
COTAGAITA,desnutricion aguda,nutricion normal (n),2007-08-01,226,220,143,136,369,356,725
COTOCA,desnutricion aguda,nutricion normal (n),2007-08-01,309,266,130,112,439,378,817
CUATRO CAÑADAS,desnutricion aguda,nutricion normal (n),2007-08-01,160,123,139,111,299,234,533
CUCHUMUELA (V. G. VILLARROEL),desnutricion aguda,nutricion normal (n),2007-08-01,14,15,19,3,33,18,51
CUEVO,desnutricion aguda,nutricion normal (n),2007-08-01,3,3,2,5,5,8,13
CULPINA,desnutricion aguda,nutricion normal (n),2007-08-01,244,222,198,177,442,399,841
CURAHUARA DE CARANGAS,desnutricion aguda,nutricion normal (n),2007-08-01,56,43,30,34,86,77,163
CURVA,desnutricion aguda,nutricion normal (n),2007-08-01,15,14,7,11,22,25,47
EL CHORO,desnutricion aguda,nutricion normal (n),2007-08-01,37,26,30,20,67,46,113
EL PUENTE(STC),desnutricion aguda,nutricion normal (n),2007-08-01,141,107,81,79,222,186,408
EL PUENTE(TJA),desnutricion aguda,nutricion normal (n),2007-08-01,54,43,66,61,120,104,224
EL TORNO,desnutricion aguda,nutricion normal (n),2007-08-01,234,190,87,86,321,276,597
EL VILLAR,desnutricion aguda,nutricion normal (n),2007-08-01,77,51,79,74,156,125,281
ENTRE RIOS,desnutricion aguda,nutricion normal (n),2007-08-01,178,164,178,165,356,329,685
ENTRE RIOS,desnutricion aguda,nutricion normal (n),2007-08-01,254,255,128,140,382,395,777
ESCARA,desnutricion aguda,nutricion normal (n),2007-08-01,1,1,3,3,4,4,8
EUCALIPTUS,desnutricion aguda,nutricion normal (n),2007-08-01,27,43,25,25,52,68,120
EUREKA (SANTOS MERCADO),desnutricion aguda,nutricion normal (n),2007-08-01,13,19,14,9,27,28,55
EXALTACION,desnutricion aguda,nutricion normal (n),2007-08-01,14,12,10,17,24,29,53
FERNANDEZ ALONSO,desnutricion aguda,nutricion normal (n),2007-08-01,130,100,83,85,213,185,398
FILADELFIA,desnutricion aguda,nutricion normal (n),2007-08-01,40,27,19,28,59,55,114
GENERAL SAAVEDRA,desnutricion aguda,nutricion normal (n),2007-08-01,115,114,83,84,198,198,396
GUAYARAMERIN,desnutricion aguda,nutricion normal (n),2007-08-01,318,322,158,160,476,482,958
GUTIERREZ,desnutricion aguda,nutricion normal (n),2007-08-01,125,120,162,153,287,273,560
HUACARETA,desnutricion aguda,nutricion normal (n),2007-08-01,114,83,118,102,232,185,417
HUACAYA (VILLA DE HUACAYA),desnutricion aguda,nutricion normal (n),2007-08-01,42,40,56,49,98,89,187
HUACHACALLA,desnutricion aguda,nutricion normal (n),2007-08-01,15,10,5,6,20,16,36
HUANUNI,desnutricion aguda,nutricion normal (n),2007-08-01,137,168,103,67,240,235,475
HUARACAJE,desnutricion aguda,nutricion normal (n),2007-08-01,43,39,48,34,91,73,164
HUAYLLAMARCA,desnutricion aguda,nutricion normal (n),2007-08-01,22,29,18,23,40,52,92
ICHOCA,desnutricion aguda,nutricion normal (n),2007-08-01,24,27,18,20,42,47,89
ICLA,desnutricion aguda,nutricion normal (n),2007-08-01,114,128,179,166,293,294,587
INCAHUASI,desnutricion aguda,nutricion normal (n),2007-08-01,227,210,193,185,420,395,815
INGAVI (HUMAITA),desnutricion aguda,nutricion normal (n),2007-08-01,18,15,17,15,35,30,65
INQUISIVI,desnutricion aguda,nutricion normal (n),2007-08-01,75,64,73,55,148,119,267
LA GUARDIA,desnutricion aguda,nutricion normal (n),2007-08-01,385,447,180,202,565,649,1214
LA RIVERA,desnutricion aguda,nutricion normal (n),2007-08-01,2,0,0,0,2,0,2
LAGUNILLAS,desnutricion aguda,nutricion normal (n),2007-08-01,64,47,88,98,152,145,297
LAS CARRERAS,desnutricion aguda,nutricion normal (n),2007-08-01,42,42,45,37,87,79,166
LICOMA PAMPA,desnutricion aguda,nutricion normal (n),2007-08-01,14,18,12,15,26,33,59
LLALLAGUA,desnutricion aguda,nutricion normal (n),2007-08-01,231,222,438,356,669,578,1247
LLICA,desnutricion aguda,nutricion normal (n),2007-08-01,32,21,14,22,46,43,89
LORETO,desnutricion aguda,nutricion normal (n),2007-08-01,33,30,27,22,60,52,112
MACHACAMARCA,desnutricion aguda,nutricion normal (n),2007-08-01,37,35,14,17,51,52,103
MACHARETI,desnutricion aguda,nutricion normal (n),2007-08-01,85,91,137,132,222,223,445
MAGDALENA,desnutricion aguda,nutricion normal (n),2007-08-01,104,91,81,60,185,151,336
MAIRANA,desnutricion aguda,nutricion normal (n),2007-08-01,100,96,55,47,155,143,298
MECAPACA,desnutricion aguda,nutricion normal (n),2007-08-01,63,62,36,28,99,90,189
MINEROS,desnutricion aguda,nutricion normal (n),2007-08-01,246,198,194,151,440,349,789
MIZQUE,desnutricion aguda,nutricion normal (n),2007-08-01,199,176,162,194,361,370,731
MOJINETE,desnutricion aguda,nutricion normal (n),2007-08-01,5,1,9,4,14,5,19
MOJOCOYA,desnutricion aguda,nutricion normal (n),2007-08-01,70,68,107,81,177,149,326
MONTEAGUDO,desnutricion aguda,nutricion normal (n),2007-08-01,252,186,266,209,518,395,913
MONTERO,desnutricion aguda,nutricion normal (n),2007-08-01,987,907,557,501,1544,1408,2952
MORO MORO,desnutricion aguda,nutricion normal (n),2007-08-01,28,25,42,28,70,53,123
MOROCHATA,desnutricion aguda,nutricion normal (n),2007-08-01,169,141,110,85,279,226,505
NACEBE (SANTA ROSA DEL ABUNA),desnutricion aguda,nutricion normal (n),2007-08-01,0,0,8,14,8,14,22
NUEVO MANOA (NUEVA ESPERANZA),desnutricion aguda,nutricion normal (n),2007-08-01,10,16,12,10,22,26,48
OCURI,desnutricion aguda,nutricion normal (n),2007-08-01,83,87,81,80,164,167,331
OKINAWA,desnutricion aguda,nutricion normal (n),2007-08-01,114,80,58,58,172,138,310
OMEREQUE,desnutricion aguda,nutricion normal (n),2007-08-01,31,38,50,41,81,79,160
ORURO,desnutricion aguda,nutricion normal (n),2007-08-01,1983,1808,715,705,2698,2513,5211
PADCAYA,desnutricion aguda,nutricion normal (n),2007-08-01,120,140,89,114,209,254,463
PADILLA,desnutricion aguda,nutricion normal (n),2007-08-01,114,139,162,163,276,302,578
PAILON,desnutricion aguda,nutricion normal (n),2007-08-01,112,135,74,73,186,208,394
PALCA,desnutricion aguda,nutricion normal (n),2007-08-01,81,81,22,26,103,107,210
PAMPA AULLAGAS,desnutricion aguda,nutricion normal (n),2007-08-01,21,23,27,28,48,51,99
PAMPA GRANDE,desnutricion aguda,nutricion normal (n),2007-08-01,61,53,55,55,116,108,224
PASORAPA,desnutricion aguda,nutricion normal (n),2007-08-01,37,23,29,42,66,65,131
PAZÑA,desnutricion aguda,nutricion normal (n),2007-08-01,56,35,24,30,80,65,145
POCOATA,desnutricion aguda,nutricion normal (n),2007-08-01,122,110,108,84,230,194,424
POCONA,desnutricion aguda,nutricion normal (n),2007-08-01,68,84,44,53,112,137,249
POJO (CBBA),desnutricion aguda,nutricion normal (n),2007-08-01,61,70,39,23,100,93,193
POOPO,desnutricion aguda,nutricion normal (n),2007-08-01,56,47,25,20,81,67,148
PORCO,desnutricion aguda,nutricion normal (n),2007-08-01,81,73,13,15,94,88,182
POROMA,desnutricion aguda,nutricion normal (n),2007-08-01,137,116,140,114,277,230,507
PORONGO,desnutricion aguda,nutricion normal (n),2007-08-01,69,69,46,35,115,104,219
PORTACHUELO,desnutricion aguda,nutricion normal (n),2007-08-01,140,139,83,81,223,220,443
PORVENIR,desnutricion aguda,nutricion normal (n),2007-08-01,51,57,50,40,101,97,198
POSTRER VALLE,desnutricion aguda,nutricion normal (n),2007-08-01,10,7,10,17,20,24,44
POTOSI,desnutricion aguda,nutricion normal (n),2007-08-01,981,934,406,299,1387,1233,2620
PRESTO,desnutricion aguda,nutricion normal (n),2007-08-01,91,60,90,74,181,134,315
PUCARA,desnutricion aguda,nutricion normal (n),2007-08-01,11,15,12,17,23,32,55
PUERTO GONZALO MORENO,desnutricion aguda,nutricion normal (n),2007-08-01,52,59,48,49,100,108,208
PUERTO QUIJARRO,desnutricion aguda,nutricion normal (n),2007-08-01,88,93,30,35,118,128,246
PUERTO RICO,desnutricion aguda,nutricion normal (n),2007-08-01,81,87,81,56,162,143,305
PUERTO SILES,desnutricion aguda,nutricion normal (n),2007-08-01,9,19,12,19,21,38,59
PUERTO SUAREZ,desnutricion aguda,nutricion normal (n),2007-08-01,89,85,20,24,109,109,218
PUERTO VILLARROEL,desnutricion aguda,nutricion normal (n),2007-08-01,239,214,163,135,402,349,751
PUNA,desnutricion aguda,nutricion normal (n),2007-08-01,248,190,227,197,475,387,862
PUNATA,desnutricion aguda,nutricion normal (n),2007-08-01,278,202,100,76,378,278,656
QUILLACOLLO,desnutricion aguda,nutricion normal (n),2007-08-01,690,110753,249,228,939,110981,111920
QUIME,desnutricion aguda,nutricion normal (n),2007-08-01,98,66,62,74,160,140,300
QUIRUSILLAS,desnutricion aguda,nutricion normal (n),2007-08-01,9,10,22,9,31,19,50
RAVELO,desnutricion aguda,nutricion normal (n),2007-08-01,166,170,212,162,378,332,710
REYES,desnutricion aguda,nutricion normal (n),2007-08-01,60,52,38,35,98,87,185
RIBERALTA,desnutricion aguda,nutricion normal (n),2007-08-01,1193,1028,353,318,1546,1346,2892
ROBORE,desnutricion aguda,nutricion normal (n),2007-08-01,133,124,76,86,209,210,419
RURRENABAQUE,desnutricion aguda,nutricion normal (n),2007-08-01,98,98,34,39,132,137,269
SABAYA,desnutricion aguda,nutricion normal (n),2007-08-01,25,16,15,12,40,28,68
SACABA,desnutricion aguda,nutricion normal (n),2007-08-01,490,469,211,147,701,616,1317
SACABAMBA,desnutricion aguda,nutricion normal (n),2007-08-01,35,29,25,35,60,64,124
SACACA,desnutricion aguda,nutricion normal (n),2007-08-01,212,200,265,228,477,428,905
SAIPINA,desnutricion aguda,nutricion normal (n),2007-08-01,19,22,27,19,46,41,87
SALINAS DE GARCI MENDOZA,desnutricion aguda,nutricion normal (n),2007-08-01,105,67,64,51,169,118,287
SAMAIPATA,desnutricion aguda,nutricion normal (n),2007-08-01,85,64,61,53,146,117,263
SAN AGUSTIN,desnutricion aguda,nutricion normal (n),2007-08-01,14,14,16,13,30,27,57
SAN ANDRES,desnutricion aguda,nutricion normal (n),2007-08-01,165,110,97,70,262,180,442
SAN ANTONIO DE ESMORUCO,desnutricion aguda,nutricion normal (n),2007-08-01,16,5,3,3,19,8,27
SAN ANTONIO DE LOMERIO,desnutricion aguda,nutricion normal (n),2007-08-01,72,80,100,90,172,170,342
SAN BENITO,desnutricion aguda,nutricion normal (n),2007-08-01,48,44,23,28,71,72,143
SAN BORJA,desnutricion aguda,nutricion normal (n),2007-08-01,354,338,173,164,527,502,1029
SAN CARLOS,desnutricion aguda,nutricion normal (n),2007-08-01,149,179,68,62,217,241,458
SAN IGNACIO,desnutricion aguda,nutricion normal (n),2007-08-01,299,253,178,145,477,398,875
SAN IGNACIO DE VELASCO,desnutricion aguda,nutricion normal (n),2007-08-01,489,417,300,272,789,689,1478
SAN JAVIER(BNI),desnutricion aguda,nutricion normal (n),2007-08-01,49,35,28,37,77,72,149
SAN JAVIER(STC),desnutricion aguda,nutricion normal (n),2007-08-01,38,49,12,19,50,68,118
SAN JOAQUIN,desnutricion aguda,nutricion normal (n),2007-08-01,41,28,23,16,64,44,108
SAN JOSE DE CHIQUITOS,desnutricion aguda,nutricion normal (n),2007-08-01,78,84,45,52,123,136,259
SAN JUAN DE YAPACANI,desnutricion aguda,nutricion normal (n),2007-08-01,108,134,72,77,180,211,391
SAN JULIAN,desnutricion aguda,nutricion normal (n),2007-08-01,97,110,101,129,198,239,437
SAN LORENZO(PND),desnutricion aguda,nutricion normal (n),2007-08-01,24,13,23,25,47,38,85
SAN LORENZO(TJA),desnutricion aguda,nutricion normal (n),2007-08-01,90,65,62,90,152,155,307
SAN LUCAS,desnutricion aguda,nutricion normal (n),2007-08-01,422,413,472,438,894,851,1745
SAN MATIAS,desnutricion aguda,nutricion normal (n),2007-08-01,66,82,42,41,108,123,231
SAN MIGUEL DE VELASCO,desnutricion aguda,nutricion normal (n),2007-08-01,90,75,22,24,112,99,211
SAN PABLO DE LIPEZ,desnutricion aguda,nutricion normal (n),2007-08-01,24,19,23,18,47,37,84
SAN PEDRO,desnutricion aguda,nutricion normal (n),2007-08-01,134,152,106,100,240,252,492
SAN PEDRO DE BUENA VISTA,desnutricion aguda,nutricion normal (n),2007-08-01,192,211,157,156,349,367,716
SAN PEDRO DE QUEMES,desnutricion aguda,nutricion normal (n),2007-08-01,7,10,11,6,18,16,34
SAN PEDRO(PND),desnutricion aguda,nutricion normal (n),2007-08-01,25,24,32,32,57,56,113
SAN RAFAEL,desnutricion aguda,nutricion normal (n),2007-08-01,58,51,31,29,89,80,169
SAN RAMON,desnutricion aguda,nutricion normal (n),2007-08-01,67,44,41,26,108,70,178
SANTA ANA,desnutricion aguda,nutricion normal (n),2007-08-01,146,142,64,50,210,192,402
SANTA CRUZ DE LA SIERRA,desnutricion aguda,nutricion normal (n),2007-08-01,4872,4494,1873,1971,6745,6465,13210
SANTA ROSA,desnutricion aguda,nutricion normal (n),2007-08-01,65,63,51,43,116,106,222
SANTA ROSA DEL SARA,desnutricion aguda,nutricion normal (n),2007-08-01,164,173,136,156,300,329,629
SANTIAGO DE HUARI,desnutricion aguda,nutricion normal (n),2007-08-01,58,52,61,57,119,109,228
SANTIVAÑES,desnutricion aguda,nutricion normal (n),2007-08-01,38,44,34,25,72,69,141
SANTUARIO DE QUILLACAS,desnutricion aguda,nutricion normal (n),2007-08-01,19,25,36,41,55,66,121
SENA,desnutricion aguda,nutricion normal (n),2007-08-01,36,40,42,43,78,83,161
SICAYA,desnutricion aguda,nutricion normal (n),2007-08-01,8,11,4,0,12,11,23
SIPE SIPE,desnutricion aguda,nutricion normal (n),2007-08-01,254,190,81,89,335,279,614
SOPACHUY,desnutricion aguda,nutricion normal (n),2007-08-01,106,99,104,94,210,193,403
SORACACHI,desnutricion aguda,nutricion normal (n),2007-08-01,87,62,69,68,156,130,286
SUCRE,desnutricion aguda,nutricion normal (n),2007-08-01,1364,1360,1039,919,2403,2279,4682
TACACHI,desnutricion aguda,nutricion normal (n),2007-08-01,4,2,0,1,4,3,7
TACOBAMBA,desnutricion aguda,nutricion normal (n),2007-08-01,60,43,35,33,95,76,171
TACOPAYA,desnutricion aguda,nutricion normal (n),2007-08-01,77,63,83,97,160,160,320
TAHUA,desnutricion aguda,nutricion normal (n),2007-08-01,9,11,1,3,10,14,24
TAPACARI,desnutricion aguda,nutricion normal (n),2007-08-01,197,156,103,86,300,242,542
TARABUCO,desnutricion aguda,nutricion normal (n),2007-08-01,192,179,288,274,480,453,933
TARATA,desnutricion aguda,nutricion normal (n),2007-08-01,68,66,29,27,97,93,190
TARIJA,desnutricion aguda,nutricion normal (n),2007-08-01,777,780,413,438,1190,1218,2408
TARVITA,desnutricion aguda,nutricion normal (n),2007-08-01,243,187,221,181,464,368,832
TINGUIPAYA,desnutricion aguda,nutricion normal (n),2007-08-01,147,119,80,67,227,186,413
TIQUIPAYA,desnutricion aguda,nutricion normal (n),2007-08-01,215,204,95,72,310,276,586
TIRAQUE (CBBA),desnutricion aguda,nutricion normal (n),2007-08-01,296,271,170,187,466,458,924
TOCO,desnutricion aguda,nutricion normal (n),2007-08-01,18,21,24,24,42,45,87
TODOS SANTOS,desnutricion aguda,nutricion normal (n),2007-08-01,7,1,7,6,14,7,21
TOLATA,desnutricion aguda,nutricion normal (n),2007-08-01,27,27,22,16,49,43,92
TOLEDO,desnutricion aguda,nutricion normal (n),2007-08-01,42,41,38,40,80,81,161
TOMAVE,desnutricion aguda,nutricion normal (n),2007-08-01,66,59,63,30,129,89,218
TOMINA,desnutricion aguda,nutricion normal (n),2007-08-01,112,109,107,101,219,210,429
TORO TORO,desnutricion aguda,nutricion normal (n),2007-08-01,153,152,81,110,234,262,496
TOTORA(CBBA),desnutricion aguda,nutricion normal (n),2007-08-01,96,94,30,30,126,124,250
TOTORA(ORR),desnutricion aguda,nutricion normal (n),2007-08-01,21,16,13,18,34,34,68
TRIGAL,desnutricion aguda,nutricion normal (n),2007-08-01,18,19,24,23,42,42,84
TRINIDAD,desnutricion aguda,nutricion normal (n),2007-08-01,758,702,393,263,1151,965,2116
TUPIZA,desnutricion aguda,nutricion normal (n),2007-08-01,340,321,287,295,627,616,1243
TURCO,desnutricion aguda,nutricion normal (n),2007-08-01,34,30,33,24,67,54,121
UNCIA,desnutricion aguda,nutricion normal (n),2007-08-01,147,140,97,93,244,233,477
URIONDO (A. CONCEPCION),desnutricion aguda,nutricion normal (n),2007-08-01,153,145,135,121,288,266,554
URUBICHA,desnutricion aguda,nutricion normal (n),2007-08-01,43,59,56,57,99,116,215
UYUNI,desnutricion aguda,nutricion normal (n),2007-08-01,246,185,99,97,345,282,627
VACAS,desnutricion aguda,nutricion normal (n),2007-08-01,63,40,31,27,94,67,161
VALLEGRANDE,desnutricion aguda,nutricion normal (n),2007-08-01,129,120,87,84,216,204,420
VIACHA,desnutricion aguda,nutricion normal (n),2007-08-01,283,196,132,138,415,334,749
VILLA MONTES,desnutricion aguda,nutricion normal (n),2007-08-01,225,228,140,120,365,348,713
VILLA NUEVA (LOMA ALTA),desnutricion aguda,nutricion normal (n),2007-08-01,17,21,29,29,46,50,96
VILLA RIVERO,desnutricion aguda,nutricion normal (n),2007-08-01,25,23,12,19,37,42,79
VILLA SERRANO,desnutricion aguda,nutricion normal (n),2007-08-01,137,140,160,132,297,272,569
VILLA TUNARI,desnutricion aguda,nutricion normal (n),2007-08-01,580,466,270,237,850,703,1553
VILLA VACA GUZMAN (MUYUPAMPA),desnutricion aguda,nutricion normal (n),2007-08-01,74,86,140,113,214,199,413
VILLAZON,desnutricion aguda,nutricion normal (n),2007-08-01,245,257,135,151,380,408,788
VINTO,desnutricion aguda,nutricion normal (n),2007-08-01,206,134,27,29,233,163,396
VITICHI,desnutricion aguda,nutricion normal (n),2007-08-01,75,92,85,87,160,179,339
WARNES,desnutricion aguda,nutricion normal (n),2007-08-01,307,305,220,194,527,499,1026
YACUIBA,desnutricion aguda,nutricion normal (n),2007-08-01,406,389,179,161,585,550,1135
YAMPARAEZ,desnutricion aguda,nutricion normal (n),2007-08-01,95,83,132,143,227,226,453
YAPACANI,desnutricion aguda,nutricion normal (n),2007-08-01,308,340,208,157,516,497,1013
YOCALLA,desnutricion aguda,nutricion normal (n),2007-08-01,51,50,38,36,89,86,175
YOTALA,desnutricion aguda,nutricion normal (n),2007-08-01,89,84,111,103,200,187,387
YUNCHARA,desnutricion aguda,nutricion normal (n),2007-08-01,24,40,49,42,73,82,155
ZUDAÑEZ,desnutricion aguda,nutricion normal (n),2007-08-01,98,85,126,104,224,189,413
ACACIO,desnutricion aguda,nutricion normal (n),2007-09-01,34,41,30,28,64,69,133
ACHOCALLA,desnutricion aguda,nutricion normal (n),2007-09-01,14,10,2,2,16,12,28
AIQUILE,desnutricion aguda,nutricion normal (n),2007-09-01,184,153,115,67,299,220,519
ALALAY,desnutricion aguda,nutricion normal (n),2007-09-01,27,11,17,21,44,32,76
ALCALA,desnutricion aguda,nutricion normal (n),2007-09-01,22,32,41,35,63,67,130
ANDAMARCA,desnutricion aguda,nutricion normal (n),2007-09-01,28,22,29,28,57,50,107
ANTEQUERA,desnutricion aguda,nutricion normal (n),2007-09-01,32,29,30,35,62,64,126
ANZALDO,desnutricion aguda,nutricion normal (n),2007-09-01,22,30,26,28,48,58,106
ARAMPAMPA,desnutricion aguda,nutricion normal (n),2007-09-01,51,57,57,76,108,133,241
ARANI,desnutricion aguda,nutricion normal (n),2007-09-01,34,27,38,36,72,63,135
ARBIETO,desnutricion aguda,nutricion normal (n),2007-09-01,54,54,33,34,87,88,175
ARQUE,desnutricion aguda,nutricion normal (n),2007-09-01,56,50,44,54,100,104,204
ATOCHA,desnutricion aguda,nutricion normal (n),2007-09-01,75,67,34,55,109,122,231
AYOPAYA (V. DE INDEPENDENCIA),desnutricion aguda,nutricion normal (n),2007-09-01,138,132,99,106,237,238,475
AZURDUY,desnutricion aguda,nutricion normal (n),2007-09-01,184,157,230,179,414,336,750
BAURES,desnutricion aguda,nutricion normal (n),2007-09-01,34,31,20,31,54,62,116
BELEN DE ANDAMARCA,desnutricion aguda,nutricion normal (n),2007-09-01,6,3,8,4,14,7,21
BELEN DE URMIRI,desnutricion aguda,nutricion normal (n),2007-09-01,8,12,10,9,18,21,39
BELLA FLOR,desnutricion aguda,nutricion normal (n),2007-09-01,15,11,18,23,33,34,67
BERMEJO,desnutricion aguda,nutricion normal (n),2007-09-01,73,69,58,49,131,118,249
BETANZOS,desnutricion aguda,nutricion normal (n),2007-09-01,234,184,149,192,383,376,759
BOLIVAR,desnutricion aguda,nutricion normal (n),2007-09-01,63,33,32,36,95,69,164
BOLPEBRA,desnutricion aguda,nutricion normal (n),2007-09-01,14,11,14,17,28,28,56
BOYUIBE,desnutricion aguda,nutricion normal (n),2007-09-01,24,34,30,28,54,62,116
BUENA VISTA,desnutricion aguda,nutricion normal (n),2007-09-01,136,125,127,111,263,236,499
CABEZAS,desnutricion aguda,nutricion normal (n),2007-09-01,90,104,68,59,158,163,321
"CAIZA ""D""",desnutricion aguda,nutricion normal (n),2007-09-01,78,70,70,73,148,143,291
CAJUATA,desnutricion aguda,nutricion normal (n),2007-09-01,66,68,37,31,103,99,202
CAMARGO,desnutricion aguda,nutricion normal (n),2007-09-01,149,150,125,116,274,266,540
CAMATAQUI (C. VILLA ABECIA),desnutricion aguda,nutricion normal (n),2007-09-01,14,33,30,22,44,55,99
CAMIRI,desnutricion aguda,nutricion normal (n),2007-09-01,231,240,178,171,409,411,820
CAPINOTA,desnutricion aguda,nutricion normal (n),2007-09-01,124,130,69,56,193,186,379
CARACOLLO,desnutricion aguda,nutricion normal (n),2007-09-01,62,79,24,33,86,112,198
CARANGAS,desnutricion aguda,nutricion normal (n),2007-09-01,2,0,2,1,4,1,5
CARAPARI,desnutricion aguda,nutricion normal (n),2007-09-01,76,79,63,52,139,131,270
CARIPUYO,desnutricion aguda,nutricion normal (n),2007-09-01,53,55,60,58,113,113,226
CARMEN RIVERO TORREZ,desnutricion aguda,nutricion normal (n),2007-09-01,23,22,19,10,42,32,74
CHALLAPATA,desnutricion aguda,nutricion normal (n),2007-09-01,211,183,104,103,315,286,601
CHAQUI,desnutricion aguda,nutricion normal (n),2007-09-01,26,32,39,31,65,63,128
CHARAGUA,desnutricion aguda,nutricion normal (n),2007-09-01,192,182,162,149,354,331,685
CHAYANTA,desnutricion aguda,nutricion normal (n),2007-09-01,75,76,79,75,154,151,305
CHIMORE,desnutricion aguda,nutricion normal (n),2007-09-01,37,30,21,22,58,52,110
CHIPAYA,desnutricion aguda,nutricion normal (n),2007-09-01,3,9,5,6,8,15,23
CHOQUE COTA,desnutricion aguda,nutricion normal (n),2007-09-01,9,7,2,3,11,10,21
CLIZA,desnutricion aguda,nutricion normal (n),2007-09-01,13,9,8,12,21,21,42
COBIJA,desnutricion aguda,nutricion normal (n),2007-09-01,297,265,157,171,454,436,890
COCHABAMBA,desnutricion aguda,nutricion normal (n),2007-09-01,1941,1766,942,894,2883,2660,5543
COIPASA,desnutricion aguda,nutricion normal (n),2007-09-01,0,5,0,1,0,6,6
COLCAPIRHUA,desnutricion aguda,nutricion normal (n),2007-09-01,214,180,91,87,305,267,572
"COLCHA ""K""",desnutricion aguda,nutricion normal (n),2007-09-01,73,78,52,55,125,133,258
COLOMI,desnutricion aguda,nutricion normal (n),2007-09-01,164,132,76,60,240,192,432
COLPA BELGICA,desnutricion aguda,nutricion normal (n),2007-09-01,46,47,36,23,82,70,152
COLQUECHACA,desnutricion aguda,nutricion normal (n),2007-09-01,109,105,63,46,172,151,323
COLQUIRI,desnutricion aguda,nutricion normal (n),2007-09-01,107,112,65,69,172,181,353
COMARAPA,desnutricion aguda,nutricion normal (n),2007-09-01,107,98,96,123,203,221,424
CONCEPCION,desnutricion aguda,nutricion normal (n),2007-09-01,113,93,35,37,148,130,278
CORQUE,desnutricion aguda,nutricion normal (n),2007-09-01,55,45,65,66,120,111,231
COTAGAITA,desnutricion aguda,nutricion normal (n),2007-09-01,164,187,127,121,291,308,599
COTOCA,desnutricion aguda,nutricion normal (n),2007-09-01,319,316,110,95,429,411,840
CUATRO CAÑADAS,desnutricion aguda,nutricion normal (n),2007-09-01,99,86,96,69,195,155,350
CUCHUMUELA (V. G. VILLARROEL),desnutricion aguda,nutricion normal (n),2007-09-01,18,10,12,6,30,16,46
CUEVO,desnutricion aguda,nutricion normal (n),2007-09-01,24,43,31,40,55,83,138
CULPINA,desnutricion aguda,nutricion normal (n),2007-09-01,212,199,195,183,407,382,789
CURAHUARA DE CARANGAS,desnutricion aguda,nutricion normal (n),2007-09-01,74,47,35,34,109,81,190
CURVA,desnutricion aguda,nutricion normal (n),2007-09-01,4,4,8,3,12,7,19
EL CHORO,desnutricion aguda,nutricion normal (n),2007-09-01,28,16,13,19,41,35,76
EL PUENTE(STC),desnutricion aguda,nutricion normal (n),2007-09-01,148,140,92,115,240,255,495
EL PUENTE(TJA),desnutricion aguda,nutricion normal (n),2007-09-01,52,62,56,64,108,126,234
EL TORNO,desnutricion aguda,nutricion normal (n),2007-09-01,171,162,54,66,225,228,453
EL VILLAR,desnutricion aguda,nutricion normal (n),2007-09-01,66,61,90,74,156,135,291
ENTRE RIOS,desnutricion aguda,nutricion normal (n),2007-09-01,143,146,185,146,328,292,620
ENTRE RIOS,desnutricion aguda,nutricion normal (n),2007-09-01,267,238,136,128,403,366,769
ESCARA,desnutricion aguda,nutricion normal (n),2007-09-01,2,1,1,1,3,2,5
EUCALIPTUS,desnutricion aguda,nutricion normal (n),2007-09-01,18,17,19,20,37,37,74
EUREKA (SANTOS MERCADO),desnutricion aguda,nutricion normal (n),2007-09-01,20,20,10,18,30,38,68
EXALTACION,desnutricion aguda,nutricion normal (n),2007-09-01,8,13,11,5,19,18,37
FERNANDEZ ALONSO,desnutricion aguda,nutricion normal (n),2007-09-01,113,97,61,82,174,179,353
FILADELFIA,desnutricion aguda,nutricion normal (n),2007-09-01,45,28,22,24,67,52,119
GENERAL SAAVEDRA,desnutricion aguda,nutricion normal (n),2007-09-01,126,106,89,84,215,190,405
GUAYARAMERIN,desnutricion aguda,nutricion normal (n),2007-09-01,299,231,128,152,427,383,810
GUTIERREZ,desnutricion aguda,nutricion normal (n),2007-09-01,62,59,88,85,150,144,294
HUACARETA,desnutricion aguda,nutricion normal (n),2007-09-01,90,96,97,109,187,205,392
HUACAYA (VILLA DE HUACAYA),desnutricion aguda,nutricion normal (n),2007-09-01,37,42,53,50,90,92,182
HUACHACALLA,desnutricion aguda,nutricion normal (n),2007-09-01,9,7,1,6,10,13,23
HUANUNI,desnutricion aguda,nutricion normal (n),2007-09-01,204,155,81,83,285,238,523
HUARACAJE,desnutricion aguda,nutricion normal (n),2007-09-01,24,14,14,11,38,25,63
HUAYLLAMARCA,desnutricion aguda,nutricion normal (n),2007-09-01,20,20,14,17,34,37,71
ICHOCA,desnutricion aguda,nutricion normal (n),2007-09-01,22,16,19,7,41,23,64
ICLA,desnutricion aguda,nutricion normal (n),2007-09-01,100,99,153,142,253,241,494
INCAHUASI,desnutricion aguda,nutricion normal (n),2007-09-01,189,169,161,151,350,320,670
INGAVI (HUMAITA),desnutricion aguda,nutricion normal (n),2007-09-01,2,3,0,0,2,3,5
INQUISIVI,desnutricion aguda,nutricion normal (n),2007-09-01,103,99,88,87,191,186,377
LA GUARDIA,desnutricion aguda,nutricion normal (n),2007-09-01,323,351,161,155,484,506,990
LA RIVERA,desnutricion aguda,nutricion normal (n),2007-09-01,2,0,0,3,2,3,5
LAGUNILLAS,desnutricion aguda,nutricion normal (n),2007-09-01,76,68,108,110,184,178,362
LAS CARRERAS,desnutricion aguda,nutricion normal (n),2007-09-01,32,40,50,36,82,76,158
LICOMA PAMPA,desnutricion aguda,nutricion normal (n),2007-09-01,14,14,7,6,21,20,41
LLALLAGUA,desnutricion aguda,nutricion normal (n),2007-09-01,145,139,182,195,327,334,661
LLICA,desnutricion aguda,nutricion normal (n),2007-09-01,38,33,20,28,58,61,119
LORETO,desnutricion aguda,nutricion normal (n),2007-09-01,18,15,17,23,35,38,73
MACHACAMARCA,desnutricion aguda,nutricion normal (n),2007-09-01,37,30,35,28,72,58,130
MACHARETI,desnutricion aguda,nutricion normal (n),2007-09-01,108,84,136,152,244,236,480
MAGDALENA,desnutricion aguda,nutricion normal (n),2007-09-01,78,90,59,42,137,132,269
MAIRANA,desnutricion aguda,nutricion normal (n),2007-09-01,62,68,33,29,95,97,192
MECAPACA,desnutricion aguda,nutricion normal (n),2007-09-01,73,62,50,35,123,97,220
MINEROS,desnutricion aguda,nutricion normal (n),2007-09-01,190,188,122,82,312,270,582
MIZQUE,desnutricion aguda,nutricion normal (n),2007-09-01,142,126,84,82,226,208,434
MOJINETE,desnutricion aguda,nutricion normal (n),2007-09-01,7,8,4,3,11,11,22
MOJOCOYA,desnutricion aguda,nutricion normal (n),2007-09-01,1,2,3,1,4,3,7
MONTEAGUDO,desnutricion aguda,nutricion normal (n),2007-09-01,197,166,218,179,415,345,760
MONTERO,desnutricion aguda,nutricion normal (n),2007-09-01,847,745,481,492,1328,1237,2565
MORO MORO,desnutricion aguda,nutricion normal (n),2007-09-01,15,13,10,13,25,26,51
MOROCHATA,desnutricion aguda,nutricion normal (n),2007-09-01,174,148,116,127,290,275,565
NACEBE (SANTA ROSA DEL ABUNA),desnutricion aguda,nutricion normal (n),2007-09-01,11,11,5,5,16,16,32
NUEVO MANOA (NUEVA ESPERANZA),desnutricion aguda,nutricion normal (n),2007-09-01,8,11,10,7,18,18,36
OCURI,desnutricion aguda,nutricion normal (n),2007-09-01,86,105,113,86,199,191,390
OKINAWA,desnutricion aguda,nutricion normal (n),2007-09-01,96,63,49,66,145,129,274
OMEREQUE,desnutricion aguda,nutricion normal (n),2007-09-01,39,26,45,32,84,58,142
ORURO,desnutricion aguda,nutricion normal (n),2007-09-01,1638,1463,606,586,2244,2049,4293
PADCAYA,desnutricion aguda,nutricion normal (n),2007-09-01,160,156,114,98,274,254,528
PADILLA,desnutricion aguda,nutricion normal (n),2007-09-01,111,132,186,181,297,313,610
PAILON,desnutricion aguda,nutricion normal (n),2007-09-01,131,108,70,77,201,185,386
PALCA,desnutricion aguda,nutricion normal (n),2007-09-01,83,69,23,19,106,88,194
PAMPA AULLAGAS,desnutricion aguda,nutricion normal (n),2007-09-01,29,33,28,28,57,61,118
PAMPA GRANDE,desnutricion aguda,nutricion normal (n),2007-09-01,34,30,9,19,43,49,92
PASORAPA,desnutricion aguda,nutricion normal (n),2007-09-01,28,20,32,33,60,53,113
PAZÑA,desnutricion aguda,nutricion normal (n),2007-09-01,39,28,29,34,68,62,130
POCOATA,desnutricion aguda,nutricion normal (n),2007-09-01,107,105,101,89,208,194,402
POCONA,desnutricion aguda,nutricion normal (n),2007-09-01,54,55,24,31,78,86,164
POJO (CBBA),desnutricion aguda,nutricion normal (n),2007-09-01,101,83,73,72,174,155,329
POOPO,desnutricion aguda,nutricion normal (n),2007-09-01,21,21,14,8,35,29,64
PORCO,desnutricion aguda,nutricion normal (n),2007-09-01,84,82,25,24,109,106,215
POROMA,desnutricion aguda,nutricion normal (n),2007-09-01,143,134,178,170,321,304,625
PORONGO,desnutricion aguda,nutricion normal (n),2007-09-01,32,36,38,38,70,74,144
PORTACHUELO,desnutricion aguda,nutricion normal (n),2007-09-01,161,161,82,90,243,251,494
PORVENIR,desnutricion aguda,nutricion normal (n),2007-09-01,36,50,22,19,58,69,127
POSTRER VALLE,desnutricion aguda,nutricion normal (n),2007-09-01,9,16,15,21,24,37,61
POTOSI,desnutricion aguda,nutricion normal (n),2007-09-01,909,852,359,382,1268,1234,2502
PRESTO,desnutricion aguda,nutricion normal (n),2007-09-01,95,48,88,70,183,118,301
PUCARA,desnutricion aguda,nutricion normal (n),2007-09-01,9,8,9,4,18,12,30
PUERTO GONZALO MORENO,desnutricion aguda,nutricion normal (n),2007-09-01,28,40,18,29,46,69,115
PUERTO QUIJARRO,desnutricion aguda,nutricion normal (n),2007-09-01,65,67,17,21,82,88,170
PUERTO RICO,desnutricion aguda,nutricion normal (n),2007-09-01,70,59,44,47,114,106,220
PUERTO SILES,desnutricion aguda,nutricion normal (n),2007-09-01,32,39,33,27,65,66,131
PUERTO SUAREZ,desnutricion aguda,nutricion normal (n),2007-09-01,45,47,13,12,58,59,117
PUERTO VILLARROEL,desnutricion aguda,nutricion normal (n),2007-09-01,323,304,222,165,545,469,1014
PUNA,desnutricion aguda,nutricion normal (n),2007-09-01,216,186,175,169,391,355,746
PUNATA,desnutricion aguda,nutricion normal (n),2007-09-01,115,90,54,48,169,138,307
QUILLACOLLO,desnutricion aguda,nutricion normal (n),2007-09-01,217,226,266,256,483,482,965
QUIME,desnutricion aguda,nutricion normal (n),2007-09-01,85,56,54,48,139,104,243
QUIRUSILLAS,desnutricion aguda,nutricion normal (n),2007-09-01,4,6,8,10,12,16,28
RAVELO,desnutricion aguda,nutricion normal (n),2007-09-01,171,137,172,134,343,271,614
REYES,desnutricion aguda,nutricion normal (n),2007-09-01,103,71,49,53,152,124,276
RIBERALTA,desnutricion aguda,nutricion normal (n),2007-09-01,1146,892,360,301,1506,1193,2699
ROBORE,desnutricion aguda,nutricion normal (n),2007-09-01,143,108,88,67,231,175,406
RURRENABAQUE,desnutricion aguda,nutricion normal (n),2007-09-01,106,82,50,43,156,125,281
SABAYA,desnutricion aguda,nutricion normal (n),2007-09-01,21,19,12,8,33,27,60
SACABA,desnutricion aguda,nutricion normal (n),2007-09-01,457,444,230,193,687,637,1324
SACABAMBA,desnutricion aguda,nutricion normal (n),2007-09-01,34,34,26,40,60,74,134
SACACA,desnutricion aguda,nutricion normal (n),2007-09-01,142,158,197,159,339,317,656
SAIPINA,desnutricion aguda,nutricion normal (n),2007-09-01,20,25,54,31,74,56,130
SALINAS DE GARCI MENDOZA,desnutricion aguda,nutricion normal (n),2007-09-01,71,81,61,69,132,150,282
SAMAIPATA,desnutricion aguda,nutricion normal (n),2007-09-01,41,44,17,20,58,64,122
SAN AGUSTIN,desnutricion aguda,nutricion normal (n),2007-09-01,16,13,16,15,32,28,60
SAN ANDRES,desnutricion aguda,nutricion normal (n),2007-09-01,163,174,121,144,284,318,602
SAN ANTONIO DE ESMORUCO,desnutricion aguda,nutricion normal (n),2007-09-01,12,15,9,4,21,19,40
SAN ANTONIO DE LOMERIO,desnutricion aguda,nutricion normal (n),2007-09-01,62,66,74,54,136,120,256
SAN BENITO,desnutricion aguda,nutricion normal (n),2007-09-01,53,60,24,27,77,87,164
SAN BORJA,desnutricion aguda,nutricion normal (n),2007-09-01,394,374,235,197,629,571,1200
SAN CARLOS,desnutricion aguda,nutricion normal (n),2007-09-01,160,169,90,86,250,255,505
SAN IGNACIO,desnutricion aguda,nutricion normal (n),2007-09-01,198,212,130,134,328,346,674
SAN IGNACIO DE VELASCO,desnutricion aguda,nutricion normal (n),2007-09-01,427,368,271,205,698,573,1271
SAN JAVIER(BNI),desnutricion aguda,nutricion normal (n),2007-09-01,27,18,25,15,52,33,85
SAN JAVIER(STC),desnutricion aguda,nutricion normal (n),2007-09-01,22,18,10,6,32,24,56
SAN JOAQUIN,desnutricion aguda,nutricion normal (n),2007-09-01,60,55,39,25,99,80,179
SAN JOSE DE CHIQUITOS,desnutricion aguda,nutricion normal (n),2007-09-01,79,83,55,62,134,145,279
SAN JUAN DE YAPACANI,desnutricion aguda,nutricion normal (n),2007-09-01,102,108,72,74,174,182,356
SAN JULIAN,desnutricion aguda,nutricion normal (n),2007-09-01,80,49,45,65,125,114,239
SAN LORENZO(PND),desnutricion aguda,nutricion normal (n),2007-09-01,2,9,6,5,8,14,22
SAN LORENZO(TJA),desnutricion aguda,nutricion normal (n),2007-09-01,83,83,83,77,166,160,326
SAN LUCAS,desnutricion aguda,nutricion normal (n),2007-09-01,357,361,386,388,743,749,1492
SAN MATIAS,desnutricion aguda,nutricion normal (n),2007-09-01,59,72,40,40,99,112,211
SAN MIGUEL DE VELASCO,desnutricion aguda,nutricion normal (n),2007-09-01,61,68,52,45,113,113,226
SAN PABLO DE LIPEZ,desnutricion aguda,nutricion normal (n),2007-09-01,27,10,15,13,42,23,65
SAN PEDRO,desnutricion aguda,nutricion normal (n),2007-09-01,118,123,90,88,208,211,419
SAN PEDRO DE BUENA VISTA,desnutricion aguda,nutricion normal (n),2007-09-01,197,134,130,139,327,273,600
SAN PEDRO DE QUEMES,desnutricion aguda,nutricion normal (n),2007-09-01,5,9,2,5,7,14,21
SAN PEDRO(PND),desnutricion aguda,nutricion normal (n),2007-09-01,2,8,7,4,9,12,21
SAN RAFAEL,desnutricion aguda,nutricion normal (n),2007-09-01,59,54,30,37,89,91,180
SANTA ANA,desnutricion aguda,nutricion normal (n),2007-09-01,172,171,50,43,222,214,436
SANTA CRUZ DE LA SIERRA,desnutricion aguda,nutricion normal (n),2007-09-01,4481,4088,1912,1860,6393,5948,12341
SANTA ROSA,desnutricion aguda,nutricion normal (n),2007-09-01,58,45,34,50,92,95,187
SANTA ROSA DEL SARA,desnutricion aguda,nutricion normal (n),2007-09-01,127,112,69,100,196,212,408
SANTIAGO DE HUARI,desnutricion aguda,nutricion normal (n),2007-09-01,38,42,46,41,84,83,167
SANTIVAÑES,desnutricion aguda,nutricion normal (n),2007-09-01,46,33,35,29,81,62,143
SANTUARIO DE QUILLACAS,desnutricion aguda,nutricion normal (n),2007-09-01,21,22,20,20,41,42,83
SENA,desnutricion aguda,nutricion normal (n),2007-09-01,35,42,22,22,57,64,121
SICAYA,desnutricion aguda,nutricion normal (n),2007-09-01,7,6,3,3,10,9,19
SIPE SIPE,desnutricion aguda,nutricion normal (n),2007-09-01,203,205,82,90,285,295,580
SOPACHUY,desnutricion aguda,nutricion normal (n),2007-09-01,111,106,111,81,222,187,409
SORACACHI,desnutricion aguda,nutricion normal (n),2007-09-01,51,46,22,23,73,69,142
SUCRE,desnutricion aguda,nutricion normal (n),2007-09-01,1384,1301,1035,992,2419,2293,4712
TACACHI,desnutricion aguda,nutricion normal (n),2007-09-01,5,3,0,2,5,5,10
TACOBAMBA,desnutricion aguda,nutricion normal (n),2007-09-01,77,80,52,38,129,118,247
TACOPAYA,desnutricion aguda,nutricion normal (n),2007-09-01,42,36,22,29,64,65,129
TAHUA,desnutricion aguda,nutricion normal (n),2007-09-01,6,7,2,3,8,10,18
TAPACARI,desnutricion aguda,nutricion normal (n),2007-09-01,185,170,151,130,336,300,636
TARABUCO,desnutricion aguda,nutricion normal (n),2007-09-01,184,171,262,236,446,407,853
TARATA,desnutricion aguda,nutricion normal (n),2007-09-01,44,43,21,22,65,65,130
TARIJA,desnutricion aguda,nutricion normal (n),2007-09-01,921,903,555,506,1476,1409,2885
TARVITA,desnutricion aguda,nutricion normal (n),2007-09-01,281,189,266,215,547,404,951
TINGUIPAYA,desnutricion aguda,nutricion normal (n),2007-09-01,119,84,46,34,165,118,283
TIQUIPAYA,desnutricion aguda,nutricion normal (n),2007-09-01,96,104,45,53,141,157,298
TIRAQUE (CBBA),desnutricion aguda,nutricion normal (n),2007-09-01,320,285,218,177,538,462,1000
TOCO,desnutricion aguda,nutricion normal (n),2007-09-01,20,19,20,19,40,38,78
TODOS SANTOS,desnutricion aguda,nutricion normal (n),2007-09-01,3,1,1,1,4,2,6
TOLATA,desnutricion aguda,nutricion normal (n),2007-09-01,21,19,19,17,40,36,76
TOLEDO,desnutricion aguda,nutricion normal (n),2007-09-01,29,23,18,10,47,33,80
TOMAVE,desnutricion aguda,nutricion normal (n),2007-09-01,56,64,48,29,104,93,197
TOMINA,desnutricion aguda,nutricion normal (n),2007-09-01,115,121,127,114,242,235,477
TORO TORO,desnutricion aguda,nutricion normal (n),2007-09-01,87,89,79,82,166,171,337
TOTORA(CBBA),desnutricion aguda,nutricion normal (n),2007-09-01,75,71,25,30,100,101,201
TOTORA(ORR),desnutricion aguda,nutricion normal (n),2007-09-01,25,19,24,35,49,54,103
TRIGAL,desnutricion aguda,nutricion normal (n),2007-09-01,7,12,11,11,18,23,41
TRINIDAD,desnutricion aguda,nutricion normal (n),2007-09-01,704,525,278,295,982,820,1802
TUPIZA,desnutricion aguda,nutricion normal (n),2007-09-01,273,278,207,215,480,493,973
TURCO,desnutricion aguda,nutricion normal (n),2007-09-01,24,31,27,16,51,47,98
UNCIA,desnutricion aguda,nutricion normal (n),2007-09-01,105,104,74,71,179,175,354
URIONDO (A. CONCEPCION),desnutricion aguda,nutricion normal (n),2007-09-01,96,86,67,73,163,159,322
URUBICHA,desnutricion aguda,nutricion normal (n),2007-09-01,5,5,6,7,11,12,23
UYUNI,desnutricion aguda,nutricion normal (n),2007-09-01,233,160,132,108,365,268,633
VACAS,desnutricion aguda,nutricion normal (n),2007-09-01,62,54,65,61,127,115,242
VALLEGRANDE,desnutricion aguda,nutricion normal (n),2007-09-01,151,102,75,97,226,199,425
VIACHA,desnutricion aguda,nutricion normal (n),2007-09-01,188,175,162,124,350,299,649
VILLA MONTES,desnutricion aguda,nutricion normal (n),2007-09-01,181,158,120,115,301,273,574
VILLA NUEVA (LOMA ALTA),desnutricion aguda,nutricion normal (n),2007-09-01,14,25,20,24,34,49,83
VILLA RIVERO,desnutricion aguda,nutricion normal (n),2007-09-01,13,18,18,17,31,35,66
VILLA SERRANO,desnutricion aguda,nutricion normal (n),2007-09-01,111,132,162,140,273,272,545
VILLA TUNARI,desnutricion aguda,nutricion normal (n),2007-09-01,568,490,300,274,868,764,1632
VILLA VACA GUZMAN (MUYUPAMPA),desnutricion aguda,nutricion normal (n),2007-09-01,87,73,137,143,224,216,440
VILLAZON,desnutricion aguda,nutricion normal (n),2007-09-01,214,208,165,164,379,372,751
VINTO,desnutricion aguda,nutricion normal (n),2007-09-01,122,114,30,18,152,132,284
VITICHI,desnutricion aguda,nutricion normal (n),2007-09-01,90,96,87,111,177,207,384
WARNES,desnutricion aguda,nutricion normal (n),2007-09-01,271,280,185,141,456,421,877
YACUIBA,desnutricion aguda,nutricion normal (n),2007-09-01,413,398,181,169,594,567,1161
YAMPARAEZ,desnutricion aguda,nutricion normal (n),2007-09-01,95,89,122,151,217,240,457
YAPACANI,desnutricion aguda,nutricion normal (n),2007-09-01,278,255,141,131,419,386,805
YOCALLA,desnutricion aguda,nutricion normal (n),2007-09-01,49,50,49,31,98,81,179
YOTALA,desnutricion aguda,nutricion normal (n),2007-09-01,68,74,122,121,190,195,385
YUNCHARA,desnutricion aguda,nutricion normal (n),2007-09-01,27,38,48,24,75,62,137
ZUDAÑEZ,desnutricion aguda,nutricion normal (n),2007-09-01,85,93,102,96,187,189,376
ACACIO,desnutricion aguda,nutricion normal (n),2007-10-01,58,72,64,48,122,120,242
ACHOCALLA,desnutricion aguda,nutricion normal (n),2007-10-01,32,31,12,23,44,54,98
AIQUILE,desnutricion aguda,nutricion normal (n),2007-10-01,195,141,158,128,353,269,622
ALALAY,desnutricion aguda,nutricion normal (n),2007-10-01,29,15,16,18,45,33,78
ALCALA,desnutricion aguda,nutricion normal (n),2007-10-01,26,27,40,38,66,65,131
ANDAMARCA,desnutricion aguda,nutricion normal (n),2007-10-01,33,34,46,42,79,76,155
ANTEQUERA,desnutricion aguda,nutricion normal (n),2007-10-01,31,31,39,45,70,76,146
ANZALDO,desnutricion aguda,nutricion normal (n),2007-10-01,28,23,30,28,58,51,109
ARAMPAMPA,desnutricion aguda,nutricion normal (n),2007-10-01,58,63,70,57,128,120,248
ARANI,desnutricion aguda,nutricion normal (n),2007-10-01,18,13,32,25,50,38,88
ARBIETO,desnutricion aguda,nutricion normal (n),2007-10-01,71,72,65,71,136,143,279
ARQUE,desnutricion aguda,nutricion normal (n),2007-10-01,96,77,76,61,172,138,310
ASCENCION DE GUARAYOS,desnutricion aguda,nutricion normal (n),2007-10-01,213,231,189,248,402,479,881
ATOCHA,desnutricion aguda,nutricion normal (n),2007-10-01,104,97,103,84,207,181,388
AYOPAYA (V. DE INDEPENDENCIA),desnutricion aguda,nutricion normal (n),2007-10-01,189,174,148,151,337,325,662
AZURDUY,desnutricion aguda,nutricion normal (n),2007-10-01,215,181,254,212,469,393,862
BAURES,desnutricion aguda,nutricion normal (n),2007-10-01,61,48,58,62,119,110,229
BELEN DE ANDAMARCA,desnutricion aguda,nutricion normal (n),2007-10-01,7,8,12,6,19,14,33
BELEN DE URMIRI,desnutricion aguda,nutricion normal (n),2007-10-01,13,12,13,10,26,22,48
BELLA FLOR,desnutricion aguda,nutricion normal (n),2007-10-01,29,24,28,26,57,50,107
BERMEJO,desnutricion aguda,nutricion normal (n),2007-10-01,140,105,93,81,233,186,419
BETANZOS,desnutricion aguda,nutricion normal (n),2007-10-01,246,215,317,280,563,495,1058
BOLIVAR,desnutricion aguda,nutricion normal (n),2007-10-01,69,46,48,52,117,98,215
BOLPEBRA,desnutricion aguda,nutricion normal (n),2007-10-01,6,9,8,8,14,17,31
BOYUIBE,desnutricion aguda,nutricion normal (n),2007-10-01,27,33,33,32,60,65,125
BUENA VISTA,desnutricion aguda,nutricion normal (n),2007-10-01,187,150,147,118,334,268,602
CABEZAS,desnutricion aguda,nutricion normal (n),2007-10-01,144,142,97,106,241,248,489
"CAIZA ""D""",desnutricion aguda,nutricion normal (n),2007-10-01,74,73,92,84,166,157,323
CAJUATA,desnutricion aguda,nutricion normal (n),2007-10-01,81,93,46,36,127,129,256
CAMARGO,desnutricion aguda,nutricion normal (n),2007-10-01,161,136,166,171,327,307,634
CAMATAQUI (C. VILLA ABECIA),desnutricion aguda,nutricion normal (n),2007-10-01,27,36,33,27,60,63,123
CAMIRI,desnutricion aguda,nutricion normal (n),2007-10-01,259,285,239,239,498,524,1022
CAPINOTA,desnutricion aguda,nutricion normal (n),2007-10-01,194,186,143,120,337,306,643
CARACOLLO,desnutricion aguda,nutricion normal (n),2007-10-01,87,112,20,24,107,136,243
CARANGAS,desnutricion aguda,nutricion normal (n),2007-10-01,5,6,1,5,6,11,17
CARAPARI,desnutricion aguda,nutricion normal (n),2007-10-01,107,105,107,104,214,209,423
CARIPUYO,desnutricion aguda,nutricion normal (n),2007-10-01,50,48,52,67,102,115,217
CARMEN RIVERO TORREZ,desnutricion aguda,nutricion normal (n),2007-10-01,25,14,15,16,40,30,70
CHALLAPATA,desnutricion aguda,nutricion normal (n),2007-10-01,201,186,155,141,356,327,683
CHAQUI,desnutricion aguda,nutricion normal (n),2007-10-01,58,39,46,56,104,95,199
CHARAGUA,desnutricion aguda,nutricion normal (n),2007-10-01,156,145,122,85,278,230,508
CHAYANTA,desnutricion aguda,nutricion normal (n),2007-10-01,66,80,75,46,141,126,267
CHIMORE,desnutricion aguda,nutricion normal (n),2007-10-01,88,70,63,67,151,137,288
CHIPAYA,desnutricion aguda,nutricion normal (n),2007-10-01,10,7,6,7,16,14,30
CHOQUE COTA,desnutricion aguda,nutricion normal (n),2007-10-01,18,9,13,9,31,18,49
CLIZA,desnutricion aguda,nutricion normal (n),2007-10-01,10,6,5,9,15,15,30
COBIJA,desnutricion aguda,nutricion normal (n),2007-10-01,344,313,187,190,531,503,1034
COCHABAMBA,desnutricion aguda,nutricion normal (n),2007-10-01,2229,1969,1348,1164,3577,3133,6710
COIPASA,desnutricion aguda,nutricion normal (n),2007-10-01,5,7,4,0,9,7,16
COLCAPIRHUA,desnutricion aguda,nutricion normal (n),2007-10-01,272,234,194,189,466,423,889
"COLCHA ""K""",desnutricion aguda,nutricion normal (n),2007-10-01,100,69,85,92,185,161,346
COLOMI,desnutricion aguda,nutricion normal (n),2007-10-01,149,114,96,79,245,193,438
COLPA BELGICA,desnutricion aguda,nutricion normal (n),2007-10-01,49,50,24,30,73,80,153
COLQUECHACA,desnutricion aguda,nutricion normal (n),2007-10-01,147,148,107,151,254,299,553
COLQUIRI,desnutricion aguda,nutricion normal (n),2007-10-01,165,172,104,101,269,273,542
COMARAPA,desnutricion aguda,nutricion normal (n),2007-10-01,100,86,54,68,154,154,308
CONCEPCION,desnutricion aguda,nutricion normal (n),2007-10-01,84,67,33,44,117,111,228
CORQUE,desnutricion aguda,nutricion normal (n),2007-10-01,41,62,32,43,73,105,178
COTAGAITA,desnutricion aguda,nutricion normal (n),2007-10-01,202,208,158,125,360,333,693
COTOCA,desnutricion aguda,nutricion normal (n),2007-10-01,383,336,181,160,564,496,1060
CUATRO CAÑADAS,desnutricion aguda,nutricion normal (n),2007-10-01,117,99,111,88,228,187,415
CUCHUMUELA (V. G. VILLARROEL),desnutricion aguda,nutricion normal (n),2007-10-01,11,9,5,8,16,17,33
CUEVO,desnutricion aguda,nutricion normal (n),2007-10-01,36,43,56,54,92,97,189
CULPINA,desnutricion aguda,nutricion normal (n),2007-10-01,238,219,211,222,449,441,890
CURAHUARA DE CARANGAS,desnutricion aguda,nutricion normal (n),2007-10-01,64,43,36,38,100,81,181
EL CHORO,desnutricion aguda,nutricion normal (n),2007-10-01,38,29,14,13,52,42,94
EL PUENTE(STC),desnutricion aguda,nutricion normal (n),2007-10-01,11,3,4,6,15,9,24
EL PUENTE(TJA),desnutricion aguda,nutricion normal (n),2007-10-01,45,45,64,67,109,112,221
EL TORNO,desnutricion aguda,nutricion normal (n),2007-10-01,144,149,82,98,226,247,473
EL VILLAR,desnutricion aguda,nutricion normal (n),2007-10-01,65,49,70,67,135,116,251
ENTRE RIOS,desnutricion aguda,nutricion normal (n),2007-10-01,149,151,164,181,313,332,645
ENTRE RIOS,desnutricion aguda,nutricion normal (n),2007-10-01,278,240,121,163,399,403,802
ESCARA,desnutricion aguda,nutricion normal (n),2007-10-01,1,1,4,3,5,4,9
ESMERALDA,desnutricion aguda,nutricion normal (n),2007-10-01,0,2,0,0,0,2,2
EUCALIPTUS,desnutricion aguda,nutricion normal (n),2007-10-01,36,52,70,71,106,123,229
EXALTACION,desnutricion aguda,nutricion normal (n),2007-10-01,44,40,40,51,84,91,175
FERNANDEZ ALONSO,desnutricion aguda,nutricion normal (n),2007-10-01,108,105,84,91,192,196,388
FILADELFIA,desnutricion aguda,nutricion normal (n),2007-10-01,39,27,48,41,87,68,155
GENERAL SAAVEDRA,desnutricion aguda,nutricion normal (n),2007-10-01,69,57,58,43,127,100,227
GUAYARAMERIN,desnutricion aguda,nutricion normal (n),2007-10-01,311,304,141,142,452,446,898
GUTIERREZ,desnutricion aguda,nutricion normal (n),2007-10-01,85,84,108,117,193,201,394
HUACARETA,desnutricion aguda,nutricion normal (n),2007-10-01,94,95,143,131,237,226,463
HUACAYA (VILLA DE HUACAYA),desnutricion aguda,nutricion normal (n),2007-10-01,31,28,68,60,99,88,187
HUACHACALLA,desnutricion aguda,nutricion normal (n),2007-10-01,14,14,9,10,23,24,47
HUANUNI,desnutricion aguda,nutricion normal (n),2007-10-01,148,168,85,82,233,250,483
HUARACAJE,desnutricion aguda,nutricion normal (n),2007-10-01,33,25,23,24,56,49,105
HUAYLLAMARCA,desnutricion aguda,nutricion normal (n),2007-10-01,25,22,12,11,37,33,70
ICHOCA,desnutricion aguda,nutricion normal (n),2007-10-01,19,22,27,32,46,54,100
ICLA,desnutricion aguda,nutricion normal (n),2007-10-01,123,124,174,170,297,294,591
INCAHUASI,desnutricion aguda,nutricion normal (n),2007-10-01,248,221,246,212,494,433,927
INGAVI (HUMAITA),desnutricion aguda,nutricion normal (n),2007-10-01,4,6,4,3,8,9,17
INQUISIVI,desnutricion aguda,nutricion normal (n),2007-10-01,80,69,48,56,128,125,253
LA GUARDIA,desnutricion aguda,nutricion normal (n),2007-10-01,396,410,215,212,611,622,1233
LA RIVERA,desnutricion aguda,nutricion normal (n),2007-10-01,3,0,3,5,6,5,11
LAGUNILLAS,desnutricion aguda,nutricion normal (n),2007-10-01,93,71,112,101,205,172,377
LAS CARRERAS,desnutricion aguda,nutricion normal (n),2007-10-01,45,36,47,42,92,78,170
LICOMA PAMPA,desnutricion aguda,nutricion normal (n),2007-10-01,18,14,17,17,35,31,66
LLALLAGUA,desnutricion aguda,nutricion normal (n),2007-10-01,172,173,189,215,361,388,749
LLICA,desnutricion aguda,nutricion normal (n),2007-10-01,34,30,46,36,80,66,146
LORETO,desnutricion aguda,nutricion normal (n),2007-10-01,50,33,34,33,84,66,150
MACHACAMARCA,desnutricion aguda,nutricion normal (n),2007-10-01,33,48,42,33,75,81,156
MACHARETI,desnutricion aguda,nutricion normal (n),2007-10-01,112,84,142,157,254,241,495
MAGDALENA,desnutricion aguda,nutricion normal (n),2007-10-01,85,97,124,109,209,206,415
MAIRANA,desnutricion aguda,nutricion normal (n),2007-10-01,99,101,76,71,175,172,347
MECAPACA,desnutricion aguda,nutricion normal (n),2007-10-01,83,89,57,35,140,124,264
MINEROS,desnutricion aguda,nutricion normal (n),2007-10-01,254,230,130,138,384,368,752
MIZQUE,desnutricion aguda,nutricion normal (n),2007-10-01,213,156,174,187,387,343,730
MOJINETE,desnutricion aguda,nutricion normal (n),2007-10-01,5,5,1,1,6,6,12
MOJOCOYA,desnutricion aguda,nutricion normal (n),2007-10-01,55,75,111,82,166,157,323
MONTEAGUDO,desnutricion aguda,nutricion normal (n),2007-10-01,241,207,298,290,539,497,1036
MONTERO,desnutricion aguda,nutricion normal (n),2007-10-01,950,866,582,523,1532,1389,2921
MORO MORO,desnutricion aguda,nutricion normal (n),2007-10-01,13,30,27,23,40,53,93
MOROCHATA,desnutricion aguda,nutricion normal (n),2007-10-01,124,109,102,118,226,227,453
NACEBE (SANTA ROSA DEL ABUNA),desnutricion aguda,nutricion normal (n),2007-10-01,10,15,0,0,10,15,25
NUEVO MANOA (NUEVA ESPERANZA),desnutricion aguda,nutricion normal (n),2007-10-01,9,10,11,9,20,19,39
OCURI,desnutricion aguda,nutricion normal (n),2007-10-01,82,81,75,63,157,144,301
OKINAWA,desnutricion aguda,nutricion normal (n),2007-10-01,102,88,73,67,175,155,330
OMEREQUE,desnutricion aguda,nutricion normal (n),2007-10-01,26,30,64,62,90,92,182
ORURO,desnutricion aguda,nutricion normal (n),2007-10-01,1890,1690,858,867,2748,2557,5305
PADCAYA,desnutricion aguda,nutricion normal (n),2007-10-01,137,120,99,96,236,216,452
PADILLA,desnutricion aguda,nutricion normal (n),2007-10-01,112,128,166,181,278,309,587
PAILON,desnutricion aguda,nutricion normal (n),2007-10-01,146,122,90,84,236,206,442
PALCA,desnutricion aguda,nutricion normal (n),2007-10-01,124,110,49,41,173,151,324
PAMPA AULLAGAS,desnutricion aguda,nutricion normal (n),2007-10-01,40,33,25,37,65,70,135
PAMPA GRANDE,desnutricion aguda,nutricion normal (n),2007-10-01,58,55,53,49,111,104,215
PASORAPA,desnutricion aguda,nutricion normal (n),2007-10-01,24,23,32,40,56,63,119
PAZÑA,desnutricion aguda,nutricion normal (n),2007-10-01,67,56,34,32,101,88,189
POCOATA,desnutricion aguda,nutricion normal (n),2007-10-01,129,105,127,128,256,233,489
POCONA,desnutricion aguda,nutricion normal (n),2007-10-01,57,42,42,45,99,87,186
POJO (CBBA),desnutricion aguda,nutricion normal (n),2007-10-01,70,61,31,39,101,100,201
POOPO,desnutricion aguda,nutricion normal (n),2007-10-01,33,30,27,29,60,59,119
PORCO,desnutricion aguda,nutricion normal (n),2007-10-01,94,104,21,30,115,134,249
POROMA,desnutricion aguda,nutricion normal (n),2007-10-01,136,104,158,144,294,248,542
PORONGO,desnutricion aguda,nutricion normal (n),2007-10-01,59,72,61,46,120,118,238
PORTACHUELO,desnutricion aguda,nutricion normal (n),2007-10-01,234,242,248,250,482,492,974
PORVENIR,desnutricion aguda,nutricion normal (n),2007-10-01,46,52,33,20,79,72,151
POSTRER VALLE,desnutricion aguda,nutricion normal (n),2007-10-01,9,8,6,10,15,18,33
POTOSI,desnutricion aguda,nutricion normal (n),2007-10-01,962,951,520,473,1482,1424,2906
PRESTO,desnutricion aguda,nutricion normal (n),2007-10-01,81,65,91,84,172,149,321
PUCARA,desnutricion aguda,nutricion normal (n),2007-10-01,25,20,21,12,46,32,78
PUERTO GONZALO MORENO,desnutricion aguda,nutricion normal (n),2007-10-01,48,48,78,62,126,110,236
PUERTO QUIJARRO,desnutricion aguda,nutricion normal (n),2007-10-01,74,62,15,29,89,91,180
PUERTO RICO,desnutricion aguda,nutricion normal (n),2007-10-01,108,91,101,100,209,191,400
PUERTO SILES,desnutricion aguda,nutricion normal (n),2007-10-01,36,26,39,29,75,55,130
PUERTO SUAREZ,desnutricion aguda,nutricion normal (n),2007-10-01,59,72,19,18,78,90,168
PUERTO VILLARROEL,desnutricion aguda,nutricion normal (n),2007-10-01,330,221,185,138,515,359,874
PUNA,desnutricion aguda,nutricion normal (n),2007-10-01,158,129,144,120,302,249,551
PUNATA,desnutricion aguda,nutricion normal (n),2007-10-01,104,93,53,40,157,133,290
QUILLACOLLO,desnutricion aguda,nutricion normal (n),2007-10-01,680,833,514,353,1194,1186,2380
QUIME,desnutricion aguda,nutricion normal (n),2007-10-01,84,66,41,45,125,111,236
QUIRUSILLAS,desnutricion aguda,nutricion normal (n),2007-10-01,8,12,20,14,28,26,54
RAVELO,desnutricion aguda,nutricion normal (n),2007-10-01,167,180,205,189,372,369,741
REYES,desnutricion aguda,nutricion normal (n),2007-10-01,81,114,68,83,149,197,346
RIBERALTA,desnutricion aguda,nutricion normal (n),2007-10-01,1198,1007,529,502,1727,1509,3236
ROBORE,desnutricion aguda,nutricion normal (n),2007-10-01,133,111,68,64,201,175,376
RURRENABAQUE,desnutricion aguda,nutricion normal (n),2007-10-01,105,113,44,47,149,160,309
SABAYA,desnutricion aguda,nutricion normal (n),2007-10-01,27,26,22,13,49,39,88
SACABA,desnutricion aguda,nutricion normal (n),2007-10-01,471,420,226,196,697,616,1313
SACABAMBA,desnutricion aguda,nutricion normal (n),2007-10-01,95,70,104,93,199,163,362
SACACA,desnutricion aguda,nutricion normal (n),2007-10-01,157,163,264,220,421,383,804
SAIPINA,desnutricion aguda,nutricion normal (n),2007-10-01,21,11,33,28,54,39,93
SALINAS DE GARCI MENDOZA,desnutricion aguda,nutricion normal (n),2007-10-01,75,90,67,42,142,132,274
SAMAIPATA,desnutricion aguda,nutricion normal (n),2007-10-01,75,52,60,63,135,115,250
SAN AGUSTIN,desnutricion aguda,nutricion normal (n),2007-10-01,15,14,15,17,30,31,61
SAN ANDRES,desnutricion aguda,nutricion normal (n),2007-10-01,111,82,59,70,170,152,322
SAN ANTONIO DE ESMORUCO,desnutricion aguda,nutricion normal (n),2007-10-01,18,11,11,8,29,19,48
SAN ANTONIO DE LOMERIO,desnutricion aguda,nutricion normal (n),2007-10-01,67,64,64,56,131,120,251
SAN BENITO,desnutricion aguda,nutricion normal (n),2007-10-01,54,46,23,33,77,79,156
SAN BORJA,desnutricion aguda,nutricion normal (n),2007-10-01,399,362,414,381,813,743,1556
SAN CARLOS,desnutricion aguda,nutricion normal (n),2007-10-01,211,201,98,106,309,307,616
SAN IGNACIO,desnutricion aguda,nutricion normal (n),2007-10-01,311,287,247,230,558,517,1075
SAN IGNACIO DE VELASCO,desnutricion aguda,nutricion normal (n),2007-10-01,501,433,348,240,849,673,1522
SAN JAVIER(BNI),desnutricion aguda,nutricion normal (n),2007-10-01,31,21,20,20,51,41,92
SAN JOAQUIN,desnutricion aguda,nutricion normal (n),2007-10-01,14,14,7,3,21,17,38
SAN JOSE DE CHIQUITOS,desnutricion aguda,nutricion normal (n),2007-10-01,102,114,79,76,181,190,371
SAN JUAN DE YAPACANI,desnutricion aguda,nutricion normal (n),2007-10-01,108,118,89,81,197,199,396
SAN JULIAN,desnutricion aguda,nutricion normal (n),2007-10-01,66,70,65,61,131,131,262
SAN LORENZO(PND),desnutricion aguda,nutricion normal (n),2007-10-01,25,19,15,13,40,32,72
SAN LORENZO(TJA),desnutricion aguda,nutricion normal (n),2007-10-01,91,99,93,87,184,186,370
SAN LUCAS,desnutricion aguda,nutricion normal (n),2007-10-01,406,437,522,461,928,898,1826
SAN MATIAS,desnutricion aguda,nutricion normal (n),2007-10-01,116,112,77,74,193,186,379
SAN MIGUEL DE VELASCO,desnutricion aguda,nutricion normal (n),2007-10-01,73,82,33,18,106,100,206
SAN PABLO DE LIPEZ,desnutricion aguda,nutricion normal (n),2007-10-01,33,27,29,28,62,55,117
SAN PEDRO,desnutricion aguda,nutricion normal (n),2007-10-01,120,132,83,100,203,232,435
SAN PEDRO DE BUENA VISTA,desnutricion aguda,nutricion normal (n),2007-10-01,218,200,191,173,409,373,782
SAN PEDRO DE QUEMES,desnutricion aguda,nutricion normal (n),2007-10-01,5,2,5,4,10,6,16
SAN PEDRO(PND),desnutricion aguda,nutricion normal (n),2007-10-01,13,11,21,13,34,24,58
SAN RAFAEL,desnutricion aguda,nutricion normal (n),2007-10-01,57,36,13,15,70,51,121
SAN RAMON,desnutricion aguda,nutricion normal (n),2007-10-01,37,31,23,20,60,51,111
SAN RAMON,desnutricion aguda,nutricion normal (n),2007-10-01,51,31,22,33,73,64,137
SANTA ANA,desnutricion aguda,nutricion normal (n),2007-10-01,226,197,83,94,309,291,600
SANTA CRUZ DE LA SIERRA,desnutricion aguda,nutricion normal (n),2007-10-01,4733,4478,2465,2354,7198,6832,14030
SANTA ROSA,desnutricion aguda,nutricion normal (n),2007-10-01,95,87,62,87,157,174,331
SANTA ROSA DEL SARA,desnutricion aguda,nutricion normal (n),2007-10-01,120,118,84,91,204,209,413
SANTIAGO DE HUARI,desnutricion aguda,nutricion normal (n),2007-10-01,39,42,46,38,85,80,165
SANTIVAÑES,desnutricion aguda,nutricion normal (n),2007-10-01,58,53,31,21,89,74,163
SANTUARIO DE QUILLACAS,desnutricion aguda,nutricion normal (n),2007-10-01,14,14,19,22,33,36,69
SENA,desnutricion aguda,nutricion normal (n),2007-10-01,29,31,7,10,36,41,77
SICAYA,desnutricion aguda,nutricion normal (n),2007-10-01,16,11,10,19,26,30,56
SIPE SIPE,desnutricion aguda,nutricion normal (n),2007-10-01,287,231,160,149,447,380,827
SOPACHUY,desnutricion aguda,nutricion normal (n),2007-10-01,120,98,108,87,228,185,413
SORACACHI,desnutricion aguda,nutricion normal (n),2007-10-01,85,91,96,67,181,158,339
SUCRE,desnutricion aguda,nutricion normal (n),2007-10-01,1255,1192,1191,1172,2446,2364,4810
TACACHI,desnutricion aguda,nutricion normal (n),2007-10-01,9,3,1,3,10,6,16
TACOBAMBA,desnutricion aguda,nutricion normal (n),2007-10-01,90,68,66,61,156,129,285
TACOPAYA,desnutricion aguda,nutricion normal (n),2007-10-01,70,63,76,101,146,164,310
TAHUA,desnutricion aguda,nutricion normal (n),2007-10-01,14,10,18,19,32,29,61
TAPACARI,desnutricion aguda,nutricion normal (n),2007-10-01,190,189,133,136,323,325,648
TARABUCO,desnutricion aguda,nutricion normal (n),2007-10-01,206,232,343,313,549,545,1094
TARATA,desnutricion aguda,nutricion normal (n),2007-10-01,47,51,29,28,76,79,155
TARIJA,desnutricion aguda,nutricion normal (n),2007-10-01,1057,1013,614,556,1671,1569,3240
TARVITA,desnutricion aguda,nutricion normal (n),2007-10-01,266,215,261,212,527,427,954
TINGUIPAYA,desnutricion aguda,nutricion normal (n),2007-10-01,135,83,94,111,229,194,423
TIQUIPAYA,desnutricion aguda,nutricion normal (n),2007-10-01,97,85,57,73,154,158,312
TIRAQUE (CBBA),desnutricion aguda,nutricion normal (n),2007-10-01,304,329,177,186,481,515,996
TOCO,desnutricion aguda,nutricion normal (n),2007-10-01,38,21,51,34,89,55,144
TODOS SANTOS,desnutricion aguda,nutricion normal (n),2007-10-01,2,0,0,0,2,0,2
TOLATA,desnutricion aguda,nutricion normal (n),2007-10-01,24,22,14,8,38,30,68
TOLEDO,desnutricion aguda,nutricion normal (n),2007-10-01,60,74,47,46,107,120,227
TOMAVE,desnutricion aguda,nutricion normal (n),2007-10-01,60,63,65,63,125,126,251
TOMINA,desnutricion aguda,nutricion normal (n),2007-10-01,115,121,138,122,253,243,496
TORO TORO,desnutricion aguda,nutricion normal (n),2007-10-01,87,98,97,106,184,204,388
TOTORA(CBBA),desnutricion aguda,nutricion normal (n),2007-10-01,113,96,86,75,199,171,370
TOTORA(ORR),desnutricion aguda,nutricion normal (n),2007-10-01,28,27,19,16,47,43,90
TRIGAL,desnutricion aguda,nutricion normal (n),2007-10-01,8,8,16,17,24,25,49
TRINIDAD,desnutricion aguda,nutricion normal (n),2007-10-01,804,590,295,384,1099,974,2073
TUPIZA,desnutricion aguda,nutricion normal (n),2007-10-01,305,287,271,294,576,581,1157
TURCO,desnutricion aguda,nutricion normal (n),2007-10-01,39,50,31,15,70,65,135
UNCIA,desnutricion aguda,nutricion normal (n),2007-10-01,71,69,60,65,131,134,265
URIONDO (A. CONCEPCION),desnutricion aguda,nutricion normal (n),2007-10-01,105,117,116,112,221,229,450
UYUNI,desnutricion aguda,nutricion normal (n),2007-10-01,216,169,139,122,355,291,646
VACAS,desnutricion aguda,nutricion normal (n),2007-10-01,58,54,93,78,151,132,283
VALLEGRANDE,desnutricion aguda,nutricion normal (n),2007-10-01,96,95,68,73,164,168,332
VIACHA,desnutricion aguda,nutricion normal (n),2007-10-01,247,257,188,171,435,428,863
VILLA MONTES,desnutricion aguda,nutricion normal (n),2007-10-01,247,203,164,147,411,350,761
VILLA NUEVA (LOMA ALTA),desnutricion aguda,nutricion normal (n),2007-10-01,26,21,14,12,40,33,73
VILLA RIVERO,desnutricion aguda,nutricion normal (n),2007-10-01,11,15,16,24,27,39,66
VILLA SERRANO,desnutricion aguda,nutricion normal (n),2007-10-01,139,109,187,155,326,264,590
VILLA TUNARI,desnutricion aguda,nutricion normal (n),2007-10-01,618,531,323,302,941,833,1774
VILLA VACA GUZMAN (MUYUPAMPA),desnutricion aguda,nutricion normal (n),2007-10-01,59,82,141,134,200,216,416
VILLAZON,desnutricion aguda,nutricion normal (n),2007-10-01,235,243,198,193,433,436,869
VINTO,desnutricion aguda,nutricion normal (n),2007-10-01,218,174,54,67,272,241,513
VITICHI,desnutricion aguda,nutricion normal (n),2007-10-01,96,92,102,105,198,197,395
WARNES,desnutricion aguda,nutricion normal (n),2007-10-01,258,250,183,169,441,419,860
YACUIBA,desnutricion aguda,nutricion normal (n),2007-10-01,531,481,189,221,720,702,1422
YAMPARAEZ,desnutricion aguda,nutricion normal (n),2007-10-01,96,99,129,138,225,237,462
YAPACANI,desnutricion aguda,nutricion normal (n),2007-10-01,269,293,180,164,449,457,906
YOCALLA,desnutricion aguda,nutricion normal (n),2007-10-01,56,52,46,38,102,90,192
YOTALA,desnutricion aguda,nutricion normal (n),2007-10-01,84,90,144,149,228,239,467
YUNCHARA,desnutricion aguda,nutricion normal (n),2007-10-01,50,34,41,56,91,90,181
ZUDAÑEZ,desnutricion aguda,nutricion normal (n),2007-10-01,82,92,102,86,184,178,362
ACACIO,desnutricion aguda,nutricion normal (n),2007-11-01,48,50,47,37,95,87,182
ACHOCALLA,desnutricion aguda,nutricion normal (n),2007-11-01,30,42,22,10,52,52,104
AIQUILE,desnutricion aguda,nutricion normal (n),2007-11-01,130,145,81,67,211,212,423
ALALAY,desnutricion aguda,nutricion normal (n),2007-11-01,16,11,9,8,25,19,44
ALCALA,desnutricion aguda,nutricion normal (n),2007-11-01,20,30,39,35,59,65,124
ANDAMARCA,desnutricion aguda,nutricion normal (n),2007-11-01,40,40,50,44,90,84,174
ANTEQUERA,desnutricion aguda,nutricion normal (n),2007-11-01,39,20,33,21,72,41,113
ANZALDO,desnutricion aguda,nutricion normal (n),2007-11-01,28,36,41,35,69,71,140
ARAMPAMPA,desnutricion aguda,nutricion normal (n),2007-11-01,57,64,53,58,110,122,232
ARANI,desnutricion aguda,nutricion normal (n),2007-11-01,22,23,20,20,42,43,85
ARBIETO,desnutricion aguda,nutricion normal (n),2007-11-01,78,68,70,57,148,125,273
ARQUE,desnutricion aguda,nutricion normal (n),2007-11-01,66,57,38,42,104,99,203
ATOCHA,desnutricion aguda,nutricion normal (n),2007-11-01,78,76,62,47,140,123,263
AYOPAYA (V. DE INDEPENDENCIA),desnutricion aguda,nutricion normal (n),2007-11-01,177,139,102,96,279,235,514
AZURDUY,desnutricion aguda,nutricion normal (n),2007-11-01,187,170,201,150,388,320,708
BAURES,desnutricion aguda,nutricion normal (n),2007-11-01,36,33,27,34,63,67,130
BELEN DE ANDAMARCA,desnutricion aguda,nutricion normal (n),2007-11-01,9,12,7,7,16,19,35
BELEN DE URMIRI,desnutricion aguda,nutricion normal (n),2007-11-01,8,14,14,9,22,23,45
BELLA FLOR,desnutricion aguda,nutricion normal (n),2007-11-01,34,32,43,42,77,74,151
BERMEJO,desnutricion aguda,nutricion normal (n),2007-11-01,48,49,74,57,122,106,228
BETANZOS,desnutricion aguda,nutricion normal (n),2007-11-01,220,185,168,180,388,365,753
BOLIVAR,desnutricion aguda,nutricion normal (n),2007-11-01,70,52,38,40,108,92,200
BOLPEBRA,desnutricion aguda,nutricion normal (n),2007-11-01,11,9,12,17,23,26,49
BOYUIBE,desnutricion aguda,nutricion normal (n),2007-11-01,27,38,34,24,61,62,123
BUENA VISTA,desnutricion aguda,nutricion normal (n),2007-11-01,128,132,109,99,237,231,468
CABEZAS,desnutricion aguda,nutricion normal (n),2007-11-01,96,90,69,46,165,136,301
"CAIZA ""D""",desnutricion aguda,nutricion normal (n),2007-11-01,76,54,63,46,139,100,239
CAJUATA,desnutricion aguda,nutricion normal (n),2007-11-01,73,82,63,50,136,132,268
CAMARGO,desnutricion aguda,nutricion normal (n),2007-11-01,120,128,108,115,228,243,471
CAMATAQUI (C. VILLA ABECIA),desnutricion aguda,nutricion normal (n),2007-11-01,25,37,36,25,61,62,123
CAMIRI,desnutricion aguda,nutricion normal (n),2007-11-01,179,199,197,182,376,381,757
CAPINOTA,desnutricion aguda,nutricion normal (n),2007-11-01,134,104,60,72,194,176,370
CARACOLLO,desnutricion aguda,nutricion normal (n),2007-11-01,95,100,26,37,121,137,258
CARANGAS,desnutricion aguda,nutricion normal (n),2007-11-01,2,2,1,4,3,6,9
CARAPARI,desnutricion aguda,nutricion normal (n),2007-11-01,101,121,89,77,190,198,388
CARIPUYO,desnutricion aguda,nutricion normal (n),2007-11-01,71,63,60,78,131,141,272
CARMEN RIVERO TORREZ,desnutricion aguda,nutricion normal (n),2007-11-01,30,23,22,21,52,44,96
CHALLAPATA,desnutricion aguda,nutricion normal (n),2007-11-01,141,126,98,101,239,227,466
CHAQUI,desnutricion aguda,nutricion normal (n),2007-11-01,62,57,62,55,124,112,236
CHARAGUA,desnutricion aguda,nutricion normal (n),2007-11-01,157,160,130,133,287,293,580
CHAYANTA,desnutricion aguda,nutricion normal (n),2007-11-01,74,90,74,72,148,162,310
CHIMORE,desnutricion aguda,nutricion normal (n),2007-11-01,79,54,58,45,137,99,236
CHIPAYA,desnutricion aguda,nutricion normal (n),2007-11-01,11,17,18,13,29,30,59
CHOQUE COTA,desnutricion aguda,nutricion normal (n),2007-11-01,17,9,7,11,24,20,44
CLIZA,desnutricion aguda,nutricion normal (n),2007-11-01,76,70,16,23,92,93,185
COBIJA,desnutricion aguda,nutricion normal (n),2007-11-01,304,272,164,156,468,428,896
COCHABAMBA,desnutricion aguda,nutricion normal (n),2007-11-01,1787,1608,958,932,2745,2540,5285
COIPASA,desnutricion aguda,nutricion normal (n),2007-11-01,2,3,2,3,4,6,10
COLCAPIRHUA,desnutricion aguda,nutricion normal (n),2007-11-01,132,140,110,82,242,222,464
"COLCHA ""K""",desnutricion aguda,nutricion normal (n),2007-11-01,63,57,46,39,109,96,205
COLOMI,desnutricion aguda,nutricion normal (n),2007-11-01,149,130,71,68,220,198,418
COLPA BELGICA,desnutricion aguda,nutricion normal (n),2007-11-01,31,40,30,17,61,57,118
COLQUECHACA,desnutricion aguda,nutricion normal (n),2007-11-01,150,105,62,65,212,170,382
COLQUIRI,desnutricion aguda,nutricion normal (n),2007-11-01,127,119,72,67,199,186,385
COMARAPA,desnutricion aguda,nutricion normal (n),2007-11-01,90,75,68,86,158,161,319
CONCEPCION,desnutricion aguda,nutricion normal (n),2007-11-01,121,113,65,33,186,146,332
CORQUE,desnutricion aguda,nutricion normal (n),2007-11-01,48,54,61,78,109,132,241
COTAGAITA,desnutricion aguda,nutricion normal (n),2007-11-01,152,155,147,136,299,291,590
COTOCA,desnutricion aguda,nutricion normal (n),2007-11-01,275,270,121,92,396,362,758
CUATRO CAÑADAS,desnutricion aguda,nutricion normal (n),2007-11-01,137,108,85,72,222,180,402
CUCHUMUELA (V. G. VILLARROEL),desnutricion aguda,nutricion normal (n),2007-11-01,12,7,9,2,21,9,30
CUEVO,desnutricion aguda,nutricion normal (n),2007-11-01,22,20,16,27,38,47,85
CULPINA,desnutricion aguda,nutricion normal (n),2007-11-01,194,194,189,212,383,406,789
CURAHUARA DE CARANGAS,desnutricion aguda,nutricion normal (n),2007-11-01,65,57,26,37,91,94,185
EL CHORO,desnutricion aguda,nutricion normal (n),2007-11-01,34,31,15,12,49,43,92
EL PUENTE(STC),desnutricion aguda,nutricion normal (n),2007-11-01,19,5,9,10,28,15,43
EL PUENTE(TJA),desnutricion aguda,nutricion normal (n),2007-11-01,43,55,44,47,87,102,189
EL TORNO,desnutricion aguda,nutricion normal (n),2007-11-01,167,211,65,59,232,270,502
EL VILLAR,desnutricion aguda,nutricion normal (n),2007-11-01,26,40,56,49,82,89,171
ENTRE RIOS,desnutricion aguda,nutricion normal (n),2007-11-01,161,179,183,186,344,365,709
ENTRE RIOS,desnutricion aguda,nutricion normal (n),2007-11-01,246,206,97,133,343,339,682
ESCARA,desnutricion aguda,nutricion normal (n),2007-11-01,0,2,3,4,3,6,9
EUCALIPTUS,desnutricion aguda,nutricion normal (n),2007-11-01,58,38,47,34,105,72,177
EUREKA (SANTOS MERCADO),desnutricion aguda,nutricion normal (n),2007-11-01,17,18,7,23,24,41,65
EXALTACION,desnutricion aguda,nutricion normal (n),2007-11-01,9,12,16,11,25,23,48
FERNANDEZ ALONSO,desnutricion aguda,nutricion normal (n),2007-11-01,89,67,80,67,169,134,303
FILADELFIA,desnutricion aguda,nutricion normal (n),2007-11-01,27,18,12,19,39,37,76
GENERAL SAAVEDRA,desnutricion aguda,nutricion normal (n),2007-11-01,114,102,79,74,193,176,369
GUAYARAMERIN,desnutricion aguda,nutricion normal (n),2007-11-01,237,231,125,93,362,324,686
GUTIERREZ,desnutricion aguda,nutricion normal (n),2007-11-01,108,99,108,120,216,219,435
HUACARETA,desnutricion aguda,nutricion normal (n),2007-11-01,99,87,113,113,212,200,412
HUACAYA (VILLA DE HUACAYA),desnutricion aguda,nutricion normal (n),2007-11-01,30,24,44,32,74,56,130
HUACHACALLA,desnutricion aguda,nutricion normal (n),2007-11-01,17,13,12,28,29,41,70
HUANUNI,desnutricion aguda,nutricion normal (n),2007-11-01,119,142,74,51,193,193,386
HUARACAJE,desnutricion aguda,nutricion normal (n),2007-11-01,35,24,41,26,76,50,126
HUAYLLAMARCA,desnutricion aguda,nutricion normal (n),2007-11-01,36,28,22,32,58,60,118
ICHOCA,desnutricion aguda,nutricion normal (n),2007-11-01,22,21,9,16,31,37,68
ICLA,desnutricion aguda,nutricion normal (n),2007-11-01,136,135,181,172,317,307,624
INCAHUASI,desnutricion aguda,nutricion normal (n),2007-11-01,173,185,139,137,312,322,634
INGAVI (HUMAITA),desnutricion aguda,nutricion normal (n),2007-11-01,5,6,2,5,7,11,18
INQUISIVI,desnutricion aguda,nutricion normal (n),2007-11-01,94,84,79,58,173,142,315
LA GUARDIA,desnutricion aguda,nutricion normal (n),2007-11-01,316,320,134,137,450,457,907
LA RIVERA,desnutricion aguda,nutricion normal (n),2007-11-01,8,1,0,10,8,11,19
LAGUNILLAS,desnutricion aguda,nutricion normal (n),2007-11-01,80,74,88,89,168,163,331
LAS CARRERAS,desnutricion aguda,nutricion normal (n),2007-11-01,26,29,35,31,61,60,121
LICOMA PAMPA,desnutricion aguda,nutricion normal (n),2007-11-01,13,11,8,10,21,21,42
LLALLAGUA,desnutricion aguda,nutricion normal (n),2007-11-01,161,128,160,153,321,281,602
LLICA,desnutricion aguda,nutricion normal (n),2007-11-01,23,24,20,15,43,39,82
LORETO,desnutricion aguda,nutricion normal (n),2007-11-01,28,27,32,29,60,56,116
MACHACAMARCA,desnutricion aguda,nutricion normal (n),2007-11-01,35,45,69,46,104,91,195
MACHARETI,desnutricion aguda,nutricion normal (n),2007-11-01,98,83,105,136,203,219,422
MAGDALENA,desnutricion aguda,nutricion normal (n),2007-11-01,90,75,41,37,131,112,243
MAIRANA,desnutricion aguda,nutricion normal (n),2007-11-01,86,71,41,44,127,115,242
MECAPACA,desnutricion aguda,nutricion normal (n),2007-11-01,76,78,43,42,119,120,239
MINEROS,desnutricion aguda,nutricion normal (n),2007-11-01,176,168,102,85,278,253,531
MIZQUE,desnutricion aguda,nutricion normal (n),2007-11-01,178,146,121,140,299,286,585
MOJINETE,desnutricion aguda,nutricion normal (n),2007-11-01,3,2,0,3,3,5,8
MOJOCOYA,desnutricion aguda,nutricion normal (n),2007-11-01,67,92,122,103,189,195,384
MONTEAGUDO,desnutricion aguda,nutricion normal (n),2007-11-01,189,188,170,200,359,388,747
MONTERO,desnutricion aguda,nutricion normal (n),2007-11-01,795,738,435,373,1230,1111,2341
MORO MORO,desnutricion aguda,nutricion normal (n),2007-11-01,15,23,12,11,27,34,61
MOROCHATA,desnutricion aguda,nutricion normal (n),2007-11-01,168,186,110,116,278,302,580
NACEBE (SANTA ROSA DEL ABUNA),desnutricion aguda,nutricion normal (n),2007-11-01,24,18,28,15,52,33,85
NUEVO MANOA (NUEVA ESPERANZA),desnutricion aguda,nutricion normal (n),2007-11-01,8,26,11,4,19,30,49
OCURI,desnutricion aguda,nutricion normal (n),2007-11-01,150,135,90,102,240,237,477
OKINAWA,desnutricion aguda,nutricion normal (n),2007-11-01,87,74,46,49,133,123,256
OMEREQUE,desnutricion aguda,nutricion normal (n),2007-11-01,20,30,11,21,31,51,82
ORURO,desnutricion aguda,nutricion normal (n),2007-11-01,1447,1293,529,546,1976,1839,3815
PADCAYA,desnutricion aguda,nutricion normal (n),2007-11-01,128,111,75,66,203,177,380
PADILLA,desnutricion aguda,nutricion normal (n),2007-11-01,96,106,135,133,231,239,470
PAILON,desnutricion aguda,nutricion normal (n),2007-11-01,123,101,59,64,182,165,347
PALCA,desnutricion aguda,nutricion normal (n),2007-11-01,81,90,33,29,114,119,233
PAMPA AULLAGAS,desnutricion aguda,nutricion normal (n),2007-11-01,38,43,52,48,90,91,181
PAMPA GRANDE,desnutricion aguda,nutricion normal (n),2007-11-01,25,37,17,8,42,45,87
PASORAPA,desnutricion aguda,nutricion normal (n),2007-11-01,17,18,17,15,34,33,67
PAZÑA,desnutricion aguda,nutricion normal (n),2007-11-01,53,39,34,30,87,69,156
POCOATA,desnutricion aguda,nutricion normal (n),2007-11-01,157,142,129,134,286,276,562
POCONA,desnutricion aguda,nutricion normal (n),2007-11-01,61,50,44,43,105,93,198
POJO (CBBA),desnutricion aguda,nutricion normal (n),2007-11-01,74,51,65,62,139,113,252
POOPO,desnutricion aguda,nutricion normal (n),2007-11-01,31,22,7,11,38,33,71
PORCO,desnutricion aguda,nutricion normal (n),2007-11-01,105,228,30,44,135,272,407
POROMA,desnutricion aguda,nutricion normal (n),2007-11-01,130,109,131,107,261,216,477
PORONGO,desnutricion aguda,nutricion normal (n),2007-11-01,54,72,57,46,111,118,229
PORTACHUELO,desnutricion aguda,nutricion normal (n),2007-11-01,166,177,99,82,265,259,524
PORVENIR,desnutricion aguda,nutricion normal (n),2007-11-01,53,61,56,47,109,108,217
POSTRER VALLE,desnutricion aguda,nutricion normal (n),2007-11-01,11,10,7,21,18,31,49
POTOSI,desnutricion aguda,nutricion normal (n),2007-11-01,792,760,287,304,1079,1064,2143
PRESTO,desnutricion aguda,nutricion normal (n),2007-11-01,58,55,83,54,141,109,250
PUCARA,desnutricion aguda,nutricion normal (n),2007-11-01,8,9,4,2,12,11,23
PUERTO GONZALO MORENO,desnutricion aguda,nutricion normal (n),2007-11-01,58,59,26,30,84,89,173
PUERTO QUIJARRO,desnutricion aguda,nutricion normal (n),2007-11-01,79,69,17,13,96,82,178
PUERTO RICO,desnutricion aguda,nutricion normal (n),2007-11-01,55,44,32,25,87,69,156
PUERTO SILES,desnutricion aguda,nutricion normal (n),2007-11-01,23,14,42,35,65,49,114
PUERTO SUAREZ,desnutricion aguda,nutricion normal (n),2007-11-01,47,51,14,19,61,70,131
PUERTO VILLARROEL,desnutricion aguda,nutricion normal (n),2007-11-01,310,276,195,156,505,432,937
PUNA,desnutricion aguda,nutricion normal (n),2007-11-01,173,177,149,157,322,334,656
PUNATA,desnutricion aguda,nutricion normal (n),2007-11-01,102,99,47,64,149,163,312
QUILLACOLLO,desnutricion aguda,nutricion normal (n),2007-11-01,594,326,541,230,1135,556,1691
QUIME,desnutricion aguda,nutricion normal (n),2007-11-01,102,81,44,54,146,135,281
QUIRUSILLAS,desnutricion aguda,nutricion normal (n),2007-11-01,3,6,11,8,14,14,28
RAVELO,desnutricion aguda,nutricion normal (n),2007-11-01,189,176,168,154,357,330,687
REYES,desnutricion aguda,nutricion normal (n),2007-11-01,68,89,51,60,119,149,268
RIBERALTA,desnutricion aguda,nutricion normal (n),2007-11-01,1016,875,309,253,1325,1128,2453
ROBORE,desnutricion aguda,nutricion normal (n),2007-11-01,132,91,53,63,185,154,339
RURRENABAQUE,desnutricion aguda,nutricion normal (n),2007-11-01,115,124,41,41,156,165,321
SABAYA,desnutricion aguda,nutricion normal (n),2007-11-01,21,27,25,18,46,45,91
SACABA,desnutricion aguda,nutricion normal (n),2007-11-01,518,457,268,220,786,677,1463
SACABAMBA,desnutricion aguda,nutricion normal (n),2007-11-01,45,31,43,43,88,74,162
SACACA,desnutricion aguda,nutricion normal (n),2007-11-01,112,111,152,134,264,245,509
SAIPINA,desnutricion aguda,nutricion normal (n),2007-11-01,34,22,34,60,68,82,150
SALINAS DE GARCI MENDOZA,desnutricion aguda,nutricion normal (n),2007-11-01,68,85,68,66,136,151,287
SAMAIPATA,desnutricion aguda,nutricion normal (n),2007-11-01,53,39,17,25,70,64,134
SAN AGUSTIN,desnutricion aguda,nutricion normal (n),2007-11-01,20,16,26,33,46,49,95
SAN ANDRES,desnutricion aguda,nutricion normal (n),2007-11-01,110,105,55,56,165,161,326
SAN ANTONIO DE ESMORUCO,desnutricion aguda,nutricion normal (n),2007-11-01,6,10,6,2,12,12,24
SAN ANTONIO DE LOMERIO,desnutricion aguda,nutricion normal (n),2007-11-01,2,0,0,0,2,0,2
SAN BENITO,desnutricion aguda,nutricion normal (n),2007-11-01,49,52,17,22,66,74,140
SAN BORJA,desnutricion aguda,nutricion normal (n),2007-11-01,329,373,238,205,567,578,1145
SAN CARLOS,desnutricion aguda,nutricion normal (n),2007-11-01,144,137,64,55,208,192,400
SAN IGNACIO,desnutricion aguda,nutricion normal (n),2007-11-01,276,220,132,106,408,326,734
SAN IGNACIO DE VELASCO,desnutricion aguda,nutricion normal (n),2007-11-01,412,346,248,191,660,537,1197
SAN JAVIER(BNI),desnutricion aguda,nutricion normal (n),2007-11-01,14,9,11,17,25,26,51
SAN JAVIER(STC),desnutricion aguda,nutricion normal (n),2007-11-01,19,25,11,8,30,33,63
SAN JOAQUIN,desnutricion aguda,nutricion normal (n),2007-11-01,45,42,22,22,67,64,131
SAN JOSE DE CHIQUITOS,desnutricion aguda,nutricion normal (n),2007-11-01,96,100,51,40,147,140,287
SAN JUAN DE YAPACANI,desnutricion aguda,nutricion normal (n),2007-11-01,99,86,83,86,182,172,354
SAN JULIAN,desnutricion aguda,nutricion normal (n),2007-11-01,115,77,127,110,242,187,429
SAN LORENZO(PND),desnutricion aguda,nutricion normal (n),2007-11-01,65,50,35,43,100,93,193
SAN LORENZO(TJA),desnutricion aguda,nutricion normal (n),2007-11-01,88,90,73,79,161,169,330
SAN LUCAS,desnutricion aguda,nutricion normal (n),2007-11-01,342,381,349,362,691,743,1434
SAN MATIAS,desnutricion aguda,nutricion normal (n),2007-11-01,75,82,64,52,139,134,273
SAN MIGUEL DE VELASCO,desnutricion aguda,nutricion normal (n),2007-11-01,79,81,39,36,118,117,235
SAN PABLO DE LIPEZ,desnutricion aguda,nutricion normal (n),2007-11-01,24,6,11,7,35,13,48
SAN PEDRO,desnutricion aguda,nutricion normal (n),2007-11-01,100,104,64,53,164,157,321
SAN PEDRO DE BUENA VISTA,desnutricion aguda,nutricion normal (n),2007-11-01,191,150,122,125,313,275,588
SAN PEDRO DE QUEMES,desnutricion aguda,nutricion normal (n),2007-11-01,4,8,2,7,6,15,21
SAN PEDRO(PND),desnutricion aguda,nutricion normal (n),2007-11-01,6,8,10,3,16,11,27
SAN RAFAEL,desnutricion aguda,nutricion normal (n),2007-11-01,52,40,29,33,81,73,154
SAN RAMON,desnutricion aguda,nutricion normal (n),2007-11-01,32,37,20,22,52,59,111
SAN RAMON,desnutricion aguda,nutricion normal (n),2007-11-01,43,46,30,23,73,69,142
SANTA ANA,desnutricion aguda,nutricion normal (n),2007-11-01,185,148,65,55,250,203,453
SANTA CRUZ DE LA SIERRA,desnutricion aguda,nutricion normal (n),2007-11-01,2780,2471,1104,1094,3884,3565,7449
SANTA ROSA,desnutricion aguda,nutricion normal (n),2007-11-01,29,35,25,30,54,65,119
SANTA ROSA DEL SARA,desnutricion aguda,nutricion normal (n),2007-11-01,113,132,63,92,176,224,400
SANTIAGO DE HUARI,desnutricion aguda,nutricion normal (n),2007-11-01,41,52,29,25,70,77,147
SANTIVAÑES,desnutricion aguda,nutricion normal (n),2007-11-01,44,39,63,58,107,97,204
SANTUARIO DE QUILLACAS,desnutricion aguda,nutricion normal (n),2007-11-01,20,13,15,10,35,23,58
SENA,desnutricion aguda,nutricion normal (n),2007-11-01,5,3,4,7,9,10,19
SICAYA,desnutricion aguda,nutricion normal (n),2007-11-01,8,9,7,7,15,16,31
SIPE SIPE,desnutricion aguda,nutricion normal (n),2007-11-01,207,141,79,88,286,229,515
SOPACHUY,desnutricion aguda,nutricion normal (n),2007-11-01,87,65,67,52,154,117,271
SORACACHI,desnutricion aguda,nutricion normal (n),2007-11-01,57,74,45,40,102,114,216
SUCRE,desnutricion aguda,nutricion normal (n),2007-11-01,1115,1166,939,938,2054,2104,4158
TACACHI,desnutricion aguda,nutricion normal (n),2007-11-01,5,4,2,1,7,5,12
TACOBAMBA,desnutricion aguda,nutricion normal (n),2007-11-01,50,47,30,29,80,76,156
TACOPAYA,desnutricion aguda,nutricion normal (n),2007-11-01,48,60,54,47,102,107,209
TAHUA,desnutricion aguda,nutricion normal (n),2007-11-01,5,1,2,1,7,2,9
TAPACARI,desnutricion aguda,nutricion normal (n),2007-11-01,224,182,115,114,339,296,635
TARABUCO,desnutricion aguda,nutricion normal (n),2007-11-01,142,138,166,166,308,304,612
TARATA,desnutricion aguda,nutricion normal (n),2007-11-01,45,39,20,23,65,62,127
TARIJA,desnutricion aguda,nutricion normal (n),2007-11-01,576,535,332,311,908,846,1754
TARVITA,desnutricion aguda,nutricion normal (n),2007-11-01,261,204,249,209,510,413,923
TINGUIPAYA,desnutricion aguda,nutricion normal (n),2007-11-01,70,62,45,50,115,112,227
TIQUIPAYA,desnutricion aguda,nutricion normal (n),2007-11-01,87,69,55,54,142,123,265
TIRAQUE (CBBA),desnutricion aguda,nutricion normal (n),2007-11-01,312,242,201,170,513,412,925
TOCO,desnutricion aguda,nutricion normal (n),2007-11-01,25,18,24,15,49,33,82
TODOS SANTOS,desnutricion aguda,nutricion normal (n),2007-11-01,3,3,2,1,5,4,9
TOLATA,desnutricion aguda,nutricion normal (n),2007-11-01,0,1,1,3,1,4,5
TOLEDO,desnutricion aguda,nutricion normal (n),2007-11-01,58,44,38,27,96,71,167
TOMAVE,desnutricion aguda,nutricion normal (n),2007-11-01,52,41,53,21,105,62,167
TOMINA,desnutricion aguda,nutricion normal (n),2007-11-01,118,112,133,119,251,231,482
TORO TORO,desnutricion aguda,nutricion normal (n),2007-11-01,104,109,79,84,183,193,376
TOTORA(CBBA),desnutricion aguda,nutricion normal (n),2007-11-01,100,87,44,47,144,134,278
TOTORA(ORR),desnutricion aguda,nutricion normal (n),2007-11-01,38,23,19,32,57,55,112
TRIGAL,desnutricion aguda,nutricion normal (n),2007-11-01,11,11,8,7,19,18,37
TRINIDAD,desnutricion aguda,nutricion normal (n),2007-11-01,483,497,252,225,735,722,1457
TUPIZA,desnutricion aguda,nutricion normal (n),2007-11-01,262,285,278,245,540,530,1070
TURCO,desnutricion aguda,nutricion normal (n),2007-11-01,34,45,36,27,70,72,142
UNCIA,desnutricion aguda,nutricion normal (n),2007-11-01,121,98,77,75,198,173,371
URIONDO (A. CONCEPCION),desnutricion aguda,nutricion normal (n),2007-11-01,105,92,66,73,171,165,336
UYUNI,desnutricion aguda,nutricion normal (n),2007-11-01,183,142,114,113,297,255,552
VACAS,desnutricion aguda,nutricion normal (n),2007-11-01,43,35,16,25,59,60,119
VALLEGRANDE,desnutricion aguda,nutricion normal (n),2007-11-01,100,98,62,63,162,161,323
VIACHA,desnutricion aguda,nutricion normal (n),2007-11-01,211,264,157,153,368,417,785
VILA VILA,desnutricion aguda,nutricion normal (n),2007-11-01,3,2,2,0,5,2,7
VILLA MONTES,desnutricion aguda,nutricion normal (n),2007-11-01,230,196,164,155,394,351,745
VILLA NUEVA (LOMA ALTA),desnutricion aguda,nutricion normal (n),2007-11-01,17,16,8,18,25,34,59
VILLA RIVERO,desnutricion aguda,nutricion normal (n),2007-11-01,20,19,24,30,44,49,93
VILLA SERRANO,desnutricion aguda,nutricion normal (n),2007-11-01,132,132,150,133,282,265,547
VILLA TUNARI,desnutricion aguda,nutricion normal (n),2007-11-01,543,426,246,232,789,658,1447
VILLA VACA GUZMAN (MUYUPAMPA),desnutricion aguda,nutricion normal (n),2007-11-01,64,91,92,106,156,197,353
VILLAZON,desnutricion aguda,nutricion normal (n),2007-11-01,248,205,134,118,382,323,705
VINTO,desnutricion aguda,nutricion normal (n),2007-11-01,137,144,25,38,162,182,344
VITICHI,desnutricion aguda,nutricion normal (n),2007-11-01,73,61,62,65,135,126,261
WARNES,desnutricion aguda,nutricion normal (n),2007-11-01,202,209,126,142,328,351,679
YACUIBA,desnutricion aguda,nutricion normal (n),2007-11-01,438,376,211,237,649,613,1262
YAMPARAEZ,desnutricion aguda,nutricion normal (n),2007-11-01,86,95,109,133,195,228,423
YAPACANI,desnutricion aguda,nutricion normal (n),2007-11-01,287,277,133,136,420,413,833
YOCALLA,desnutricion aguda,nutricion normal (n),2007-11-01,52,39,38,38,90,77,167
YOTALA,desnutricion aguda,nutricion normal (n),2007-11-01,65,64,123,121,188,185,373
YUNCHARA,desnutricion aguda,nutricion normal (n),2007-11-01,30,28,33,28,63,56,119
ZUDAÑEZ,desnutricion aguda,nutricion normal (n),2007-11-01,28,30,35,34,63,64,127
ACACIO,desnutricion aguda,nutricion normal (n),2007-12-01,46,53,40,55,86,108,194
ACHOCALLA,desnutricion aguda,nutricion normal (n),2007-12-01,22,24,4,6,26,30,56
AIQUILE,desnutricion aguda,nutricion normal (n),2007-12-01,121,109,67,57,188,166,354
ALALAY,desnutricion aguda,nutricion normal (n),2007-12-01,23,14,6,14,29,28,57
ALCALA,desnutricion aguda,nutricion normal (n),2007-12-01,27,27,33,34,60,61,121
ANDAMARCA,desnutricion aguda,nutricion normal (n),2007-12-01,33,14,16,14,49,28,77
ANTEQUERA,desnutricion aguda,nutricion normal (n),2007-12-01,31,33,53,46,84,79,163
ANZALDO,desnutricion aguda,nutricion normal (n),2007-12-01,16,24,11,9,27,33,60
ARAMPAMPA,desnutricion aguda,nutricion normal (n),2007-12-01,69,50,62,59,131,109,240
ARANI,desnutricion aguda,nutricion normal (n),2007-12-01,7,14,9,8,16,22,38
ARBIETO,desnutricion aguda,nutricion normal (n),2007-12-01,78,69,46,55,124,124,248
ARQUE,desnutricion aguda,nutricion normal (n),2007-12-01,42,35,26,21,68,56,124
ASCENCION DE GUARAYOS,desnutricion aguda,nutricion normal (n),2007-12-01,197,202,158,188,355,390,745
ATOCHA,desnutricion aguda,nutricion normal (n),2007-12-01,76,90,48,54,124,144,268
AYOPAYA (V. DE INDEPENDENCIA),desnutricion aguda,nutricion normal (n),2007-12-01,104,91,52,72,156,163,319
AZURDUY,desnutricion aguda,nutricion normal (n),2007-12-01,171,146,162,164,333,310,643
BAURES,desnutricion aguda,nutricion normal (n),2007-12-01,26,15,8,20,34,35,69
BELEN DE ANDAMARCA,desnutricion aguda,nutricion normal (n),2007-12-01,6,7,3,9,9,16,25
BELEN DE URMIRI,desnutricion aguda,nutricion normal (n),2007-12-01,17,8,10,7,27,15,42
BELLA FLOR,desnutricion aguda,nutricion normal (n),2007-12-01,10,3,8,7,18,10,28
BERMEJO,desnutricion aguda,nutricion normal (n),2007-12-01,35,32,20,27,55,59,114
BETANZOS,desnutricion aguda,nutricion normal (n),2007-12-01,228,199,193,174,421,373,794
BOLIVAR,desnutricion aguda,nutricion normal (n),2007-12-01,40,36,17,25,57,61,118
BOLPEBRA,desnutricion aguda,nutricion normal (n),2007-12-01,11,8,9,15,20,23,43
BOYUIBE,desnutricion aguda,nutricion normal (n),2007-12-01,2,7,4,5,6,12,18
BUENA VISTA,desnutricion aguda,nutricion normal (n),2007-12-01,110,130,117,107,227,237,464
CABEZAS,desnutricion aguda,nutricion normal (n),2007-12-01,122,71,76,56,198,127,325
"CAIZA ""D""",desnutricion aguda,nutricion normal (n),2007-12-01,62,51,72,54,134,105,239
CAJUATA,desnutricion aguda,nutricion normal (n),2007-12-01,66,57,30,38,96,95,191
CAMARGO,desnutricion aguda,nutricion normal (n),2007-12-01,124,116,88,87,212,203,415
CAMATAQUI (C. VILLA ABECIA),desnutricion aguda,nutricion normal (n),2007-12-01,16,38,20,26,36,64,100
CAMIRI,desnutricion aguda,nutricion normal (n),2007-12-01,183,162,176,171,359,333,692
CAPINOTA,desnutricion aguda,nutricion normal (n),2007-12-01,59,53,61,62,120,115,235
CARACOLLO,desnutricion aguda,nutricion normal (n),2007-12-01,121,149,57,63,178,212,390
CARANGAS,desnutricion aguda,nutricion normal (n),2007-12-01,2,4,1,4,3,8,11
CARAPARI,desnutricion aguda,nutricion normal (n),2007-12-01,69,69,63,84,132,153,285
CARIPUYO,desnutricion aguda,nutricion normal (n),2007-12-01,83,72,57,80,140,152,292
CARMEN RIVERO TORREZ,desnutricion aguda,nutricion normal (n),2007-12-01,28,16,19,16,47,32,79
CHALLAPATA,desnutricion aguda,nutricion normal (n),2007-12-01,172,119,132,119,304,238,542
CHAQUI,desnutricion aguda,nutricion normal (n),2007-12-01,35,45,40,38,75,83,158
CHARAGUA,desnutricion aguda,nutricion normal (n),2007-12-01,159,177,126,104,285,281,566
CHAYANTA,desnutricion aguda,nutricion normal (n),2007-12-01,70,57,72,54,142,111,253
CHIMORE,desnutricion aguda,nutricion normal (n),2007-12-01,36,24,25,22,61,46,107
CHIPAYA,desnutricion aguda,nutricion normal (n),2007-12-01,9,11,7,11,16,22,38
CHOQUE COTA,desnutricion aguda,nutricion normal (n),2007-12-01,11,5,9,9,20,14,34
CLIZA,desnutricion aguda,nutricion normal (n),2007-12-01,150,145,38,41,188,186,374
COBIJA,desnutricion aguda,nutricion normal (n),2007-12-01,271,214,130,128,401,342,743
COCHABAMBA,desnutricion aguda,nutricion normal (n),2007-12-01,1897,1705,854,737,2751,2442,5193
COIPASA,desnutricion aguda,nutricion normal (n),2007-12-01,3,8,3,1,6,9,15
COLCAPIRHUA,desnutricion aguda,nutricion normal (n),2007-12-01,136,129,57,60,193,189,382
"COLCHA ""K""",desnutricion aguda,nutricion normal (n),2007-12-01,56,66,52,34,108,100,208
COLOMI,desnutricion aguda,nutricion normal (n),2007-12-01,117,93,57,61,174,154,328
COLPA BELGICA,desnutricion aguda,nutricion normal (n),2007-12-01,44,41,30,26,74,67,141
COLQUECHACA,desnutricion aguda,nutricion normal (n),2007-12-01,150,158,99,109,249,267,516
COLQUIRI,desnutricion aguda,nutricion normal (n),2007-12-01,137,139,76,99,213,238,451
COMARAPA,desnutricion aguda,nutricion normal (n),2007-12-01,80,57,33,34,113,91,204
CONCEPCION,desnutricion aguda,nutricion normal (n),2007-12-01,106,86,52,38,158,124,282
CORQUE,desnutricion aguda,nutricion normal (n),2007-12-01,49,58,44,43,93,101,194
COTAGAITA,desnutricion aguda,nutricion normal (n),2007-12-01,185,180,165,170,350,350,700
COTOCA,desnutricion aguda,nutricion normal (n),2007-12-01,267,259,108,79,375,338,713
CUATRO CAÑADAS,desnutricion aguda,nutricion normal (n),2007-12-01,131,104,99,98,230,202,432
CUCHUMUELA (V. G. VILLARROEL),desnutricion aguda,nutricion normal (n),2007-12-01,11,4,2,1,13,5,18
CUEVO,desnutricion aguda,nutricion normal (n),2007-12-01,29,28,37,37,66,65,131
CULPINA,desnutricion aguda,nutricion normal (n),2007-12-01,218,219,198,205,416,424,840
CURAHUARA DE CARANGAS,desnutricion aguda,nutricion normal (n),2007-12-01,47,41,14,18,61,59,120
EL CHORO,desnutricion aguda,nutricion normal (n),2007-12-01,22,36,18,18,40,54,94
EL PUENTE(STC),desnutricion aguda,nutricion normal (n),2007-12-01,114,132,70,75,184,207,391
EL PUENTE(TJA),desnutricion aguda,nutricion normal (n),2007-12-01,46,44,50,54,96,98,194
EL TORNO,desnutricion aguda,nutricion normal (n),2007-12-01,141,147,62,69,203,216,419
EL VILLAR,desnutricion aguda,nutricion normal (n),2007-12-01,64,57,71,60,135,117,252
ENTRE RIOS,desnutricion aguda,nutricion normal (n),2007-12-01,154,149,166,166,320,315,635
ENTRE RIOS,desnutricion aguda,nutricion normal (n),2007-12-01,226,193,105,106,331,299,630
EUCALIPTUS,desnutricion aguda,nutricion normal (n),2007-12-01,36,35,27,23,63,58,121
EUREKA (SANTOS MERCADO),desnutricion aguda,nutricion normal (n),2007-12-01,13,12,6,7,19,19,38
EXALTACION,desnutricion aguda,nutricion normal (n),2007-12-01,13,8,10,10,23,18,41
FERNANDEZ ALONSO,desnutricion aguda,nutricion normal (n),2007-12-01,83,90,58,67,141,157,298
FILADELFIA,desnutricion aguda,nutricion normal (n),2007-12-01,40,26,21,26,61,52,113
GENERAL SAAVEDRA,desnutricion aguda,nutricion normal (n),2007-12-01,104,118,86,83,190,201,391
GUAYARAMERIN,desnutricion aguda,nutricion normal (n),2007-12-01,261,251,104,99,365,350,715
GUTIERREZ,desnutricion aguda,nutricion normal (n),2007-12-01,110,104,135,136,245,240,485
HUACARETA,desnutricion aguda,nutricion normal (n),2007-12-01,69,73,78,74,147,147,294
HUACAYA (VILLA DE HUACAYA),desnutricion aguda,nutricion normal (n),2007-12-01,21,34,41,34,62,68,130
HUACHACALLA,desnutricion aguda,nutricion normal (n),2007-12-01,11,4,8,16,19,20,39
HUANUNI,desnutricion aguda,nutricion normal (n),2007-12-01,120,98,57,69,177,167,344
HUARACAJE,desnutricion aguda,nutricion normal (n),2007-12-01,28,25,30,25,58,50,108
HUAYLLAMARCA,desnutricion aguda,nutricion normal (n),2007-12-01,18,20,2,12,20,32,52
ICHOCA,desnutricion aguda,nutricion normal (n),2007-12-01,11,10,6,7,17,17,34
ICLA,desnutricion aguda,nutricion normal (n),2007-12-01,98,107,163,151,261,258,519
INCAHUASI,desnutricion aguda,nutricion normal (n),2007-12-01,177,124,130,183,307,307,614
INGAVI (HUMAITA),desnutricion aguda,nutricion normal (n),2007-12-01,7,4,15,3,22,7,29
INQUISIVI,desnutricion aguda,nutricion normal (n),2007-12-01,78,78,56,56,134,134,268
LA GUARDIA,desnutricion aguda,nutricion normal (n),2007-12-01,357,329,147,148,504,477,981
LAGUNILLAS,desnutricion aguda,nutricion normal (n),2007-12-01,85,62,84,98,169,160,329
LAS CARRERAS,desnutricion aguda,nutricion normal (n),2007-12-01,47,39,58,53,105,92,197
LICOMA PAMPA,desnutricion aguda,nutricion normal (n),2007-12-01,13,13,16,5,29,18,47
LLALLAGUA,desnutricion aguda,nutricion normal (n),2007-12-01,132,104,86,86,218,190,408
LLICA,desnutricion aguda,nutricion normal (n),2007-12-01,33,44,33,36,66,80,146
LORETO,desnutricion aguda,nutricion normal (n),2007-12-01,25,17,28,13,53,30,83
MACHACAMARCA,desnutricion aguda,nutricion normal (n),2007-12-01,36,37,13,23,49,60,109
MACHARETI,desnutricion aguda,nutricion normal (n),2007-12-01,84,73,100,115,184,188,372
MAGDALENA,desnutricion aguda,nutricion normal (n),2007-12-01,74,59,30,21,104,80,184
MAIRANA,desnutricion aguda,nutricion normal (n),2007-12-01,62,66,42,22,104,88,192
MECAPACA,desnutricion aguda,nutricion normal (n),2007-12-01,64,57,39,17,103,74,177
MINEROS,desnutricion aguda,nutricion normal (n),2007-12-01,145,140,100,90,245,230,475
MIZQUE,desnutricion aguda,nutricion normal (n),2007-12-01,95,83,43,60,138,143,281
MOJINETE,desnutricion aguda,nutricion normal (n),2007-12-01,4,6,5,4,9,10,19
MOJOCOYA,desnutricion aguda,nutricion normal (n),2007-12-01,75,60,86,69,161,129,290
MONTEAGUDO,desnutricion aguda,nutricion normal (n),2007-12-01,186,167,179,158,365,325,690
MONTERO,desnutricion aguda,nutricion normal (n),2007-12-01,756,710,387,385,1143,1095,2238
MORO MORO,desnutricion aguda,nutricion normal (n),2007-12-01,24,16,15,9,39,25,64
MOROCHATA,desnutricion aguda,nutricion normal (n),2007-12-01,117,108,49,66,166,174,340
NACEBE (SANTA ROSA DEL ABUNA),desnutricion aguda,nutricion normal (n),2007-12-01,12,6,3,6,15,12,27
NUEVO MANOA (NUEVA ESPERANZA),desnutricion aguda,nutricion normal (n),2007-12-01,35,38,17,11,52,49,101
OCURI,desnutricion aguda,nutricion normal (n),2007-12-01,133,145,82,75,215,220,435
OKINAWA,desnutricion aguda,nutricion normal (n),2007-12-01,91,74,48,50,139,124,263
OMEREQUE,desnutricion aguda,nutricion normal (n),2007-12-01,32,33,18,20,50,53,103
ORURO,desnutricion aguda,nutricion normal (n),2007-12-01,1331,1120,432,431,1763,1551,3314
PADCAYA,desnutricion aguda,nutricion normal (n),2007-12-01,110,100,68,62,178,162,340
PADILLA,desnutricion aguda,nutricion normal (n),2007-12-01,105,118,155,148,260,266,526
PAILON,desnutricion aguda,nutricion normal (n),2007-12-01,140,127,73,70,213,197,410
PALCA,desnutricion aguda,nutricion normal (n),2007-12-01,40,44,9,17,49,61,110
PAMPA AULLAGAS,desnutricion aguda,nutricion normal (n),2007-12-01,8,16,8,10,16,26,42
PAMPA GRANDE,desnutricion aguda,nutricion normal (n),2007-12-01,31,37,9,10,40,47,87
PASORAPA,desnutricion aguda,nutricion normal (n),2007-12-01,23,11,14,14,37,25,62
PAZÑA,desnutricion aguda,nutricion normal (n),2007-12-01,43,36,45,35,88,71,159
POCOATA,desnutricion aguda,nutricion normal (n),2007-12-01,152,140,119,122,271,262,533
POCONA,desnutricion aguda,nutricion normal (n),2007-12-01,57,40,32,39,89,79,168
POJO (CBBA),desnutricion aguda,nutricion normal (n),2007-12-01,56,36,17,14,73,50,123
POOPO,desnutricion aguda,nutricion normal (n),2007-12-01,44,43,43,26,87,69,156
PORCO,desnutricion aguda,nutricion normal (n),2007-12-01,82,92,47,40,129,132,261
POROMA,desnutricion aguda,nutricion normal (n),2007-12-01,79,83,99,81,178,164,342
PORONGO,desnutricion aguda,nutricion normal (n),2007-12-01,73,66,63,31,136,97,233
PORTACHUELO,desnutricion aguda,nutricion normal (n),2007-12-01,131,115,90,104,221,219,440
PORVENIR,desnutricion aguda,nutricion normal (n),2007-12-01,44,58,34,36,78,94,172
POSTRER VALLE,desnutricion aguda,nutricion normal (n),2007-12-01,10,7,7,9,17,16,33
POTOSI,desnutricion aguda,nutricion normal (n),2007-12-01,37,50,23,14,60,64,124
PRESTO,desnutricion aguda,nutricion normal (n),2007-12-01,49,35,49,34,98,69,167
PUCARA,desnutricion aguda,nutricion normal (n),2007-12-01,3,5,3,1,6,6,12
PUERTO GONZALO MORENO,desnutricion aguda,nutricion normal (n),2007-12-01,38,55,26,27,64,82,146
PUERTO QUIJARRO,desnutricion aguda,nutricion normal (n),2007-12-01,49,62,13,22,62,84,146
PUERTO RICO,desnutricion aguda,nutricion normal (n),2007-12-01,88,77,70,73,158,150,308
PUERTO SILES,desnutricion aguda,nutricion normal (n),2007-12-01,11,10,15,11,26,21,47
PUERTO SUAREZ,desnutricion aguda,nutricion normal (n),2007-12-01,43,37,8,12,51,49,100
PUERTO VILLARROEL,desnutricion aguda,nutricion normal (n),2007-12-01,300,251,162,117,462,368,830
PUNA,desnutricion aguda,nutricion normal (n),2007-12-01,157,141,136,115,293,256,549
PUNATA,desnutricion aguda,nutricion normal (n),2007-12-01,152,126,43,46,195,172,367
QUILLACOLLO,desnutricion aguda,nutricion normal (n),2007-12-01,544,656,153,167,697,823,1520
QUIME,desnutricion aguda,nutricion normal (n),2007-12-01,50,46,30,40,80,86,166
QUIRUSILLAS,desnutricion aguda,nutricion normal (n),2007-12-01,2,5,4,3,6,8,14
RAVELO,desnutricion aguda,nutricion normal (n),2007-12-01,141,165,151,121,292,286,578
REYES,desnutricion aguda,nutricion normal (n),2007-12-01,62,85,48,56,110,141,251
RIBERALTA,desnutricion aguda,nutricion normal (n),2007-12-01,939,769,253,223,1192,992,2184
ROBORE,desnutricion aguda,nutricion normal (n),2007-12-01,144,99,50,49,194,148,342
RURRENABAQUE,desnutricion aguda,nutricion normal (n),2007-12-01,97,93,36,38,133,131,264
SABAYA,desnutricion aguda,nutricion normal (n),2007-12-01,14,20,18,9,32,29,61
SACABA,desnutricion aguda,nutricion normal (n),2007-12-01,348,311,136,92,484,403,887
SACABAMBA,desnutricion aguda,nutricion normal (n),2007-12-01,29,25,19,18,48,43,91
SACACA,desnutricion aguda,nutricion normal (n),2007-12-01,170,167,204,164,374,331,705
SAIPINA,desnutricion aguda,nutricion normal (n),2007-12-01,27,21,39,36,66,57,123
SALINAS DE GARCI MENDOZA,desnutricion aguda,nutricion normal (n),2007-12-01,85,100,61,83,146,183,329
SAMAIPATA,desnutricion aguda,nutricion normal (n),2007-12-01,89,49,42,27,131,76,207
SAN AGUSTIN,desnutricion aguda,nutricion normal (n),2007-12-01,20,15,22,24,42,39,81
SAN ANDRES,desnutricion aguda,nutricion normal (n),2007-12-01,99,87,47,62,146,149,295
SAN ANTONIO DE ESMORUCO,desnutricion aguda,nutricion normal (n),2007-12-01,6,10,2,6,8,16,24
SAN ANTONIO DE LOMERIO,desnutricion aguda,nutricion normal (n),2007-12-01,72,93,101,65,173,158,331
SAN BENITO,desnutricion aguda,nutricion normal (n),2007-12-01,66,71,28,21,94,92,186
SAN BORJA,desnutricion aguda,nutricion normal (n),2007-12-01,346,336,223,200,569,536,1105
SAN CARLOS,desnutricion aguda,nutricion normal (n),2007-12-01,123,108,41,33,164,141,305
SAN IGNACIO,desnutricion aguda,nutricion normal (n),2007-12-01,173,131,84,60,257,191,448
SAN IGNACIO DE VELASCO,desnutricion aguda,nutricion normal (n),2007-12-01,335,307,182,169,517,476,993
SAN JAVIER(BNI),desnutricion aguda,nutricion normal (n),2007-12-01,22,19,20,21,42,40,82
SAN JAVIER(STC),desnutricion aguda,nutricion normal (n),2007-12-01,56,65,17,21,73,86,159
SAN JOAQUIN,desnutricion aguda,nutricion normal (n),2007-12-01,23,25,7,3,30,28,58
SAN JOSE DE CHIQUITOS,desnutricion aguda,nutricion normal (n),2007-12-01,117,87,52,63,169,150,319
SAN JUAN DE YAPACANI,desnutricion aguda,nutricion normal (n),2007-12-01,55,83,57,53,112,136,248
SAN JULIAN,desnutricion aguda,nutricion normal (n),2007-12-01,49,60,45,50,94,110,204
SAN LORENZO(PND),desnutricion aguda,nutricion normal (n),2007-12-01,35,37,25,31,60,68,128
SAN LORENZO(TJA),desnutricion aguda,nutricion normal (n),2007-12-01,66,68,66,81,132,149,281
SAN LUCAS,desnutricion aguda,nutricion normal (n),2007-12-01,386,373,443,389,829,762,1591
SAN MATIAS,desnutricion aguda,nutricion normal (n),2007-12-01,81,90,43,30,124,120,244
SAN MIGUEL DE VELASCO,desnutricion aguda,nutricion normal (n),2007-12-01,70,74,31,28,101,102,203
SAN PABLO DE LIPEZ,desnutricion aguda,nutricion normal (n),2007-12-01,16,15,8,6,24,21,45
SAN PEDRO,desnutricion aguda,nutricion normal (n),2007-12-01,85,98,55,50,140,148,288
SAN PEDRO DE BUENA VISTA,desnutricion aguda,nutricion normal (n),2007-12-01,146,125,146,134,292,259,551
SAN PEDRO DE QUEMES,desnutricion aguda,nutricion normal (n),2007-12-01,1,3,1,0,2,3,5
SAN PEDRO(PND),desnutricion aguda,nutricion normal (n),2007-12-01,6,10,5,6,11,16,27
SAN RAFAEL,desnutricion aguda,nutricion normal (n),2007-12-01,44,40,21,23,65,63,128
SAN RAMON,desnutricion aguda,nutricion normal (n),2007-12-01,39,32,28,12,67,44,111
SAN RAMON,desnutricion aguda,nutricion normal (n),2007-12-01,31,37,17,8,48,45,93
SANTA ANA,desnutricion aguda,nutricion normal (n),2007-12-01,167,145,22,21,189,166,355
SANTA CRUZ DE LA SIERRA,desnutricion aguda,nutricion normal (n),2007-12-01,3533,3160,1631,1333,5164,4493,9657
SANTA ROSA,desnutricion aguda,nutricion normal (n),2007-12-01,31,26,20,29,51,55,106
SANTA ROSA DEL SARA,desnutricion aguda,nutricion normal (n),2007-12-01,144,122,104,118,248,240,488
SANTIAGO DE HUARI,desnutricion aguda,nutricion normal (n),2007-12-01,55,71,66,55,121,126,247
SANTIVAÑES,desnutricion aguda,nutricion normal (n),2007-12-01,38,34,53,40,91,74,165
SANTUARIO DE QUILLACAS,desnutricion aguda,nutricion normal (n),2007-12-01,19,10,12,13,31,23,54
SENA,desnutricion aguda,nutricion normal (n),2007-12-01,52,45,45,49,97,94,191
SIPE SIPE,desnutricion aguda,nutricion normal (n),2007-12-01,209,144,99,70,308,214,522
SOPACHUY,desnutricion aguda,nutricion normal (n),2007-12-01,101,89,48,58,149,147,296
SORACACHI,desnutricion aguda,nutricion normal (n),2007-12-01,82,88,96,92,178,180,358
SUCRE,desnutricion aguda,nutricion normal (n),2007-12-01,1107,1113,678,687,1785,1800,3585
TACACHI,desnutricion aguda,nutricion normal (n),2007-12-01,7,1,0,2,7,3,10
TACOBAMBA,desnutricion aguda,nutricion normal (n),2007-12-01,60,42,28,16,88,58,146
TACOPAYA,desnutricion aguda,nutricion normal (n),2007-12-01,45,33,23,26,68,59,127
TAHUA,desnutricion aguda,nutricion normal (n),2007-12-01,3,3,7,5,10,8,18
TAPACARI,desnutricion aguda,nutricion normal (n),2007-12-01,133,127,61,53,194,180,374
TARABUCO,desnutricion aguda,nutricion normal (n),2007-12-01,205,186,263,259,468,445,913
TARATA,desnutricion aguda,nutricion normal (n),2007-12-01,57,48,21,18,78,66,144
TARIJA,desnutricion aguda,nutricion normal (n),2007-12-01,739,644,349,331,1088,975,2063
TARVITA,desnutricion aguda,nutricion normal (n),2007-12-01,201,182,151,127,352,309,661
TINGUIPAYA,desnutricion aguda,nutricion normal (n),2007-12-01,54,57,38,41,92,98,190
TIQUIPAYA,desnutricion aguda,nutricion normal (n),2007-12-01,56,40,23,17,79,57,136
TIRAQUE (CBBA),desnutricion aguda,nutricion normal (n),2007-12-01,247,202,120,119,367,321,688
TOCO,desnutricion aguda,nutricion normal (n),2007-12-01,20,24,11,12,31,36,67
TODOS SANTOS,desnutricion aguda,nutricion normal (n),2007-12-01,6,2,3,6,9,8,17
TOLATA,desnutricion aguda,nutricion normal (n),2007-12-01,17,19,6,5,23,24,47
TOLEDO,desnutricion aguda,nutricion normal (n),2007-12-01,47,49,36,27,83,76,159
TOMAVE,desnutricion aguda,nutricion normal (n),2007-12-01,56,58,80,50,136,108,244
TOMINA,desnutricion aguda,nutricion normal (n),2007-12-01,119,114,118,122,237,236,473
TORO TORO,desnutricion aguda,nutricion normal (n),2007-12-01,92,138,108,120,200,258,458
TOTORA(CBBA),desnutricion aguda,nutricion normal (n),2007-12-01,69,75,17,20,86,95,181
TOTORA(ORR),desnutricion aguda,nutricion normal (n),2007-12-01,22,24,24,16,46,40,86
TRIGAL,desnutricion aguda,nutricion normal (n),2007-12-01,19,16,10,13,29,29,58
TRINIDAD,desnutricion aguda,nutricion normal (n),2007-12-01,446,392,175,166,621,558,1179
TUPIZA,desnutricion aguda,nutricion normal (n),2007-12-01,249,237,204,202,453,439,892
TURCO,desnutricion aguda,nutricion normal (n),2007-12-01,27,31,19,21,46,52,98
UNCIA,desnutricion aguda,nutricion normal (n),2007-12-01,120,112,139,140,259,252,511
URIONDO (A. CONCEPCION),desnutricion aguda,nutricion normal (n),2007-12-01,110,97,86,80,196,177,373
URUBICHA,desnutricion aguda,nutricion normal (n),2007-12-01,101,85,115,100,216,185,401
UYUNI,desnutricion aguda,nutricion normal (n),2007-12-01,196,149,76,88,272,237,509
VACAS,desnutricion aguda,nutricion normal (n),2007-12-01,50,38,15,12,65,50,115
VALLEGRANDE,desnutricion aguda,nutricion normal (n),2007-12-01,128,98,94,76,222,174,396
VIACHA,desnutricion aguda,nutricion normal (n),2007-12-01,210,233,108,113,318,346,664
VILA VILA,desnutricion aguda,nutricion normal (n),2007-12-01,3,3,1,3,4,6,10
VILLA MONTES,desnutricion aguda,nutricion normal (n),2007-12-01,218,180,131,78,349,258,607
VILLA NUEVA (LOMA ALTA),desnutricion aguda,nutricion normal (n),2007-12-01,17,15,8,8,25,23,48
VILLA RIVERO,desnutricion aguda,nutricion normal (n),2007-12-01,6,9,6,2,12,11,23
VILLA SERRANO,desnutricion aguda,nutricion normal (n),2007-12-01,109,100,132,107,241,207,448
VILLA TUNARI,desnutricion aguda,nutricion normal (n),2007-12-01,244,227,111,135,355,362,717
VILLA VACA GUZMAN (MUYUPAMPA),desnutricion aguda,nutricion normal (n),2007-12-01,50,59,66,64,116,123,239
VILLAZON,desnutricion aguda,nutricion normal (n),2007-12-01,208,179,119,123,327,302,629
VINTO,desnutricion aguda,nutricion normal (n),2007-12-01,160,95,25,35,185,130,315
VITICHI,desnutricion aguda,nutricion normal (n),2007-12-01,77,83,81,68,158,151,309
WARNES,desnutricion aguda,nutricion normal (n),2007-12-01,219,211,112,95,331,306,637
YACUIBA,desnutricion aguda,nutricion normal (n),2007-12-01,361,300,151,154,512,454,966
YAMPARAEZ,desnutricion aguda,nutricion normal (n),2007-12-01,90,83,121,132,211,215,426
YAPACANI,desnutricion aguda,nutricion normal (n),2007-12-01,217,240,132,104,349,344,693
YOCALLA,desnutricion aguda,nutricion normal (n),2007-12-01,43,48,31,19,74,67,141
YOTALA,desnutricion aguda,nutricion normal (n),2007-12-01,79,73,87,90,166,163,329
YUNCHARA,desnutricion aguda,nutricion normal (n),2007-12-01,15,14,24,20,39,34,73
ZUDAÑEZ,desnutricion aguda,nutricion normal (n),2007-12-01,50,56,57,40,107,96,203
