department,municipality_id,municipality,year,month,population,value
La Paz,20202,Ancoraimes,2009,1,< de 1 ano / MASCULINO,0
Tarija,60202,Bermejo,2009,1,< de 1 ano / MASCULINO,0
Cochabamba,30101,Cochabamba,2009,1,< de 1 ano / MASCULINO,0
La Paz,20804,Desaguadero,2009,1,< de 1 ano / MASCULINO,0
La Paz,20105,El Alto,2009,1,< de 1 ano / MASCULINO,0
La Paz,20101,La Paz,2009,1,< de 1 ano / MASCULINO,0
Beni,80801,Magdalena,2009,1,< de 1 ano / MASCULINO,0
Oruro,40101,Oruro,2009,1,< de 1 ano / MASCULINO,0
Chuquisaca,10103,Poroma,2009,1,< de 1 ano / MASCULINO,0
Potosí,50101,Potosi,2009,1,< de 1 ano / MASCULINO,0
Santa Cruz,71402,Puerto Quijarro,2009,1,< de 1 ano / MASCULINO,0
Santa Cruz,71401,Puerto Suarez,2009,1,< de 1 ano / MASCULINO,0
Cochabamba,31001,Sacaba,2009,1,< de 1 ano / MASCULINO,0
Potosí,50701,Sacaca,2009,1,< de 1 ano / MASCULINO,0
Santa Cruz,70402,San Carlos,2009,1,< de 1 ano / MASCULINO,0
Santa Cruz,70301,San Ignacio De Velasco,2009,1,< de 1 ano / MASCULINO,0
Santa Cruz,70303,San Rafael,2009,1,< de 1 ano / MASCULINO,0
Santa Cruz,70101,Santa Cruz De La Sierra,2009,1,< de 1 ano / MASCULINO,0
Chuquisaca,10101,Sucre,2009,1,< de 1 ano / MASCULINO,0
Tarija,60101,Tarija,2009,1,< de 1 ano / MASCULINO,0
Oruro,40402,Turco,2009,1,< de 1 ano / MASCULINO,0
Tarija,60303,Villa Montes,2009,1,< de 1 ano / MASCULINO,0
Chuquisaca,11001,Villa Vaca Guzman (muyupampa),2009,1,< de 1 ano / MASCULINO,0
Tarija,60301,Yacuiba,2009,1,< de 1 ano / MASCULINO,0
La Paz,20201,Achacachi,2009,2,< de 1 ano / MASCULINO,0
Chuquisaca,10201,Azurduy,2009,2,< de 1 ano / MASCULINO,0
Santa Cruz,70706,Camiri,2009,2,< de 1 ano / MASCULINO,0
Cochabamba,30101,Cochabamba,2009,2,< de 1 ano / MASCULINO,0
Cochabamba,30905,Colcapirhua,2009,2,< de 1 ano / MASCULINO,0
La Paz,20105,El Alto,2009,2,< de 1 ano / MASCULINO,0
Beni,80402,Exaltacion,2009,2,< de 1 ano / MASCULINO,0
Chuquisaca,11002,Huacaya (villa De Huacaya),2009,2,< de 1 ano / MASCULINO,0
La Paz,21105,La Asunta,2009,2,< de 1 ano / MASCULINO,0
La Paz,20101,La Paz,2009,2,< de 1 ano / MASCULINO,0
Santa Cruz,71001,Montero,2009,2,< de 1 ano / MASCULINO,0
Oruro,40101,Oruro,2009,2,< de 1 ano / MASCULINO,0
Cochabamba,31202,Pojo (cbba),2009,2,< de 1 ano / MASCULINO,0
Potosí,50101,Potosi,2009,2,< de 1 ano / MASCULINO,0
Santa Cruz,71401,Puerto Suarez,2009,2,< de 1 ano / MASCULINO,0
Potosí,51101,Puna,2009,2,< de 1 ano / MASCULINO,0
Oruro,40901,Sabaya,2009,2,< de 1 ano / MASCULINO,0
Cochabamba,31001,Sacaba,2009,2,< de 1 ano / MASCULINO,0
Beni,80602,San Andres,2009,2,< de 1 ano / MASCULINO,0
Santa Cruz,70301,San Ignacio De Velasco,2009,2,< de 1 ano / MASCULINO,0
Chuquisaca,10702,San Lucas,2009,2,< de 1 ano / MASCULINO,0
Santa Cruz,70302,San Miguel De Velasco,2009,2,< de 1 ano / MASCULINO,0
Santa Cruz,70101,Santa Cruz De La Sierra,2009,2,< de 1 ano / MASCULINO,0
La Paz,20902,Sapahaqui,2009,2,< de 1 ano / MASCULINO,0
Tarija,60101,Tarija,2009,2,< de 1 ano / MASCULINO,0
Cochabamba,30903,Tiquipaya,2009,2,< de 1 ano / MASCULINO,0
Beni,80101,Trinidad,2009,2,< de 1 ano / MASCULINO,0
Potosí,50201,Uncia,2009,2,< de 1 ano / MASCULINO,0
Tarija,60303,Villa Montes,2009,2,< de 1 ano / MASCULINO,0
Potosí,51501,Villazon,2009,2,< de 1 ano / MASCULINO,0
Cochabamba,30904,Vinto,2009,2,< de 1 ano / MASCULINO,0
La Paz,20903,Yaco,2009,2,< de 1 ano / MASCULINO,0
Tarija,60301,Yacuiba,2009,2,< de 1 ano / MASCULINO,0
La Paz,20502,Ayata,2009,3,< de 1 ano / MASCULINO,0
La Paz,20905,Cairoma,2009,3,< de 1 ano / MASCULINO,0
Santa Cruz,70706,Camiri,2009,3,< de 1 ano / MASCULINO,0
La Paz,20501,Chuma,2009,3,< de 1 ano / MASCULINO,0
Pando,90101,Cobija,2009,3,< de 1 ano / MASCULINO,0
Cochabamba,30101,Cochabamba,2009,3,< de 1 ano / MASCULINO,0
Oruro,40301,Corque,2009,3,< de 1 ano / MASCULINO,0
La Paz,20105,El Alto,2009,3,< de 1 ano / MASCULINO,0
Beni,80202,Guayaramerin,2009,3,< de 1 ano / MASCULINO,0
La Paz,20101,La Paz,2009,3,< de 1 ano / MASCULINO,0
La Paz,20901,Luribay,2009,3,< de 1 ano / MASCULINO,0
La Paz,20607,Mapiri,2009,3,< de 1 ano / MASCULINO,0
Chuquisaca,10501,Monteagudo,2009,3,< de 1 ano / MASCULINO,0
Oruro,40101,Oruro,2009,3,< de 1 ano / MASCULINO,0
La Paz,21104,Palos Blancos,2009,3,< de 1 ano / MASCULINO,0
Santa Cruz,70601,Portachuelo,2009,3,< de 1 ano / MASCULINO,0
Potosí,50101,Potosi,2009,3,< de 1 ano / MASCULINO,0
Santa Cruz,71402,Puerto Quijarro,2009,3,< de 1 ano / MASCULINO,0
Beni,80703,Puerto Siles,2009,3,< de 1 ano / MASCULINO,0
Beni,80201,Riberalta,2009,3,< de 1 ano / MASCULINO,0
Cochabamba,31001,Sacaba,2009,3,< de 1 ano / MASCULINO,0
Santa Cruz,70901,Samaipata,2009,3,< de 1 ano / MASCULINO,0
Santa Cruz,70301,San Ignacio De Velasco,2009,3,< de 1 ano / MASCULINO,0
Santa Cruz,70303,San Rafael,2009,3,< de 1 ano / MASCULINO,0
Beni,80401,Santa Ana,2009,3,< de 1 ano / MASCULINO,0
Santa Cruz,70101,Santa Cruz De La Sierra,2009,3,< de 1 ano / MASCULINO,0
Chuquisaca,10101,Sucre,2009,3,< de 1 ano / MASCULINO,0
Tarija,60101,Tarija,2009,3,< de 1 ano / MASCULINO,0
Potosí,50502,Toro Toro,2009,3,< de 1 ano / MASCULINO,0
Beni,80101,Trinidad,2009,3,< de 1 ano / MASCULINO,0
Oruro,40402,Turco,2009,3,< de 1 ano / MASCULINO,0
Tarija,60303,Villa Montes,2009,3,< de 1 ano / MASCULINO,0
Chuquisaca,11001,Villa Vaca Guzman (muyupampa),2009,3,< de 1 ano / MASCULINO,0
Potosí,51501,Villazon,2009,3,< de 1 ano / MASCULINO,0
Cochabamba,30904,Vinto,2009,3,< de 1 ano / MASCULINO,0
Tarija,60301,Yacuiba,2009,3,< de 1 ano / MASCULINO,0
La Paz,21103,Yanacachi,2009,3,< de 1 ano / MASCULINO,0
Tarija,60202,Bermejo,2009,4,< de 1 ano / MASCULINO,0
Santa Cruz,70706,Camiri,2009,4,< de 1 ano / MASCULINO,0
Santa Cruz,71403,Carmen Rivero Torrez,2009,4,< de 1 ano / MASCULINO,0
La Paz,20501,Chuma,2009,4,< de 1 ano / MASCULINO,0
Pando,90101,Cobija,2009,4,< de 1 ano / MASCULINO,0
Cochabamba,30101,Cochabamba,2009,4,< de 1 ano / MASCULINO,0
La Paz,20105,El Alto,2009,4,< de 1 ano / MASCULINO,0
Chuquisaca,10502,Huacareta,2009,4,< de 1 ano / MASCULINO,0
La Paz,21102,Irupana (villa De Lanza),2009,4,< de 1 ano / MASCULINO,0
La Paz,20101,La Paz,2009,4,< de 1 ano / MASCULINO,0
Chuquisaca,10501,Monteagudo,2009,4,< de 1 ano / MASCULINO,0
Santa Cruz,71001,Montero,2009,4,< de 1 ano / MASCULINO,0
Oruro,40101,Oruro,2009,4,< de 1 ano / MASCULINO,0
Potosí,50403,Pocoata,2009,4,< de 1 ano / MASCULINO,0
Potosí,50101,Potosi,2009,4,< de 1 ano / MASCULINO,0
Santa Cruz,71402,Puerto Quijarro,2009,4,< de 1 ano / MASCULINO,0
Santa Cruz,71401,Puerto Suarez,2009,4,< de 1 ano / MASCULINO,0
Cochabamba,31205,Puerto Villarroel,2009,4,< de 1 ano / MASCULINO,0
Cochabamba,31401,Punata,2009,4,< de 1 ano / MASCULINO,0
Santa Cruz,70503,Robore,2009,4,< de 1 ano / MASCULINO,0
Beni,80304,Rurrenabaque,2009,4,< de 1 ano / MASCULINO,0
Cochabamba,31001,Sacaba,2009,4,< de 1 ano / MASCULINO,0
Potosí,50701,Sacaca,2009,4,< de 1 ano / MASCULINO,0
Santa Cruz,70901,Samaipata,2009,4,< de 1 ano / MASCULINO,0
Santa Cruz,70301,San Ignacio De Velasco,2009,4,< de 1 ano / MASCULINO,0
Santa Cruz,70302,San Miguel De Velasco,2009,4,< de 1 ano / MASCULINO,0
Beni,80401,Santa Ana,2009,4,< de 1 ano / MASCULINO,0
Santa Cruz,70101,Santa Cruz De La Sierra,2009,4,< de 1 ano / MASCULINO,0
La Paz,20902,Sapahaqui,2009,4,< de 1 ano / MASCULINO,0
Tarija,60101,Tarija,2009,4,< de 1 ano / MASCULINO,0
Beni,80101,Trinidad,2009,4,< de 1 ano / MASCULINO,0
Cochabamba,31302,Vila Vila,2009,4,< de 1 ano / MASCULINO,0
Tarija,60303,Villa Montes,2009,4,< de 1 ano / MASCULINO,0
Chuquisaca,10801,Villa Serrano,2009,4,< de 1 ano / MASCULINO,0
Potosí,51501,Villazon,2009,4,< de 1 ano / MASCULINO,0
Cochabamba,30904,Vinto,2009,4,< de 1 ano / MASCULINO,0
Tarija,60301,Yacuiba,2009,4,< de 1 ano / MASCULINO,0
La Paz,20202,Ancoraimes,2009,5,< de 1 ano / MASCULINO,0
La Paz,20502,Ayata,2009,5,< de 1 ano / MASCULINO,0
Santa Cruz,70706,Camiri,2009,5,< de 1 ano / MASCULINO,0
Pando,90101,Cobija,2009,5,< de 1 ano / MASCULINO,0
Cochabamba,30101,Cochabamba,2009,5,< de 1 ano / MASCULINO,0
Cochabamba,30905,Colcapirhua,2009,5,< de 1 ano / MASCULINO,0
La Paz,20105,El Alto,2009,5,< de 1 ano / MASCULINO,0
Santa Cruz,70105,El Torno,2009,5,< de 1 ano / MASCULINO,0
Chuquisaca,10304,Icla,2009,5,< de 1 ano / MASCULINO,0
La Paz,20101,La Paz,2009,5,< de 1 ano / MASCULINO,0
La Paz,21006,Licoma Pampa,2009,5,< de 1 ano / MASCULINO,0
Santa Cruz,71003,Mineros,2009,5,< de 1 ano / MASCULINO,0
Santa Cruz,71001,Montero,2009,5,< de 1 ano / MASCULINO,0
Oruro,40101,Oruro,2009,5,< de 1 ano / MASCULINO,0
Potosí,50101,Potosi,2009,5,< de 1 ano / MASCULINO,0
Santa Cruz,70805,Pucara,2009,5,< de 1 ano / MASCULINO,0
Cochabamba,31001,Sacaba,2009,5,< de 1 ano / MASCULINO,0
Beni,80501,San Ignacio,2009,5,< de 1 ano / MASCULINO,0
Santa Cruz,70301,San Ignacio De Velasco,2009,5,< de 1 ano / MASCULINO,0
Santa Cruz,70101,Santa Cruz De La Sierra,2009,5,< de 1 ano / MASCULINO,0
Cochabamba,30902,Sipe Sipe,2009,5,< de 1 ano / MASCULINO,0
Tarija,60101,Tarija,2009,5,< de 1 ano / MASCULINO,0
Chuquisaca,10202,Tarvita,2009,5,< de 1 ano / MASCULINO,0
Potosí,50502,Toro Toro,2009,5,< de 1 ano / MASCULINO,0
Beni,80101,Trinidad,2009,5,< de 1 ano / MASCULINO,0
Cochabamba,30502,Vacas,2009,5,< de 1 ano / MASCULINO,0
Tarija,60303,Villa Montes,2009,5,< de 1 ano / MASCULINO,0
Cochabamba,31402,Villa Rivero,2009,5,< de 1 ano / MASCULINO,0
Cochabamba,31003,Villa Tunari,2009,5,< de 1 ano / MASCULINO,0
Cochabamba,30904,Vinto,2009,5,< de 1 ano / MASCULINO,0
Tarija,60301,Yacuiba,2009,5,< de 1 ano / MASCULINO,0
Chuquisaca,10301,Zudañez,2009,5,< de 1 ano / MASCULINO,0
La Paz,20905,Cairoma,2009,6,< de 1 ano / MASCULINO,0
Santa Cruz,70706,Camiri,2009,6,< de 1 ano / MASCULINO,0
La Paz,21101,Chulumani (v. De La Libertad),2009,6,< de 1 ano / MASCULINO,0
Pando,90101,Cobija,2009,6,< de 1 ano / MASCULINO,0
Cochabamba,30101,Cochabamba,2009,6,< de 1 ano / MASCULINO,0
La Paz,21401,Coroico,2009,6,< de 1 ano / MASCULINO,0
La Paz,20105,El Alto,2009,6,< de 1 ano / MASCULINO,0
Chuquisaca,10502,Huacareta,2009,6,< de 1 ano / MASCULINO,0
La Paz,21102,Irupana (villa De Lanza),2009,6,< de 1 ano / MASCULINO,0
La Paz,20101,La Paz,2009,6,< de 1 ano / MASCULINO,0
La Paz,20901,Luribay,2009,6,< de 1 ano / MASCULINO,0
La Paz,20103,Mecapaca,2009,6,< de 1 ano / MASCULINO,0
Chuquisaca,10501,Monteagudo,2009,6,< de 1 ano / MASCULINO,0
Santa Cruz,71001,Montero,2009,6,< de 1 ano / MASCULINO,0
Oruro,40101,Oruro,2009,6,< de 1 ano / MASCULINO,0
Potosí,50101,Potosi,2009,6,< de 1 ano / MASCULINO,0
Pando,90301,Puerto Gonzalo Moreno,2009,6,< de 1 ano / MASCULINO,0
Potosí,50402,Ravelo,2009,6,< de 1 ano / MASCULINO,0
Cochabamba,31001,Sacaba,2009,6,< de 1 ano / MASCULINO,0
Potosí,50701,Sacaca,2009,6,< de 1 ano / MASCULINO,0
Beni,80501,San Ignacio,2009,6,< de 1 ano / MASCULINO,0
Santa Cruz,70301,San Ignacio De Velasco,2009,6,< de 1 ano / MASCULINO,0
Santa Cruz,70302,San Miguel De Velasco,2009,6,< de 1 ano / MASCULINO,0
Santa Cruz,70101,Santa Cruz De La Sierra,2009,6,< de 1 ano / MASCULINO,0
Chuquisaca,10101,Sucre,2009,6,< de 1 ano / MASCULINO,0
Tarija,60101,Tarija,2009,6,< de 1 ano / MASCULINO,0
Chuquisaca,10202,Tarvita,2009,6,< de 1 ano / MASCULINO,0
Beni,80101,Trinidad,2009,6,< de 1 ano / MASCULINO,0
Tarija,60303,Villa Montes,2009,6,< de 1 ano / MASCULINO,0
Tarija,60301,Yacuiba,2009,6,< de 1 ano / MASCULINO,0
La Paz,20201,Achacachi,2009,7,< de 1 ano / MASCULINO,0
Oruro,41201,Andamarca,2009,7,< de 1 ano / MASCULINO,0
Tarija,60202,Bermejo,2009,7,< de 1 ano / MASCULINO,0
Santa Cruz,70706,Camiri,2009,7,< de 1 ano / MASCULINO,0
Santa Cruz,71403,Carmen Rivero Torrez,2009,7,< de 1 ano / MASCULINO,0
Santa Cruz,70702,Charagua,2009,7,< de 1 ano / MASCULINO,0
Pando,90101,Cobija,2009,7,< de 1 ano / MASCULINO,0
Cochabamba,30101,Cochabamba,2009,7,< de 1 ano / MASCULINO,0
Cochabamba,30905,Colcapirhua,2009,7,< de 1 ano / MASCULINO,0
La Paz,20105,El Alto,2009,7,< de 1 ano / MASCULINO,0
Tarija,60601,Entre Rios,2009,7,< de 1 ano / MASCULINO,0
La Paz,21102,Irupana (villa De Lanza),2009,7,< de 1 ano / MASCULINO,0
La Paz,20101,La Paz,2009,7,< de 1 ano / MASCULINO,0
Chuquisaca,10501,Monteagudo,2009,7,< de 1 ano / MASCULINO,0
Oruro,40101,Oruro,2009,7,< de 1 ano / MASCULINO,0
Santa Cruz,70502,Pailon,2009,7,< de 1 ano / MASCULINO,0
La Paz,21104,Palos Blancos,2009,7,< de 1 ano / MASCULINO,0
Potosí,50101,Potosi,2009,7,< de 1 ano / MASCULINO,0
Pando,90301,Puerto Gonzalo Moreno,2009,7,< de 1 ano / MASCULINO,0
Santa Cruz,71402,Puerto Quijarro,2009,7,< de 1 ano / MASCULINO,0
Cochabamba,31205,Puerto Villarroel,2009,7,< de 1 ano / MASCULINO,0
Cochabamba,31401,Punata,2009,7,< de 1 ano / MASCULINO,0
Cochabamba,31001,Sacaba,2009,7,< de 1 ano / MASCULINO,0
Beni,80302,San Borja,2009,7,< de 1 ano / MASCULINO,0
Santa Cruz,70301,San Ignacio De Velasco,2009,7,< de 1 ano / MASCULINO,0
Santa Cruz,70302,San Miguel De Velasco,2009,7,< de 1 ano / MASCULINO,0
Santa Cruz,70101,Santa Cruz De La Sierra,2009,7,< de 1 ano / MASCULINO,0
La Paz,20601,Sorata,2009,7,< de 1 ano / MASCULINO,0
Tarija,60101,Tarija,2009,7,< de 1 ano / MASCULINO,0
La Paz,20606,Tipuani,2009,7,< de 1 ano / MASCULINO,0
Beni,80101,Trinidad,2009,7,< de 1 ano / MASCULINO,0
Oruro,40402,Turco,2009,7,< de 1 ano / MASCULINO,0
Tarija,60401,Uriondo (a. Concepcion),2009,7,< de 1 ano / MASCULINO,0
Tarija,60303,Villa Montes,2009,7,< de 1 ano / MASCULINO,0
Potosí,51501,Villazon,2009,7,< de 1 ano / MASCULINO,0
Tarija,60301,Yacuiba,2009,7,< de 1 ano / MASCULINO,0
Santa Cruz,70706,Camiri,2009,8,< de 1 ano / MASCULINO,0
Pando,90101,Cobija,2009,8,< de 1 ano / MASCULINO,0
Cochabamba,30101,Cochabamba,2009,8,< de 1 ano / MASCULINO,0
Cochabamba,30905,Colcapirhua,2009,8,< de 1 ano / MASCULINO,0
Santa Cruz,71106,Cuatro Cañadas,2009,8,< de 1 ano / MASCULINO,0
La Paz,20105,El Alto,2009,8,< de 1 ano / MASCULINO,0
La Paz,20101,La Paz,2009,8,< de 1 ano / MASCULINO,0
Beni,80801,Magdalena,2009,8,< de 1 ano / MASCULINO,0
Santa Cruz,71003,Mineros,2009,8,< de 1 ano / MASCULINO,0
Cochabamba,31301,Mizque,2009,8,< de 1 ano / MASCULINO,0
Santa Cruz,71001,Montero,2009,8,< de 1 ano / MASCULINO,0
Oruro,40101,Oruro,2009,8,< de 1 ano / MASCULINO,0
La Paz,21104,Palos Blancos,2009,8,< de 1 ano / MASCULINO,0
Potosí,50101,Potosi,2009,8,< de 1 ano / MASCULINO,0
Cochabamba,31205,Puerto Villarroel,2009,8,< de 1 ano / MASCULINO,0
Cochabamba,31001,Sacaba,2009,8,< de 1 ano / MASCULINO,0
Santa Cruz,70301,San Ignacio De Velasco,2009,8,< de 1 ano / MASCULINO,0
Santa Cruz,70404,San Juan De Yapacani,2009,8,< de 1 ano / MASCULINO,0
Santa Cruz,70101,Santa Cruz De La Sierra,2009,8,< de 1 ano / MASCULINO,0
Beni,80303,Santa Rosa,2009,8,< de 1 ano / MASCULINO,0
La Paz,20902,Sapahaqui,2009,8,< de 1 ano / MASCULINO,0
Chuquisaca,10101,Sucre,2009,8,< de 1 ano / MASCULINO,0
Tarija,60101,Tarija,2009,8,< de 1 ano / MASCULINO,0
Beni,80101,Trinidad,2009,8,< de 1 ano / MASCULINO,0
Potosí,50801,Tupiza,2009,8,< de 1 ano / MASCULINO,0
Tarija,60303,Villa Montes,2009,8,< de 1 ano / MASCULINO,0
Tarija,60301,Yacuiba,2009,8,< de 1 ano / MASCULINO,0
Tarija,60202,Bermejo,2009,9,< de 1 ano / MASCULINO,0
Santa Cruz,70707,Boyuibe,2009,9,< de 1 ano / MASCULINO,0
Chuquisaca,10701,Camargo,2009,9,< de 1 ano / MASCULINO,0
Santa Cruz,70706,Camiri,2009,9,< de 1 ano / MASCULINO,0
Cochabamba,30801,Cliza,2009,9,< de 1 ano / MASCULINO,0
Pando,90101,Cobija,2009,9,< de 1 ano / MASCULINO,0
Cochabamba,30101,Cochabamba,2009,9,< de 1 ano / MASCULINO,0
Cochabamba,30905,Colcapirhua,2009,9,< de 1 ano / MASCULINO,0
La Paz,21401,Coroico,2009,9,< de 1 ano / MASCULINO,0
La Paz,20105,El Alto,2009,9,< de 1 ano / MASCULINO,0
Tarija,60502,El Puente(tja),2009,9,< de 1 ano / MASCULINO,0
Pando,90203,Filadelfia,2009,9,< de 1 ano / MASCULINO,0
Chuquisaca,10502,Huacareta,2009,9,< de 1 ano / MASCULINO,0
La Paz,20101,La Paz,2009,9,< de 1 ano / MASCULINO,0
Chuquisaca,10501,Monteagudo,2009,9,< de 1 ano / MASCULINO,0
Potosí,50101,Potosi,2009,9,< de 1 ano / MASCULINO,0
Santa Cruz,71401,Puerto Suarez,2009,9,< de 1 ano / MASCULINO,0
Cochabamba,31205,Puerto Villarroel,2009,9,< de 1 ano / MASCULINO,0
Cochabamba,31001,Sacaba,2009,9,< de 1 ano / MASCULINO,0
Potosí,50701,Sacaca,2009,9,< de 1 ano / MASCULINO,0
Santa Cruz,70301,San Ignacio De Velasco,2009,9,< de 1 ano / MASCULINO,0
Santa Cruz,70302,San Miguel De Velasco,2009,9,< de 1 ano / MASCULINO,0
Santa Cruz,70101,Santa Cruz De La Sierra,2009,9,< de 1 ano / MASCULINO,0
Chuquisaca,10101,Sucre,2009,9,< de 1 ano / MASCULINO,0
Tarija,60101,Tarija,2009,9,< de 1 ano / MASCULINO,0
Beni,80101,Trinidad,2009,9,< de 1 ano / MASCULINO,0
Tarija,60303,Villa Montes,2009,9,< de 1 ano / MASCULINO,0
Cochabamba,30904,Vinto,2009,9,< de 1 ano / MASCULINO,0
Tarija,60301,Yacuiba,2009,9,< de 1 ano / MASCULINO,0
Cochabamba,30201,Aiquile,2009,10,< de 1 ano / MASCULINO,0
Tarija,60202,Bermejo,2009,10,< de 1 ano / MASCULINO,0
Potosí,50301,Betanzos,2009,10,< de 1 ano / MASCULINO,0
Santa Cruz,70706,Camiri,2009,10,< de 1 ano / MASCULINO,0
La Paz,20305,Charaña,2009,10,< de 1 ano / MASCULINO,0
La Paz,20501,Chuma,2009,10,< de 1 ano / MASCULINO,0
Pando,90101,Cobija,2009,10,< de 1 ano / MASCULINO,0
Cochabamba,30101,Cochabamba,2009,10,< de 1 ano / MASCULINO,0
Cochabamba,31002,Colomi,2009,10,< de 1 ano / MASCULINO,0
Santa Cruz,71301,Comarapa,2009,10,< de 1 ano / MASCULINO,0
La Paz,20105,El Alto,2009,10,< de 1 ano / MASCULINO,0
La Paz,21105,La Asunta,2009,10,< de 1 ano / MASCULINO,0
La Paz,20101,La Paz,2009,10,< de 1 ano / MASCULINO,0
Chuquisaca,11003,Machareti,2009,10,< de 1 ano / MASCULINO,0
Santa Cruz,71001,Montero,2009,10,< de 1 ano / MASCULINO,0
Cochabamba,30302,Morochata,2009,10,< de 1 ano / MASCULINO,0
Oruro,40101,Oruro,2009,10,< de 1 ano / MASCULINO,0
La Paz,20102,Palca,2009,10,< de 1 ano / MASCULINO,0
La Paz,21104,Palos Blancos,2009,10,< de 1 ano / MASCULINO,0
Potosí,50101,Potosi,2009,10,< de 1 ano / MASCULINO,0
Santa Cruz,71401,Puerto Suarez,2009,10,< de 1 ano / MASCULINO,0
Cochabamba,31205,Puerto Villarroel,2009,10,< de 1 ano / MASCULINO,0
Santa Cruz,70503,Robore,2009,10,< de 1 ano / MASCULINO,0
Cochabamba,31001,Sacaba,2009,10,< de 1 ano / MASCULINO,0
Santa Cruz,70101,Santa Cruz De La Sierra,2009,10,< de 1 ano / MASCULINO,0
Chuquisaca,10101,Sucre,2009,10,< de 1 ano / MASCULINO,0
Tarija,60101,Tarija,2009,10,< de 1 ano / MASCULINO,0
La Paz,20606,Tipuani,2009,10,< de 1 ano / MASCULINO,0
Beni,80101,Trinidad,2009,10,< de 1 ano / MASCULINO,0
Oruro,40402,Turco,2009,10,< de 1 ano / MASCULINO,0
Cochabamba,30502,Vacas,2009,10,< de 1 ano / MASCULINO,0
Tarija,60303,Villa Montes,2009,10,< de 1 ano / MASCULINO,0
Cochabamba,31003,Villa Tunari,2009,10,< de 1 ano / MASCULINO,0
Potosí,51501,Villazon,2009,10,< de 1 ano / MASCULINO,0
Tarija,60202,Bermejo,2009,11,< de 1 ano / MASCULINO,0
Santa Cruz,70706,Camiri,2009,11,< de 1 ano / MASCULINO,0
La Paz,20305,Charaña,2009,11,< de 1 ano / MASCULINO,0
Pando,90101,Cobija,2009,11,< de 1 ano / MASCULINO,0
Cochabamba,30101,Cochabamba,2009,11,< de 1 ano / MASCULINO,0
La Paz,21401,Coroico,2009,11,< de 1 ano / MASCULINO,0
La Paz,20105,El Alto,2009,11,< de 1 ano / MASCULINO,0
Santa Cruz,70105,El Torno,2009,11,< de 1 ano / MASCULINO,0
La Paz,20101,La Paz,2009,11,< de 1 ano / MASCULINO,0
Cochabamba,31301,Mizque,2009,11,< de 1 ano / MASCULINO,0
Santa Cruz,71001,Montero,2009,11,< de 1 ano / MASCULINO,0
Oruro,40101,Oruro,2009,11,< de 1 ano / MASCULINO,0
La Paz,20102,Palca,2009,11,< de 1 ano / MASCULINO,0
La Paz,21104,Palos Blancos,2009,11,< de 1 ano / MASCULINO,0
Potosí,50101,Potosi,2009,11,< de 1 ano / MASCULINO,0
Beni,80703,Puerto Siles,2009,11,< de 1 ano / MASCULINO,0
Cochabamba,31401,Punata,2009,11,< de 1 ano / MASCULINO,0
Cochabamba,31001,Sacaba,2009,11,< de 1 ano / MASCULINO,0
Beni,80501,San Ignacio,2009,11,< de 1 ano / MASCULINO,0
Santa Cruz,70301,San Ignacio De Velasco,2009,11,< de 1 ano / MASCULINO,0
Santa Cruz,70303,San Rafael,2009,11,< de 1 ano / MASCULINO,0
Santa Cruz,70101,Santa Cruz De La Sierra,2009,11,< de 1 ano / MASCULINO,0
Chuquisaca,10101,Sucre,2009,11,< de 1 ano / MASCULINO,0
Tarija,60101,Tarija,2009,11,< de 1 ano / MASCULINO,0
Chuquisaca,10402,Tomina,2009,11,< de 1 ano / MASCULINO,0
Beni,80101,Trinidad,2009,11,< de 1 ano / MASCULINO,0
Tarija,60303,Villa Montes,2009,11,< de 1 ano / MASCULINO,0
Potosí,51501,Villazon,2009,11,< de 1 ano / MASCULINO,0
Tarija,60301,Yacuiba,2009,11,< de 1 ano / MASCULINO,0
Beni,80802,Baures,2009,12,< de 1 ano / MASCULINO,0
Tarija,60202,Bermejo,2009,12,< de 1 ano / MASCULINO,0
Santa Cruz,70706,Camiri,2009,12,< de 1 ano / MASCULINO,0
Tarija,60302,Carapari,2009,12,< de 1 ano / MASCULINO,0
La Paz,20501,Chuma,2009,12,< de 1 ano / MASCULINO,0
Pando,90101,Cobija,2009,12,< de 1 ano / MASCULINO,0
Cochabamba,30101,Cochabamba,2009,12,< de 1 ano / MASCULINO,0
Cochabamba,31002,Colomi,2009,12,< de 1 ano / MASCULINO,0
La Paz,21401,Coroico,2009,12,< de 1 ano / MASCULINO,0
La Paz,20105,El Alto,2009,12,< de 1 ano / MASCULINO,0
Chuquisaca,10502,Huacareta,2009,12,< de 1 ano / MASCULINO,0
La Paz,21102,Irupana (villa De Lanza),2009,12,< de 1 ano / MASCULINO,0
La Paz,21105,La Asunta,2009,12,< de 1 ano / MASCULINO,0
La Paz,20101,La Paz,2009,12,< de 1 ano / MASCULINO,0
Chuquisaca,10303,Mojocoya,2009,12,< de 1 ano / MASCULINO,0
Santa Cruz,71001,Montero,2009,12,< de 1 ano / MASCULINO,0
Oruro,40101,Oruro,2009,12,< de 1 ano / MASCULINO,0
Santa Cruz,70902,Pampa Grande,2009,12,< de 1 ano / MASCULINO,0
Potosí,50101,Potosi,2009,12,< de 1 ano / MASCULINO,0
Santa Cruz,71401,Puerto Suarez,2009,12,< de 1 ano / MASCULINO,0
Cochabamba,31205,Puerto Villarroel,2009,12,< de 1 ano / MASCULINO,0
Cochabamba,31401,Punata,2009,12,< de 1 ano / MASCULINO,0
Cochabamba,31001,Sacaba,2009,12,< de 1 ano / MASCULINO,0
Santa Cruz,70301,San Ignacio De Velasco,2009,12,< de 1 ano / MASCULINO,0
Santa Cruz,70302,San Miguel De Velasco,2009,12,< de 1 ano / MASCULINO,0
Santa Cruz,70101,Santa Cruz De La Sierra,2009,12,< de 1 ano / MASCULINO,0
Chuquisaca,10101,Sucre,2009,12,< de 1 ano / MASCULINO,0
Tarija,60101,Tarija,2009,12,< de 1 ano / MASCULINO,0
Cochabamba,30802,Toco,2009,12,< de 1 ano / MASCULINO,0
Potosí,50502,Toro Toro,2009,12,< de 1 ano / MASCULINO,0
Beni,80101,Trinidad,2009,12,< de 1 ano / MASCULINO,0
Cochabamba,30502,Vacas,2009,12,< de 1 ano / MASCULINO,0
Tarija,60303,Villa Montes,2009,12,< de 1 ano / MASCULINO,0
Cochabamba,31003,Villa Tunari,2009,12,< de 1 ano / MASCULINO,0
Cochabamba,30904,Vinto,2009,12,< de 1 ano / MASCULINO,0
Tarija,60301,Yacuiba,2009,12,< de 1 ano / MASCULINO,0
La Paz,20202,Ancoraimes,2009,1,< de 1 ano / FEMENINO,0
Tarija,60202,Bermejo,2009,1,< de 1 ano / FEMENINO,0
Cochabamba,30101,Cochabamba,2009,1,< de 1 ano / FEMENINO,0
La Paz,20804,Desaguadero,2009,1,< de 1 ano / FEMENINO,0
La Paz,20105,El Alto,2009,1,< de 1 ano / FEMENINO,0
La Paz,20101,La Paz,2009,1,< de 1 ano / FEMENINO,0
Beni,80801,Magdalena,2009,1,< de 1 ano / FEMENINO,0
Oruro,40101,Oruro,2009,1,< de 1 ano / FEMENINO,0
Chuquisaca,10103,Poroma,2009,1,< de 1 ano / FEMENINO,0
Potosí,50101,Potosi,2009,1,< de 1 ano / FEMENINO,0
Santa Cruz,71402,Puerto Quijarro,2009,1,< de 1 ano / FEMENINO,0
Santa Cruz,71401,Puerto Suarez,2009,1,< de 1 ano / FEMENINO,0
Cochabamba,31001,Sacaba,2009,1,< de 1 ano / FEMENINO,0
Potosí,50701,Sacaca,2009,1,< de 1 ano / FEMENINO,0
Santa Cruz,70402,San Carlos,2009,1,< de 1 ano / FEMENINO,0
Santa Cruz,70301,San Ignacio De Velasco,2009,1,< de 1 ano / FEMENINO,0
Santa Cruz,70303,San Rafael,2009,1,< de 1 ano / FEMENINO,0
Santa Cruz,70101,Santa Cruz De La Sierra,2009,1,< de 1 ano / FEMENINO,0
Chuquisaca,10101,Sucre,2009,1,< de 1 ano / FEMENINO,0
Tarija,60101,Tarija,2009,1,< de 1 ano / FEMENINO,0
Oruro,40402,Turco,2009,1,< de 1 ano / FEMENINO,0
Tarija,60303,Villa Montes,2009,1,< de 1 ano / FEMENINO,0
Chuquisaca,11001,Villa Vaca Guzman (muyupampa),2009,1,< de 1 ano / FEMENINO,0
Tarija,60301,Yacuiba,2009,1,< de 1 ano / FEMENINO,0
La Paz,20201,Achacachi,2009,2,< de 1 ano / FEMENINO,0
Chuquisaca,10201,Azurduy,2009,2,< de 1 ano / FEMENINO,0
Santa Cruz,70706,Camiri,2009,2,< de 1 ano / FEMENINO,0
Cochabamba,30101,Cochabamba,2009,2,< de 1 ano / FEMENINO,0
Cochabamba,30905,Colcapirhua,2009,2,< de 1 ano / FEMENINO,0
La Paz,20105,El Alto,2009,2,< de 1 ano / FEMENINO,0
Beni,80402,Exaltacion,2009,2,< de 1 ano / FEMENINO,0
Chuquisaca,11002,Huacaya (villa De Huacaya),2009,2,< de 1 ano / FEMENINO,0
La Paz,21105,La Asunta,2009,2,< de 1 ano / FEMENINO,0
La Paz,20101,La Paz,2009,2,< de 1 ano / FEMENINO,0
Santa Cruz,71001,Montero,2009,2,< de 1 ano / FEMENINO,0
Oruro,40101,Oruro,2009,2,< de 1 ano / FEMENINO,0
Cochabamba,31202,Pojo (cbba),2009,2,< de 1 ano / FEMENINO,0
Potosí,50101,Potosi,2009,2,< de 1 ano / FEMENINO,0
Santa Cruz,71401,Puerto Suarez,2009,2,< de 1 ano / FEMENINO,0
Potosí,51101,Puna,2009,2,< de 1 ano / FEMENINO,0
Oruro,40901,Sabaya,2009,2,< de 1 ano / FEMENINO,0
Cochabamba,31001,Sacaba,2009,2,< de 1 ano / FEMENINO,0
Beni,80602,San Andres,2009,2,< de 1 ano / FEMENINO,0
Santa Cruz,70301,San Ignacio De Velasco,2009,2,< de 1 ano / FEMENINO,0
Chuquisaca,10702,San Lucas,2009,2,< de 1 ano / FEMENINO,0
Santa Cruz,70302,San Miguel De Velasco,2009,2,< de 1 ano / FEMENINO,0
Santa Cruz,70101,Santa Cruz De La Sierra,2009,2,< de 1 ano / FEMENINO,0
La Paz,20902,Sapahaqui,2009,2,< de 1 ano / FEMENINO,0
Tarija,60101,Tarija,2009,2,< de 1 ano / FEMENINO,0
Cochabamba,30903,Tiquipaya,2009,2,< de 1 ano / FEMENINO,0
Beni,80101,Trinidad,2009,2,< de 1 ano / FEMENINO,0
Potosí,50201,Uncia,2009,2,< de 1 ano / FEMENINO,0
Tarija,60303,Villa Montes,2009,2,< de 1 ano / FEMENINO,0
Potosí,51501,Villazon,2009,2,< de 1 ano / FEMENINO,0
Cochabamba,30904,Vinto,2009,2,< de 1 ano / FEMENINO,0
La Paz,20903,Yaco,2009,2,< de 1 ano / FEMENINO,0
Tarija,60301,Yacuiba,2009,2,< de 1 ano / FEMENINO,0
La Paz,20502,Ayata,2009,3,< de 1 ano / FEMENINO,0
La Paz,20905,Cairoma,2009,3,< de 1 ano / FEMENINO,0
Santa Cruz,70706,Camiri,2009,3,< de 1 ano / FEMENINO,0
La Paz,20501,Chuma,2009,3,< de 1 ano / FEMENINO,0
Pando,90101,Cobija,2009,3,< de 1 ano / FEMENINO,0
Cochabamba,30101,Cochabamba,2009,3,< de 1 ano / FEMENINO,0
Oruro,40301,Corque,2009,3,< de 1 ano / FEMENINO,0
La Paz,20105,El Alto,2009,3,< de 1 ano / FEMENINO,0
Beni,80202,Guayaramerin,2009,3,< de 1 ano / FEMENINO,0
La Paz,20101,La Paz,2009,3,< de 1 ano / FEMENINO,0
La Paz,20901,Luribay,2009,3,< de 1 ano / FEMENINO,0
La Paz,20607,Mapiri,2009,3,< de 1 ano / FEMENINO,0
Chuquisaca,10501,Monteagudo,2009,3,< de 1 ano / FEMENINO,0
Oruro,40101,Oruro,2009,3,< de 1 ano / FEMENINO,0
La Paz,21104,Palos Blancos,2009,3,< de 1 ano / FEMENINO,0
Santa Cruz,70601,Portachuelo,2009,3,< de 1 ano / FEMENINO,0
Potosí,50101,Potosi,2009,3,< de 1 ano / FEMENINO,0
Santa Cruz,71402,Puerto Quijarro,2009,3,< de 1 ano / FEMENINO,0
Beni,80703,Puerto Siles,2009,3,< de 1 ano / FEMENINO,0
Beni,80201,Riberalta,2009,3,< de 1 ano / FEMENINO,0
Cochabamba,31001,Sacaba,2009,3,< de 1 ano / FEMENINO,0
Santa Cruz,70901,Samaipata,2009,3,< de 1 ano / FEMENINO,0
Santa Cruz,70301,San Ignacio De Velasco,2009,3,< de 1 ano / FEMENINO,0
Santa Cruz,70303,San Rafael,2009,3,< de 1 ano / FEMENINO,0
Beni,80401,Santa Ana,2009,3,< de 1 ano / FEMENINO,0
Santa Cruz,70101,Santa Cruz De La Sierra,2009,3,< de 1 ano / FEMENINO,0
Chuquisaca,10101,Sucre,2009,3,< de 1 ano / FEMENINO,0
Tarija,60101,Tarija,2009,3,< de 1 ano / FEMENINO,0
Potosí,50502,Toro Toro,2009,3,< de 1 ano / FEMENINO,0
Beni,80101,Trinidad,2009,3,< de 1 ano / FEMENINO,0
Oruro,40402,Turco,2009,3,< de 1 ano / FEMENINO,0
Tarija,60303,Villa Montes,2009,3,< de 1 ano / FEMENINO,0
Chuquisaca,11001,Villa Vaca Guzman (muyupampa),2009,3,< de 1 ano / FEMENINO,0
Potosí,51501,Villazon,2009,3,< de 1 ano / FEMENINO,0
Cochabamba,30904,Vinto,2009,3,< de 1 ano / FEMENINO,0
Tarija,60301,Yacuiba,2009,3,< de 1 ano / FEMENINO,0
La Paz,21103,Yanacachi,2009,3,< de 1 ano / FEMENINO,0
Tarija,60202,Bermejo,2009,4,< de 1 ano / FEMENINO,0
Santa Cruz,70706,Camiri,2009,4,< de 1 ano / FEMENINO,0
Santa Cruz,71403,Carmen Rivero Torrez,2009,4,< de 1 ano / FEMENINO,0
La Paz,20501,Chuma,2009,4,< de 1 ano / FEMENINO,0
Pando,90101,Cobija,2009,4,< de 1 ano / FEMENINO,0
Cochabamba,30101,Cochabamba,2009,4,< de 1 ano / FEMENINO,0
La Paz,20105,El Alto,2009,4,< de 1 ano / FEMENINO,0
Chuquisaca,10502,Huacareta,2009,4,< de 1 ano / FEMENINO,0
La Paz,21102,Irupana (villa De Lanza),2009,4,< de 1 ano / FEMENINO,0
La Paz,20101,La Paz,2009,4,< de 1 ano / FEMENINO,0
Chuquisaca,10501,Monteagudo,2009,4,< de 1 ano / FEMENINO,0
Santa Cruz,71001,Montero,2009,4,< de 1 ano / FEMENINO,0
Oruro,40101,Oruro,2009,4,< de 1 ano / FEMENINO,0
Potosí,50403,Pocoata,2009,4,< de 1 ano / FEMENINO,0
Potosí,50101,Potosi,2009,4,< de 1 ano / FEMENINO,0
Santa Cruz,71402,Puerto Quijarro,2009,4,< de 1 ano / FEMENINO,0
Santa Cruz,71401,Puerto Suarez,2009,4,< de 1 ano / FEMENINO,0
Cochabamba,31205,Puerto Villarroel,2009,4,< de 1 ano / FEMENINO,0
Cochabamba,31401,Punata,2009,4,< de 1 ano / FEMENINO,0
Santa Cruz,70503,Robore,2009,4,< de 1 ano / FEMENINO,0
Beni,80304,Rurrenabaque,2009,4,< de 1 ano / FEMENINO,0
Cochabamba,31001,Sacaba,2009,4,< de 1 ano / FEMENINO,0
Potosí,50701,Sacaca,2009,4,< de 1 ano / FEMENINO,0
Santa Cruz,70901,Samaipata,2009,4,< de 1 ano / FEMENINO,0
Santa Cruz,70301,San Ignacio De Velasco,2009,4,< de 1 ano / FEMENINO,0
Santa Cruz,70302,San Miguel De Velasco,2009,4,< de 1 ano / FEMENINO,0
Beni,80401,Santa Ana,2009,4,< de 1 ano / FEMENINO,0
Santa Cruz,70101,Santa Cruz De La Sierra,2009,4,< de 1 ano / FEMENINO,0
La Paz,20902,Sapahaqui,2009,4,< de 1 ano / FEMENINO,0
Tarija,60101,Tarija,2009,4,< de 1 ano / FEMENINO,0
Beni,80101,Trinidad,2009,4,< de 1 ano / FEMENINO,0
Cochabamba,31302,Vila Vila,2009,4,< de 1 ano / FEMENINO,0
Tarija,60303,Villa Montes,2009,4,< de 1 ano / FEMENINO,0
Chuquisaca,10801,Villa Serrano,2009,4,< de 1 ano / FEMENINO,0
Potosí,51501,Villazon,2009,4,< de 1 ano / FEMENINO,0
Cochabamba,30904,Vinto,2009,4,< de 1 ano / FEMENINO,0
Tarija,60301,Yacuiba,2009,4,< de 1 ano / FEMENINO,0
La Paz,20202,Ancoraimes,2009,5,< de 1 ano / FEMENINO,0
La Paz,20502,Ayata,2009,5,< de 1 ano / FEMENINO,0
Santa Cruz,70706,Camiri,2009,5,< de 1 ano / FEMENINO,0
Pando,90101,Cobija,2009,5,< de 1 ano / FEMENINO,0
Cochabamba,30101,Cochabamba,2009,5,< de 1 ano / FEMENINO,0
Cochabamba,30905,Colcapirhua,2009,5,< de 1 ano / FEMENINO,0
La Paz,20105,El Alto,2009,5,< de 1 ano / FEMENINO,0
Santa Cruz,70105,El Torno,2009,5,< de 1 ano / FEMENINO,0
Chuquisaca,10304,Icla,2009,5,< de 1 ano / FEMENINO,0
La Paz,20101,La Paz,2009,5,< de 1 ano / FEMENINO,0
La Paz,21006,Licoma Pampa,2009,5,< de 1 ano / FEMENINO,0
Santa Cruz,71003,Mineros,2009,5,< de 1 ano / FEMENINO,0
Santa Cruz,71001,Montero,2009,5,< de 1 ano / FEMENINO,0
Oruro,40101,Oruro,2009,5,< de 1 ano / FEMENINO,0
Potosí,50101,Potosi,2009,5,< de 1 ano / FEMENINO,0
Santa Cruz,70805,Pucara,2009,5,< de 1 ano / FEMENINO,0
Cochabamba,31001,Sacaba,2009,5,< de 1 ano / FEMENINO,0
Beni,80501,San Ignacio,2009,5,< de 1 ano / FEMENINO,0
Santa Cruz,70301,San Ignacio De Velasco,2009,5,< de 1 ano / FEMENINO,0
Santa Cruz,70101,Santa Cruz De La Sierra,2009,5,< de 1 ano / FEMENINO,0
Cochabamba,30902,Sipe Sipe,2009,5,< de 1 ano / FEMENINO,0
Tarija,60101,Tarija,2009,5,< de 1 ano / FEMENINO,0
Chuquisaca,10202,Tarvita,2009,5,< de 1 ano / FEMENINO,0
Potosí,50502,Toro Toro,2009,5,< de 1 ano / FEMENINO,0
Beni,80101,Trinidad,2009,5,< de 1 ano / FEMENINO,0
Cochabamba,30502,Vacas,2009,5,< de 1 ano / FEMENINO,0
Tarija,60303,Villa Montes,2009,5,< de 1 ano / FEMENINO,0
Cochabamba,31402,Villa Rivero,2009,5,< de 1 ano / FEMENINO,0
Cochabamba,31003,Villa Tunari,2009,5,< de 1 ano / FEMENINO,0
Cochabamba,30904,Vinto,2009,5,< de 1 ano / FEMENINO,0
Tarija,60301,Yacuiba,2009,5,< de 1 ano / FEMENINO,0
Chuquisaca,10301,Zudañez,2009,5,< de 1 ano / FEMENINO,0
La Paz,20905,Cairoma,2009,6,< de 1 ano / FEMENINO,0
Santa Cruz,70706,Camiri,2009,6,< de 1 ano / FEMENINO,0
La Paz,21101,Chulumani (v. De La Libertad),2009,6,< de 1 ano / FEMENINO,0
Pando,90101,Cobija,2009,6,< de 1 ano / FEMENINO,0
Cochabamba,30101,Cochabamba,2009,6,< de 1 ano / FEMENINO,0
La Paz,21401,Coroico,2009,6,< de 1 ano / FEMENINO,0
La Paz,20105,El Alto,2009,6,< de 1 ano / FEMENINO,0
Chuquisaca,10502,Huacareta,2009,6,< de 1 ano / FEMENINO,0
La Paz,21102,Irupana (villa De Lanza),2009,6,< de 1 ano / FEMENINO,0
La Paz,20101,La Paz,2009,6,< de 1 ano / FEMENINO,0
La Paz,20901,Luribay,2009,6,< de 1 ano / FEMENINO,0
La Paz,20103,Mecapaca,2009,6,< de 1 ano / FEMENINO,0
Chuquisaca,10501,Monteagudo,2009,6,< de 1 ano / FEMENINO,0
Santa Cruz,71001,Montero,2009,6,< de 1 ano / FEMENINO,0
Oruro,40101,Oruro,2009,6,< de 1 ano / FEMENINO,0
Potosí,50101,Potosi,2009,6,< de 1 ano / FEMENINO,0
Pando,90301,Puerto Gonzalo Moreno,2009,6,< de 1 ano / FEMENINO,0
Potosí,50402,Ravelo,2009,6,< de 1 ano / FEMENINO,0
Cochabamba,31001,Sacaba,2009,6,< de 1 ano / FEMENINO,0
Potosí,50701,Sacaca,2009,6,< de 1 ano / FEMENINO,0
Beni,80501,San Ignacio,2009,6,< de 1 ano / FEMENINO,0
Santa Cruz,70301,San Ignacio De Velasco,2009,6,< de 1 ano / FEMENINO,0
Santa Cruz,70302,San Miguel De Velasco,2009,6,< de 1 ano / FEMENINO,0
Santa Cruz,70101,Santa Cruz De La Sierra,2009,6,< de 1 ano / FEMENINO,0
Chuquisaca,10101,Sucre,2009,6,< de 1 ano / FEMENINO,0
Tarija,60101,Tarija,2009,6,< de 1 ano / FEMENINO,0
Chuquisaca,10202,Tarvita,2009,6,< de 1 ano / FEMENINO,0
Beni,80101,Trinidad,2009,6,< de 1 ano / FEMENINO,0
Tarija,60303,Villa Montes,2009,6,< de 1 ano / FEMENINO,0
Tarija,60301,Yacuiba,2009,6,< de 1 ano / FEMENINO,0
La Paz,20201,Achacachi,2009,7,< de 1 ano / FEMENINO,0
Oruro,41201,Andamarca,2009,7,< de 1 ano / FEMENINO,0
Tarija,60202,Bermejo,2009,7,< de 1 ano / FEMENINO,0
Santa Cruz,70706,Camiri,2009,7,< de 1 ano / FEMENINO,0
Santa Cruz,71403,Carmen Rivero Torrez,2009,7,< de 1 ano / FEMENINO,0
Santa Cruz,70702,Charagua,2009,7,< de 1 ano / FEMENINO,0
Pando,90101,Cobija,2009,7,< de 1 ano / FEMENINO,0
Cochabamba,30101,Cochabamba,2009,7,< de 1 ano / FEMENINO,0
Cochabamba,30905,Colcapirhua,2009,7,< de 1 ano / FEMENINO,0
La Paz,20105,El Alto,2009,7,< de 1 ano / FEMENINO,0
Tarija,60601,Entre Rios,2009,7,< de 1 ano / FEMENINO,0
La Paz,21102,Irupana (villa De Lanza),2009,7,< de 1 ano / FEMENINO,0
La Paz,20101,La Paz,2009,7,< de 1 ano / FEMENINO,0
Chuquisaca,10501,Monteagudo,2009,7,< de 1 ano / FEMENINO,0
Oruro,40101,Oruro,2009,7,< de 1 ano / FEMENINO,0
Santa Cruz,70502,Pailon,2009,7,< de 1 ano / FEMENINO,0
La Paz,21104,Palos Blancos,2009,7,< de 1 ano / FEMENINO,0
Potosí,50101,Potosi,2009,7,< de 1 ano / FEMENINO,0
Pando,90301,Puerto Gonzalo Moreno,2009,7,< de 1 ano / FEMENINO,0
Santa Cruz,71402,Puerto Quijarro,2009,7,< de 1 ano / FEMENINO,0
Cochabamba,31205,Puerto Villarroel,2009,7,< de 1 ano / FEMENINO,0
Cochabamba,31401,Punata,2009,7,< de 1 ano / FEMENINO,0
Cochabamba,31001,Sacaba,2009,7,< de 1 ano / FEMENINO,0
Beni,80302,San Borja,2009,7,< de 1 ano / FEMENINO,0
Santa Cruz,70301,San Ignacio De Velasco,2009,7,< de 1 ano / FEMENINO,0
Santa Cruz,70302,San Miguel De Velasco,2009,7,< de 1 ano / FEMENINO,0
Santa Cruz,70101,Santa Cruz De La Sierra,2009,7,< de 1 ano / FEMENINO,0
La Paz,20601,Sorata,2009,7,< de 1 ano / FEMENINO,0
Tarija,60101,Tarija,2009,7,< de 1 ano / FEMENINO,0
La Paz,20606,Tipuani,2009,7,< de 1 ano / FEMENINO,0
Beni,80101,Trinidad,2009,7,< de 1 ano / FEMENINO,0
Oruro,40402,Turco,2009,7,< de 1 ano / FEMENINO,0
Tarija,60401,Uriondo (a. Concepcion),2009,7,< de 1 ano / FEMENINO,0
Tarija,60303,Villa Montes,2009,7,< de 1 ano / FEMENINO,0
Potosí,51501,Villazon,2009,7,< de 1 ano / FEMENINO,0
Tarija,60301,Yacuiba,2009,7,< de 1 ano / FEMENINO,0
Santa Cruz,70706,Camiri,2009,8,< de 1 ano / FEMENINO,0
Pando,90101,Cobija,2009,8,< de 1 ano / FEMENINO,0
Cochabamba,30101,Cochabamba,2009,8,< de 1 ano / FEMENINO,0
Cochabamba,30905,Colcapirhua,2009,8,< de 1 ano / FEMENINO,0
Santa Cruz,71106,Cuatro Cañadas,2009,8,< de 1 ano / FEMENINO,0
La Paz,20105,El Alto,2009,8,< de 1 ano / FEMENINO,0
La Paz,20101,La Paz,2009,8,< de 1 ano / FEMENINO,0
Beni,80801,Magdalena,2009,8,< de 1 ano / FEMENINO,0
Santa Cruz,71003,Mineros,2009,8,< de 1 ano / FEMENINO,0
Cochabamba,31301,Mizque,2009,8,< de 1 ano / FEMENINO,0
Santa Cruz,71001,Montero,2009,8,< de 1 ano / FEMENINO,0
Oruro,40101,Oruro,2009,8,< de 1 ano / FEMENINO,0
La Paz,21104,Palos Blancos,2009,8,< de 1 ano / FEMENINO,0
Potosí,50101,Potosi,2009,8,< de 1 ano / FEMENINO,0
Cochabamba,31205,Puerto Villarroel,2009,8,< de 1 ano / FEMENINO,0
Cochabamba,31001,Sacaba,2009,8,< de 1 ano / FEMENINO,0
Santa Cruz,70301,San Ignacio De Velasco,2009,8,< de 1 ano / FEMENINO,0
Santa Cruz,70404,San Juan De Yapacani,2009,8,< de 1 ano / FEMENINO,0
Santa Cruz,70101,Santa Cruz De La Sierra,2009,8,< de 1 ano / FEMENINO,0
Beni,80303,Santa Rosa,2009,8,< de 1 ano / FEMENINO,0
La Paz,20902,Sapahaqui,2009,8,< de 1 ano / FEMENINO,0
Chuquisaca,10101,Sucre,2009,8,< de 1 ano / FEMENINO,0
Tarija,60101,Tarija,2009,8,< de 1 ano / FEMENINO,0
Beni,80101,Trinidad,2009,8,< de 1 ano / FEMENINO,0
Potosí,50801,Tupiza,2009,8,< de 1 ano / FEMENINO,0
Tarija,60303,Villa Montes,2009,8,< de 1 ano / FEMENINO,0
Tarija,60301,Yacuiba,2009,8,< de 1 ano / FEMENINO,0
Tarija,60202,Bermejo,2009,9,< de 1 ano / FEMENINO,0
Santa Cruz,70707,Boyuibe,2009,9,< de 1 ano / FEMENINO,0
Chuquisaca,10701,Camargo,2009,9,< de 1 ano / FEMENINO,0
Santa Cruz,70706,Camiri,2009,9,< de 1 ano / FEMENINO,0
Cochabamba,30801,Cliza,2009,9,< de 1 ano / FEMENINO,0
Pando,90101,Cobija,2009,9,< de 1 ano / FEMENINO,0
Cochabamba,30101,Cochabamba,2009,9,< de 1 ano / FEMENINO,0
Cochabamba,30905,Colcapirhua,2009,9,< de 1 ano / FEMENINO,0
La Paz,21401,Coroico,2009,9,< de 1 ano / FEMENINO,0
La Paz,20105,El Alto,2009,9,< de 1 ano / FEMENINO,0
Tarija,60502,El Puente(tja),2009,9,< de 1 ano / FEMENINO,0
Pando,90203,Filadelfia,2009,9,< de 1 ano / FEMENINO,0
Chuquisaca,10502,Huacareta,2009,9,< de 1 ano / FEMENINO,0
La Paz,20101,La Paz,2009,9,< de 1 ano / FEMENINO,0
Chuquisaca,10501,Monteagudo,2009,9,< de 1 ano / FEMENINO,0
Potosí,50101,Potosi,2009,9,< de 1 ano / FEMENINO,0
Santa Cruz,71401,Puerto Suarez,2009,9,< de 1 ano / FEMENINO,0
Cochabamba,31205,Puerto Villarroel,2009,9,< de 1 ano / FEMENINO,0
Cochabamba,31001,Sacaba,2009,9,< de 1 ano / FEMENINO,0
Potosí,50701,Sacaca,2009,9,< de 1 ano / FEMENINO,0
Santa Cruz,70301,San Ignacio De Velasco,2009,9,< de 1 ano / FEMENINO,0
Santa Cruz,70302,San Miguel De Velasco,2009,9,< de 1 ano / FEMENINO,0
Santa Cruz,70101,Santa Cruz De La Sierra,2009,9,< de 1 ano / FEMENINO,0
Chuquisaca,10101,Sucre,2009,9,< de 1 ano / FEMENINO,0
Tarija,60101,Tarija,2009,9,< de 1 ano / FEMENINO,0
Beni,80101,Trinidad,2009,9,< de 1 ano / FEMENINO,0
Tarija,60303,Villa Montes,2009,9,< de 1 ano / FEMENINO,0
Cochabamba,30904,Vinto,2009,9,< de 1 ano / FEMENINO,0
Tarija,60301,Yacuiba,2009,9,< de 1 ano / FEMENINO,0
Cochabamba,30201,Aiquile,2009,10,< de 1 ano / FEMENINO,0
Tarija,60202,Bermejo,2009,10,< de 1 ano / FEMENINO,0
Potosí,50301,Betanzos,2009,10,< de 1 ano / FEMENINO,0
Santa Cruz,70706,Camiri,2009,10,< de 1 ano / FEMENINO,0
La Paz,20305,Charaña,2009,10,< de 1 ano / FEMENINO,0
La Paz,20501,Chuma,2009,10,< de 1 ano / FEMENINO,0
Pando,90101,Cobija,2009,10,< de 1 ano / FEMENINO,0
Cochabamba,30101,Cochabamba,2009,10,< de 1 ano / FEMENINO,0
Cochabamba,31002,Colomi,2009,10,< de 1 ano / FEMENINO,0
Santa Cruz,71301,Comarapa,2009,10,< de 1 ano / FEMENINO,0
La Paz,20105,El Alto,2009,10,< de 1 ano / FEMENINO,0
La Paz,21105,La Asunta,2009,10,< de 1 ano / FEMENINO,0
La Paz,20101,La Paz,2009,10,< de 1 ano / FEMENINO,0
Chuquisaca,11003,Machareti,2009,10,< de 1 ano / FEMENINO,0
Santa Cruz,71001,Montero,2009,10,< de 1 ano / FEMENINO,0
Cochabamba,30302,Morochata,2009,10,< de 1 ano / FEMENINO,0
Oruro,40101,Oruro,2009,10,< de 1 ano / FEMENINO,0
La Paz,20102,Palca,2009,10,< de 1 ano / FEMENINO,0
La Paz,21104,Palos Blancos,2009,10,< de 1 ano / FEMENINO,0
Potosí,50101,Potosi,2009,10,< de 1 ano / FEMENINO,0
Santa Cruz,71401,Puerto Suarez,2009,10,< de 1 ano / FEMENINO,0
Cochabamba,31205,Puerto Villarroel,2009,10,< de 1 ano / FEMENINO,0
Santa Cruz,70503,Robore,2009,10,< de 1 ano / FEMENINO,0
Cochabamba,31001,Sacaba,2009,10,< de 1 ano / FEMENINO,0
Santa Cruz,70101,Santa Cruz De La Sierra,2009,10,< de 1 ano / FEMENINO,0
Chuquisaca,10101,Sucre,2009,10,< de 1 ano / FEMENINO,0
Tarija,60101,Tarija,2009,10,< de 1 ano / FEMENINO,0
La Paz,20606,Tipuani,2009,10,< de 1 ano / FEMENINO,0
Beni,80101,Trinidad,2009,10,< de 1 ano / FEMENINO,0
Oruro,40402,Turco,2009,10,< de 1 ano / FEMENINO,0
Cochabamba,30502,Vacas,2009,10,< de 1 ano / FEMENINO,0
Tarija,60303,Villa Montes,2009,10,< de 1 ano / FEMENINO,0
Cochabamba,31003,Villa Tunari,2009,10,< de 1 ano / FEMENINO,0
Potosí,51501,Villazon,2009,10,< de 1 ano / FEMENINO,0
Tarija,60202,Bermejo,2009,11,< de 1 ano / FEMENINO,0
Santa Cruz,70706,Camiri,2009,11,< de 1 ano / FEMENINO,0
La Paz,20305,Charaña,2009,11,< de 1 ano / FEMENINO,0
Pando,90101,Cobija,2009,11,< de 1 ano / FEMENINO,0
Cochabamba,30101,Cochabamba,2009,11,< de 1 ano / FEMENINO,0
La Paz,21401,Coroico,2009,11,< de 1 ano / FEMENINO,0
La Paz,20105,El Alto,2009,11,< de 1 ano / FEMENINO,0
Santa Cruz,70105,El Torno,2009,11,< de 1 ano / FEMENINO,0
La Paz,20101,La Paz,2009,11,< de 1 ano / FEMENINO,0
Cochabamba,31301,Mizque,2009,11,< de 1 ano / FEMENINO,0
Santa Cruz,71001,Montero,2009,11,< de 1 ano / FEMENINO,0
Oruro,40101,Oruro,2009,11,< de 1 ano / FEMENINO,0
La Paz,20102,Palca,2009,11,< de 1 ano / FEMENINO,0
La Paz,21104,Palos Blancos,2009,11,< de 1 ano / FEMENINO,0
Potosí,50101,Potosi,2009,11,< de 1 ano / FEMENINO,0
Beni,80703,Puerto Siles,2009,11,< de 1 ano / FEMENINO,0
Cochabamba,31401,Punata,2009,11,< de 1 ano / FEMENINO,0
Cochabamba,31001,Sacaba,2009,11,< de 1 ano / FEMENINO,0
Beni,80501,San Ignacio,2009,11,< de 1 ano / FEMENINO,0
Santa Cruz,70301,San Ignacio De Velasco,2009,11,< de 1 ano / FEMENINO,0
Santa Cruz,70303,San Rafael,2009,11,< de 1 ano / FEMENINO,0
Santa Cruz,70101,Santa Cruz De La Sierra,2009,11,< de 1 ano / FEMENINO,0
Chuquisaca,10101,Sucre,2009,11,< de 1 ano / FEMENINO,0
Tarija,60101,Tarija,2009,11,< de 1 ano / FEMENINO,0
Chuquisaca,10402,Tomina,2009,11,< de 1 ano / FEMENINO,0
Beni,80101,Trinidad,2009,11,< de 1 ano / FEMENINO,0
Tarija,60303,Villa Montes,2009,11,< de 1 ano / FEMENINO,0
Potosí,51501,Villazon,2009,11,< de 1 ano / FEMENINO,0
Tarija,60301,Yacuiba,2009,11,< de 1 ano / FEMENINO,0
Beni,80802,Baures,2009,12,< de 1 ano / FEMENINO,0
Tarija,60202,Bermejo,2009,12,< de 1 ano / FEMENINO,0
Santa Cruz,70706,Camiri,2009,12,< de 1 ano / FEMENINO,0
Tarija,60302,Carapari,2009,12,< de 1 ano / FEMENINO,0
La Paz,20501,Chuma,2009,12,< de 1 ano / FEMENINO,0
Pando,90101,Cobija,2009,12,< de 1 ano / FEMENINO,0
Cochabamba,30101,Cochabamba,2009,12,< de 1 ano / FEMENINO,0
Cochabamba,31002,Colomi,2009,12,< de 1 ano / FEMENINO,0
La Paz,21401,Coroico,2009,12,< de 1 ano / FEMENINO,0
La Paz,20105,El Alto,2009,12,< de 1 ano / FEMENINO,0
Chuquisaca,10502,Huacareta,2009,12,< de 1 ano / FEMENINO,0
La Paz,21102,Irupana (villa De Lanza),2009,12,< de 1 ano / FEMENINO,0
La Paz,21105,La Asunta,2009,12,< de 1 ano / FEMENINO,0
La Paz,20101,La Paz,2009,12,< de 1 ano / FEMENINO,0
Chuquisaca,10303,Mojocoya,2009,12,< de 1 ano / FEMENINO,0
Santa Cruz,71001,Montero,2009,12,< de 1 ano / FEMENINO,0
Oruro,40101,Oruro,2009,12,< de 1 ano / FEMENINO,0
Santa Cruz,70902,Pampa Grande,2009,12,< de 1 ano / FEMENINO,0
Potosí,50101,Potosi,2009,12,< de 1 ano / FEMENINO,0
Santa Cruz,71401,Puerto Suarez,2009,12,< de 1 ano / FEMENINO,0
Cochabamba,31205,Puerto Villarroel,2009,12,< de 1 ano / FEMENINO,0
Cochabamba,31401,Punata,2009,12,< de 1 ano / FEMENINO,0
Cochabamba,31001,Sacaba,2009,12,< de 1 ano / FEMENINO,0
Santa Cruz,70301,San Ignacio De Velasco,2009,12,< de 1 ano / FEMENINO,0
Santa Cruz,70302,San Miguel De Velasco,2009,12,< de 1 ano / FEMENINO,0
Santa Cruz,70101,Santa Cruz De La Sierra,2009,12,< de 1 ano / FEMENINO,0
Chuquisaca,10101,Sucre,2009,12,< de 1 ano / FEMENINO,0
Tarija,60101,Tarija,2009,12,< de 1 ano / FEMENINO,0
Cochabamba,30802,Toco,2009,12,< de 1 ano / FEMENINO,0
Potosí,50502,Toro Toro,2009,12,< de 1 ano / FEMENINO,0
Beni,80101,Trinidad,2009,12,< de 1 ano / FEMENINO,0
Cochabamba,30502,Vacas,2009,12,< de 1 ano / FEMENINO,0
Tarija,60303,Villa Montes,2009,12,< de 1 ano / FEMENINO,0
Cochabamba,31003,Villa Tunari,2009,12,< de 1 ano / FEMENINO,0
Cochabamba,30904,Vinto,2009,12,< de 1 ano / FEMENINO,0
Tarija,60301,Yacuiba,2009,12,< de 1 ano / FEMENINO,0
La Paz,20202,Ancoraimes,2009,1,1 a 4 anos / MASCULINO,0
Tarija,60202,Bermejo,2009,1,1 a 4 anos / MASCULINO,0
Cochabamba,30101,Cochabamba,2009,1,1 a 4 anos / MASCULINO,0
La Paz,20804,Desaguadero,2009,1,1 a 4 anos / MASCULINO,0
La Paz,20105,El Alto,2009,1,1 a 4 anos / MASCULINO,0
La Paz,20101,La Paz,2009,1,1 a 4 anos / MASCULINO,0
Beni,80801,Magdalena,2009,1,1 a 4 anos / MASCULINO,0
Oruro,40101,Oruro,2009,1,1 a 4 anos / MASCULINO,0
Chuquisaca,10103,Poroma,2009,1,1 a 4 anos / MASCULINO,0
Potosí,50101,Potosi,2009,1,1 a 4 anos / MASCULINO,0
Santa Cruz,71402,Puerto Quijarro,2009,1,1 a 4 anos / MASCULINO,0
Santa Cruz,71401,Puerto Suarez,2009,1,1 a 4 anos / MASCULINO,0
Cochabamba,31001,Sacaba,2009,1,1 a 4 anos / MASCULINO,0
Potosí,50701,Sacaca,2009,1,1 a 4 anos / MASCULINO,0
Santa Cruz,70402,San Carlos,2009,1,1 a 4 anos / MASCULINO,0
Santa Cruz,70301,San Ignacio De Velasco,2009,1,1 a 4 anos / MASCULINO,0
Santa Cruz,70303,San Rafael,2009,1,1 a 4 anos / MASCULINO,0
Santa Cruz,70101,Santa Cruz De La Sierra,2009,1,1 a 4 anos / MASCULINO,0
Chuquisaca,10101,Sucre,2009,1,1 a 4 anos / MASCULINO,0
Tarija,60101,Tarija,2009,1,1 a 4 anos / MASCULINO,0
Oruro,40402,Turco,2009,1,1 a 4 anos / MASCULINO,0
Tarija,60303,Villa Montes,2009,1,1 a 4 anos / MASCULINO,0
Chuquisaca,11001,Villa Vaca Guzman (muyupampa),2009,1,1 a 4 anos / MASCULINO,0
Tarija,60301,Yacuiba,2009,1,1 a 4 anos / MASCULINO,0
La Paz,20201,Achacachi,2009,2,1 a 4 anos / MASCULINO,0
Chuquisaca,10201,Azurduy,2009,2,1 a 4 anos / MASCULINO,0
Santa Cruz,70706,Camiri,2009,2,1 a 4 anos / MASCULINO,0
Cochabamba,30101,Cochabamba,2009,2,1 a 4 anos / MASCULINO,0
Cochabamba,30905,Colcapirhua,2009,2,1 a 4 anos / MASCULINO,0
La Paz,20105,El Alto,2009,2,1 a 4 anos / MASCULINO,0
Beni,80402,Exaltacion,2009,2,1 a 4 anos / MASCULINO,0
Chuquisaca,11002,Huacaya (villa De Huacaya),2009,2,1 a 4 anos / MASCULINO,0
La Paz,21105,La Asunta,2009,2,1 a 4 anos / MASCULINO,0
La Paz,20101,La Paz,2009,2,1 a 4 anos / MASCULINO,0
Santa Cruz,71001,Montero,2009,2,1 a 4 anos / MASCULINO,0
Oruro,40101,Oruro,2009,2,1 a 4 anos / MASCULINO,0
Cochabamba,31202,Pojo (cbba),2009,2,1 a 4 anos / MASCULINO,0
Potosí,50101,Potosi,2009,2,1 a 4 anos / MASCULINO,0
Santa Cruz,71401,Puerto Suarez,2009,2,1 a 4 anos / MASCULINO,0
Potosí,51101,Puna,2009,2,1 a 4 anos / MASCULINO,0
Oruro,40901,Sabaya,2009,2,1 a 4 anos / MASCULINO,0
Cochabamba,31001,Sacaba,2009,2,1 a 4 anos / MASCULINO,0
Beni,80602,San Andres,2009,2,1 a 4 anos / MASCULINO,0
Santa Cruz,70301,San Ignacio De Velasco,2009,2,1 a 4 anos / MASCULINO,0
Chuquisaca,10702,San Lucas,2009,2,1 a 4 anos / MASCULINO,0
Santa Cruz,70302,San Miguel De Velasco,2009,2,1 a 4 anos / MASCULINO,0
Santa Cruz,70101,Santa Cruz De La Sierra,2009,2,1 a 4 anos / MASCULINO,0
La Paz,20902,Sapahaqui,2009,2,1 a 4 anos / MASCULINO,0
Tarija,60101,Tarija,2009,2,1 a 4 anos / MASCULINO,0
Cochabamba,30903,Tiquipaya,2009,2,1 a 4 anos / MASCULINO,0
Beni,80101,Trinidad,2009,2,1 a 4 anos / MASCULINO,0
Potosí,50201,Uncia,2009,2,1 a 4 anos / MASCULINO,0
Tarija,60303,Villa Montes,2009,2,1 a 4 anos / MASCULINO,0
Potosí,51501,Villazon,2009,2,1 a 4 anos / MASCULINO,0
Cochabamba,30904,Vinto,2009,2,1 a 4 anos / MASCULINO,0
La Paz,20903,Yaco,2009,2,1 a 4 anos / MASCULINO,0
Tarija,60301,Yacuiba,2009,2,1 a 4 anos / MASCULINO,0
La Paz,20502,Ayata,2009,3,1 a 4 anos / MASCULINO,0
La Paz,20905,Cairoma,2009,3,1 a 4 anos / MASCULINO,0
Santa Cruz,70706,Camiri,2009,3,1 a 4 anos / MASCULINO,0
La Paz,20501,Chuma,2009,3,1 a 4 anos / MASCULINO,0
Pando,90101,Cobija,2009,3,1 a 4 anos / MASCULINO,0
Cochabamba,30101,Cochabamba,2009,3,1 a 4 anos / MASCULINO,0
Oruro,40301,Corque,2009,3,1 a 4 anos / MASCULINO,0
La Paz,20105,El Alto,2009,3,1 a 4 anos / MASCULINO,0
Beni,80202,Guayaramerin,2009,3,1 a 4 anos / MASCULINO,0
La Paz,20101,La Paz,2009,3,1 a 4 anos / MASCULINO,0
La Paz,20901,Luribay,2009,3,1 a 4 anos / MASCULINO,0
La Paz,20607,Mapiri,2009,3,1 a 4 anos / MASCULINO,0
Chuquisaca,10501,Monteagudo,2009,3,1 a 4 anos / MASCULINO,0
Oruro,40101,Oruro,2009,3,1 a 4 anos / MASCULINO,0
La Paz,21104,Palos Blancos,2009,3,1 a 4 anos / MASCULINO,0
Santa Cruz,70601,Portachuelo,2009,3,1 a 4 anos / MASCULINO,0
Potosí,50101,Potosi,2009,3,1 a 4 anos / MASCULINO,0
Santa Cruz,71402,Puerto Quijarro,2009,3,1 a 4 anos / MASCULINO,0
Beni,80703,Puerto Siles,2009,3,1 a 4 anos / MASCULINO,0
Beni,80201,Riberalta,2009,3,1 a 4 anos / MASCULINO,0
Cochabamba,31001,Sacaba,2009,3,1 a 4 anos / MASCULINO,0
Santa Cruz,70901,Samaipata,2009,3,1 a 4 anos / MASCULINO,0
Santa Cruz,70301,San Ignacio De Velasco,2009,3,1 a 4 anos / MASCULINO,0
Santa Cruz,70303,San Rafael,2009,3,1 a 4 anos / MASCULINO,0
Beni,80401,Santa Ana,2009,3,1 a 4 anos / MASCULINO,0
Santa Cruz,70101,Santa Cruz De La Sierra,2009,3,1 a 4 anos / MASCULINO,0
Chuquisaca,10101,Sucre,2009,3,1 a 4 anos / MASCULINO,0
Tarija,60101,Tarija,2009,3,1 a 4 anos / MASCULINO,0
Potosí,50502,Toro Toro,2009,3,1 a 4 anos / MASCULINO,0
Beni,80101,Trinidad,2009,3,1 a 4 anos / MASCULINO,0
Oruro,40402,Turco,2009,3,1 a 4 anos / MASCULINO,0
Tarija,60303,Villa Montes,2009,3,1 a 4 anos / MASCULINO,0
Chuquisaca,11001,Villa Vaca Guzman (muyupampa),2009,3,1 a 4 anos / MASCULINO,0
Potosí,51501,Villazon,2009,3,1 a 4 anos / MASCULINO,0
Cochabamba,30904,Vinto,2009,3,1 a 4 anos / MASCULINO,0
Tarija,60301,Yacuiba,2009,3,1 a 4 anos / MASCULINO,0
La Paz,21103,Yanacachi,2009,3,1 a 4 anos / MASCULINO,0
Tarija,60202,Bermejo,2009,4,1 a 4 anos / MASCULINO,0
Santa Cruz,70706,Camiri,2009,4,1 a 4 anos / MASCULINO,0
Santa Cruz,71403,Carmen Rivero Torrez,2009,4,1 a 4 anos / MASCULINO,0
La Paz,20501,Chuma,2009,4,1 a 4 anos / MASCULINO,0
Pando,90101,Cobija,2009,4,1 a 4 anos / MASCULINO,0
Cochabamba,30101,Cochabamba,2009,4,1 a 4 anos / MASCULINO,0
La Paz,20105,El Alto,2009,4,1 a 4 anos / MASCULINO,0
Chuquisaca,10502,Huacareta,2009,4,1 a 4 anos / MASCULINO,0
La Paz,21102,Irupana (villa De Lanza),2009,4,1 a 4 anos / MASCULINO,0
La Paz,20101,La Paz,2009,4,1 a 4 anos / MASCULINO,0
Chuquisaca,10501,Monteagudo,2009,4,1 a 4 anos / MASCULINO,0
Santa Cruz,71001,Montero,2009,4,1 a 4 anos / MASCULINO,0
Oruro,40101,Oruro,2009,4,1 a 4 anos / MASCULINO,0
Potosí,50403,Pocoata,2009,4,1 a 4 anos / MASCULINO,0
Potosí,50101,Potosi,2009,4,1 a 4 anos / MASCULINO,0
Santa Cruz,71402,Puerto Quijarro,2009,4,1 a 4 anos / MASCULINO,0
Santa Cruz,71401,Puerto Suarez,2009,4,1 a 4 anos / MASCULINO,0
Cochabamba,31205,Puerto Villarroel,2009,4,1 a 4 anos / MASCULINO,0
Cochabamba,31401,Punata,2009,4,1 a 4 anos / MASCULINO,0
Santa Cruz,70503,Robore,2009,4,1 a 4 anos / MASCULINO,0
Beni,80304,Rurrenabaque,2009,4,1 a 4 anos / MASCULINO,0
Cochabamba,31001,Sacaba,2009,4,1 a 4 anos / MASCULINO,0
Potosí,50701,Sacaca,2009,4,1 a 4 anos / MASCULINO,0
Santa Cruz,70901,Samaipata,2009,4,1 a 4 anos / MASCULINO,0
Santa Cruz,70301,San Ignacio De Velasco,2009,4,1 a 4 anos / MASCULINO,0
Santa Cruz,70302,San Miguel De Velasco,2009,4,1 a 4 anos / MASCULINO,0
Beni,80401,Santa Ana,2009,4,1 a 4 anos / MASCULINO,0
Santa Cruz,70101,Santa Cruz De La Sierra,2009,4,1 a 4 anos / MASCULINO,0
La Paz,20902,Sapahaqui,2009,4,1 a 4 anos / MASCULINO,0
Tarija,60101,Tarija,2009,4,1 a 4 anos / MASCULINO,0
Beni,80101,Trinidad,2009,4,1 a 4 anos / MASCULINO,0
Cochabamba,31302,Vila Vila,2009,4,1 a 4 anos / MASCULINO,0
Tarija,60303,Villa Montes,2009,4,1 a 4 anos / MASCULINO,0
Chuquisaca,10801,Villa Serrano,2009,4,1 a 4 anos / MASCULINO,0
Potosí,51501,Villazon,2009,4,1 a 4 anos / MASCULINO,0
Cochabamba,30904,Vinto,2009,4,1 a 4 anos / MASCULINO,0
Tarija,60301,Yacuiba,2009,4,1 a 4 anos / MASCULINO,0
La Paz,20202,Ancoraimes,2009,5,1 a 4 anos / MASCULINO,0
La Paz,20502,Ayata,2009,5,1 a 4 anos / MASCULINO,0
Santa Cruz,70706,Camiri,2009,5,1 a 4 anos / MASCULINO,0
Pando,90101,Cobija,2009,5,1 a 4 anos / MASCULINO,0
Cochabamba,30101,Cochabamba,2009,5,1 a 4 anos / MASCULINO,0
Cochabamba,30905,Colcapirhua,2009,5,1 a 4 anos / MASCULINO,0
La Paz,20105,El Alto,2009,5,1 a 4 anos / MASCULINO,0
Santa Cruz,70105,El Torno,2009,5,1 a 4 anos / MASCULINO,0
Chuquisaca,10304,Icla,2009,5,1 a 4 anos / MASCULINO,0
La Paz,20101,La Paz,2009,5,1 a 4 anos / MASCULINO,0
La Paz,21006,Licoma Pampa,2009,5,1 a 4 anos / MASCULINO,0
Santa Cruz,71003,Mineros,2009,5,1 a 4 anos / MASCULINO,0
Santa Cruz,71001,Montero,2009,5,1 a 4 anos / MASCULINO,0
Oruro,40101,Oruro,2009,5,1 a 4 anos / MASCULINO,0
Potosí,50101,Potosi,2009,5,1 a 4 anos / MASCULINO,0
Santa Cruz,70805,Pucara,2009,5,1 a 4 anos / MASCULINO,0
Cochabamba,31001,Sacaba,2009,5,1 a 4 anos / MASCULINO,0
Beni,80501,San Ignacio,2009,5,1 a 4 anos / MASCULINO,0
Santa Cruz,70301,San Ignacio De Velasco,2009,5,1 a 4 anos / MASCULINO,0
Santa Cruz,70101,Santa Cruz De La Sierra,2009,5,1 a 4 anos / MASCULINO,0
Cochabamba,30902,Sipe Sipe,2009,5,1 a 4 anos / MASCULINO,0
Tarija,60101,Tarija,2009,5,1 a 4 anos / MASCULINO,0
Chuquisaca,10202,Tarvita,2009,5,1 a 4 anos / MASCULINO,0
Potosí,50502,Toro Toro,2009,5,1 a 4 anos / MASCULINO,0
Beni,80101,Trinidad,2009,5,1 a 4 anos / MASCULINO,0
Cochabamba,30502,Vacas,2009,5,1 a 4 anos / MASCULINO,0
Tarija,60303,Villa Montes,2009,5,1 a 4 anos / MASCULINO,0
Cochabamba,31402,Villa Rivero,2009,5,1 a 4 anos / MASCULINO,0
Cochabamba,31003,Villa Tunari,2009,5,1 a 4 anos / MASCULINO,0
Cochabamba,30904,Vinto,2009,5,1 a 4 anos / MASCULINO,0
Tarija,60301,Yacuiba,2009,5,1 a 4 anos / MASCULINO,0
Chuquisaca,10301,Zudañez,2009,5,1 a 4 anos / MASCULINO,0
La Paz,20905,Cairoma,2009,6,1 a 4 anos / MASCULINO,0
Santa Cruz,70706,Camiri,2009,6,1 a 4 anos / MASCULINO,0
La Paz,21101,Chulumani (v. De La Libertad),2009,6,1 a 4 anos / MASCULINO,0
Pando,90101,Cobija,2009,6,1 a 4 anos / MASCULINO,0
Cochabamba,30101,Cochabamba,2009,6,1 a 4 anos / MASCULINO,0
La Paz,21401,Coroico,2009,6,1 a 4 anos / MASCULINO,0
La Paz,20105,El Alto,2009,6,1 a 4 anos / MASCULINO,0
Chuquisaca,10502,Huacareta,2009,6,1 a 4 anos / MASCULINO,0
La Paz,21102,Irupana (villa De Lanza),2009,6,1 a 4 anos / MASCULINO,0
La Paz,20101,La Paz,2009,6,1 a 4 anos / MASCULINO,0
La Paz,20901,Luribay,2009,6,1 a 4 anos / MASCULINO,0
La Paz,20103,Mecapaca,2009,6,1 a 4 anos / MASCULINO,0
Chuquisaca,10501,Monteagudo,2009,6,1 a 4 anos / MASCULINO,0
Santa Cruz,71001,Montero,2009,6,1 a 4 anos / MASCULINO,0
Oruro,40101,Oruro,2009,6,1 a 4 anos / MASCULINO,0
Potosí,50101,Potosi,2009,6,1 a 4 anos / MASCULINO,0
Pando,90301,Puerto Gonzalo Moreno,2009,6,1 a 4 anos / MASCULINO,0
Potosí,50402,Ravelo,2009,6,1 a 4 anos / MASCULINO,0
Cochabamba,31001,Sacaba,2009,6,1 a 4 anos / MASCULINO,0
Potosí,50701,Sacaca,2009,6,1 a 4 anos / MASCULINO,0
Beni,80501,San Ignacio,2009,6,1 a 4 anos / MASCULINO,0
Santa Cruz,70301,San Ignacio De Velasco,2009,6,1 a 4 anos / MASCULINO,0
Santa Cruz,70302,San Miguel De Velasco,2009,6,1 a 4 anos / MASCULINO,0
Santa Cruz,70101,Santa Cruz De La Sierra,2009,6,1 a 4 anos / MASCULINO,0
Chuquisaca,10101,Sucre,2009,6,1 a 4 anos / MASCULINO,0
Tarija,60101,Tarija,2009,6,1 a 4 anos / MASCULINO,0
Chuquisaca,10202,Tarvita,2009,6,1 a 4 anos / MASCULINO,0
Beni,80101,Trinidad,2009,6,1 a 4 anos / MASCULINO,0
Tarija,60303,Villa Montes,2009,6,1 a 4 anos / MASCULINO,0
Tarija,60301,Yacuiba,2009,6,1 a 4 anos / MASCULINO,0
La Paz,20201,Achacachi,2009,7,1 a 4 anos / MASCULINO,0
Oruro,41201,Andamarca,2009,7,1 a 4 anos / MASCULINO,0
Tarija,60202,Bermejo,2009,7,1 a 4 anos / MASCULINO,0
Santa Cruz,70706,Camiri,2009,7,1 a 4 anos / MASCULINO,0
Santa Cruz,71403,Carmen Rivero Torrez,2009,7,1 a 4 anos / MASCULINO,0
Santa Cruz,70702,Charagua,2009,7,1 a 4 anos / MASCULINO,0
Pando,90101,Cobija,2009,7,1 a 4 anos / MASCULINO,0
Cochabamba,30101,Cochabamba,2009,7,1 a 4 anos / MASCULINO,0
Cochabamba,30905,Colcapirhua,2009,7,1 a 4 anos / MASCULINO,0
La Paz,20105,El Alto,2009,7,1 a 4 anos / MASCULINO,0
Tarija,60601,Entre Rios,2009,7,1 a 4 anos / MASCULINO,0
La Paz,21102,Irupana (villa De Lanza),2009,7,1 a 4 anos / MASCULINO,0
La Paz,20101,La Paz,2009,7,1 a 4 anos / MASCULINO,0
Chuquisaca,10501,Monteagudo,2009,7,1 a 4 anos / MASCULINO,0
Oruro,40101,Oruro,2009,7,1 a 4 anos / MASCULINO,0
Santa Cruz,70502,Pailon,2009,7,1 a 4 anos / MASCULINO,0
La Paz,21104,Palos Blancos,2009,7,1 a 4 anos / MASCULINO,0
Potosí,50101,Potosi,2009,7,1 a 4 anos / MASCULINO,0
Pando,90301,Puerto Gonzalo Moreno,2009,7,1 a 4 anos / MASCULINO,0
Santa Cruz,71402,Puerto Quijarro,2009,7,1 a 4 anos / MASCULINO,0
Cochabamba,31205,Puerto Villarroel,2009,7,1 a 4 anos / MASCULINO,0
Cochabamba,31401,Punata,2009,7,1 a 4 anos / MASCULINO,0
Cochabamba,31001,Sacaba,2009,7,1 a 4 anos / MASCULINO,0
Beni,80302,San Borja,2009,7,1 a 4 anos / MASCULINO,0
Santa Cruz,70301,San Ignacio De Velasco,2009,7,1 a 4 anos / MASCULINO,0
Santa Cruz,70302,San Miguel De Velasco,2009,7,1 a 4 anos / MASCULINO,0
Santa Cruz,70101,Santa Cruz De La Sierra,2009,7,1 a 4 anos / MASCULINO,0
La Paz,20601,Sorata,2009,7,1 a 4 anos / MASCULINO,0
Tarija,60101,Tarija,2009,7,1 a 4 anos / MASCULINO,0
La Paz,20606,Tipuani,2009,7,1 a 4 anos / MASCULINO,0
Beni,80101,Trinidad,2009,7,1 a 4 anos / MASCULINO,0
Oruro,40402,Turco,2009,7,1 a 4 anos / MASCULINO,0
Tarija,60401,Uriondo (a. Concepcion),2009,7,1 a 4 anos / MASCULINO,0
Tarija,60303,Villa Montes,2009,7,1 a 4 anos / MASCULINO,0
Potosí,51501,Villazon,2009,7,1 a 4 anos / MASCULINO,0
Tarija,60301,Yacuiba,2009,7,1 a 4 anos / MASCULINO,0
Santa Cruz,70706,Camiri,2009,8,1 a 4 anos / MASCULINO,0
Pando,90101,Cobija,2009,8,1 a 4 anos / MASCULINO,0
Cochabamba,30101,Cochabamba,2009,8,1 a 4 anos / MASCULINO,0
Cochabamba,30905,Colcapirhua,2009,8,1 a 4 anos / MASCULINO,0
Santa Cruz,71106,Cuatro Cañadas,2009,8,1 a 4 anos / MASCULINO,0
La Paz,20105,El Alto,2009,8,1 a 4 anos / MASCULINO,0
La Paz,20101,La Paz,2009,8,1 a 4 anos / MASCULINO,0
Beni,80801,Magdalena,2009,8,1 a 4 anos / MASCULINO,0
Santa Cruz,71003,Mineros,2009,8,1 a 4 anos / MASCULINO,0
Cochabamba,31301,Mizque,2009,8,1 a 4 anos / MASCULINO,0
Santa Cruz,71001,Montero,2009,8,1 a 4 anos / MASCULINO,0
Oruro,40101,Oruro,2009,8,1 a 4 anos / MASCULINO,0
La Paz,21104,Palos Blancos,2009,8,1 a 4 anos / MASCULINO,0
Potosí,50101,Potosi,2009,8,1 a 4 anos / MASCULINO,0
Cochabamba,31205,Puerto Villarroel,2009,8,1 a 4 anos / MASCULINO,0
Cochabamba,31001,Sacaba,2009,8,1 a 4 anos / MASCULINO,0
Santa Cruz,70301,San Ignacio De Velasco,2009,8,1 a 4 anos / MASCULINO,0
Santa Cruz,70404,San Juan De Yapacani,2009,8,1 a 4 anos / MASCULINO,0
Santa Cruz,70101,Santa Cruz De La Sierra,2009,8,1 a 4 anos / MASCULINO,0
Beni,80303,Santa Rosa,2009,8,1 a 4 anos / MASCULINO,0
La Paz,20902,Sapahaqui,2009,8,1 a 4 anos / MASCULINO,0
Chuquisaca,10101,Sucre,2009,8,1 a 4 anos / MASCULINO,0
Tarija,60101,Tarija,2009,8,1 a 4 anos / MASCULINO,0
Beni,80101,Trinidad,2009,8,1 a 4 anos / MASCULINO,0
Potosí,50801,Tupiza,2009,8,1 a 4 anos / MASCULINO,0
Tarija,60303,Villa Montes,2009,8,1 a 4 anos / MASCULINO,0
Tarija,60301,Yacuiba,2009,8,1 a 4 anos / MASCULINO,0
Tarija,60202,Bermejo,2009,9,1 a 4 anos / MASCULINO,0
Santa Cruz,70707,Boyuibe,2009,9,1 a 4 anos / MASCULINO,0
Chuquisaca,10701,Camargo,2009,9,1 a 4 anos / MASCULINO,0
Santa Cruz,70706,Camiri,2009,9,1 a 4 anos / MASCULINO,0
Cochabamba,30801,Cliza,2009,9,1 a 4 anos / MASCULINO,0
Pando,90101,Cobija,2009,9,1 a 4 anos / MASCULINO,0
Cochabamba,30101,Cochabamba,2009,9,1 a 4 anos / MASCULINO,0
Cochabamba,30905,Colcapirhua,2009,9,1 a 4 anos / MASCULINO,0
La Paz,21401,Coroico,2009,9,1 a 4 anos / MASCULINO,0
La Paz,20105,El Alto,2009,9,1 a 4 anos / MASCULINO,0
Tarija,60502,El Puente(tja),2009,9,1 a 4 anos / MASCULINO,0
Pando,90203,Filadelfia,2009,9,1 a 4 anos / MASCULINO,0
Chuquisaca,10502,Huacareta,2009,9,1 a 4 anos / MASCULINO,0
La Paz,20101,La Paz,2009,9,1 a 4 anos / MASCULINO,0
Chuquisaca,10501,Monteagudo,2009,9,1 a 4 anos / MASCULINO,0
Potosí,50101,Potosi,2009,9,1 a 4 anos / MASCULINO,0
Santa Cruz,71401,Puerto Suarez,2009,9,1 a 4 anos / MASCULINO,0
Cochabamba,31205,Puerto Villarroel,2009,9,1 a 4 anos / MASCULINO,0
Cochabamba,31001,Sacaba,2009,9,1 a 4 anos / MASCULINO,0
Potosí,50701,Sacaca,2009,9,1 a 4 anos / MASCULINO,0
Santa Cruz,70301,San Ignacio De Velasco,2009,9,1 a 4 anos / MASCULINO,0
Santa Cruz,70302,San Miguel De Velasco,2009,9,1 a 4 anos / MASCULINO,0
Santa Cruz,70101,Santa Cruz De La Sierra,2009,9,1 a 4 anos / MASCULINO,0
Chuquisaca,10101,Sucre,2009,9,1 a 4 anos / MASCULINO,0
Tarija,60101,Tarija,2009,9,1 a 4 anos / MASCULINO,0
Beni,80101,Trinidad,2009,9,1 a 4 anos / MASCULINO,0
Tarija,60303,Villa Montes,2009,9,1 a 4 anos / MASCULINO,0
Cochabamba,30904,Vinto,2009,9,1 a 4 anos / MASCULINO,0
Tarija,60301,Yacuiba,2009,9,1 a 4 anos / MASCULINO,0
Cochabamba,30201,Aiquile,2009,10,1 a 4 anos / MASCULINO,0
Tarija,60202,Bermejo,2009,10,1 a 4 anos / MASCULINO,0
Potosí,50301,Betanzos,2009,10,1 a 4 anos / MASCULINO,0
Santa Cruz,70706,Camiri,2009,10,1 a 4 anos / MASCULINO,0
La Paz,20305,Charaña,2009,10,1 a 4 anos / MASCULINO,0
La Paz,20501,Chuma,2009,10,1 a 4 anos / MASCULINO,0
Pando,90101,Cobija,2009,10,1 a 4 anos / MASCULINO,0
Cochabamba,30101,Cochabamba,2009,10,1 a 4 anos / MASCULINO,0
Cochabamba,31002,Colomi,2009,10,1 a 4 anos / MASCULINO,0
Santa Cruz,71301,Comarapa,2009,10,1 a 4 anos / MASCULINO,0
La Paz,20105,El Alto,2009,10,1 a 4 anos / MASCULINO,0
La Paz,21105,La Asunta,2009,10,1 a 4 anos / MASCULINO,0
La Paz,20101,La Paz,2009,10,1 a 4 anos / MASCULINO,0
Chuquisaca,11003,Machareti,2009,10,1 a 4 anos / MASCULINO,0
Santa Cruz,71001,Montero,2009,10,1 a 4 anos / MASCULINO,0
Cochabamba,30302,Morochata,2009,10,1 a 4 anos / MASCULINO,0
Oruro,40101,Oruro,2009,10,1 a 4 anos / MASCULINO,0
La Paz,20102,Palca,2009,10,1 a 4 anos / MASCULINO,0
La Paz,21104,Palos Blancos,2009,10,1 a 4 anos / MASCULINO,0
Potosí,50101,Potosi,2009,10,1 a 4 anos / MASCULINO,0
Santa Cruz,71401,Puerto Suarez,2009,10,1 a 4 anos / MASCULINO,0
Cochabamba,31205,Puerto Villarroel,2009,10,1 a 4 anos / MASCULINO,0
Santa Cruz,70503,Robore,2009,10,1 a 4 anos / MASCULINO,0
Cochabamba,31001,Sacaba,2009,10,1 a 4 anos / MASCULINO,0
Santa Cruz,70101,Santa Cruz De La Sierra,2009,10,1 a 4 anos / MASCULINO,0
Chuquisaca,10101,Sucre,2009,10,1 a 4 anos / MASCULINO,0
Tarija,60101,Tarija,2009,10,1 a 4 anos / MASCULINO,0
La Paz,20606,Tipuani,2009,10,1 a 4 anos / MASCULINO,0
Beni,80101,Trinidad,2009,10,1 a 4 anos / MASCULINO,0
Oruro,40402,Turco,2009,10,1 a 4 anos / MASCULINO,0
Cochabamba,30502,Vacas,2009,10,1 a 4 anos / MASCULINO,0
Tarija,60303,Villa Montes,2009,10,1 a 4 anos / MASCULINO,0
Cochabamba,31003,Villa Tunari,2009,10,1 a 4 anos / MASCULINO,0
Potosí,51501,Villazon,2009,10,1 a 4 anos / MASCULINO,0
Tarija,60202,Bermejo,2009,11,1 a 4 anos / MASCULINO,0
Santa Cruz,70706,Camiri,2009,11,1 a 4 anos / MASCULINO,0
La Paz,20305,Charaña,2009,11,1 a 4 anos / MASCULINO,0
Pando,90101,Cobija,2009,11,1 a 4 anos / MASCULINO,0
Cochabamba,30101,Cochabamba,2009,11,1 a 4 anos / MASCULINO,0
La Paz,21401,Coroico,2009,11,1 a 4 anos / MASCULINO,0
La Paz,20105,El Alto,2009,11,1 a 4 anos / MASCULINO,0
Santa Cruz,70105,El Torno,2009,11,1 a 4 anos / MASCULINO,0
La Paz,20101,La Paz,2009,11,1 a 4 anos / MASCULINO,0
Cochabamba,31301,Mizque,2009,11,1 a 4 anos / MASCULINO,0
Santa Cruz,71001,Montero,2009,11,1 a 4 anos / MASCULINO,0
Oruro,40101,Oruro,2009,11,1 a 4 anos / MASCULINO,0
La Paz,20102,Palca,2009,11,1 a 4 anos / MASCULINO,0
La Paz,21104,Palos Blancos,2009,11,1 a 4 anos / MASCULINO,0
Potosí,50101,Potosi,2009,11,1 a 4 anos / MASCULINO,0
Beni,80703,Puerto Siles,2009,11,1 a 4 anos / MASCULINO,0
Cochabamba,31401,Punata,2009,11,1 a 4 anos / MASCULINO,0
Cochabamba,31001,Sacaba,2009,11,1 a 4 anos / MASCULINO,0
Beni,80501,San Ignacio,2009,11,1 a 4 anos / MASCULINO,0
Santa Cruz,70301,San Ignacio De Velasco,2009,11,1 a 4 anos / MASCULINO,0
Santa Cruz,70303,San Rafael,2009,11,1 a 4 anos / MASCULINO,0
Santa Cruz,70101,Santa Cruz De La Sierra,2009,11,1 a 4 anos / MASCULINO,0
Chuquisaca,10101,Sucre,2009,11,1 a 4 anos / MASCULINO,0
Tarija,60101,Tarija,2009,11,1 a 4 anos / MASCULINO,0
Chuquisaca,10402,Tomina,2009,11,1 a 4 anos / MASCULINO,0
Beni,80101,Trinidad,2009,11,1 a 4 anos / MASCULINO,0
Tarija,60303,Villa Montes,2009,11,1 a 4 anos / MASCULINO,0
Potosí,51501,Villazon,2009,11,1 a 4 anos / MASCULINO,0
Tarija,60301,Yacuiba,2009,11,1 a 4 anos / MASCULINO,0
Beni,80802,Baures,2009,12,1 a 4 anos / MASCULINO,0
Tarija,60202,Bermejo,2009,12,1 a 4 anos / MASCULINO,0
Santa Cruz,70706,Camiri,2009,12,1 a 4 anos / MASCULINO,0
Tarija,60302,Carapari,2009,12,1 a 4 anos / MASCULINO,0
La Paz,20501,Chuma,2009,12,1 a 4 anos / MASCULINO,0
Pando,90101,Cobija,2009,12,1 a 4 anos / MASCULINO,0
Cochabamba,30101,Cochabamba,2009,12,1 a 4 anos / MASCULINO,0
Cochabamba,31002,Colomi,2009,12,1 a 4 anos / MASCULINO,0
La Paz,21401,Coroico,2009,12,1 a 4 anos / MASCULINO,0
La Paz,20105,El Alto,2009,12,1 a 4 anos / MASCULINO,0
Chuquisaca,10502,Huacareta,2009,12,1 a 4 anos / MASCULINO,0
La Paz,21102,Irupana (villa De Lanza),2009,12,1 a 4 anos / MASCULINO,0
La Paz,21105,La Asunta,2009,12,1 a 4 anos / MASCULINO,0
La Paz,20101,La Paz,2009,12,1 a 4 anos / MASCULINO,0
Chuquisaca,10303,Mojocoya,2009,12,1 a 4 anos / MASCULINO,0
Santa Cruz,71001,Montero,2009,12,1 a 4 anos / MASCULINO,0
Oruro,40101,Oruro,2009,12,1 a 4 anos / MASCULINO,0
Santa Cruz,70902,Pampa Grande,2009,12,1 a 4 anos / MASCULINO,0
Potosí,50101,Potosi,2009,12,1 a 4 anos / MASCULINO,0
Santa Cruz,71401,Puerto Suarez,2009,12,1 a 4 anos / MASCULINO,0
Cochabamba,31205,Puerto Villarroel,2009,12,1 a 4 anos / MASCULINO,0
Cochabamba,31401,Punata,2009,12,1 a 4 anos / MASCULINO,0
Cochabamba,31001,Sacaba,2009,12,1 a 4 anos / MASCULINO,0
Santa Cruz,70301,San Ignacio De Velasco,2009,12,1 a 4 anos / MASCULINO,0
Santa Cruz,70302,San Miguel De Velasco,2009,12,1 a 4 anos / MASCULINO,0
Santa Cruz,70101,Santa Cruz De La Sierra,2009,12,1 a 4 anos / MASCULINO,0
Chuquisaca,10101,Sucre,2009,12,1 a 4 anos / MASCULINO,0
Tarija,60101,Tarija,2009,12,1 a 4 anos / MASCULINO,0
Cochabamba,30802,Toco,2009,12,1 a 4 anos / MASCULINO,0
Potosí,50502,Toro Toro,2009,12,1 a 4 anos / MASCULINO,0
Beni,80101,Trinidad,2009,12,1 a 4 anos / MASCULINO,0
Cochabamba,30502,Vacas,2009,12,1 a 4 anos / MASCULINO,0
Tarija,60303,Villa Montes,2009,12,1 a 4 anos / MASCULINO,0
Cochabamba,31003,Villa Tunari,2009,12,1 a 4 anos / MASCULINO,0
Cochabamba,30904,Vinto,2009,12,1 a 4 anos / MASCULINO,0
Tarija,60301,Yacuiba,2009,12,1 a 4 anos / MASCULINO,0
La Paz,20202,Ancoraimes,2009,1,1 a 4 anos / FEMENINO,0
Tarija,60202,Bermejo,2009,1,1 a 4 anos / FEMENINO,0
Cochabamba,30101,Cochabamba,2009,1,1 a 4 anos / FEMENINO,0
La Paz,20804,Desaguadero,2009,1,1 a 4 anos / FEMENINO,0
La Paz,20105,El Alto,2009,1,1 a 4 anos / FEMENINO,0
La Paz,20101,La Paz,2009,1,1 a 4 anos / FEMENINO,0
Beni,80801,Magdalena,2009,1,1 a 4 anos / FEMENINO,0
Oruro,40101,Oruro,2009,1,1 a 4 anos / FEMENINO,0
Chuquisaca,10103,Poroma,2009,1,1 a 4 anos / FEMENINO,0
Potosí,50101,Potosi,2009,1,1 a 4 anos / FEMENINO,0
Santa Cruz,71402,Puerto Quijarro,2009,1,1 a 4 anos / FEMENINO,0
Santa Cruz,71401,Puerto Suarez,2009,1,1 a 4 anos / FEMENINO,0
Cochabamba,31001,Sacaba,2009,1,1 a 4 anos / FEMENINO,0
Potosí,50701,Sacaca,2009,1,1 a 4 anos / FEMENINO,0
Santa Cruz,70402,San Carlos,2009,1,1 a 4 anos / FEMENINO,0
Santa Cruz,70301,San Ignacio De Velasco,2009,1,1 a 4 anos / FEMENINO,0
Santa Cruz,70303,San Rafael,2009,1,1 a 4 anos / FEMENINO,0
Santa Cruz,70101,Santa Cruz De La Sierra,2009,1,1 a 4 anos / FEMENINO,0
Chuquisaca,10101,Sucre,2009,1,1 a 4 anos / FEMENINO,0
Tarija,60101,Tarija,2009,1,1 a 4 anos / FEMENINO,0
Oruro,40402,Turco,2009,1,1 a 4 anos / FEMENINO,0
Tarija,60303,Villa Montes,2009,1,1 a 4 anos / FEMENINO,0
Chuquisaca,11001,Villa Vaca Guzman (muyupampa),2009,1,1 a 4 anos / FEMENINO,0
Tarija,60301,Yacuiba,2009,1,1 a 4 anos / FEMENINO,0
La Paz,20201,Achacachi,2009,2,1 a 4 anos / FEMENINO,0
Chuquisaca,10201,Azurduy,2009,2,1 a 4 anos / FEMENINO,0
Santa Cruz,70706,Camiri,2009,2,1 a 4 anos / FEMENINO,0
Cochabamba,30101,Cochabamba,2009,2,1 a 4 anos / FEMENINO,0
Cochabamba,30905,Colcapirhua,2009,2,1 a 4 anos / FEMENINO,0
La Paz,20105,El Alto,2009,2,1 a 4 anos / FEMENINO,0
Beni,80402,Exaltacion,2009,2,1 a 4 anos / FEMENINO,0
Chuquisaca,11002,Huacaya (villa De Huacaya),2009,2,1 a 4 anos / FEMENINO,0
La Paz,21105,La Asunta,2009,2,1 a 4 anos / FEMENINO,0
La Paz,20101,La Paz,2009,2,1 a 4 anos / FEMENINO,0
Santa Cruz,71001,Montero,2009,2,1 a 4 anos / FEMENINO,0
Oruro,40101,Oruro,2009,2,1 a 4 anos / FEMENINO,0
Cochabamba,31202,Pojo (cbba),2009,2,1 a 4 anos / FEMENINO,0
Potosí,50101,Potosi,2009,2,1 a 4 anos / FEMENINO,0
Santa Cruz,71401,Puerto Suarez,2009,2,1 a 4 anos / FEMENINO,0
Potosí,51101,Puna,2009,2,1 a 4 anos / FEMENINO,0
Oruro,40901,Sabaya,2009,2,1 a 4 anos / FEMENINO,0
Cochabamba,31001,Sacaba,2009,2,1 a 4 anos / FEMENINO,0
Beni,80602,San Andres,2009,2,1 a 4 anos / FEMENINO,0
Santa Cruz,70301,San Ignacio De Velasco,2009,2,1 a 4 anos / FEMENINO,0
Chuquisaca,10702,San Lucas,2009,2,1 a 4 anos / FEMENINO,0
Santa Cruz,70302,San Miguel De Velasco,2009,2,1 a 4 anos / FEMENINO,0
Santa Cruz,70101,Santa Cruz De La Sierra,2009,2,1 a 4 anos / FEMENINO,0
La Paz,20902,Sapahaqui,2009,2,1 a 4 anos / FEMENINO,0
Tarija,60101,Tarija,2009,2,1 a 4 anos / FEMENINO,0
Cochabamba,30903,Tiquipaya,2009,2,1 a 4 anos / FEMENINO,0
Beni,80101,Trinidad,2009,2,1 a 4 anos / FEMENINO,0
Potosí,50201,Uncia,2009,2,1 a 4 anos / FEMENINO,0
Tarija,60303,Villa Montes,2009,2,1 a 4 anos / FEMENINO,0
Potosí,51501,Villazon,2009,2,1 a 4 anos / FEMENINO,0
Cochabamba,30904,Vinto,2009,2,1 a 4 anos / FEMENINO,0
La Paz,20903,Yaco,2009,2,1 a 4 anos / FEMENINO,0
Tarija,60301,Yacuiba,2009,2,1 a 4 anos / FEMENINO,0
La Paz,20502,Ayata,2009,3,1 a 4 anos / FEMENINO,0
La Paz,20905,Cairoma,2009,3,1 a 4 anos / FEMENINO,0
Santa Cruz,70706,Camiri,2009,3,1 a 4 anos / FEMENINO,0
La Paz,20501,Chuma,2009,3,1 a 4 anos / FEMENINO,0
Pando,90101,Cobija,2009,3,1 a 4 anos / FEMENINO,0
Cochabamba,30101,Cochabamba,2009,3,1 a 4 anos / FEMENINO,0
Oruro,40301,Corque,2009,3,1 a 4 anos / FEMENINO,0
La Paz,20105,El Alto,2009,3,1 a 4 anos / FEMENINO,0
Beni,80202,Guayaramerin,2009,3,1 a 4 anos / FEMENINO,0
La Paz,20101,La Paz,2009,3,1 a 4 anos / FEMENINO,0
La Paz,20901,Luribay,2009,3,1 a 4 anos / FEMENINO,0
La Paz,20607,Mapiri,2009,3,1 a 4 anos / FEMENINO,0
Chuquisaca,10501,Monteagudo,2009,3,1 a 4 anos / FEMENINO,0
Oruro,40101,Oruro,2009,3,1 a 4 anos / FEMENINO,0
La Paz,21104,Palos Blancos,2009,3,1 a 4 anos / FEMENINO,0
Santa Cruz,70601,Portachuelo,2009,3,1 a 4 anos / FEMENINO,0
Potosí,50101,Potosi,2009,3,1 a 4 anos / FEMENINO,0
Santa Cruz,71402,Puerto Quijarro,2009,3,1 a 4 anos / FEMENINO,0
Beni,80703,Puerto Siles,2009,3,1 a 4 anos / FEMENINO,0
Beni,80201,Riberalta,2009,3,1 a 4 anos / FEMENINO,0
Cochabamba,31001,Sacaba,2009,3,1 a 4 anos / FEMENINO,0
Santa Cruz,70901,Samaipata,2009,3,1 a 4 anos / FEMENINO,0
Santa Cruz,70301,San Ignacio De Velasco,2009,3,1 a 4 anos / FEMENINO,0
Santa Cruz,70303,San Rafael,2009,3,1 a 4 anos / FEMENINO,0
Beni,80401,Santa Ana,2009,3,1 a 4 anos / FEMENINO,0
Santa Cruz,70101,Santa Cruz De La Sierra,2009,3,1 a 4 anos / FEMENINO,0
Chuquisaca,10101,Sucre,2009,3,1 a 4 anos / FEMENINO,0
Tarija,60101,Tarija,2009,3,1 a 4 anos / FEMENINO,0
Potosí,50502,Toro Toro,2009,3,1 a 4 anos / FEMENINO,0
Beni,80101,Trinidad,2009,3,1 a 4 anos / FEMENINO,0
Oruro,40402,Turco,2009,3,1 a 4 anos / FEMENINO,0
Tarija,60303,Villa Montes,2009,3,1 a 4 anos / FEMENINO,0
Chuquisaca,11001,Villa Vaca Guzman (muyupampa),2009,3,1 a 4 anos / FEMENINO,0
Potosí,51501,Villazon,2009,3,1 a 4 anos / FEMENINO,0
Cochabamba,30904,Vinto,2009,3,1 a 4 anos / FEMENINO,0
Tarija,60301,Yacuiba,2009,3,1 a 4 anos / FEMENINO,0
La Paz,21103,Yanacachi,2009,3,1 a 4 anos / FEMENINO,0
Tarija,60202,Bermejo,2009,4,1 a 4 anos / FEMENINO,0
Santa Cruz,70706,Camiri,2009,4,1 a 4 anos / FEMENINO,0
Santa Cruz,71403,Carmen Rivero Torrez,2009,4,1 a 4 anos / FEMENINO,0
La Paz,20501,Chuma,2009,4,1 a 4 anos / FEMENINO,0
Pando,90101,Cobija,2009,4,1 a 4 anos / FEMENINO,0
Cochabamba,30101,Cochabamba,2009,4,1 a 4 anos / FEMENINO,0
La Paz,20105,El Alto,2009,4,1 a 4 anos / FEMENINO,0
Chuquisaca,10502,Huacareta,2009,4,1 a 4 anos / FEMENINO,0
La Paz,21102,Irupana (villa De Lanza),2009,4,1 a 4 anos / FEMENINO,0
La Paz,20101,La Paz,2009,4,1 a 4 anos / FEMENINO,0
Chuquisaca,10501,Monteagudo,2009,4,1 a 4 anos / FEMENINO,0
Santa Cruz,71001,Montero,2009,4,1 a 4 anos / FEMENINO,0
Oruro,40101,Oruro,2009,4,1 a 4 anos / FEMENINO,0
Potosí,50403,Pocoata,2009,4,1 a 4 anos / FEMENINO,0
Potosí,50101,Potosi,2009,4,1 a 4 anos / FEMENINO,0
Santa Cruz,71402,Puerto Quijarro,2009,4,1 a 4 anos / FEMENINO,0
Santa Cruz,71401,Puerto Suarez,2009,4,1 a 4 anos / FEMENINO,0
Cochabamba,31205,Puerto Villarroel,2009,4,1 a 4 anos / FEMENINO,0
Cochabamba,31401,Punata,2009,4,1 a 4 anos / FEMENINO,0
Santa Cruz,70503,Robore,2009,4,1 a 4 anos / FEMENINO,0
Beni,80304,Rurrenabaque,2009,4,1 a 4 anos / FEMENINO,0
Cochabamba,31001,Sacaba,2009,4,1 a 4 anos / FEMENINO,0
Potosí,50701,Sacaca,2009,4,1 a 4 anos / FEMENINO,0
Santa Cruz,70901,Samaipata,2009,4,1 a 4 anos / FEMENINO,0
Santa Cruz,70301,San Ignacio De Velasco,2009,4,1 a 4 anos / FEMENINO,0
Santa Cruz,70302,San Miguel De Velasco,2009,4,1 a 4 anos / FEMENINO,0
Beni,80401,Santa Ana,2009,4,1 a 4 anos / FEMENINO,0
Santa Cruz,70101,Santa Cruz De La Sierra,2009,4,1 a 4 anos / FEMENINO,0
La Paz,20902,Sapahaqui,2009,4,1 a 4 anos / FEMENINO,0
Tarija,60101,Tarija,2009,4,1 a 4 anos / FEMENINO,0
Beni,80101,Trinidad,2009,4,1 a 4 anos / FEMENINO,0
Cochabamba,31302,Vila Vila,2009,4,1 a 4 anos / FEMENINO,0
Tarija,60303,Villa Montes,2009,4,1 a 4 anos / FEMENINO,0
Chuquisaca,10801,Villa Serrano,2009,4,1 a 4 anos / FEMENINO,0
Potosí,51501,Villazon,2009,4,1 a 4 anos / FEMENINO,0
Cochabamba,30904,Vinto,2009,4,1 a 4 anos / FEMENINO,0
Tarija,60301,Yacuiba,2009,4,1 a 4 anos / FEMENINO,0
La Paz,20202,Ancoraimes,2009,5,1 a 4 anos / FEMENINO,0
La Paz,20502,Ayata,2009,5,1 a 4 anos / FEMENINO,0
Santa Cruz,70706,Camiri,2009,5,1 a 4 anos / FEMENINO,0
Pando,90101,Cobija,2009,5,1 a 4 anos / FEMENINO,0
Cochabamba,30101,Cochabamba,2009,5,1 a 4 anos / FEMENINO,0
Cochabamba,30905,Colcapirhua,2009,5,1 a 4 anos / FEMENINO,0
La Paz,20105,El Alto,2009,5,1 a 4 anos / FEMENINO,0
Santa Cruz,70105,El Torno,2009,5,1 a 4 anos / FEMENINO,0
Chuquisaca,10304,Icla,2009,5,1 a 4 anos / FEMENINO,0
La Paz,20101,La Paz,2009,5,1 a 4 anos / FEMENINO,0
La Paz,21006,Licoma Pampa,2009,5,1 a 4 anos / FEMENINO,0
Santa Cruz,71003,Mineros,2009,5,1 a 4 anos / FEMENINO,0
Santa Cruz,71001,Montero,2009,5,1 a 4 anos / FEMENINO,0
Oruro,40101,Oruro,2009,5,1 a 4 anos / FEMENINO,0
Potosí,50101,Potosi,2009,5,1 a 4 anos / FEMENINO,0
Santa Cruz,70805,Pucara,2009,5,1 a 4 anos / FEMENINO,0
Cochabamba,31001,Sacaba,2009,5,1 a 4 anos / FEMENINO,0
Beni,80501,San Ignacio,2009,5,1 a 4 anos / FEMENINO,0
Santa Cruz,70301,San Ignacio De Velasco,2009,5,1 a 4 anos / FEMENINO,0
Santa Cruz,70101,Santa Cruz De La Sierra,2009,5,1 a 4 anos / FEMENINO,0
Cochabamba,30902,Sipe Sipe,2009,5,1 a 4 anos / FEMENINO,0
Tarija,60101,Tarija,2009,5,1 a 4 anos / FEMENINO,0
Chuquisaca,10202,Tarvita,2009,5,1 a 4 anos / FEMENINO,0
Potosí,50502,Toro Toro,2009,5,1 a 4 anos / FEMENINO,0
Beni,80101,Trinidad,2009,5,1 a 4 anos / FEMENINO,0
Cochabamba,30502,Vacas,2009,5,1 a 4 anos / FEMENINO,0
Tarija,60303,Villa Montes,2009,5,1 a 4 anos / FEMENINO,0
Cochabamba,31402,Villa Rivero,2009,5,1 a 4 anos / FEMENINO,0
Cochabamba,31003,Villa Tunari,2009,5,1 a 4 anos / FEMENINO,0
Cochabamba,30904,Vinto,2009,5,1 a 4 anos / FEMENINO,0
Tarija,60301,Yacuiba,2009,5,1 a 4 anos / FEMENINO,0
Chuquisaca,10301,Zudañez,2009,5,1 a 4 anos / FEMENINO,0
La Paz,20905,Cairoma,2009,6,1 a 4 anos / FEMENINO,0
Santa Cruz,70706,Camiri,2009,6,1 a 4 anos / FEMENINO,0
La Paz,21101,Chulumani (v. De La Libertad),2009,6,1 a 4 anos / FEMENINO,0
Pando,90101,Cobija,2009,6,1 a 4 anos / FEMENINO,0
Cochabamba,30101,Cochabamba,2009,6,1 a 4 anos / FEMENINO,0
La Paz,21401,Coroico,2009,6,1 a 4 anos / FEMENINO,0
La Paz,20105,El Alto,2009,6,1 a 4 anos / FEMENINO,0
Chuquisaca,10502,Huacareta,2009,6,1 a 4 anos / FEMENINO,0
La Paz,21102,Irupana (villa De Lanza),2009,6,1 a 4 anos / FEMENINO,0
La Paz,20101,La Paz,2009,6,1 a 4 anos / FEMENINO,0
La Paz,20901,Luribay,2009,6,1 a 4 anos / FEMENINO,0
La Paz,20103,Mecapaca,2009,6,1 a 4 anos / FEMENINO,0
Chuquisaca,10501,Monteagudo,2009,6,1 a 4 anos / FEMENINO,0
Santa Cruz,71001,Montero,2009,6,1 a 4 anos / FEMENINO,0
Oruro,40101,Oruro,2009,6,1 a 4 anos / FEMENINO,0
Potosí,50101,Potosi,2009,6,1 a 4 anos / FEMENINO,0
Pando,90301,Puerto Gonzalo Moreno,2009,6,1 a 4 anos / FEMENINO,0
Potosí,50402,Ravelo,2009,6,1 a 4 anos / FEMENINO,0
Cochabamba,31001,Sacaba,2009,6,1 a 4 anos / FEMENINO,0
Potosí,50701,Sacaca,2009,6,1 a 4 anos / FEMENINO,0
Beni,80501,San Ignacio,2009,6,1 a 4 anos / FEMENINO,0
Santa Cruz,70301,San Ignacio De Velasco,2009,6,1 a 4 anos / FEMENINO,0
Santa Cruz,70302,San Miguel De Velasco,2009,6,1 a 4 anos / FEMENINO,0
Santa Cruz,70101,Santa Cruz De La Sierra,2009,6,1 a 4 anos / FEMENINO,0
Chuquisaca,10101,Sucre,2009,6,1 a 4 anos / FEMENINO,0
Tarija,60101,Tarija,2009,6,1 a 4 anos / FEMENINO,0
Chuquisaca,10202,Tarvita,2009,6,1 a 4 anos / FEMENINO,0
Beni,80101,Trinidad,2009,6,1 a 4 anos / FEMENINO,0
Tarija,60303,Villa Montes,2009,6,1 a 4 anos / FEMENINO,0
Tarija,60301,Yacuiba,2009,6,1 a 4 anos / FEMENINO,0
La Paz,20201,Achacachi,2009,7,1 a 4 anos / FEMENINO,0
Oruro,41201,Andamarca,2009,7,1 a 4 anos / FEMENINO,0
Tarija,60202,Bermejo,2009,7,1 a 4 anos / FEMENINO,0
Santa Cruz,70706,Camiri,2009,7,1 a 4 anos / FEMENINO,0
Santa Cruz,71403,Carmen Rivero Torrez,2009,7,1 a 4 anos / FEMENINO,0
Santa Cruz,70702,Charagua,2009,7,1 a 4 anos / FEMENINO,0
Pando,90101,Cobija,2009,7,1 a 4 anos / FEMENINO,0
Cochabamba,30101,Cochabamba,2009,7,1 a 4 anos / FEMENINO,0
Cochabamba,30905,Colcapirhua,2009,7,1 a 4 anos / FEMENINO,0
La Paz,20105,El Alto,2009,7,1 a 4 anos / FEMENINO,0
Tarija,60601,Entre Rios,2009,7,1 a 4 anos / FEMENINO,0
La Paz,21102,Irupana (villa De Lanza),2009,7,1 a 4 anos / FEMENINO,0
La Paz,20101,La Paz,2009,7,1 a 4 anos / FEMENINO,0
Chuquisaca,10501,Monteagudo,2009,7,1 a 4 anos / FEMENINO,0
Oruro,40101,Oruro,2009,7,1 a 4 anos / FEMENINO,0
Santa Cruz,70502,Pailon,2009,7,1 a 4 anos / FEMENINO,0
La Paz,21104,Palos Blancos,2009,7,1 a 4 anos / FEMENINO,0
Potosí,50101,Potosi,2009,7,1 a 4 anos / FEMENINO,0
Pando,90301,Puerto Gonzalo Moreno,2009,7,1 a 4 anos / FEMENINO,0
Santa Cruz,71402,Puerto Quijarro,2009,7,1 a 4 anos / FEMENINO,0
Cochabamba,31205,Puerto Villarroel,2009,7,1 a 4 anos / FEMENINO,0
Cochabamba,31401,Punata,2009,7,1 a 4 anos / FEMENINO,0
Cochabamba,31001,Sacaba,2009,7,1 a 4 anos / FEMENINO,0
Beni,80302,San Borja,2009,7,1 a 4 anos / FEMENINO,0
Santa Cruz,70301,San Ignacio De Velasco,2009,7,1 a 4 anos / FEMENINO,0
Santa Cruz,70302,San Miguel De Velasco,2009,7,1 a 4 anos / FEMENINO,0
Santa Cruz,70101,Santa Cruz De La Sierra,2009,7,1 a 4 anos / FEMENINO,0
La Paz,20601,Sorata,2009,7,1 a 4 anos / FEMENINO,0
Tarija,60101,Tarija,2009,7,1 a 4 anos / FEMENINO,0
La Paz,20606,Tipuani,2009,7,1 a 4 anos / FEMENINO,0
Beni,80101,Trinidad,2009,7,1 a 4 anos / FEMENINO,0
Oruro,40402,Turco,2009,7,1 a 4 anos / FEMENINO,0
Tarija,60401,Uriondo (a. Concepcion),2009,7,1 a 4 anos / FEMENINO,0
Tarija,60303,Villa Montes,2009,7,1 a 4 anos / FEMENINO,0
Potosí,51501,Villazon,2009,7,1 a 4 anos / FEMENINO,0
Tarija,60301,Yacuiba,2009,7,1 a 4 anos / FEMENINO,0
Santa Cruz,70706,Camiri,2009,8,1 a 4 anos / FEMENINO,0
Pando,90101,Cobija,2009,8,1 a 4 anos / FEMENINO,0
Cochabamba,30101,Cochabamba,2009,8,1 a 4 anos / FEMENINO,0
Cochabamba,30905,Colcapirhua,2009,8,1 a 4 anos / FEMENINO,0
Santa Cruz,71106,Cuatro Cañadas,2009,8,1 a 4 anos / FEMENINO,0
La Paz,20105,El Alto,2009,8,1 a 4 anos / FEMENINO,0
La Paz,20101,La Paz,2009,8,1 a 4 anos / FEMENINO,0
Beni,80801,Magdalena,2009,8,1 a 4 anos / FEMENINO,0
Santa Cruz,71003,Mineros,2009,8,1 a 4 anos / FEMENINO,0
Cochabamba,31301,Mizque,2009,8,1 a 4 anos / FEMENINO,0
Santa Cruz,71001,Montero,2009,8,1 a 4 anos / FEMENINO,0
Oruro,40101,Oruro,2009,8,1 a 4 anos / FEMENINO,0
La Paz,21104,Palos Blancos,2009,8,1 a 4 anos / FEMENINO,0
Potosí,50101,Potosi,2009,8,1 a 4 anos / FEMENINO,0
Cochabamba,31205,Puerto Villarroel,2009,8,1 a 4 anos / FEMENINO,0
Cochabamba,31001,Sacaba,2009,8,1 a 4 anos / FEMENINO,0
Santa Cruz,70301,San Ignacio De Velasco,2009,8,1 a 4 anos / FEMENINO,0
Santa Cruz,70404,San Juan De Yapacani,2009,8,1 a 4 anos / FEMENINO,0
Santa Cruz,70101,Santa Cruz De La Sierra,2009,8,1 a 4 anos / FEMENINO,0
Beni,80303,Santa Rosa,2009,8,1 a 4 anos / FEMENINO,0
La Paz,20902,Sapahaqui,2009,8,1 a 4 anos / FEMENINO,0
Chuquisaca,10101,Sucre,2009,8,1 a 4 anos / FEMENINO,0
Tarija,60101,Tarija,2009,8,1 a 4 anos / FEMENINO,0
Beni,80101,Trinidad,2009,8,1 a 4 anos / FEMENINO,0
Potosí,50801,Tupiza,2009,8,1 a 4 anos / FEMENINO,0
Tarija,60303,Villa Montes,2009,8,1 a 4 anos / FEMENINO,0
Tarija,60301,Yacuiba,2009,8,1 a 4 anos / FEMENINO,0
Tarija,60202,Bermejo,2009,9,1 a 4 anos / FEMENINO,0
Santa Cruz,70707,Boyuibe,2009,9,1 a 4 anos / FEMENINO,0
Chuquisaca,10701,Camargo,2009,9,1 a 4 anos / FEMENINO,0
Santa Cruz,70706,Camiri,2009,9,1 a 4 anos / FEMENINO,0
Cochabamba,30801,Cliza,2009,9,1 a 4 anos / FEMENINO,0
Pando,90101,Cobija,2009,9,1 a 4 anos / FEMENINO,0
Cochabamba,30101,Cochabamba,2009,9,1 a 4 anos / FEMENINO,0
Cochabamba,30905,Colcapirhua,2009,9,1 a 4 anos / FEMENINO,0
La Paz,21401,Coroico,2009,9,1 a 4 anos / FEMENINO,0
La Paz,20105,El Alto,2009,9,1 a 4 anos / FEMENINO,0
Tarija,60502,El Puente(tja),2009,9,1 a 4 anos / FEMENINO,0
Pando,90203,Filadelfia,2009,9,1 a 4 anos / FEMENINO,0
Chuquisaca,10502,Huacareta,2009,9,1 a 4 anos / FEMENINO,0
La Paz,20101,La Paz,2009,9,1 a 4 anos / FEMENINO,0
Chuquisaca,10501,Monteagudo,2009,9,1 a 4 anos / FEMENINO,0
Potosí,50101,Potosi,2009,9,1 a 4 anos / FEMENINO,0
Santa Cruz,71401,Puerto Suarez,2009,9,1 a 4 anos / FEMENINO,0
Cochabamba,31205,Puerto Villarroel,2009,9,1 a 4 anos / FEMENINO,0
Cochabamba,31001,Sacaba,2009,9,1 a 4 anos / FEMENINO,0
Potosí,50701,Sacaca,2009,9,1 a 4 anos / FEMENINO,0
Santa Cruz,70301,San Ignacio De Velasco,2009,9,1 a 4 anos / FEMENINO,0
Santa Cruz,70302,San Miguel De Velasco,2009,9,1 a 4 anos / FEMENINO,0
Santa Cruz,70101,Santa Cruz De La Sierra,2009,9,1 a 4 anos / FEMENINO,0
Chuquisaca,10101,Sucre,2009,9,1 a 4 anos / FEMENINO,0
Tarija,60101,Tarija,2009,9,1 a 4 anos / FEMENINO,0
Beni,80101,Trinidad,2009,9,1 a 4 anos / FEMENINO,0
Tarija,60303,Villa Montes,2009,9,1 a 4 anos / FEMENINO,0
Cochabamba,30904,Vinto,2009,9,1 a 4 anos / FEMENINO,0
Tarija,60301,Yacuiba,2009,9,1 a 4 anos / FEMENINO,0
Cochabamba,30201,Aiquile,2009,10,1 a 4 anos / FEMENINO,0
Tarija,60202,Bermejo,2009,10,1 a 4 anos / FEMENINO,0
Potosí,50301,Betanzos,2009,10,1 a 4 anos / FEMENINO,0
Santa Cruz,70706,Camiri,2009,10,1 a 4 anos / FEMENINO,0
La Paz,20305,Charaña,2009,10,1 a 4 anos / FEMENINO,0
La Paz,20501,Chuma,2009,10,1 a 4 anos / FEMENINO,0
Pando,90101,Cobija,2009,10,1 a 4 anos / FEMENINO,0
Cochabamba,30101,Cochabamba,2009,10,1 a 4 anos / FEMENINO,0
Cochabamba,31002,Colomi,2009,10,1 a 4 anos / FEMENINO,0
Santa Cruz,71301,Comarapa,2009,10,1 a 4 anos / FEMENINO,0
La Paz,20105,El Alto,2009,10,1 a 4 anos / FEMENINO,0
La Paz,21105,La Asunta,2009,10,1 a 4 anos / FEMENINO,0
La Paz,20101,La Paz,2009,10,1 a 4 anos / FEMENINO,0
Chuquisaca,11003,Machareti,2009,10,1 a 4 anos / FEMENINO,0
Santa Cruz,71001,Montero,2009,10,1 a 4 anos / FEMENINO,0
Cochabamba,30302,Morochata,2009,10,1 a 4 anos / FEMENINO,0
Oruro,40101,Oruro,2009,10,1 a 4 anos / FEMENINO,0
La Paz,20102,Palca,2009,10,1 a 4 anos / FEMENINO,0
La Paz,21104,Palos Blancos,2009,10,1 a 4 anos / FEMENINO,0
Potosí,50101,Potosi,2009,10,1 a 4 anos / FEMENINO,0
Santa Cruz,71401,Puerto Suarez,2009,10,1 a 4 anos / FEMENINO,0
Cochabamba,31205,Puerto Villarroel,2009,10,1 a 4 anos / FEMENINO,0
Santa Cruz,70503,Robore,2009,10,1 a 4 anos / FEMENINO,0
Cochabamba,31001,Sacaba,2009,10,1 a 4 anos / FEMENINO,0
Santa Cruz,70101,Santa Cruz De La Sierra,2009,10,1 a 4 anos / FEMENINO,0
Chuquisaca,10101,Sucre,2009,10,1 a 4 anos / FEMENINO,0
Tarija,60101,Tarija,2009,10,1 a 4 anos / FEMENINO,0
La Paz,20606,Tipuani,2009,10,1 a 4 anos / FEMENINO,0
Beni,80101,Trinidad,2009,10,1 a 4 anos / FEMENINO,0
Oruro,40402,Turco,2009,10,1 a 4 anos / FEMENINO,0
Cochabamba,30502,Vacas,2009,10,1 a 4 anos / FEMENINO,0
Tarija,60303,Villa Montes,2009,10,1 a 4 anos / FEMENINO,0
Cochabamba,31003,Villa Tunari,2009,10,1 a 4 anos / FEMENINO,0
Potosí,51501,Villazon,2009,10,1 a 4 anos / FEMENINO,0
Tarija,60202,Bermejo,2009,11,1 a 4 anos / FEMENINO,0
Santa Cruz,70706,Camiri,2009,11,1 a 4 anos / FEMENINO,0
La Paz,20305,Charaña,2009,11,1 a 4 anos / FEMENINO,0
Pando,90101,Cobija,2009,11,1 a 4 anos / FEMENINO,0
Cochabamba,30101,Cochabamba,2009,11,1 a 4 anos / FEMENINO,0
La Paz,21401,Coroico,2009,11,1 a 4 anos / FEMENINO,0
La Paz,20105,El Alto,2009,11,1 a 4 anos / FEMENINO,0
Santa Cruz,70105,El Torno,2009,11,1 a 4 anos / FEMENINO,0
La Paz,20101,La Paz,2009,11,1 a 4 anos / FEMENINO,0
Cochabamba,31301,Mizque,2009,11,1 a 4 anos / FEMENINO,0
Santa Cruz,71001,Montero,2009,11,1 a 4 anos / FEMENINO,0
Oruro,40101,Oruro,2009,11,1 a 4 anos / FEMENINO,0
La Paz,20102,Palca,2009,11,1 a 4 anos / FEMENINO,0
La Paz,21104,Palos Blancos,2009,11,1 a 4 anos / FEMENINO,0
Potosí,50101,Potosi,2009,11,1 a 4 anos / FEMENINO,0
Beni,80703,Puerto Siles,2009,11,1 a 4 anos / FEMENINO,0
Cochabamba,31401,Punata,2009,11,1 a 4 anos / FEMENINO,0
Cochabamba,31001,Sacaba,2009,11,1 a 4 anos / FEMENINO,0
Beni,80501,San Ignacio,2009,11,1 a 4 anos / FEMENINO,0
Santa Cruz,70301,San Ignacio De Velasco,2009,11,1 a 4 anos / FEMENINO,0
Santa Cruz,70303,San Rafael,2009,11,1 a 4 anos / FEMENINO,0
Santa Cruz,70101,Santa Cruz De La Sierra,2009,11,1 a 4 anos / FEMENINO,0
Chuquisaca,10101,Sucre,2009,11,1 a 4 anos / FEMENINO,0
Tarija,60101,Tarija,2009,11,1 a 4 anos / FEMENINO,0
Chuquisaca,10402,Tomina,2009,11,1 a 4 anos / FEMENINO,0
Beni,80101,Trinidad,2009,11,1 a 4 anos / FEMENINO,0
Tarija,60303,Villa Montes,2009,11,1 a 4 anos / FEMENINO,0
Potosí,51501,Villazon,2009,11,1 a 4 anos / FEMENINO,0
Tarija,60301,Yacuiba,2009,11,1 a 4 anos / FEMENINO,0
Beni,80802,Baures,2009,12,1 a 4 anos / FEMENINO,0
Tarija,60202,Bermejo,2009,12,1 a 4 anos / FEMENINO,0
Santa Cruz,70706,Camiri,2009,12,1 a 4 anos / FEMENINO,0
Tarija,60302,Carapari,2009,12,1 a 4 anos / FEMENINO,0
La Paz,20501,Chuma,2009,12,1 a 4 anos / FEMENINO,0
Pando,90101,Cobija,2009,12,1 a 4 anos / FEMENINO,0
Cochabamba,30101,Cochabamba,2009,12,1 a 4 anos / FEMENINO,0
Cochabamba,31002,Colomi,2009,12,1 a 4 anos / FEMENINO,0
La Paz,21401,Coroico,2009,12,1 a 4 anos / FEMENINO,0
La Paz,20105,El Alto,2009,12,1 a 4 anos / FEMENINO,0
Chuquisaca,10502,Huacareta,2009,12,1 a 4 anos / FEMENINO,0
La Paz,21102,Irupana (villa De Lanza),2009,12,1 a 4 anos / FEMENINO,0
La Paz,21105,La Asunta,2009,12,1 a 4 anos / FEMENINO,0
La Paz,20101,La Paz,2009,12,1 a 4 anos / FEMENINO,0
Chuquisaca,10303,Mojocoya,2009,12,1 a 4 anos / FEMENINO,0
Santa Cruz,71001,Montero,2009,12,1 a 4 anos / FEMENINO,0
Oruro,40101,Oruro,2009,12,1 a 4 anos / FEMENINO,0
Santa Cruz,70902,Pampa Grande,2009,12,1 a 4 anos / FEMENINO,0
Potosí,50101,Potosi,2009,12,1 a 4 anos / FEMENINO,0
Santa Cruz,71401,Puerto Suarez,2009,12,1 a 4 anos / FEMENINO,0
Cochabamba,31205,Puerto Villarroel,2009,12,1 a 4 anos / FEMENINO,0
Cochabamba,31401,Punata,2009,12,1 a 4 anos / FEMENINO,0
Cochabamba,31001,Sacaba,2009,12,1 a 4 anos / FEMENINO,0
Santa Cruz,70301,San Ignacio De Velasco,2009,12,1 a 4 anos / FEMENINO,0
Santa Cruz,70302,San Miguel De Velasco,2009,12,1 a 4 anos / FEMENINO,0
Santa Cruz,70101,Santa Cruz De La Sierra,2009,12,1 a 4 anos / FEMENINO,0
Chuquisaca,10101,Sucre,2009,12,1 a 4 anos / FEMENINO,0
Tarija,60101,Tarija,2009,12,1 a 4 anos / FEMENINO,0
Cochabamba,30802,Toco,2009,12,1 a 4 anos / FEMENINO,0
Potosí,50502,Toro Toro,2009,12,1 a 4 anos / FEMENINO,0
Beni,80101,Trinidad,2009,12,1 a 4 anos / FEMENINO,0
Cochabamba,30502,Vacas,2009,12,1 a 4 anos / FEMENINO,0
Tarija,60303,Villa Montes,2009,12,1 a 4 anos / FEMENINO,0
Cochabamba,31003,Villa Tunari,2009,12,1 a 4 anos / FEMENINO,0
Cochabamba,30904,Vinto,2009,12,1 a 4 anos / FEMENINO,0
Tarija,60301,Yacuiba,2009,12,1 a 4 anos / FEMENINO,0
La Paz,20202,Ancoraimes,2009,1,5 a 9 anos / MASCULINO,0
Tarija,60202,Bermejo,2009,1,5 a 9 anos / MASCULINO,0
Cochabamba,30101,Cochabamba,2009,1,5 a 9 anos / MASCULINO,0
La Paz,20804,Desaguadero,2009,1,5 a 9 anos / MASCULINO,0
La Paz,20105,El Alto,2009,1,5 a 9 anos / MASCULINO,0
La Paz,20101,La Paz,2009,1,5 a 9 anos / MASCULINO,1
Beni,80801,Magdalena,2009,1,5 a 9 anos / MASCULINO,0
Oruro,40101,Oruro,2009,1,5 a 9 anos / MASCULINO,0
Chuquisaca,10103,Poroma,2009,1,5 a 9 anos / MASCULINO,0
Potosí,50101,Potosi,2009,1,5 a 9 anos / MASCULINO,0
Santa Cruz,71402,Puerto Quijarro,2009,1,5 a 9 anos / MASCULINO,0
Santa Cruz,71401,Puerto Suarez,2009,1,5 a 9 anos / MASCULINO,0
Cochabamba,31001,Sacaba,2009,1,5 a 9 anos / MASCULINO,0
Potosí,50701,Sacaca,2009,1,5 a 9 anos / MASCULINO,0
Santa Cruz,70402,San Carlos,2009,1,5 a 9 anos / MASCULINO,0
Santa Cruz,70301,San Ignacio De Velasco,2009,1,5 a 9 anos / MASCULINO,0
Santa Cruz,70303,San Rafael,2009,1,5 a 9 anos / MASCULINO,0
Santa Cruz,70101,Santa Cruz De La Sierra,2009,1,5 a 9 anos / MASCULINO,0
Chuquisaca,10101,Sucre,2009,1,5 a 9 anos / MASCULINO,0
Tarija,60101,Tarija,2009,1,5 a 9 anos / MASCULINO,0
Oruro,40402,Turco,2009,1,5 a 9 anos / MASCULINO,0
Tarija,60303,Villa Montes,2009,1,5 a 9 anos / MASCULINO,0
Chuquisaca,11001,Villa Vaca Guzman (muyupampa),2009,1,5 a 9 anos / MASCULINO,0
Tarija,60301,Yacuiba,2009,1,5 a 9 anos / MASCULINO,0
La Paz,20201,Achacachi,2009,2,5 a 9 anos / MASCULINO,0
Chuquisaca,10201,Azurduy,2009,2,5 a 9 anos / MASCULINO,0
Santa Cruz,70706,Camiri,2009,2,5 a 9 anos / MASCULINO,0
Cochabamba,30101,Cochabamba,2009,2,5 a 9 anos / MASCULINO,0
Cochabamba,30905,Colcapirhua,2009,2,5 a 9 anos / MASCULINO,0
La Paz,20105,El Alto,2009,2,5 a 9 anos / MASCULINO,0
Beni,80402,Exaltacion,2009,2,5 a 9 anos / MASCULINO,0
Chuquisaca,11002,Huacaya (villa De Huacaya),2009,2,5 a 9 anos / MASCULINO,0
La Paz,21105,La Asunta,2009,2,5 a 9 anos / MASCULINO,0
La Paz,20101,La Paz,2009,2,5 a 9 anos / MASCULINO,0
Santa Cruz,71001,Montero,2009,2,5 a 9 anos / MASCULINO,0
Oruro,40101,Oruro,2009,2,5 a 9 anos / MASCULINO,1
Cochabamba,31202,Pojo (cbba),2009,2,5 a 9 anos / MASCULINO,0
Potosí,50101,Potosi,2009,2,5 a 9 anos / MASCULINO,0
Santa Cruz,71401,Puerto Suarez,2009,2,5 a 9 anos / MASCULINO,0
Potosí,51101,Puna,2009,2,5 a 9 anos / MASCULINO,0
Oruro,40901,Sabaya,2009,2,5 a 9 anos / MASCULINO,0
Cochabamba,31001,Sacaba,2009,2,5 a 9 anos / MASCULINO,0
Beni,80602,San Andres,2009,2,5 a 9 anos / MASCULINO,0
Santa Cruz,70301,San Ignacio De Velasco,2009,2,5 a 9 anos / MASCULINO,0
Chuquisaca,10702,San Lucas,2009,2,5 a 9 anos / MASCULINO,0
Santa Cruz,70302,San Miguel De Velasco,2009,2,5 a 9 anos / MASCULINO,0
Santa Cruz,70101,Santa Cruz De La Sierra,2009,2,5 a 9 anos / MASCULINO,0
La Paz,20902,Sapahaqui,2009,2,5 a 9 anos / MASCULINO,0
Tarija,60101,Tarija,2009,2,5 a 9 anos / MASCULINO,0
Cochabamba,30903,Tiquipaya,2009,2,5 a 9 anos / MASCULINO,0
Beni,80101,Trinidad,2009,2,5 a 9 anos / MASCULINO,0
Potosí,50201,Uncia,2009,2,5 a 9 anos / MASCULINO,0
Tarija,60303,Villa Montes,2009,2,5 a 9 anos / MASCULINO,0
Potosí,51501,Villazon,2009,2,5 a 9 anos / MASCULINO,0
Cochabamba,30904,Vinto,2009,2,5 a 9 anos / MASCULINO,0
La Paz,20903,Yaco,2009,2,5 a 9 anos / MASCULINO,0
Tarija,60301,Yacuiba,2009,2,5 a 9 anos / MASCULINO,0
La Paz,20502,Ayata,2009,3,5 a 9 anos / MASCULINO,0
La Paz,20905,Cairoma,2009,3,5 a 9 anos / MASCULINO,0
Santa Cruz,70706,Camiri,2009,3,5 a 9 anos / MASCULINO,0
La Paz,20501,Chuma,2009,3,5 a 9 anos / MASCULINO,0
Pando,90101,Cobija,2009,3,5 a 9 anos / MASCULINO,0
Cochabamba,30101,Cochabamba,2009,3,5 a 9 anos / MASCULINO,0
Oruro,40301,Corque,2009,3,5 a 9 anos / MASCULINO,0
La Paz,20105,El Alto,2009,3,5 a 9 anos / MASCULINO,0
Beni,80202,Guayaramerin,2009,3,5 a 9 anos / MASCULINO,0
La Paz,20101,La Paz,2009,3,5 a 9 anos / MASCULINO,0
La Paz,20901,Luribay,2009,3,5 a 9 anos / MASCULINO,0
La Paz,20607,Mapiri,2009,3,5 a 9 anos / MASCULINO,0
Chuquisaca,10501,Monteagudo,2009,3,5 a 9 anos / MASCULINO,0
Oruro,40101,Oruro,2009,3,5 a 9 anos / MASCULINO,0
La Paz,21104,Palos Blancos,2009,3,5 a 9 anos / MASCULINO,0
Santa Cruz,70601,Portachuelo,2009,3,5 a 9 anos / MASCULINO,0
Potosí,50101,Potosi,2009,3,5 a 9 anos / MASCULINO,0
Santa Cruz,71402,Puerto Quijarro,2009,3,5 a 9 anos / MASCULINO,0
Beni,80703,Puerto Siles,2009,3,5 a 9 anos / MASCULINO,0
Beni,80201,Riberalta,2009,3,5 a 9 anos / MASCULINO,0
Cochabamba,31001,Sacaba,2009,3,5 a 9 anos / MASCULINO,0
Santa Cruz,70901,Samaipata,2009,3,5 a 9 anos / MASCULINO,0
Santa Cruz,70301,San Ignacio De Velasco,2009,3,5 a 9 anos / MASCULINO,0
Santa Cruz,70303,San Rafael,2009,3,5 a 9 anos / MASCULINO,0
Beni,80401,Santa Ana,2009,3,5 a 9 anos / MASCULINO,0
Santa Cruz,70101,Santa Cruz De La Sierra,2009,3,5 a 9 anos / MASCULINO,0
Chuquisaca,10101,Sucre,2009,3,5 a 9 anos / MASCULINO,0
Tarija,60101,Tarija,2009,3,5 a 9 anos / MASCULINO,0
Potosí,50502,Toro Toro,2009,3,5 a 9 anos / MASCULINO,0
Beni,80101,Trinidad,2009,3,5 a 9 anos / MASCULINO,0
Oruro,40402,Turco,2009,3,5 a 9 anos / MASCULINO,0
Tarija,60303,Villa Montes,2009,3,5 a 9 anos / MASCULINO,0
Chuquisaca,11001,Villa Vaca Guzman (muyupampa),2009,3,5 a 9 anos / MASCULINO,0
Potosí,51501,Villazon,2009,3,5 a 9 anos / MASCULINO,0
Cochabamba,30904,Vinto,2009,3,5 a 9 anos / MASCULINO,0
Tarija,60301,Yacuiba,2009,3,5 a 9 anos / MASCULINO,0
La Paz,21103,Yanacachi,2009,3,5 a 9 anos / MASCULINO,0
Tarija,60202,Bermejo,2009,4,5 a 9 anos / MASCULINO,0
Santa Cruz,70706,Camiri,2009,4,5 a 9 anos / MASCULINO,0
Santa Cruz,71403,Carmen Rivero Torrez,2009,4,5 a 9 anos / MASCULINO,0
La Paz,20501,Chuma,2009,4,5 a 9 anos / MASCULINO,0
Pando,90101,Cobija,2009,4,5 a 9 anos / MASCULINO,0
Cochabamba,30101,Cochabamba,2009,4,5 a 9 anos / MASCULINO,0
La Paz,20105,El Alto,2009,4,5 a 9 anos / MASCULINO,0
Chuquisaca,10502,Huacareta,2009,4,5 a 9 anos / MASCULINO,0
La Paz,21102,Irupana (villa De Lanza),2009,4,5 a 9 anos / MASCULINO,0
La Paz,20101,La Paz,2009,4,5 a 9 anos / MASCULINO,0
Chuquisaca,10501,Monteagudo,2009,4,5 a 9 anos / MASCULINO,0
Santa Cruz,71001,Montero,2009,4,5 a 9 anos / MASCULINO,0
Oruro,40101,Oruro,2009,4,5 a 9 anos / MASCULINO,0
Potosí,50403,Pocoata,2009,4,5 a 9 anos / MASCULINO,0
Potosí,50101,Potosi,2009,4,5 a 9 anos / MASCULINO,0
Santa Cruz,71402,Puerto Quijarro,2009,4,5 a 9 anos / MASCULINO,0
Santa Cruz,71401,Puerto Suarez,2009,4,5 a 9 anos / MASCULINO,0
Cochabamba,31205,Puerto Villarroel,2009,4,5 a 9 anos / MASCULINO,0
Cochabamba,31401,Punata,2009,4,5 a 9 anos / MASCULINO,1
Santa Cruz,70503,Robore,2009,4,5 a 9 anos / MASCULINO,0
Beni,80304,Rurrenabaque,2009,4,5 a 9 anos / MASCULINO,0
Cochabamba,31001,Sacaba,2009,4,5 a 9 anos / MASCULINO,0
Potosí,50701,Sacaca,2009,4,5 a 9 anos / MASCULINO,0
Santa Cruz,70901,Samaipata,2009,4,5 a 9 anos / MASCULINO,0
Santa Cruz,70301,San Ignacio De Velasco,2009,4,5 a 9 anos / MASCULINO,0
Santa Cruz,70302,San Miguel De Velasco,2009,4,5 a 9 anos / MASCULINO,0
Beni,80401,Santa Ana,2009,4,5 a 9 anos / MASCULINO,0
Santa Cruz,70101,Santa Cruz De La Sierra,2009,4,5 a 9 anos / MASCULINO,0
La Paz,20902,Sapahaqui,2009,4,5 a 9 anos / MASCULINO,0
Tarija,60101,Tarija,2009,4,5 a 9 anos / MASCULINO,0
Beni,80101,Trinidad,2009,4,5 a 9 anos / MASCULINO,0
Cochabamba,31302,Vila Vila,2009,4,5 a 9 anos / MASCULINO,0
Tarija,60303,Villa Montes,2009,4,5 a 9 anos / MASCULINO,0
Chuquisaca,10801,Villa Serrano,2009,4,5 a 9 anos / MASCULINO,0
Potosí,51501,Villazon,2009,4,5 a 9 anos / MASCULINO,0
Cochabamba,30904,Vinto,2009,4,5 a 9 anos / MASCULINO,0
Tarija,60301,Yacuiba,2009,4,5 a 9 anos / MASCULINO,0
La Paz,20202,Ancoraimes,2009,5,5 a 9 anos / MASCULINO,0
La Paz,20502,Ayata,2009,5,5 a 9 anos / MASCULINO,0
Santa Cruz,70706,Camiri,2009,5,5 a 9 anos / MASCULINO,0
Pando,90101,Cobija,2009,5,5 a 9 anos / MASCULINO,0
Cochabamba,30101,Cochabamba,2009,5,5 a 9 anos / MASCULINO,0
Cochabamba,30905,Colcapirhua,2009,5,5 a 9 anos / MASCULINO,0
La Paz,20105,El Alto,2009,5,5 a 9 anos / MASCULINO,0
Santa Cruz,70105,El Torno,2009,5,5 a 9 anos / MASCULINO,1
Chuquisaca,10304,Icla,2009,5,5 a 9 anos / MASCULINO,0
La Paz,20101,La Paz,2009,5,5 a 9 anos / MASCULINO,0
La Paz,21006,Licoma Pampa,2009,5,5 a 9 anos / MASCULINO,0
Santa Cruz,71003,Mineros,2009,5,5 a 9 anos / MASCULINO,0
Santa Cruz,71001,Montero,2009,5,5 a 9 anos / MASCULINO,0
Oruro,40101,Oruro,2009,5,5 a 9 anos / MASCULINO,0
Potosí,50101,Potosi,2009,5,5 a 9 anos / MASCULINO,0
Santa Cruz,70805,Pucara,2009,5,5 a 9 anos / MASCULINO,0
Cochabamba,31001,Sacaba,2009,5,5 a 9 anos / MASCULINO,0
Beni,80501,San Ignacio,2009,5,5 a 9 anos / MASCULINO,0
Santa Cruz,70301,San Ignacio De Velasco,2009,5,5 a 9 anos / MASCULINO,0
Santa Cruz,70101,Santa Cruz De La Sierra,2009,5,5 a 9 anos / MASCULINO,0
Cochabamba,30902,Sipe Sipe,2009,5,5 a 9 anos / MASCULINO,0
Tarija,60101,Tarija,2009,5,5 a 9 anos / MASCULINO,0
Chuquisaca,10202,Tarvita,2009,5,5 a 9 anos / MASCULINO,0
Potosí,50502,Toro Toro,2009,5,5 a 9 anos / MASCULINO,0
Beni,80101,Trinidad,2009,5,5 a 9 anos / MASCULINO,0
Cochabamba,30502,Vacas,2009,5,5 a 9 anos / MASCULINO,0
Tarija,60303,Villa Montes,2009,5,5 a 9 anos / MASCULINO,2
Cochabamba,31402,Villa Rivero,2009,5,5 a 9 anos / MASCULINO,0
Cochabamba,31003,Villa Tunari,2009,5,5 a 9 anos / MASCULINO,0
Cochabamba,30904,Vinto,2009,5,5 a 9 anos / MASCULINO,0
Tarija,60301,Yacuiba,2009,5,5 a 9 anos / MASCULINO,0
Chuquisaca,10301,Zudañez,2009,5,5 a 9 anos / MASCULINO,0
La Paz,20905,Cairoma,2009,6,5 a 9 anos / MASCULINO,0
Santa Cruz,70706,Camiri,2009,6,5 a 9 anos / MASCULINO,0
La Paz,21101,Chulumani (v. De La Libertad),2009,6,5 a 9 anos / MASCULINO,0
Pando,90101,Cobija,2009,6,5 a 9 anos / MASCULINO,0
Cochabamba,30101,Cochabamba,2009,6,5 a 9 anos / MASCULINO,0
La Paz,21401,Coroico,2009,6,5 a 9 anos / MASCULINO,0
La Paz,20105,El Alto,2009,6,5 a 9 anos / MASCULINO,0
Chuquisaca,10502,Huacareta,2009,6,5 a 9 anos / MASCULINO,0
La Paz,21102,Irupana (villa De Lanza),2009,6,5 a 9 anos / MASCULINO,0
La Paz,20101,La Paz,2009,6,5 a 9 anos / MASCULINO,0
La Paz,20901,Luribay,2009,6,5 a 9 anos / MASCULINO,0
La Paz,20103,Mecapaca,2009,6,5 a 9 anos / MASCULINO,0
Chuquisaca,10501,Monteagudo,2009,6,5 a 9 anos / MASCULINO,0
Santa Cruz,71001,Montero,2009,6,5 a 9 anos / MASCULINO,0
Oruro,40101,Oruro,2009,6,5 a 9 anos / MASCULINO,0
Potosí,50101,Potosi,2009,6,5 a 9 anos / MASCULINO,0
Pando,90301,Puerto Gonzalo Moreno,2009,6,5 a 9 anos / MASCULINO,0
Potosí,50402,Ravelo,2009,6,5 a 9 anos / MASCULINO,0
Cochabamba,31001,Sacaba,2009,6,5 a 9 anos / MASCULINO,0
Potosí,50701,Sacaca,2009,6,5 a 9 anos / MASCULINO,0
Beni,80501,San Ignacio,2009,6,5 a 9 anos / MASCULINO,0
Santa Cruz,70301,San Ignacio De Velasco,2009,6,5 a 9 anos / MASCULINO,0
Santa Cruz,70302,San Miguel De Velasco,2009,6,5 a 9 anos / MASCULINO,0
Santa Cruz,70101,Santa Cruz De La Sierra,2009,6,5 a 9 anos / MASCULINO,1
Chuquisaca,10101,Sucre,2009,6,5 a 9 anos / MASCULINO,0
Tarija,60101,Tarija,2009,6,5 a 9 anos / MASCULINO,0
Chuquisaca,10202,Tarvita,2009,6,5 a 9 anos / MASCULINO,0
Beni,80101,Trinidad,2009,6,5 a 9 anos / MASCULINO,0
Tarija,60303,Villa Montes,2009,6,5 a 9 anos / MASCULINO,0
Tarija,60301,Yacuiba,2009,6,5 a 9 anos / MASCULINO,0
La Paz,20201,Achacachi,2009,7,5 a 9 anos / MASCULINO,0
Oruro,41201,Andamarca,2009,7,5 a 9 anos / MASCULINO,0
Tarija,60202,Bermejo,2009,7,5 a 9 anos / MASCULINO,0
Santa Cruz,70706,Camiri,2009,7,5 a 9 anos / MASCULINO,0
Santa Cruz,71403,Carmen Rivero Torrez,2009,7,5 a 9 anos / MASCULINO,0
Santa Cruz,70702,Charagua,2009,7,5 a 9 anos / MASCULINO,0
Pando,90101,Cobija,2009,7,5 a 9 anos / MASCULINO,0
Cochabamba,30101,Cochabamba,2009,7,5 a 9 anos / MASCULINO,0
Cochabamba,30905,Colcapirhua,2009,7,5 a 9 anos / MASCULINO,0
La Paz,20105,El Alto,2009,7,5 a 9 anos / MASCULINO,0
Tarija,60601,Entre Rios,2009,7,5 a 9 anos / MASCULINO,0
La Paz,21102,Irupana (villa De Lanza),2009,7,5 a 9 anos / MASCULINO,0
La Paz,20101,La Paz,2009,7,5 a 9 anos / MASCULINO,1
Chuquisaca,10501,Monteagudo,2009,7,5 a 9 anos / MASCULINO,0
Oruro,40101,Oruro,2009,7,5 a 9 anos / MASCULINO,0
Santa Cruz,70502,Pailon,2009,7,5 a 9 anos / MASCULINO,0
La Paz,21104,Palos Blancos,2009,7,5 a 9 anos / MASCULINO,0
Potosí,50101,Potosi,2009,7,5 a 9 anos / MASCULINO,0
Pando,90301,Puerto Gonzalo Moreno,2009,7,5 a 9 anos / MASCULINO,0
Santa Cruz,71402,Puerto Quijarro,2009,7,5 a 9 anos / MASCULINO,0
Cochabamba,31205,Puerto Villarroel,2009,7,5 a 9 anos / MASCULINO,0
Cochabamba,31401,Punata,2009,7,5 a 9 anos / MASCULINO,0
Cochabamba,31001,Sacaba,2009,7,5 a 9 anos / MASCULINO,0
Beni,80302,San Borja,2009,7,5 a 9 anos / MASCULINO,0
Santa Cruz,70301,San Ignacio De Velasco,2009,7,5 a 9 anos / MASCULINO,0
Santa Cruz,70302,San Miguel De Velasco,2009,7,5 a 9 anos / MASCULINO,0
Santa Cruz,70101,Santa Cruz De La Sierra,2009,7,5 a 9 anos / MASCULINO,1
La Paz,20601,Sorata,2009,7,5 a 9 anos / MASCULINO,0
Tarija,60101,Tarija,2009,7,5 a 9 anos / MASCULINO,0
La Paz,20606,Tipuani,2009,7,5 a 9 anos / MASCULINO,0
Beni,80101,Trinidad,2009,7,5 a 9 anos / MASCULINO,0
Oruro,40402,Turco,2009,7,5 a 9 anos / MASCULINO,0
Tarija,60401,Uriondo (a. Concepcion),2009,7,5 a 9 anos / MASCULINO,0
Tarija,60303,Villa Montes,2009,7,5 a 9 anos / MASCULINO,0
Potosí,51501,Villazon,2009,7,5 a 9 anos / MASCULINO,0
Tarija,60301,Yacuiba,2009,7,5 a 9 anos / MASCULINO,0
Santa Cruz,70706,Camiri,2009,8,5 a 9 anos / MASCULINO,0
Pando,90101,Cobija,2009,8,5 a 9 anos / MASCULINO,0
Cochabamba,30101,Cochabamba,2009,8,5 a 9 anos / MASCULINO,0
Cochabamba,30905,Colcapirhua,2009,8,5 a 9 anos / MASCULINO,0
Santa Cruz,71106,Cuatro Cañadas,2009,8,5 a 9 anos / MASCULINO,0
La Paz,20105,El Alto,2009,8,5 a 9 anos / MASCULINO,0
La Paz,20101,La Paz,2009,8,5 a 9 anos / MASCULINO,0
Beni,80801,Magdalena,2009,8,5 a 9 anos / MASCULINO,0
Santa Cruz,71003,Mineros,2009,8,5 a 9 anos / MASCULINO,0
Cochabamba,31301,Mizque,2009,8,5 a 9 anos / MASCULINO,0
Santa Cruz,71001,Montero,2009,8,5 a 9 anos / MASCULINO,0
Oruro,40101,Oruro,2009,8,5 a 9 anos / MASCULINO,0
La Paz,21104,Palos Blancos,2009,8,5 a 9 anos / MASCULINO,0
Potosí,50101,Potosi,2009,8,5 a 9 anos / MASCULINO,0
Cochabamba,31205,Puerto Villarroel,2009,8,5 a 9 anos / MASCULINO,0
Cochabamba,31001,Sacaba,2009,8,5 a 9 anos / MASCULINO,0
Santa Cruz,70301,San Ignacio De Velasco,2009,8,5 a 9 anos / MASCULINO,0
Santa Cruz,70404,San Juan De Yapacani,2009,8,5 a 9 anos / MASCULINO,0
Santa Cruz,70101,Santa Cruz De La Sierra,2009,8,5 a 9 anos / MASCULINO,1
Beni,80303,Santa Rosa,2009,8,5 a 9 anos / MASCULINO,0
La Paz,20902,Sapahaqui,2009,8,5 a 9 anos / MASCULINO,0
Chuquisaca,10101,Sucre,2009,8,5 a 9 anos / MASCULINO,0
Tarija,60101,Tarija,2009,8,5 a 9 anos / MASCULINO,0
Beni,80101,Trinidad,2009,8,5 a 9 anos / MASCULINO,0
Potosí,50801,Tupiza,2009,8,5 a 9 anos / MASCULINO,0
Tarija,60303,Villa Montes,2009,8,5 a 9 anos / MASCULINO,0
Tarija,60301,Yacuiba,2009,8,5 a 9 anos / MASCULINO,0
Tarija,60202,Bermejo,2009,9,5 a 9 anos / MASCULINO,0
Santa Cruz,70707,Boyuibe,2009,9,5 a 9 anos / MASCULINO,0
Chuquisaca,10701,Camargo,2009,9,5 a 9 anos / MASCULINO,0
Santa Cruz,70706,Camiri,2009,9,5 a 9 anos / MASCULINO,0
Cochabamba,30801,Cliza,2009,9,5 a 9 anos / MASCULINO,0
Pando,90101,Cobija,2009,9,5 a 9 anos / MASCULINO,0
Cochabamba,30101,Cochabamba,2009,9,5 a 9 anos / MASCULINO,3
Cochabamba,30905,Colcapirhua,2009,9,5 a 9 anos / MASCULINO,0
La Paz,21401,Coroico,2009,9,5 a 9 anos / MASCULINO,0
La Paz,20105,El Alto,2009,9,5 a 9 anos / MASCULINO,0
Tarija,60502,El Puente(tja),2009,9,5 a 9 anos / MASCULINO,0
Pando,90203,Filadelfia,2009,9,5 a 9 anos / MASCULINO,0
Chuquisaca,10502,Huacareta,2009,9,5 a 9 anos / MASCULINO,0
La Paz,20101,La Paz,2009,9,5 a 9 anos / MASCULINO,0
Chuquisaca,10501,Monteagudo,2009,9,5 a 9 anos / MASCULINO,0
Potosí,50101,Potosi,2009,9,5 a 9 anos / MASCULINO,0
Santa Cruz,71401,Puerto Suarez,2009,9,5 a 9 anos / MASCULINO,0
Cochabamba,31205,Puerto Villarroel,2009,9,5 a 9 anos / MASCULINO,0
Cochabamba,31001,Sacaba,2009,9,5 a 9 anos / MASCULINO,0
Potosí,50701,Sacaca,2009,9,5 a 9 anos / MASCULINO,0
Santa Cruz,70301,San Ignacio De Velasco,2009,9,5 a 9 anos / MASCULINO,0
Santa Cruz,70302,San Miguel De Velasco,2009,9,5 a 9 anos / MASCULINO,0
Santa Cruz,70101,Santa Cruz De La Sierra,2009,9,5 a 9 anos / MASCULINO,0
Chuquisaca,10101,Sucre,2009,9,5 a 9 anos / MASCULINO,0
Tarija,60101,Tarija,2009,9,5 a 9 anos / MASCULINO,0
Beni,80101,Trinidad,2009,9,5 a 9 anos / MASCULINO,0
Tarija,60303,Villa Montes,2009,9,5 a 9 anos / MASCULINO,0
Cochabamba,30904,Vinto,2009,9,5 a 9 anos / MASCULINO,0
Tarija,60301,Yacuiba,2009,9,5 a 9 anos / MASCULINO,0
Cochabamba,30201,Aiquile,2009,10,5 a 9 anos / MASCULINO,0
Tarija,60202,Bermejo,2009,10,5 a 9 anos / MASCULINO,0
Potosí,50301,Betanzos,2009,10,5 a 9 anos / MASCULINO,0
Santa Cruz,70706,Camiri,2009,10,5 a 9 anos / MASCULINO,0
La Paz,20305,Charaña,2009,10,5 a 9 anos / MASCULINO,0
La Paz,20501,Chuma,2009,10,5 a 9 anos / MASCULINO,0
Pando,90101,Cobija,2009,10,5 a 9 anos / MASCULINO,0
Cochabamba,30101,Cochabamba,2009,10,5 a 9 anos / MASCULINO,0
Cochabamba,31002,Colomi,2009,10,5 a 9 anos / MASCULINO,0
Santa Cruz,71301,Comarapa,2009,10,5 a 9 anos / MASCULINO,0
La Paz,20105,El Alto,2009,10,5 a 9 anos / MASCULINO,0
La Paz,21105,La Asunta,2009,10,5 a 9 anos / MASCULINO,0
La Paz,20101,La Paz,2009,10,5 a 9 anos / MASCULINO,1
Chuquisaca,11003,Machareti,2009,10,5 a 9 anos / MASCULINO,0
Santa Cruz,71001,Montero,2009,10,5 a 9 anos / MASCULINO,0
Cochabamba,30302,Morochata,2009,10,5 a 9 anos / MASCULINO,0
Oruro,40101,Oruro,2009,10,5 a 9 anos / MASCULINO,0
La Paz,20102,Palca,2009,10,5 a 9 anos / MASCULINO,0
La Paz,21104,Palos Blancos,2009,10,5 a 9 anos / MASCULINO,0
Potosí,50101,Potosi,2009,10,5 a 9 anos / MASCULINO,0
Santa Cruz,71401,Puerto Suarez,2009,10,5 a 9 anos / MASCULINO,0
Cochabamba,31205,Puerto Villarroel,2009,10,5 a 9 anos / MASCULINO,0
Santa Cruz,70503,Robore,2009,10,5 a 9 anos / MASCULINO,0
Cochabamba,31001,Sacaba,2009,10,5 a 9 anos / MASCULINO,0
Santa Cruz,70101,Santa Cruz De La Sierra,2009,10,5 a 9 anos / MASCULINO,0
Chuquisaca,10101,Sucre,2009,10,5 a 9 anos / MASCULINO,0
Tarija,60101,Tarija,2009,10,5 a 9 anos / MASCULINO,0
La Paz,20606,Tipuani,2009,10,5 a 9 anos / MASCULINO,0
Beni,80101,Trinidad,2009,10,5 a 9 anos / MASCULINO,0
Oruro,40402,Turco,2009,10,5 a 9 anos / MASCULINO,0
Cochabamba,30502,Vacas,2009,10,5 a 9 anos / MASCULINO,0
Tarija,60303,Villa Montes,2009,10,5 a 9 anos / MASCULINO,0
Cochabamba,31003,Villa Tunari,2009,10,5 a 9 anos / MASCULINO,0
Potosí,51501,Villazon,2009,10,5 a 9 anos / MASCULINO,0
Tarija,60202,Bermejo,2009,11,5 a 9 anos / MASCULINO,0
Santa Cruz,70706,Camiri,2009,11,5 a 9 anos / MASCULINO,0
La Paz,20305,Charaña,2009,11,5 a 9 anos / MASCULINO,0
Pando,90101,Cobija,2009,11,5 a 9 anos / MASCULINO,0
Cochabamba,30101,Cochabamba,2009,11,5 a 9 anos / MASCULINO,0
La Paz,21401,Coroico,2009,11,5 a 9 anos / MASCULINO,0
La Paz,20105,El Alto,2009,11,5 a 9 anos / MASCULINO,0
Santa Cruz,70105,El Torno,2009,11,5 a 9 anos / MASCULINO,0
La Paz,20101,La Paz,2009,11,5 a 9 anos / MASCULINO,0
Cochabamba,31301,Mizque,2009,11,5 a 9 anos / MASCULINO,0
Santa Cruz,71001,Montero,2009,11,5 a 9 anos / MASCULINO,0
Oruro,40101,Oruro,2009,11,5 a 9 anos / MASCULINO,0
La Paz,20102,Palca,2009,11,5 a 9 anos / MASCULINO,0
La Paz,21104,Palos Blancos,2009,11,5 a 9 anos / MASCULINO,0
Potosí,50101,Potosi,2009,11,5 a 9 anos / MASCULINO,0
Beni,80703,Puerto Siles,2009,11,5 a 9 anos / MASCULINO,0
Cochabamba,31401,Punata,2009,11,5 a 9 anos / MASCULINO,0
Cochabamba,31001,Sacaba,2009,11,5 a 9 anos / MASCULINO,0
Beni,80501,San Ignacio,2009,11,5 a 9 anos / MASCULINO,0
Santa Cruz,70301,San Ignacio De Velasco,2009,11,5 a 9 anos / MASCULINO,0
Santa Cruz,70303,San Rafael,2009,11,5 a 9 anos / MASCULINO,0
Santa Cruz,70101,Santa Cruz De La Sierra,2009,11,5 a 9 anos / MASCULINO,0
Chuquisaca,10101,Sucre,2009,11,5 a 9 anos / MASCULINO,0
Tarija,60101,Tarija,2009,11,5 a 9 anos / MASCULINO,0
Chuquisaca,10402,Tomina,2009,11,5 a 9 anos / MASCULINO,0
Beni,80101,Trinidad,2009,11,5 a 9 anos / MASCULINO,0
Tarija,60303,Villa Montes,2009,11,5 a 9 anos / MASCULINO,0
Potosí,51501,Villazon,2009,11,5 a 9 anos / MASCULINO,0
Tarija,60301,Yacuiba,2009,11,5 a 9 anos / MASCULINO,0
Beni,80802,Baures,2009,12,5 a 9 anos / MASCULINO,0
Tarija,60202,Bermejo,2009,12,5 a 9 anos / MASCULINO,0
Santa Cruz,70706,Camiri,2009,12,5 a 9 anos / MASCULINO,0
Tarija,60302,Carapari,2009,12,5 a 9 anos / MASCULINO,0
La Paz,20501,Chuma,2009,12,5 a 9 anos / MASCULINO,0
Pando,90101,Cobija,2009,12,5 a 9 anos / MASCULINO,0
Cochabamba,30101,Cochabamba,2009,12,5 a 9 anos / MASCULINO,0
Cochabamba,31002,Colomi,2009,12,5 a 9 anos / MASCULINO,0
La Paz,21401,Coroico,2009,12,5 a 9 anos / MASCULINO,0
La Paz,20105,El Alto,2009,12,5 a 9 anos / MASCULINO,0
Chuquisaca,10502,Huacareta,2009,12,5 a 9 anos / MASCULINO,0
La Paz,21102,Irupana (villa De Lanza),2009,12,5 a 9 anos / MASCULINO,0
La Paz,21105,La Asunta,2009,12,5 a 9 anos / MASCULINO,0
La Paz,20101,La Paz,2009,12,5 a 9 anos / MASCULINO,1
Chuquisaca,10303,Mojocoya,2009,12,5 a 9 anos / MASCULINO,0
Santa Cruz,71001,Montero,2009,12,5 a 9 anos / MASCULINO,0
Oruro,40101,Oruro,2009,12,5 a 9 anos / MASCULINO,0
Santa Cruz,70902,Pampa Grande,2009,12,5 a 9 anos / MASCULINO,0
Potosí,50101,Potosi,2009,12,5 a 9 anos / MASCULINO,0
Santa Cruz,71401,Puerto Suarez,2009,12,5 a 9 anos / MASCULINO,0
Cochabamba,31205,Puerto Villarroel,2009,12,5 a 9 anos / MASCULINO,0
Cochabamba,31401,Punata,2009,12,5 a 9 anos / MASCULINO,0
Cochabamba,31001,Sacaba,2009,12,5 a 9 anos / MASCULINO,0
Santa Cruz,70301,San Ignacio De Velasco,2009,12,5 a 9 anos / MASCULINO,0
Santa Cruz,70302,San Miguel De Velasco,2009,12,5 a 9 anos / MASCULINO,0
Santa Cruz,70101,Santa Cruz De La Sierra,2009,12,5 a 9 anos / MASCULINO,0
Chuquisaca,10101,Sucre,2009,12,5 a 9 anos / MASCULINO,0
Tarija,60101,Tarija,2009,12,5 a 9 anos / MASCULINO,0
Cochabamba,30802,Toco,2009,12,5 a 9 anos / MASCULINO,0
Potosí,50502,Toro Toro,2009,12,5 a 9 anos / MASCULINO,0
Beni,80101,Trinidad,2009,12,5 a 9 anos / MASCULINO,0
Cochabamba,30502,Vacas,2009,12,5 a 9 anos / MASCULINO,0
Tarija,60303,Villa Montes,2009,12,5 a 9 anos / MASCULINO,1
Cochabamba,31003,Villa Tunari,2009,12,5 a 9 anos / MASCULINO,0
Cochabamba,30904,Vinto,2009,12,5 a 9 anos / MASCULINO,0
Tarija,60301,Yacuiba,2009,12,5 a 9 anos / MASCULINO,0
La Paz,20202,Ancoraimes,2009,1,5 a 9 anos / FEMENINO,0
Tarija,60202,Bermejo,2009,1,5 a 9 anos / FEMENINO,0
Cochabamba,30101,Cochabamba,2009,1,5 a 9 anos / FEMENINO,0
La Paz,20804,Desaguadero,2009,1,5 a 9 anos / FEMENINO,0
La Paz,20105,El Alto,2009,1,5 a 9 anos / FEMENINO,0
La Paz,20101,La Paz,2009,1,5 a 9 anos / FEMENINO,0
Beni,80801,Magdalena,2009,1,5 a 9 anos / FEMENINO,0
Oruro,40101,Oruro,2009,1,5 a 9 anos / FEMENINO,0
Chuquisaca,10103,Poroma,2009,1,5 a 9 anos / FEMENINO,0
Potosí,50101,Potosi,2009,1,5 a 9 anos / FEMENINO,0
Santa Cruz,71402,Puerto Quijarro,2009,1,5 a 9 anos / FEMENINO,0
Santa Cruz,71401,Puerto Suarez,2009,1,5 a 9 anos / FEMENINO,0
Cochabamba,31001,Sacaba,2009,1,5 a 9 anos / FEMENINO,0
Potosí,50701,Sacaca,2009,1,5 a 9 anos / FEMENINO,0
Santa Cruz,70402,San Carlos,2009,1,5 a 9 anos / FEMENINO,0
Santa Cruz,70301,San Ignacio De Velasco,2009,1,5 a 9 anos / FEMENINO,0
Santa Cruz,70303,San Rafael,2009,1,5 a 9 anos / FEMENINO,0
Santa Cruz,70101,Santa Cruz De La Sierra,2009,1,5 a 9 anos / FEMENINO,0
Chuquisaca,10101,Sucre,2009,1,5 a 9 anos / FEMENINO,0
Tarija,60101,Tarija,2009,1,5 a 9 anos / FEMENINO,0
Oruro,40402,Turco,2009,1,5 a 9 anos / FEMENINO,0
Tarija,60303,Villa Montes,2009,1,5 a 9 anos / FEMENINO,0
Chuquisaca,11001,Villa Vaca Guzman (muyupampa),2009,1,5 a 9 anos / FEMENINO,0
Tarija,60301,Yacuiba,2009,1,5 a 9 anos / FEMENINO,0
La Paz,20201,Achacachi,2009,2,5 a 9 anos / FEMENINO,0
Chuquisaca,10201,Azurduy,2009,2,5 a 9 anos / FEMENINO,0
Santa Cruz,70706,Camiri,2009,2,5 a 9 anos / FEMENINO,0
Cochabamba,30101,Cochabamba,2009,2,5 a 9 anos / FEMENINO,0
Cochabamba,30905,Colcapirhua,2009,2,5 a 9 anos / FEMENINO,0
La Paz,20105,El Alto,2009,2,5 a 9 anos / FEMENINO,0
Beni,80402,Exaltacion,2009,2,5 a 9 anos / FEMENINO,0
Chuquisaca,11002,Huacaya (villa De Huacaya),2009,2,5 a 9 anos / FEMENINO,0
La Paz,21105,La Asunta,2009,2,5 a 9 anos / FEMENINO,0
La Paz,20101,La Paz,2009,2,5 a 9 anos / FEMENINO,0
Santa Cruz,71001,Montero,2009,2,5 a 9 anos / FEMENINO,0
Oruro,40101,Oruro,2009,2,5 a 9 anos / FEMENINO,0
Cochabamba,31202,Pojo (cbba),2009,2,5 a 9 anos / FEMENINO,0
Potosí,50101,Potosi,2009,2,5 a 9 anos / FEMENINO,0
Santa Cruz,71401,Puerto Suarez,2009,2,5 a 9 anos / FEMENINO,0
Potosí,51101,Puna,2009,2,5 a 9 anos / FEMENINO,0
Oruro,40901,Sabaya,2009,2,5 a 9 anos / FEMENINO,0
Cochabamba,31001,Sacaba,2009,2,5 a 9 anos / FEMENINO,0
Beni,80602,San Andres,2009,2,5 a 9 anos / FEMENINO,0
Santa Cruz,70301,San Ignacio De Velasco,2009,2,5 a 9 anos / FEMENINO,0
Chuquisaca,10702,San Lucas,2009,2,5 a 9 anos / FEMENINO,0
Santa Cruz,70302,San Miguel De Velasco,2009,2,5 a 9 anos / FEMENINO,0
Santa Cruz,70101,Santa Cruz De La Sierra,2009,2,5 a 9 anos / FEMENINO,0
La Paz,20902,Sapahaqui,2009,2,5 a 9 anos / FEMENINO,0
Tarija,60101,Tarija,2009,2,5 a 9 anos / FEMENINO,0
Cochabamba,30903,Tiquipaya,2009,2,5 a 9 anos / FEMENINO,0
Beni,80101,Trinidad,2009,2,5 a 9 anos / FEMENINO,0
Potosí,50201,Uncia,2009,2,5 a 9 anos / FEMENINO,0
Tarija,60303,Villa Montes,2009,2,5 a 9 anos / FEMENINO,0
Potosí,51501,Villazon,2009,2,5 a 9 anos / FEMENINO,0
Cochabamba,30904,Vinto,2009,2,5 a 9 anos / FEMENINO,0
La Paz,20903,Yaco,2009,2,5 a 9 anos / FEMENINO,0
Tarija,60301,Yacuiba,2009,2,5 a 9 anos / FEMENINO,0
La Paz,20502,Ayata,2009,3,5 a 9 anos / FEMENINO,0
La Paz,20905,Cairoma,2009,3,5 a 9 anos / FEMENINO,0
Santa Cruz,70706,Camiri,2009,3,5 a 9 anos / FEMENINO,0
La Paz,20501,Chuma,2009,3,5 a 9 anos / FEMENINO,0
Pando,90101,Cobija,2009,3,5 a 9 anos / FEMENINO,0
Cochabamba,30101,Cochabamba,2009,3,5 a 9 anos / FEMENINO,0
Oruro,40301,Corque,2009,3,5 a 9 anos / FEMENINO,0
La Paz,20105,El Alto,2009,3,5 a 9 anos / FEMENINO,0
Beni,80202,Guayaramerin,2009,3,5 a 9 anos / FEMENINO,0
La Paz,20101,La Paz,2009,3,5 a 9 anos / FEMENINO,0
La Paz,20901,Luribay,2009,3,5 a 9 anos / FEMENINO,0
La Paz,20607,Mapiri,2009,3,5 a 9 anos / FEMENINO,0
Chuquisaca,10501,Monteagudo,2009,3,5 a 9 anos / FEMENINO,0
Oruro,40101,Oruro,2009,3,5 a 9 anos / FEMENINO,0
La Paz,21104,Palos Blancos,2009,3,5 a 9 anos / FEMENINO,0
Santa Cruz,70601,Portachuelo,2009,3,5 a 9 anos / FEMENINO,0
Potosí,50101,Potosi,2009,3,5 a 9 anos / FEMENINO,0
Santa Cruz,71402,Puerto Quijarro,2009,3,5 a 9 anos / FEMENINO,0
Beni,80703,Puerto Siles,2009,3,5 a 9 anos / FEMENINO,0
Beni,80201,Riberalta,2009,3,5 a 9 anos / FEMENINO,0
Cochabamba,31001,Sacaba,2009,3,5 a 9 anos / FEMENINO,0
Santa Cruz,70901,Samaipata,2009,3,5 a 9 anos / FEMENINO,0
Santa Cruz,70301,San Ignacio De Velasco,2009,3,5 a 9 anos / FEMENINO,0
Santa Cruz,70303,San Rafael,2009,3,5 a 9 anos / FEMENINO,0
Beni,80401,Santa Ana,2009,3,5 a 9 anos / FEMENINO,0
Santa Cruz,70101,Santa Cruz De La Sierra,2009,3,5 a 9 anos / FEMENINO,0
Chuquisaca,10101,Sucre,2009,3,5 a 9 anos / FEMENINO,0
Tarija,60101,Tarija,2009,3,5 a 9 anos / FEMENINO,0
Potosí,50502,Toro Toro,2009,3,5 a 9 anos / FEMENINO,0
Beni,80101,Trinidad,2009,3,5 a 9 anos / FEMENINO,0
Oruro,40402,Turco,2009,3,5 a 9 anos / FEMENINO,0
Tarija,60303,Villa Montes,2009,3,5 a 9 anos / FEMENINO,0
Chuquisaca,11001,Villa Vaca Guzman (muyupampa),2009,3,5 a 9 anos / FEMENINO,0
Potosí,51501,Villazon,2009,3,5 a 9 anos / FEMENINO,0
Cochabamba,30904,Vinto,2009,3,5 a 9 anos / FEMENINO,0
Tarija,60301,Yacuiba,2009,3,5 a 9 anos / FEMENINO,0
La Paz,21103,Yanacachi,2009,3,5 a 9 anos / FEMENINO,0
Tarija,60202,Bermejo,2009,4,5 a 9 anos / FEMENINO,0
Santa Cruz,70706,Camiri,2009,4,5 a 9 anos / FEMENINO,0
Santa Cruz,71403,Carmen Rivero Torrez,2009,4,5 a 9 anos / FEMENINO,0
La Paz,20501,Chuma,2009,4,5 a 9 anos / FEMENINO,0
Pando,90101,Cobija,2009,4,5 a 9 anos / FEMENINO,0
Cochabamba,30101,Cochabamba,2009,4,5 a 9 anos / FEMENINO,0
La Paz,20105,El Alto,2009,4,5 a 9 anos / FEMENINO,0
Chuquisaca,10502,Huacareta,2009,4,5 a 9 anos / FEMENINO,0
La Paz,21102,Irupana (villa De Lanza),2009,4,5 a 9 anos / FEMENINO,0
La Paz,20101,La Paz,2009,4,5 a 9 anos / FEMENINO,0
Chuquisaca,10501,Monteagudo,2009,4,5 a 9 anos / FEMENINO,0
Santa Cruz,71001,Montero,2009,4,5 a 9 anos / FEMENINO,0
Oruro,40101,Oruro,2009,4,5 a 9 anos / FEMENINO,0
Potosí,50403,Pocoata,2009,4,5 a 9 anos / FEMENINO,0
Potosí,50101,Potosi,2009,4,5 a 9 anos / FEMENINO,0
Santa Cruz,71402,Puerto Quijarro,2009,4,5 a 9 anos / FEMENINO,0
Santa Cruz,71401,Puerto Suarez,2009,4,5 a 9 anos / FEMENINO,0
Cochabamba,31205,Puerto Villarroel,2009,4,5 a 9 anos / FEMENINO,0
Cochabamba,31401,Punata,2009,4,5 a 9 anos / FEMENINO,0
Santa Cruz,70503,Robore,2009,4,5 a 9 anos / FEMENINO,0
Beni,80304,Rurrenabaque,2009,4,5 a 9 anos / FEMENINO,0
Cochabamba,31001,Sacaba,2009,4,5 a 9 anos / FEMENINO,0
Potosí,50701,Sacaca,2009,4,5 a 9 anos / FEMENINO,0
Santa Cruz,70901,Samaipata,2009,4,5 a 9 anos / FEMENINO,0
Santa Cruz,70301,San Ignacio De Velasco,2009,4,5 a 9 anos / FEMENINO,0
Santa Cruz,70302,San Miguel De Velasco,2009,4,5 a 9 anos / FEMENINO,0
Beni,80401,Santa Ana,2009,4,5 a 9 anos / FEMENINO,0
Santa Cruz,70101,Santa Cruz De La Sierra,2009,4,5 a 9 anos / FEMENINO,0
La Paz,20902,Sapahaqui,2009,4,5 a 9 anos / FEMENINO,0
Tarija,60101,Tarija,2009,4,5 a 9 anos / FEMENINO,0
Beni,80101,Trinidad,2009,4,5 a 9 anos / FEMENINO,0
Cochabamba,31302,Vila Vila,2009,4,5 a 9 anos / FEMENINO,0
Tarija,60303,Villa Montes,2009,4,5 a 9 anos / FEMENINO,0
Chuquisaca,10801,Villa Serrano,2009,4,5 a 9 anos / FEMENINO,0
Potosí,51501,Villazon,2009,4,5 a 9 anos / FEMENINO,0
Cochabamba,30904,Vinto,2009,4,5 a 9 anos / FEMENINO,0
Tarija,60301,Yacuiba,2009,4,5 a 9 anos / FEMENINO,0
La Paz,20202,Ancoraimes,2009,5,5 a 9 anos / FEMENINO,0
La Paz,20502,Ayata,2009,5,5 a 9 anos / FEMENINO,0
Santa Cruz,70706,Camiri,2009,5,5 a 9 anos / FEMENINO,0
Pando,90101,Cobija,2009,5,5 a 9 anos / FEMENINO,0
Cochabamba,30101,Cochabamba,2009,5,5 a 9 anos / FEMENINO,0
Cochabamba,30905,Colcapirhua,2009,5,5 a 9 anos / FEMENINO,0
La Paz,20105,El Alto,2009,5,5 a 9 anos / FEMENINO,0
Santa Cruz,70105,El Torno,2009,5,5 a 9 anos / FEMENINO,0
Chuquisaca,10304,Icla,2009,5,5 a 9 anos / FEMENINO,0
La Paz,20101,La Paz,2009,5,5 a 9 anos / FEMENINO,0
La Paz,21006,Licoma Pampa,2009,5,5 a 9 anos / FEMENINO,0
Santa Cruz,71003,Mineros,2009,5,5 a 9 anos / FEMENINO,0
Santa Cruz,71001,Montero,2009,5,5 a 9 anos / FEMENINO,0
Oruro,40101,Oruro,2009,5,5 a 9 anos / FEMENINO,0
Potosí,50101,Potosi,2009,5,5 a 9 anos / FEMENINO,0
Santa Cruz,70805,Pucara,2009,5,5 a 9 anos / FEMENINO,0
Cochabamba,31001,Sacaba,2009,5,5 a 9 anos / FEMENINO,0
Beni,80501,San Ignacio,2009,5,5 a 9 anos / FEMENINO,0
Santa Cruz,70301,San Ignacio De Velasco,2009,5,5 a 9 anos / FEMENINO,0
Santa Cruz,70101,Santa Cruz De La Sierra,2009,5,5 a 9 anos / FEMENINO,0
Cochabamba,30902,Sipe Sipe,2009,5,5 a 9 anos / FEMENINO,0
Tarija,60101,Tarija,2009,5,5 a 9 anos / FEMENINO,0
Chuquisaca,10202,Tarvita,2009,5,5 a 9 anos / FEMENINO,0
Potosí,50502,Toro Toro,2009,5,5 a 9 anos / FEMENINO,0
Beni,80101,Trinidad,2009,5,5 a 9 anos / FEMENINO,0
Cochabamba,30502,Vacas,2009,5,5 a 9 anos / FEMENINO,0
Tarija,60303,Villa Montes,2009,5,5 a 9 anos / FEMENINO,0
Cochabamba,31402,Villa Rivero,2009,5,5 a 9 anos / FEMENINO,0
Cochabamba,31003,Villa Tunari,2009,5,5 a 9 anos / FEMENINO,0
Cochabamba,30904,Vinto,2009,5,5 a 9 anos / FEMENINO,0
Tarija,60301,Yacuiba,2009,5,5 a 9 anos / FEMENINO,0
Chuquisaca,10301,Zudañez,2009,5,5 a 9 anos / FEMENINO,0
La Paz,20905,Cairoma,2009,6,5 a 9 anos / FEMENINO,0
Santa Cruz,70706,Camiri,2009,6,5 a 9 anos / FEMENINO,0
La Paz,21101,Chulumani (v. De La Libertad),2009,6,5 a 9 anos / FEMENINO,0
Pando,90101,Cobija,2009,6,5 a 9 anos / FEMENINO,0
Cochabamba,30101,Cochabamba,2009,6,5 a 9 anos / FEMENINO,0
La Paz,21401,Coroico,2009,6,5 a 9 anos / FEMENINO,0
La Paz,20105,El Alto,2009,6,5 a 9 anos / FEMENINO,0
Chuquisaca,10502,Huacareta,2009,6,5 a 9 anos / FEMENINO,0
La Paz,21102,Irupana (villa De Lanza),2009,6,5 a 9 anos / FEMENINO,0
La Paz,20101,La Paz,2009,6,5 a 9 anos / FEMENINO,0
La Paz,20901,Luribay,2009,6,5 a 9 anos / FEMENINO,0
La Paz,20103,Mecapaca,2009,6,5 a 9 anos / FEMENINO,0
Chuquisaca,10501,Monteagudo,2009,6,5 a 9 anos / FEMENINO,0
Santa Cruz,71001,Montero,2009,6,5 a 9 anos / FEMENINO,0
Oruro,40101,Oruro,2009,6,5 a 9 anos / FEMENINO,0
Potosí,50101,Potosi,2009,6,5 a 9 anos / FEMENINO,0
Pando,90301,Puerto Gonzalo Moreno,2009,6,5 a 9 anos / FEMENINO,0
Potosí,50402,Ravelo,2009,6,5 a 9 anos / FEMENINO,0
Cochabamba,31001,Sacaba,2009,6,5 a 9 anos / FEMENINO,0
Potosí,50701,Sacaca,2009,6,5 a 9 anos / FEMENINO,0
Beni,80501,San Ignacio,2009,6,5 a 9 anos / FEMENINO,0
Santa Cruz,70301,San Ignacio De Velasco,2009,6,5 a 9 anos / FEMENINO,0
Santa Cruz,70302,San Miguel De Velasco,2009,6,5 a 9 anos / FEMENINO,0
Santa Cruz,70101,Santa Cruz De La Sierra,2009,6,5 a 9 anos / FEMENINO,0
Chuquisaca,10101,Sucre,2009,6,5 a 9 anos / FEMENINO,0
Tarija,60101,Tarija,2009,6,5 a 9 anos / FEMENINO,0
Chuquisaca,10202,Tarvita,2009,6,5 a 9 anos / FEMENINO,0
Beni,80101,Trinidad,2009,6,5 a 9 anos / FEMENINO,0
Tarija,60303,Villa Montes,2009,6,5 a 9 anos / FEMENINO,0
Tarija,60301,Yacuiba,2009,6,5 a 9 anos / FEMENINO,0
La Paz,20201,Achacachi,2009,7,5 a 9 anos / FEMENINO,0
Oruro,41201,Andamarca,2009,7,5 a 9 anos / FEMENINO,0
Tarija,60202,Bermejo,2009,7,5 a 9 anos / FEMENINO,0
Santa Cruz,70706,Camiri,2009,7,5 a 9 anos / FEMENINO,0
Santa Cruz,71403,Carmen Rivero Torrez,2009,7,5 a 9 anos / FEMENINO,0
Santa Cruz,70702,Charagua,2009,7,5 a 9 anos / FEMENINO,0
Pando,90101,Cobija,2009,7,5 a 9 anos / FEMENINO,0
Cochabamba,30101,Cochabamba,2009,7,5 a 9 anos / FEMENINO,0
Cochabamba,30905,Colcapirhua,2009,7,5 a 9 anos / FEMENINO,0
La Paz,20105,El Alto,2009,7,5 a 9 anos / FEMENINO,0
Tarija,60601,Entre Rios,2009,7,5 a 9 anos / FEMENINO,0
La Paz,21102,Irupana (villa De Lanza),2009,7,5 a 9 anos / FEMENINO,0
La Paz,20101,La Paz,2009,7,5 a 9 anos / FEMENINO,0
Chuquisaca,10501,Monteagudo,2009,7,5 a 9 anos / FEMENINO,0
Oruro,40101,Oruro,2009,7,5 a 9 anos / FEMENINO,0
Santa Cruz,70502,Pailon,2009,7,5 a 9 anos / FEMENINO,0
La Paz,21104,Palos Blancos,2009,7,5 a 9 anos / FEMENINO,0
Potosí,50101,Potosi,2009,7,5 a 9 anos / FEMENINO,0
Pando,90301,Puerto Gonzalo Moreno,2009,7,5 a 9 anos / FEMENINO,0
Santa Cruz,71402,Puerto Quijarro,2009,7,5 a 9 anos / FEMENINO,0
Cochabamba,31205,Puerto Villarroel,2009,7,5 a 9 anos / FEMENINO,0
Cochabamba,31401,Punata,2009,7,5 a 9 anos / FEMENINO,0
Cochabamba,31001,Sacaba,2009,7,5 a 9 anos / FEMENINO,0
Beni,80302,San Borja,2009,7,5 a 9 anos / FEMENINO,0
Santa Cruz,70301,San Ignacio De Velasco,2009,7,5 a 9 anos / FEMENINO,0
Santa Cruz,70302,San Miguel De Velasco,2009,7,5 a 9 anos / FEMENINO,0
Santa Cruz,70101,Santa Cruz De La Sierra,2009,7,5 a 9 anos / FEMENINO,0
La Paz,20601,Sorata,2009,7,5 a 9 anos / FEMENINO,0
Tarija,60101,Tarija,2009,7,5 a 9 anos / FEMENINO,0
La Paz,20606,Tipuani,2009,7,5 a 9 anos / FEMENINO,0
Beni,80101,Trinidad,2009,7,5 a 9 anos / FEMENINO,0
Oruro,40402,Turco,2009,7,5 a 9 anos / FEMENINO,0
Tarija,60401,Uriondo (a. Concepcion),2009,7,5 a 9 anos / FEMENINO,0
Tarija,60303,Villa Montes,2009,7,5 a 9 anos / FEMENINO,0
Potosí,51501,Villazon,2009,7,5 a 9 anos / FEMENINO,0
Tarija,60301,Yacuiba,2009,7,5 a 9 anos / FEMENINO,0
Santa Cruz,70706,Camiri,2009,8,5 a 9 anos / FEMENINO,0
Pando,90101,Cobija,2009,8,5 a 9 anos / FEMENINO,0
Cochabamba,30101,Cochabamba,2009,8,5 a 9 anos / FEMENINO,0
Cochabamba,30905,Colcapirhua,2009,8,5 a 9 anos / FEMENINO,0
Santa Cruz,71106,Cuatro Cañadas,2009,8,5 a 9 anos / FEMENINO,0
La Paz,20105,El Alto,2009,8,5 a 9 anos / FEMENINO,0
La Paz,20101,La Paz,2009,8,5 a 9 anos / FEMENINO,0
Beni,80801,Magdalena,2009,8,5 a 9 anos / FEMENINO,0
Santa Cruz,71003,Mineros,2009,8,5 a 9 anos / FEMENINO,0
Cochabamba,31301,Mizque,2009,8,5 a 9 anos / FEMENINO,0
Santa Cruz,71001,Montero,2009,8,5 a 9 anos / FEMENINO,0
Oruro,40101,Oruro,2009,8,5 a 9 anos / FEMENINO,0
La Paz,21104,Palos Blancos,2009,8,5 a 9 anos / FEMENINO,0
Potosí,50101,Potosi,2009,8,5 a 9 anos / FEMENINO,0
Cochabamba,31205,Puerto Villarroel,2009,8,5 a 9 anos / FEMENINO,0
Cochabamba,31001,Sacaba,2009,8,5 a 9 anos / FEMENINO,0
Santa Cruz,70301,San Ignacio De Velasco,2009,8,5 a 9 anos / FEMENINO,0
Santa Cruz,70404,San Juan De Yapacani,2009,8,5 a 9 anos / FEMENINO,0
Santa Cruz,70101,Santa Cruz De La Sierra,2009,8,5 a 9 anos / FEMENINO,0
Beni,80303,Santa Rosa,2009,8,5 a 9 anos / FEMENINO,0
La Paz,20902,Sapahaqui,2009,8,5 a 9 anos / FEMENINO,0
Chuquisaca,10101,Sucre,2009,8,5 a 9 anos / FEMENINO,0
Tarija,60101,Tarija,2009,8,5 a 9 anos / FEMENINO,0
Beni,80101,Trinidad,2009,8,5 a 9 anos / FEMENINO,0
Potosí,50801,Tupiza,2009,8,5 a 9 anos / FEMENINO,0
Tarija,60303,Villa Montes,2009,8,5 a 9 anos / FEMENINO,0
Tarija,60301,Yacuiba,2009,8,5 a 9 anos / FEMENINO,0
Tarija,60202,Bermejo,2009,9,5 a 9 anos / FEMENINO,0
Santa Cruz,70707,Boyuibe,2009,9,5 a 9 anos / FEMENINO,0
Chuquisaca,10701,Camargo,2009,9,5 a 9 anos / FEMENINO,0
Santa Cruz,70706,Camiri,2009,9,5 a 9 anos / FEMENINO,0
Cochabamba,30801,Cliza,2009,9,5 a 9 anos / FEMENINO,0
Pando,90101,Cobija,2009,9,5 a 9 anos / FEMENINO,0
Cochabamba,30101,Cochabamba,2009,9,5 a 9 anos / FEMENINO,0
Cochabamba,30905,Colcapirhua,2009,9,5 a 9 anos / FEMENINO,0
La Paz,21401,Coroico,2009,9,5 a 9 anos / FEMENINO,0
La Paz,20105,El Alto,2009,9,5 a 9 anos / FEMENINO,0
Tarija,60502,El Puente(tja),2009,9,5 a 9 anos / FEMENINO,0
Pando,90203,Filadelfia,2009,9,5 a 9 anos / FEMENINO,0
Chuquisaca,10502,Huacareta,2009,9,5 a 9 anos / FEMENINO,0
La Paz,20101,La Paz,2009,9,5 a 9 anos / FEMENINO,0
Chuquisaca,10501,Monteagudo,2009,9,5 a 9 anos / FEMENINO,0
Potosí,50101,Potosi,2009,9,5 a 9 anos / FEMENINO,0
Santa Cruz,71401,Puerto Suarez,2009,9,5 a 9 anos / FEMENINO,0
Cochabamba,31205,Puerto Villarroel,2009,9,5 a 9 anos / FEMENINO,0
Cochabamba,31001,Sacaba,2009,9,5 a 9 anos / FEMENINO,0
Potosí,50701,Sacaca,2009,9,5 a 9 anos / FEMENINO,0
Santa Cruz,70301,San Ignacio De Velasco,2009,9,5 a 9 anos / FEMENINO,0
Santa Cruz,70302,San Miguel De Velasco,2009,9,5 a 9 anos / FEMENINO,0
Santa Cruz,70101,Santa Cruz De La Sierra,2009,9,5 a 9 anos / FEMENINO,0
Chuquisaca,10101,Sucre,2009,9,5 a 9 anos / FEMENINO,0
Tarija,60101,Tarija,2009,9,5 a 9 anos / FEMENINO,0
Beni,80101,Trinidad,2009,9,5 a 9 anos / FEMENINO,0
Tarija,60303,Villa Montes,2009,9,5 a 9 anos / FEMENINO,0
Cochabamba,30904,Vinto,2009,9,5 a 9 anos / FEMENINO,0
Tarija,60301,Yacuiba,2009,9,5 a 9 anos / FEMENINO,0
Cochabamba,30201,Aiquile,2009,10,5 a 9 anos / FEMENINO,0
Tarija,60202,Bermejo,2009,10,5 a 9 anos / FEMENINO,0
Potosí,50301,Betanzos,2009,10,5 a 9 anos / FEMENINO,0
Santa Cruz,70706,Camiri,2009,10,5 a 9 anos / FEMENINO,0
La Paz,20305,Charaña,2009,10,5 a 9 anos / FEMENINO,0
La Paz,20501,Chuma,2009,10,5 a 9 anos / FEMENINO,0
Pando,90101,Cobija,2009,10,5 a 9 anos / FEMENINO,0
Cochabamba,30101,Cochabamba,2009,10,5 a 9 anos / FEMENINO,0
Cochabamba,31002,Colomi,2009,10,5 a 9 anos / FEMENINO,0
Santa Cruz,71301,Comarapa,2009,10,5 a 9 anos / FEMENINO,0
La Paz,20105,El Alto,2009,10,5 a 9 anos / FEMENINO,0
La Paz,21105,La Asunta,2009,10,5 a 9 anos / FEMENINO,0
La Paz,20101,La Paz,2009,10,5 a 9 anos / FEMENINO,0
Chuquisaca,11003,Machareti,2009,10,5 a 9 anos / FEMENINO,0
Santa Cruz,71001,Montero,2009,10,5 a 9 anos / FEMENINO,0
Cochabamba,30302,Morochata,2009,10,5 a 9 anos / FEMENINO,0
Oruro,40101,Oruro,2009,10,5 a 9 anos / FEMENINO,0
La Paz,20102,Palca,2009,10,5 a 9 anos / FEMENINO,0
La Paz,21104,Palos Blancos,2009,10,5 a 9 anos / FEMENINO,0
Potosí,50101,Potosi,2009,10,5 a 9 anos / FEMENINO,0
Santa Cruz,71401,Puerto Suarez,2009,10,5 a 9 anos / FEMENINO,0
Cochabamba,31205,Puerto Villarroel,2009,10,5 a 9 anos / FEMENINO,0
Santa Cruz,70503,Robore,2009,10,5 a 9 anos / FEMENINO,0
Cochabamba,31001,Sacaba,2009,10,5 a 9 anos / FEMENINO,0
Santa Cruz,70101,Santa Cruz De La Sierra,2009,10,5 a 9 anos / FEMENINO,0
Chuquisaca,10101,Sucre,2009,10,5 a 9 anos / FEMENINO,0
Tarija,60101,Tarija,2009,10,5 a 9 anos / FEMENINO,0
La Paz,20606,Tipuani,2009,10,5 a 9 anos / FEMENINO,0
Beni,80101,Trinidad,2009,10,5 a 9 anos / FEMENINO,0
Oruro,40402,Turco,2009,10,5 a 9 anos / FEMENINO,0
Cochabamba,30502,Vacas,2009,10,5 a 9 anos / FEMENINO,0
Tarija,60303,Villa Montes,2009,10,5 a 9 anos / FEMENINO,0
Cochabamba,31003,Villa Tunari,2009,10,5 a 9 anos / FEMENINO,0
Potosí,51501,Villazon,2009,10,5 a 9 anos / FEMENINO,0
Tarija,60202,Bermejo,2009,11,5 a 9 anos / FEMENINO,0
Santa Cruz,70706,Camiri,2009,11,5 a 9 anos / FEMENINO,0
La Paz,20305,Charaña,2009,11,5 a 9 anos / FEMENINO,0
Pando,90101,Cobija,2009,11,5 a 9 anos / FEMENINO,0
Cochabamba,30101,Cochabamba,2009,11,5 a 9 anos / FEMENINO,0
La Paz,21401,Coroico,2009,11,5 a 9 anos / FEMENINO,0
La Paz,20105,El Alto,2009,11,5 a 9 anos / FEMENINO,0
Santa Cruz,70105,El Torno,2009,11,5 a 9 anos / FEMENINO,0
La Paz,20101,La Paz,2009,11,5 a 9 anos / FEMENINO,0
Cochabamba,31301,Mizque,2009,11,5 a 9 anos / FEMENINO,0
Santa Cruz,71001,Montero,2009,11,5 a 9 anos / FEMENINO,0
Oruro,40101,Oruro,2009,11,5 a 9 anos / FEMENINO,0
La Paz,20102,Palca,2009,11,5 a 9 anos / FEMENINO,0
La Paz,21104,Palos Blancos,2009,11,5 a 9 anos / FEMENINO,0
Potosí,50101,Potosi,2009,11,5 a 9 anos / FEMENINO,0
Beni,80703,Puerto Siles,2009,11,5 a 9 anos / FEMENINO,0
Cochabamba,31401,Punata,2009,11,5 a 9 anos / FEMENINO,0
Cochabamba,31001,Sacaba,2009,11,5 a 9 anos / FEMENINO,0
Beni,80501,San Ignacio,2009,11,5 a 9 anos / FEMENINO,0
Santa Cruz,70301,San Ignacio De Velasco,2009,11,5 a 9 anos / FEMENINO,0
Santa Cruz,70303,San Rafael,2009,11,5 a 9 anos / FEMENINO,0
Santa Cruz,70101,Santa Cruz De La Sierra,2009,11,5 a 9 anos / FEMENINO,0
Chuquisaca,10101,Sucre,2009,11,5 a 9 anos / FEMENINO,0
Tarija,60101,Tarija,2009,11,5 a 9 anos / FEMENINO,0
Chuquisaca,10402,Tomina,2009,11,5 a 9 anos / FEMENINO,0
Beni,80101,Trinidad,2009,11,5 a 9 anos / FEMENINO,0
Tarija,60303,Villa Montes,2009,11,5 a 9 anos / FEMENINO,0
Potosí,51501,Villazon,2009,11,5 a 9 anos / FEMENINO,0
Tarija,60301,Yacuiba,2009,11,5 a 9 anos / FEMENINO,0
Beni,80802,Baures,2009,12,5 a 9 anos / FEMENINO,0
Tarija,60202,Bermejo,2009,12,5 a 9 anos / FEMENINO,0
Santa Cruz,70706,Camiri,2009,12,5 a 9 anos / FEMENINO,0
Tarija,60302,Carapari,2009,12,5 a 9 anos / FEMENINO,0
La Paz,20501,Chuma,2009,12,5 a 9 anos / FEMENINO,0
Pando,90101,Cobija,2009,12,5 a 9 anos / FEMENINO,0
Cochabamba,30101,Cochabamba,2009,12,5 a 9 anos / FEMENINO,0
Cochabamba,31002,Colomi,2009,12,5 a 9 anos / FEMENINO,0
La Paz,21401,Coroico,2009,12,5 a 9 anos / FEMENINO,0
La Paz,20105,El Alto,2009,12,5 a 9 anos / FEMENINO,0
Chuquisaca,10502,Huacareta,2009,12,5 a 9 anos / FEMENINO,0
La Paz,21102,Irupana (villa De Lanza),2009,12,5 a 9 anos / FEMENINO,0
La Paz,21105,La Asunta,2009,12,5 a 9 anos / FEMENINO,0
La Paz,20101,La Paz,2009,12,5 a 9 anos / FEMENINO,0
Chuquisaca,10303,Mojocoya,2009,12,5 a 9 anos / FEMENINO,0
Santa Cruz,71001,Montero,2009,12,5 a 9 anos / FEMENINO,0
Oruro,40101,Oruro,2009,12,5 a 9 anos / FEMENINO,0
Santa Cruz,70902,Pampa Grande,2009,12,5 a 9 anos / FEMENINO,0
Potosí,50101,Potosi,2009,12,5 a 9 anos / FEMENINO,0
Santa Cruz,71401,Puerto Suarez,2009,12,5 a 9 anos / FEMENINO,0
Cochabamba,31205,Puerto Villarroel,2009,12,5 a 9 anos / FEMENINO,0
Cochabamba,31401,Punata,2009,12,5 a 9 anos / FEMENINO,0
Cochabamba,31001,Sacaba,2009,12,5 a 9 anos / FEMENINO,0
Santa Cruz,70301,San Ignacio De Velasco,2009,12,5 a 9 anos / FEMENINO,0
Santa Cruz,70302,San Miguel De Velasco,2009,12,5 a 9 anos / FEMENINO,0
Santa Cruz,70101,Santa Cruz De La Sierra,2009,12,5 a 9 anos / FEMENINO,0
Chuquisaca,10101,Sucre,2009,12,5 a 9 anos / FEMENINO,0
Tarija,60101,Tarija,2009,12,5 a 9 anos / FEMENINO,0
Cochabamba,30802,Toco,2009,12,5 a 9 anos / FEMENINO,0
Potosí,50502,Toro Toro,2009,12,5 a 9 anos / FEMENINO,0
Beni,80101,Trinidad,2009,12,5 a 9 anos / FEMENINO,0
Cochabamba,30502,Vacas,2009,12,5 a 9 anos / FEMENINO,0
Tarija,60303,Villa Montes,2009,12,5 a 9 anos / FEMENINO,0
Cochabamba,31003,Villa Tunari,2009,12,5 a 9 anos / FEMENINO,0
Cochabamba,30904,Vinto,2009,12,5 a 9 anos / FEMENINO,0
Tarija,60301,Yacuiba,2009,12,5 a 9 anos / FEMENINO,0
La Paz,20202,Ancoraimes,2009,1,10 a 20 anos / MASCULINO,0
Tarija,60202,Bermejo,2009,1,10 a 20 anos / MASCULINO,0
Cochabamba,30101,Cochabamba,2009,1,10 a 20 anos / MASCULINO,11
La Paz,20804,Desaguadero,2009,1,10 a 20 anos / MASCULINO,0
La Paz,20105,El Alto,2009,1,10 a 20 anos / MASCULINO,4
La Paz,20101,La Paz,2009,1,10 a 20 anos / MASCULINO,8
Beni,80801,Magdalena,2009,1,10 a 20 anos / MASCULINO,0
Oruro,40101,Oruro,2009,1,10 a 20 anos / MASCULINO,2
Chuquisaca,10103,Poroma,2009,1,10 a 20 anos / MASCULINO,0
Potosí,50101,Potosi,2009,1,10 a 20 anos / MASCULINO,2
Santa Cruz,71402,Puerto Quijarro,2009,1,10 a 20 anos / MASCULINO,0
Santa Cruz,71401,Puerto Suarez,2009,1,10 a 20 anos / MASCULINO,1
Cochabamba,31001,Sacaba,2009,1,10 a 20 anos / MASCULINO,1
Potosí,50701,Sacaca,2009,1,10 a 20 anos / MASCULINO,0
Santa Cruz,70402,San Carlos,2009,1,10 a 20 anos / MASCULINO,2
Santa Cruz,70301,San Ignacio De Velasco,2009,1,10 a 20 anos / MASCULINO,2
Santa Cruz,70303,San Rafael,2009,1,10 a 20 anos / MASCULINO,2
Santa Cruz,70101,Santa Cruz De La Sierra,2009,1,10 a 20 anos / MASCULINO,1
Chuquisaca,10101,Sucre,2009,1,10 a 20 anos / MASCULINO,1
Tarija,60101,Tarija,2009,1,10 a 20 anos / MASCULINO,1
Oruro,40402,Turco,2009,1,10 a 20 anos / MASCULINO,0
Tarija,60303,Villa Montes,2009,1,10 a 20 anos / MASCULINO,4
Chuquisaca,11001,Villa Vaca Guzman (muyupampa),2009,1,10 a 20 anos / MASCULINO,0
Tarija,60301,Yacuiba,2009,1,10 a 20 anos / MASCULINO,0
La Paz,20201,Achacachi,2009,2,10 a 20 anos / MASCULINO,0
Chuquisaca,10201,Azurduy,2009,2,10 a 20 anos / MASCULINO,0
Santa Cruz,70706,Camiri,2009,2,10 a 20 anos / MASCULINO,1
Cochabamba,30101,Cochabamba,2009,2,10 a 20 anos / MASCULINO,12
Cochabamba,30905,Colcapirhua,2009,2,10 a 20 anos / MASCULINO,1
La Paz,20105,El Alto,2009,2,10 a 20 anos / MASCULINO,4
Beni,80402,Exaltacion,2009,2,10 a 20 anos / MASCULINO,0
Chuquisaca,11002,Huacaya (villa De Huacaya),2009,2,10 a 20 anos / MASCULINO,0
La Paz,21105,La Asunta,2009,2,10 a 20 anos / MASCULINO,1
La Paz,20101,La Paz,2009,2,10 a 20 anos / MASCULINO,2
Santa Cruz,71001,Montero,2009,2,10 a 20 anos / MASCULINO,0
Oruro,40101,Oruro,2009,2,10 a 20 anos / MASCULINO,0
Cochabamba,31202,Pojo (cbba),2009,2,10 a 20 anos / MASCULINO,0
Potosí,50101,Potosi,2009,2,10 a 20 anos / MASCULINO,0
Santa Cruz,71401,Puerto Suarez,2009,2,10 a 20 anos / MASCULINO,0
Potosí,51101,Puna,2009,2,10 a 20 anos / MASCULINO,0
Oruro,40901,Sabaya,2009,2,10 a 20 anos / MASCULINO,0
Cochabamba,31001,Sacaba,2009,2,10 a 20 anos / MASCULINO,0
Beni,80602,San Andres,2009,2,10 a 20 anos / MASCULINO,0
Santa Cruz,70301,San Ignacio De Velasco,2009,2,10 a 20 anos / MASCULINO,4
Chuquisaca,10702,San Lucas,2009,2,10 a 20 anos / MASCULINO,1
Santa Cruz,70302,San Miguel De Velasco,2009,2,10 a 20 anos / MASCULINO,0
Santa Cruz,70101,Santa Cruz De La Sierra,2009,2,10 a 20 anos / MASCULINO,1
La Paz,20902,Sapahaqui,2009,2,10 a 20 anos / MASCULINO,0
Tarija,60101,Tarija,2009,2,10 a 20 anos / MASCULINO,5
Cochabamba,30903,Tiquipaya,2009,2,10 a 20 anos / MASCULINO,0
Beni,80101,Trinidad,2009,2,10 a 20 anos / MASCULINO,0
Potosí,50201,Uncia,2009,2,10 a 20 anos / MASCULINO,1
Tarija,60303,Villa Montes,2009,2,10 a 20 anos / MASCULINO,2
Potosí,51501,Villazon,2009,2,10 a 20 anos / MASCULINO,0
Cochabamba,30904,Vinto,2009,2,10 a 20 anos / MASCULINO,1
La Paz,20903,Yaco,2009,2,10 a 20 anos / MASCULINO,0
Tarija,60301,Yacuiba,2009,2,10 a 20 anos / MASCULINO,0
La Paz,20502,Ayata,2009,3,10 a 20 anos / MASCULINO,1
La Paz,20905,Cairoma,2009,3,10 a 20 anos / MASCULINO,0
Santa Cruz,70706,Camiri,2009,3,10 a 20 anos / MASCULINO,0
La Paz,20501,Chuma,2009,3,10 a 20 anos / MASCULINO,0
Pando,90101,Cobija,2009,3,10 a 20 anos / MASCULINO,2
Cochabamba,30101,Cochabamba,2009,3,10 a 20 anos / MASCULINO,2
Oruro,40301,Corque,2009,3,10 a 20 anos / MASCULINO,0
La Paz,20105,El Alto,2009,3,10 a 20 anos / MASCULINO,2
Beni,80202,Guayaramerin,2009,3,10 a 20 anos / MASCULINO,0
La Paz,20101,La Paz,2009,3,10 a 20 anos / MASCULINO,8
La Paz,20901,Luribay,2009,3,10 a 20 anos / MASCULINO,0
La Paz,20607,Mapiri,2009,3,10 a 20 anos / MASCULINO,0
Chuquisaca,10501,Monteagudo,2009,3,10 a 20 anos / MASCULINO,0
Oruro,40101,Oruro,2009,3,10 a 20 anos / MASCULINO,0
La Paz,21104,Palos Blancos,2009,3,10 a 20 anos / MASCULINO,1
Santa Cruz,70601,Portachuelo,2009,3,10 a 20 anos / MASCULINO,0
Potosí,50101,Potosi,2009,3,10 a 20 anos / MASCULINO,6
Santa Cruz,71402,Puerto Quijarro,2009,3,10 a 20 anos / MASCULINO,1
Beni,80703,Puerto Siles,2009,3,10 a 20 anos / MASCULINO,0
Beni,80201,Riberalta,2009,3,10 a 20 anos / MASCULINO,1
Cochabamba,31001,Sacaba,2009,3,10 a 20 anos / MASCULINO,0
Santa Cruz,70901,Samaipata,2009,3,10 a 20 anos / MASCULINO,0
Santa Cruz,70301,San Ignacio De Velasco,2009,3,10 a 20 anos / MASCULINO,1
Santa Cruz,70303,San Rafael,2009,3,10 a 20 anos / MASCULINO,0
Beni,80401,Santa Ana,2009,3,10 a 20 anos / MASCULINO,0
Santa Cruz,70101,Santa Cruz De La Sierra,2009,3,10 a 20 anos / MASCULINO,4
Chuquisaca,10101,Sucre,2009,3,10 a 20 anos / MASCULINO,1
Tarija,60101,Tarija,2009,3,10 a 20 anos / MASCULINO,1
Potosí,50502,Toro Toro,2009,3,10 a 20 anos / MASCULINO,0
Beni,80101,Trinidad,2009,3,10 a 20 anos / MASCULINO,0
Oruro,40402,Turco,2009,3,10 a 20 anos / MASCULINO,1
Tarija,60303,Villa Montes,2009,3,10 a 20 anos / MASCULINO,3
Chuquisaca,11001,Villa Vaca Guzman (muyupampa),2009,3,10 a 20 anos / MASCULINO,0
Potosí,51501,Villazon,2009,3,10 a 20 anos / MASCULINO,0
Cochabamba,30904,Vinto,2009,3,10 a 20 anos / MASCULINO,0
Tarija,60301,Yacuiba,2009,3,10 a 20 anos / MASCULINO,2
La Paz,21103,Yanacachi,2009,3,10 a 20 anos / MASCULINO,0
Tarija,60202,Bermejo,2009,4,10 a 20 anos / MASCULINO,0
Santa Cruz,70706,Camiri,2009,4,10 a 20 anos / MASCULINO,1
Santa Cruz,71403,Carmen Rivero Torrez,2009,4,10 a 20 anos / MASCULINO,0
La Paz,20501,Chuma,2009,4,10 a 20 anos / MASCULINO,1
Pando,90101,Cobija,2009,4,10 a 20 anos / MASCULINO,1
Cochabamba,30101,Cochabamba,2009,4,10 a 20 anos / MASCULINO,5
La Paz,20105,El Alto,2009,4,10 a 20 anos / MASCULINO,3
Chuquisaca,10502,Huacareta,2009,4,10 a 20 anos / MASCULINO,0
La Paz,21102,Irupana (villa De Lanza),2009,4,10 a 20 anos / MASCULINO,0
La Paz,20101,La Paz,2009,4,10 a 20 anos / MASCULINO,6
Chuquisaca,10501,Monteagudo,2009,4,10 a 20 anos / MASCULINO,0
Santa Cruz,71001,Montero,2009,4,10 a 20 anos / MASCULINO,1
Oruro,40101,Oruro,2009,4,10 a 20 anos / MASCULINO,0
Potosí,50403,Pocoata,2009,4,10 a 20 anos / MASCULINO,1
Potosí,50101,Potosi,2009,4,10 a 20 anos / MASCULINO,3
Santa Cruz,71402,Puerto Quijarro,2009,4,10 a 20 anos / MASCULINO,0
Santa Cruz,71401,Puerto Suarez,2009,4,10 a 20 anos / MASCULINO,1
Cochabamba,31205,Puerto Villarroel,2009,4,10 a 20 anos / MASCULINO,0
Cochabamba,31401,Punata,2009,4,10 a 20 anos / MASCULINO,0
Santa Cruz,70503,Robore,2009,4,10 a 20 anos / MASCULINO,1
Beni,80304,Rurrenabaque,2009,4,10 a 20 anos / MASCULINO,0
Cochabamba,31001,Sacaba,2009,4,10 a 20 anos / MASCULINO,0
Potosí,50701,Sacaca,2009,4,10 a 20 anos / MASCULINO,1
Santa Cruz,70901,Samaipata,2009,4,10 a 20 anos / MASCULINO,0
Santa Cruz,70301,San Ignacio De Velasco,2009,4,10 a 20 anos / MASCULINO,2
Santa Cruz,70302,San Miguel De Velasco,2009,4,10 a 20 anos / MASCULINO,1
Beni,80401,Santa Ana,2009,4,10 a 20 anos / MASCULINO,0
Santa Cruz,70101,Santa Cruz De La Sierra,2009,4,10 a 20 anos / MASCULINO,4
La Paz,20902,Sapahaqui,2009,4,10 a 20 anos / MASCULINO,0
Tarija,60101,Tarija,2009,4,10 a 20 anos / MASCULINO,1
Beni,80101,Trinidad,2009,4,10 a 20 anos / MASCULINO,1
Cochabamba,31302,Vila Vila,2009,4,10 a 20 anos / MASCULINO,1
Tarija,60303,Villa Montes,2009,4,10 a 20 anos / MASCULINO,1
Chuquisaca,10801,Villa Serrano,2009,4,10 a 20 anos / MASCULINO,1
Potosí,51501,Villazon,2009,4,10 a 20 anos / MASCULINO,0
Cochabamba,30904,Vinto,2009,4,10 a 20 anos / MASCULINO,1
Tarija,60301,Yacuiba,2009,4,10 a 20 anos / MASCULINO,0
La Paz,20202,Ancoraimes,2009,5,10 a 20 anos / MASCULINO,1
La Paz,20502,Ayata,2009,5,10 a 20 anos / MASCULINO,1
Santa Cruz,70706,Camiri,2009,5,10 a 20 anos / MASCULINO,1
Pando,90101,Cobija,2009,5,10 a 20 anos / MASCULINO,2
Cochabamba,30101,Cochabamba,2009,5,10 a 20 anos / MASCULINO,2
Cochabamba,30905,Colcapirhua,2009,5,10 a 20 anos / MASCULINO,0
La Paz,20105,El Alto,2009,5,10 a 20 anos / MASCULINO,3
Santa Cruz,70105,El Torno,2009,5,10 a 20 anos / MASCULINO,1
Chuquisaca,10304,Icla,2009,5,10 a 20 anos / MASCULINO,1
La Paz,20101,La Paz,2009,5,10 a 20 anos / MASCULINO,5
La Paz,21006,Licoma Pampa,2009,5,10 a 20 anos / MASCULINO,0
Santa Cruz,71003,Mineros,2009,5,10 a 20 anos / MASCULINO,0
Santa Cruz,71001,Montero,2009,5,10 a 20 anos / MASCULINO,1
Oruro,40101,Oruro,2009,5,10 a 20 anos / MASCULINO,0
Potosí,50101,Potosi,2009,5,10 a 20 anos / MASCULINO,0
Santa Cruz,70805,Pucara,2009,5,10 a 20 anos / MASCULINO,0
Cochabamba,31001,Sacaba,2009,5,10 a 20 anos / MASCULINO,0
Beni,80501,San Ignacio,2009,5,10 a 20 anos / MASCULINO,0
Santa Cruz,70301,San Ignacio De Velasco,2009,5,10 a 20 anos / MASCULINO,1
Santa Cruz,70101,Santa Cruz De La Sierra,2009,5,10 a 20 anos / MASCULINO,4
Cochabamba,30902,Sipe Sipe,2009,5,10 a 20 anos / MASCULINO,0
Tarija,60101,Tarija,2009,5,10 a 20 anos / MASCULINO,1
Chuquisaca,10202,Tarvita,2009,5,10 a 20 anos / MASCULINO,0
Potosí,50502,Toro Toro,2009,5,10 a 20 anos / MASCULINO,0
Beni,80101,Trinidad,2009,5,10 a 20 anos / MASCULINO,0
Cochabamba,30502,Vacas,2009,5,10 a 20 anos / MASCULINO,1
Tarija,60303,Villa Montes,2009,5,10 a 20 anos / MASCULINO,1
Cochabamba,31402,Villa Rivero,2009,5,10 a 20 anos / MASCULINO,0
Cochabamba,31003,Villa Tunari,2009,5,10 a 20 anos / MASCULINO,0
Cochabamba,30904,Vinto,2009,5,10 a 20 anos / MASCULINO,0
Tarija,60301,Yacuiba,2009,5,10 a 20 anos / MASCULINO,0
Chuquisaca,10301,Zudañez,2009,5,10 a 20 anos / MASCULINO,0
La Paz,20905,Cairoma,2009,6,10 a 20 anos / MASCULINO,0
Santa Cruz,70706,Camiri,2009,6,10 a 20 anos / MASCULINO,0
La Paz,21101,Chulumani (v. De La Libertad),2009,6,10 a 20 anos / MASCULINO,0
Pando,90101,Cobija,2009,6,10 a 20 anos / MASCULINO,0
Cochabamba,30101,Cochabamba,2009,6,10 a 20 anos / MASCULINO,8
La Paz,21401,Coroico,2009,6,10 a 20 anos / MASCULINO,0
La Paz,20105,El Alto,2009,6,10 a 20 anos / MASCULINO,2
Chuquisaca,10502,Huacareta,2009,6,10 a 20 anos / MASCULINO,0
La Paz,21102,Irupana (villa De Lanza),2009,6,10 a 20 anos / MASCULINO,0
La Paz,20101,La Paz,2009,6,10 a 20 anos / MASCULINO,0
La Paz,20901,Luribay,2009,6,10 a 20 anos / MASCULINO,0
La Paz,20103,Mecapaca,2009,6,10 a 20 anos / MASCULINO,0
Chuquisaca,10501,Monteagudo,2009,6,10 a 20 anos / MASCULINO,0
Santa Cruz,71001,Montero,2009,6,10 a 20 anos / MASCULINO,1
Oruro,40101,Oruro,2009,6,10 a 20 anos / MASCULINO,0
Potosí,50101,Potosi,2009,6,10 a 20 anos / MASCULINO,0
Pando,90301,Puerto Gonzalo Moreno,2009,6,10 a 20 anos / MASCULINO,0
Potosí,50402,Ravelo,2009,6,10 a 20 anos / MASCULINO,1
Cochabamba,31001,Sacaba,2009,6,10 a 20 anos / MASCULINO,0
Potosí,50701,Sacaca,2009,6,10 a 20 anos / MASCULINO,1
Beni,80501,San Ignacio,2009,6,10 a 20 anos / MASCULINO,1
Santa Cruz,70301,San Ignacio De Velasco,2009,6,10 a 20 anos / MASCULINO,0
Santa Cruz,70302,San Miguel De Velasco,2009,6,10 a 20 anos / MASCULINO,0
Santa Cruz,70101,Santa Cruz De La Sierra,2009,6,10 a 20 anos / MASCULINO,0
Chuquisaca,10101,Sucre,2009,6,10 a 20 anos / MASCULINO,0
Tarija,60101,Tarija,2009,6,10 a 20 anos / MASCULINO,2
Chuquisaca,10202,Tarvita,2009,6,10 a 20 anos / MASCULINO,0
Beni,80101,Trinidad,2009,6,10 a 20 anos / MASCULINO,0
Tarija,60303,Villa Montes,2009,6,10 a 20 anos / MASCULINO,2
Tarija,60301,Yacuiba,2009,6,10 a 20 anos / MASCULINO,0
La Paz,20201,Achacachi,2009,7,10 a 20 anos / MASCULINO,0
Oruro,41201,Andamarca,2009,7,10 a 20 anos / MASCULINO,0
Tarija,60202,Bermejo,2009,7,10 a 20 anos / MASCULINO,2
Santa Cruz,70706,Camiri,2009,7,10 a 20 anos / MASCULINO,0
Santa Cruz,71403,Carmen Rivero Torrez,2009,7,10 a 20 anos / MASCULINO,0
Santa Cruz,70702,Charagua,2009,7,10 a 20 anos / MASCULINO,1
Pando,90101,Cobija,2009,7,10 a 20 anos / MASCULINO,0
Cochabamba,30101,Cochabamba,2009,7,10 a 20 anos / MASCULINO,10
Cochabamba,30905,Colcapirhua,2009,7,10 a 20 anos / MASCULINO,1
La Paz,20105,El Alto,2009,7,10 a 20 anos / MASCULINO,1
Tarija,60601,Entre Rios,2009,7,10 a 20 anos / MASCULINO,0
La Paz,21102,Irupana (villa De Lanza),2009,7,10 a 20 anos / MASCULINO,1
La Paz,20101,La Paz,2009,7,10 a 20 anos / MASCULINO,5
Chuquisaca,10501,Monteagudo,2009,7,10 a 20 anos / MASCULINO,0
Oruro,40101,Oruro,2009,7,10 a 20 anos / MASCULINO,1
Santa Cruz,70502,Pailon,2009,7,10 a 20 anos / MASCULINO,0
La Paz,21104,Palos Blancos,2009,7,10 a 20 anos / MASCULINO,0
Potosí,50101,Potosi,2009,7,10 a 20 anos / MASCULINO,0
Pando,90301,Puerto Gonzalo Moreno,2009,7,10 a 20 anos / MASCULINO,0
Santa Cruz,71402,Puerto Quijarro,2009,7,10 a 20 anos / MASCULINO,0
Cochabamba,31205,Puerto Villarroel,2009,7,10 a 20 anos / MASCULINO,0
Cochabamba,31401,Punata,2009,7,10 a 20 anos / MASCULINO,1
Cochabamba,31001,Sacaba,2009,7,10 a 20 anos / MASCULINO,0
Beni,80302,San Borja,2009,7,10 a 20 anos / MASCULINO,0
Santa Cruz,70301,San Ignacio De Velasco,2009,7,10 a 20 anos / MASCULINO,0
Santa Cruz,70302,San Miguel De Velasco,2009,7,10 a 20 anos / MASCULINO,1
Santa Cruz,70101,Santa Cruz De La Sierra,2009,7,10 a 20 anos / MASCULINO,4
La Paz,20601,Sorata,2009,7,10 a 20 anos / MASCULINO,1
Tarija,60101,Tarija,2009,7,10 a 20 anos / MASCULINO,1
La Paz,20606,Tipuani,2009,7,10 a 20 anos / MASCULINO,0
Beni,80101,Trinidad,2009,7,10 a 20 anos / MASCULINO,2
Oruro,40402,Turco,2009,7,10 a 20 anos / MASCULINO,0
Tarija,60401,Uriondo (a. Concepcion),2009,7,10 a 20 anos / MASCULINO,0
Tarija,60303,Villa Montes,2009,7,10 a 20 anos / MASCULINO,2
Potosí,51501,Villazon,2009,7,10 a 20 anos / MASCULINO,0
Tarija,60301,Yacuiba,2009,7,10 a 20 anos / MASCULINO,0
Santa Cruz,70706,Camiri,2009,8,10 a 20 anos / MASCULINO,2
Pando,90101,Cobija,2009,8,10 a 20 anos / MASCULINO,0
Cochabamba,30101,Cochabamba,2009,8,10 a 20 anos / MASCULINO,7
Cochabamba,30905,Colcapirhua,2009,8,10 a 20 anos / MASCULINO,0
Santa Cruz,71106,Cuatro Cañadas,2009,8,10 a 20 anos / MASCULINO,0
La Paz,20105,El Alto,2009,8,10 a 20 anos / MASCULINO,1
La Paz,20101,La Paz,2009,8,10 a 20 anos / MASCULINO,0
Beni,80801,Magdalena,2009,8,10 a 20 anos / MASCULINO,1
Santa Cruz,71003,Mineros,2009,8,10 a 20 anos / MASCULINO,1
Cochabamba,31301,Mizque,2009,8,10 a 20 anos / MASCULINO,1
Santa Cruz,71001,Montero,2009,8,10 a 20 anos / MASCULINO,1
Oruro,40101,Oruro,2009,8,10 a 20 anos / MASCULINO,0
La Paz,21104,Palos Blancos,2009,8,10 a 20 anos / MASCULINO,0
Potosí,50101,Potosi,2009,8,10 a 20 anos / MASCULINO,2
Cochabamba,31205,Puerto Villarroel,2009,8,10 a 20 anos / MASCULINO,0
Cochabamba,31001,Sacaba,2009,8,10 a 20 anos / MASCULINO,1
Santa Cruz,70301,San Ignacio De Velasco,2009,8,10 a 20 anos / MASCULINO,0
Santa Cruz,70404,San Juan De Yapacani,2009,8,10 a 20 anos / MASCULINO,1
Santa Cruz,70101,Santa Cruz De La Sierra,2009,8,10 a 20 anos / MASCULINO,0
Beni,80303,Santa Rosa,2009,8,10 a 20 anos / MASCULINO,0
La Paz,20902,Sapahaqui,2009,8,10 a 20 anos / MASCULINO,0
Chuquisaca,10101,Sucre,2009,8,10 a 20 anos / MASCULINO,0
Tarija,60101,Tarija,2009,8,10 a 20 anos / MASCULINO,0
Beni,80101,Trinidad,2009,8,10 a 20 anos / MASCULINO,2
Potosí,50801,Tupiza,2009,8,10 a 20 anos / MASCULINO,0
Tarija,60303,Villa Montes,2009,8,10 a 20 anos / MASCULINO,3
Tarija,60301,Yacuiba,2009,8,10 a 20 anos / MASCULINO,3
Tarija,60202,Bermejo,2009,9,10 a 20 anos / MASCULINO,1
Santa Cruz,70707,Boyuibe,2009,9,10 a 20 anos / MASCULINO,1
Chuquisaca,10701,Camargo,2009,9,10 a 20 anos / MASCULINO,0
Santa Cruz,70706,Camiri,2009,9,10 a 20 anos / MASCULINO,0
Cochabamba,30801,Cliza,2009,9,10 a 20 anos / MASCULINO,0
Pando,90101,Cobija,2009,9,10 a 20 anos / MASCULINO,1
Cochabamba,30101,Cochabamba,2009,9,10 a 20 anos / MASCULINO,8
Cochabamba,30905,Colcapirhua,2009,9,10 a 20 anos / MASCULINO,1
La Paz,21401,Coroico,2009,9,10 a 20 anos / MASCULINO,0
La Paz,20105,El Alto,2009,9,10 a 20 anos / MASCULINO,0
Tarija,60502,El Puente(tja),2009,9,10 a 20 anos / MASCULINO,1
Pando,90203,Filadelfia,2009,9,10 a 20 anos / MASCULINO,0
Chuquisaca,10502,Huacareta,2009,9,10 a 20 anos / MASCULINO,0
La Paz,20101,La Paz,2009,9,10 a 20 anos / MASCULINO,1
Chuquisaca,10501,Monteagudo,2009,9,10 a 20 anos / MASCULINO,0
Potosí,50101,Potosi,2009,9,10 a 20 anos / MASCULINO,3
Santa Cruz,71401,Puerto Suarez,2009,9,10 a 20 anos / MASCULINO,0
Cochabamba,31205,Puerto Villarroel,2009,9,10 a 20 anos / MASCULINO,2
Cochabamba,31001,Sacaba,2009,9,10 a 20 anos / MASCULINO,1
Potosí,50701,Sacaca,2009,9,10 a 20 anos / MASCULINO,1
Santa Cruz,70301,San Ignacio De Velasco,2009,9,10 a 20 anos / MASCULINO,1
Santa Cruz,70302,San Miguel De Velasco,2009,9,10 a 20 anos / MASCULINO,0
Santa Cruz,70101,Santa Cruz De La Sierra,2009,9,10 a 20 anos / MASCULINO,5
Chuquisaca,10101,Sucre,2009,9,10 a 20 anos / MASCULINO,1
Tarija,60101,Tarija,2009,9,10 a 20 anos / MASCULINO,1
Beni,80101,Trinidad,2009,9,10 a 20 anos / MASCULINO,1
Tarija,60303,Villa Montes,2009,9,10 a 20 anos / MASCULINO,3
Cochabamba,30904,Vinto,2009,9,10 a 20 anos / MASCULINO,0
Tarija,60301,Yacuiba,2009,9,10 a 20 anos / MASCULINO,0
Cochabamba,30201,Aiquile,2009,10,10 a 20 anos / MASCULINO,0
Tarija,60202,Bermejo,2009,10,10 a 20 anos / MASCULINO,0
Potosí,50301,Betanzos,2009,10,10 a 20 anos / MASCULINO,0
Santa Cruz,70706,Camiri,2009,10,10 a 20 anos / MASCULINO,0
La Paz,20305,Charaña,2009,10,10 a 20 anos / MASCULINO,0
La Paz,20501,Chuma,2009,10,10 a 20 anos / MASCULINO,1
Pando,90101,Cobija,2009,10,10 a 20 anos / MASCULINO,2
Cochabamba,30101,Cochabamba,2009,10,10 a 20 anos / MASCULINO,3
Cochabamba,31002,Colomi,2009,10,10 a 20 anos / MASCULINO,0
Santa Cruz,71301,Comarapa,2009,10,10 a 20 anos / MASCULINO,0
La Paz,20105,El Alto,2009,10,10 a 20 anos / MASCULINO,1
La Paz,21105,La Asunta,2009,10,10 a 20 anos / MASCULINO,1
La Paz,20101,La Paz,2009,10,10 a 20 anos / MASCULINO,7
Chuquisaca,11003,Machareti,2009,10,10 a 20 anos / MASCULINO,1
Santa Cruz,71001,Montero,2009,10,10 a 20 anos / MASCULINO,1
Cochabamba,30302,Morochata,2009,10,10 a 20 anos / MASCULINO,1
Oruro,40101,Oruro,2009,10,10 a 20 anos / MASCULINO,1
La Paz,20102,Palca,2009,10,10 a 20 anos / MASCULINO,1
La Paz,21104,Palos Blancos,2009,10,10 a 20 anos / MASCULINO,1
Potosí,50101,Potosi,2009,10,10 a 20 anos / MASCULINO,2
Santa Cruz,71401,Puerto Suarez,2009,10,10 a 20 anos / MASCULINO,0
Cochabamba,31205,Puerto Villarroel,2009,10,10 a 20 anos / MASCULINO,0
Santa Cruz,70503,Robore,2009,10,10 a 20 anos / MASCULINO,0
Cochabamba,31001,Sacaba,2009,10,10 a 20 anos / MASCULINO,0
Santa Cruz,70101,Santa Cruz De La Sierra,2009,10,10 a 20 anos / MASCULINO,2
Chuquisaca,10101,Sucre,2009,10,10 a 20 anos / MASCULINO,0
Tarija,60101,Tarija,2009,10,10 a 20 anos / MASCULINO,4
La Paz,20606,Tipuani,2009,10,10 a 20 anos / MASCULINO,0
Beni,80101,Trinidad,2009,10,10 a 20 anos / MASCULINO,1
Oruro,40402,Turco,2009,10,10 a 20 anos / MASCULINO,0
Cochabamba,30502,Vacas,2009,10,10 a 20 anos / MASCULINO,1
Tarija,60303,Villa Montes,2009,10,10 a 20 anos / MASCULINO,3
Cochabamba,31003,Villa Tunari,2009,10,10 a 20 anos / MASCULINO,1
Potosí,51501,Villazon,2009,10,10 a 20 anos / MASCULINO,0
Tarija,60202,Bermejo,2009,11,10 a 20 anos / MASCULINO,0
Santa Cruz,70706,Camiri,2009,11,10 a 20 anos / MASCULINO,0
La Paz,20305,Charaña,2009,11,10 a 20 anos / MASCULINO,0
Pando,90101,Cobija,2009,11,10 a 20 anos / MASCULINO,0
Cochabamba,30101,Cochabamba,2009,11,10 a 20 anos / MASCULINO,9
La Paz,21401,Coroico,2009,11,10 a 20 anos / MASCULINO,1
La Paz,20105,El Alto,2009,11,10 a 20 anos / MASCULINO,0
Santa Cruz,70105,El Torno,2009,11,10 a 20 anos / MASCULINO,0
La Paz,20101,La Paz,2009,11,10 a 20 anos / MASCULINO,2
Cochabamba,31301,Mizque,2009,11,10 a 20 anos / MASCULINO,2
Santa Cruz,71001,Montero,2009,11,10 a 20 anos / MASCULINO,1
Oruro,40101,Oruro,2009,11,10 a 20 anos / MASCULINO,1
La Paz,20102,Palca,2009,11,10 a 20 anos / MASCULINO,0
La Paz,21104,Palos Blancos,2009,11,10 a 20 anos / MASCULINO,1
Potosí,50101,Potosi,2009,11,10 a 20 anos / MASCULINO,2
Beni,80703,Puerto Siles,2009,11,10 a 20 anos / MASCULINO,0
Cochabamba,31401,Punata,2009,11,10 a 20 anos / MASCULINO,2
Cochabamba,31001,Sacaba,2009,11,10 a 20 anos / MASCULINO,0
Beni,80501,San Ignacio,2009,11,10 a 20 anos / MASCULINO,1
Santa Cruz,70301,San Ignacio De Velasco,2009,11,10 a 20 anos / MASCULINO,1
Santa Cruz,70303,San Rafael,2009,11,10 a 20 anos / MASCULINO,0
Santa Cruz,70101,Santa Cruz De La Sierra,2009,11,10 a 20 anos / MASCULINO,3
Chuquisaca,10101,Sucre,2009,11,10 a 20 anos / MASCULINO,0
Tarija,60101,Tarija,2009,11,10 a 20 anos / MASCULINO,1
Chuquisaca,10402,Tomina,2009,11,10 a 20 anos / MASCULINO,0
Beni,80101,Trinidad,2009,11,10 a 20 anos / MASCULINO,0
Tarija,60303,Villa Montes,2009,11,10 a 20 anos / MASCULINO,4
Potosí,51501,Villazon,2009,11,10 a 20 anos / MASCULINO,0
Tarija,60301,Yacuiba,2009,11,10 a 20 anos / MASCULINO,1
Beni,80802,Baures,2009,12,10 a 20 anos / MASCULINO,0
Tarija,60202,Bermejo,2009,12,10 a 20 anos / MASCULINO,0
Santa Cruz,70706,Camiri,2009,12,10 a 20 anos / MASCULINO,0
Tarija,60302,Carapari,2009,12,10 a 20 anos / MASCULINO,1
La Paz,20501,Chuma,2009,12,10 a 20 anos / MASCULINO,0
Pando,90101,Cobija,2009,12,10 a 20 anos / MASCULINO,0
Cochabamba,30101,Cochabamba,2009,12,10 a 20 anos / MASCULINO,7
Cochabamba,31002,Colomi,2009,12,10 a 20 anos / MASCULINO,1
La Paz,21401,Coroico,2009,12,10 a 20 anos / MASCULINO,1
La Paz,20105,El Alto,2009,12,10 a 20 anos / MASCULINO,5
Chuquisaca,10502,Huacareta,2009,12,10 a 20 anos / MASCULINO,0
La Paz,21102,Irupana (villa De Lanza),2009,12,10 a 20 anos / MASCULINO,0
La Paz,21105,La Asunta,2009,12,10 a 20 anos / MASCULINO,2
La Paz,20101,La Paz,2009,12,10 a 20 anos / MASCULINO,7
Chuquisaca,10303,Mojocoya,2009,12,10 a 20 anos / MASCULINO,0
Santa Cruz,71001,Montero,2009,12,10 a 20 anos / MASCULINO,1
Oruro,40101,Oruro,2009,12,10 a 20 anos / MASCULINO,1
Santa Cruz,70902,Pampa Grande,2009,12,10 a 20 anos / MASCULINO,1
Potosí,50101,Potosi,2009,12,10 a 20 anos / MASCULINO,3
Santa Cruz,71401,Puerto Suarez,2009,12,10 a 20 anos / MASCULINO,1
Cochabamba,31205,Puerto Villarroel,2009,12,10 a 20 anos / MASCULINO,0
Cochabamba,31401,Punata,2009,12,10 a 20 anos / MASCULINO,3
Cochabamba,31001,Sacaba,2009,12,10 a 20 anos / MASCULINO,1
Santa Cruz,70301,San Ignacio De Velasco,2009,12,10 a 20 anos / MASCULINO,2
Santa Cruz,70302,San Miguel De Velasco,2009,12,10 a 20 anos / MASCULINO,0
Santa Cruz,70101,Santa Cruz De La Sierra,2009,12,10 a 20 anos / MASCULINO,2
Chuquisaca,10101,Sucre,2009,12,10 a 20 anos / MASCULINO,0
Tarija,60101,Tarija,2009,12,10 a 20 anos / MASCULINO,1
Cochabamba,30802,Toco,2009,12,10 a 20 anos / MASCULINO,1
Potosí,50502,Toro Toro,2009,12,10 a 20 anos / MASCULINO,1
Beni,80101,Trinidad,2009,12,10 a 20 anos / MASCULINO,3
Cochabamba,30502,Vacas,2009,12,10 a 20 anos / MASCULINO,1
Tarija,60303,Villa Montes,2009,12,10 a 20 anos / MASCULINO,2
Cochabamba,31003,Villa Tunari,2009,12,10 a 20 anos / MASCULINO,1
Cochabamba,30904,Vinto,2009,12,10 a 20 anos / MASCULINO,0
Tarija,60301,Yacuiba,2009,12,10 a 20 anos / MASCULINO,1
La Paz,20202,Ancoraimes,2009,1,10 a 20 anos / FEMENINO,0
Tarija,60202,Bermejo,2009,1,10 a 20 anos / FEMENINO,0
Cochabamba,30101,Cochabamba,2009,1,10 a 20 anos / FEMENINO,0
La Paz,20804,Desaguadero,2009,1,10 a 20 anos / FEMENINO,0
La Paz,20105,El Alto,2009,1,10 a 20 anos / FEMENINO,0
La Paz,20101,La Paz,2009,1,10 a 20 anos / FEMENINO,0
Beni,80801,Magdalena,2009,1,10 a 20 anos / FEMENINO,0
Oruro,40101,Oruro,2009,1,10 a 20 anos / FEMENINO,0
Chuquisaca,10103,Poroma,2009,1,10 a 20 anos / FEMENINO,0
Potosí,50101,Potosi,2009,1,10 a 20 anos / FEMENINO,0
Santa Cruz,71402,Puerto Quijarro,2009,1,10 a 20 anos / FEMENINO,0
Santa Cruz,71401,Puerto Suarez,2009,1,10 a 20 anos / FEMENINO,0
Cochabamba,31001,Sacaba,2009,1,10 a 20 anos / FEMENINO,0
Potosí,50701,Sacaca,2009,1,10 a 20 anos / FEMENINO,0
Santa Cruz,70402,San Carlos,2009,1,10 a 20 anos / FEMENINO,0
Santa Cruz,70301,San Ignacio De Velasco,2009,1,10 a 20 anos / FEMENINO,0
Santa Cruz,70303,San Rafael,2009,1,10 a 20 anos / FEMENINO,0
Santa Cruz,70101,Santa Cruz De La Sierra,2009,1,10 a 20 anos / FEMENINO,0
Chuquisaca,10101,Sucre,2009,1,10 a 20 anos / FEMENINO,0
Tarija,60101,Tarija,2009,1,10 a 20 anos / FEMENINO,0
Oruro,40402,Turco,2009,1,10 a 20 anos / FEMENINO,0
Tarija,60303,Villa Montes,2009,1,10 a 20 anos / FEMENINO,0
Chuquisaca,11001,Villa Vaca Guzman (muyupampa),2009,1,10 a 20 anos / FEMENINO,0
Tarija,60301,Yacuiba,2009,1,10 a 20 anos / FEMENINO,0
La Paz,20201,Achacachi,2009,2,10 a 20 anos / FEMENINO,0
Chuquisaca,10201,Azurduy,2009,2,10 a 20 anos / FEMENINO,0
Santa Cruz,70706,Camiri,2009,2,10 a 20 anos / FEMENINO,0
Cochabamba,30101,Cochabamba,2009,2,10 a 20 anos / FEMENINO,0
Cochabamba,30905,Colcapirhua,2009,2,10 a 20 anos / FEMENINO,0
La Paz,20105,El Alto,2009,2,10 a 20 anos / FEMENINO,0
Beni,80402,Exaltacion,2009,2,10 a 20 anos / FEMENINO,0
Chuquisaca,11002,Huacaya (villa De Huacaya),2009,2,10 a 20 anos / FEMENINO,0
La Paz,21105,La Asunta,2009,2,10 a 20 anos / FEMENINO,0
La Paz,20101,La Paz,2009,2,10 a 20 anos / FEMENINO,0
Santa Cruz,71001,Montero,2009,2,10 a 20 anos / FEMENINO,0
Oruro,40101,Oruro,2009,2,10 a 20 anos / FEMENINO,0
Cochabamba,31202,Pojo (cbba),2009,2,10 a 20 anos / FEMENINO,0
Potosí,50101,Potosi,2009,2,10 a 20 anos / FEMENINO,0
Santa Cruz,71401,Puerto Suarez,2009,2,10 a 20 anos / FEMENINO,0
Potosí,51101,Puna,2009,2,10 a 20 anos / FEMENINO,0
Oruro,40901,Sabaya,2009,2,10 a 20 anos / FEMENINO,0
Cochabamba,31001,Sacaba,2009,2,10 a 20 anos / FEMENINO,0
Beni,80602,San Andres,2009,2,10 a 20 anos / FEMENINO,0
Santa Cruz,70301,San Ignacio De Velasco,2009,2,10 a 20 anos / FEMENINO,0
Chuquisaca,10702,San Lucas,2009,2,10 a 20 anos / FEMENINO,0
Santa Cruz,70302,San Miguel De Velasco,2009,2,10 a 20 anos / FEMENINO,0
Santa Cruz,70101,Santa Cruz De La Sierra,2009,2,10 a 20 anos / FEMENINO,0
La Paz,20902,Sapahaqui,2009,2,10 a 20 anos / FEMENINO,0
Tarija,60101,Tarija,2009,2,10 a 20 anos / FEMENINO,0
Cochabamba,30903,Tiquipaya,2009,2,10 a 20 anos / FEMENINO,0
Beni,80101,Trinidad,2009,2,10 a 20 anos / FEMENINO,0
Potosí,50201,Uncia,2009,2,10 a 20 anos / FEMENINO,0
Tarija,60303,Villa Montes,2009,2,10 a 20 anos / FEMENINO,0
Potosí,51501,Villazon,2009,2,10 a 20 anos / FEMENINO,0
Cochabamba,30904,Vinto,2009,2,10 a 20 anos / FEMENINO,0
La Paz,20903,Yaco,2009,2,10 a 20 anos / FEMENINO,0
Tarija,60301,Yacuiba,2009,2,10 a 20 anos / FEMENINO,0
La Paz,20502,Ayata,2009,3,10 a 20 anos / FEMENINO,0
La Paz,20905,Cairoma,2009,3,10 a 20 anos / FEMENINO,0
Santa Cruz,70706,Camiri,2009,3,10 a 20 anos / FEMENINO,0
La Paz,20501,Chuma,2009,3,10 a 20 anos / FEMENINO,0
Pando,90101,Cobija,2009,3,10 a 20 anos / FEMENINO,0
Cochabamba,30101,Cochabamba,2009,3,10 a 20 anos / FEMENINO,0
Oruro,40301,Corque,2009,3,10 a 20 anos / FEMENINO,0
La Paz,20105,El Alto,2009,3,10 a 20 anos / FEMENINO,0
Beni,80202,Guayaramerin,2009,3,10 a 20 anos / FEMENINO,0
La Paz,20101,La Paz,2009,3,10 a 20 anos / FEMENINO,0
La Paz,20901,Luribay,2009,3,10 a 20 anos / FEMENINO,0
La Paz,20607,Mapiri,2009,3,10 a 20 anos / FEMENINO,0
Chuquisaca,10501,Monteagudo,2009,3,10 a 20 anos / FEMENINO,0
Oruro,40101,Oruro,2009,3,10 a 20 anos / FEMENINO,0
La Paz,21104,Palos Blancos,2009,3,10 a 20 anos / FEMENINO,0
Santa Cruz,70601,Portachuelo,2009,3,10 a 20 anos / FEMENINO,0
Potosí,50101,Potosi,2009,3,10 a 20 anos / FEMENINO,0
Santa Cruz,71402,Puerto Quijarro,2009,3,10 a 20 anos / FEMENINO,0
Beni,80703,Puerto Siles,2009,3,10 a 20 anos / FEMENINO,0
Beni,80201,Riberalta,2009,3,10 a 20 anos / FEMENINO,0
Cochabamba,31001,Sacaba,2009,3,10 a 20 anos / FEMENINO,0
Santa Cruz,70901,Samaipata,2009,3,10 a 20 anos / FEMENINO,0
Santa Cruz,70301,San Ignacio De Velasco,2009,3,10 a 20 anos / FEMENINO,0
Santa Cruz,70303,San Rafael,2009,3,10 a 20 anos / FEMENINO,0
Beni,80401,Santa Ana,2009,3,10 a 20 anos / FEMENINO,0
Santa Cruz,70101,Santa Cruz De La Sierra,2009,3,10 a 20 anos / FEMENINO,0
Chuquisaca,10101,Sucre,2009,3,10 a 20 anos / FEMENINO,0
Tarija,60101,Tarija,2009,3,10 a 20 anos / FEMENINO,0
Potosí,50502,Toro Toro,2009,3,10 a 20 anos / FEMENINO,0
Beni,80101,Trinidad,2009,3,10 a 20 anos / FEMENINO,0
Oruro,40402,Turco,2009,3,10 a 20 anos / FEMENINO,0
Tarija,60303,Villa Montes,2009,3,10 a 20 anos / FEMENINO,0
Chuquisaca,11001,Villa Vaca Guzman (muyupampa),2009,3,10 a 20 anos / FEMENINO,0
Potosí,51501,Villazon,2009,3,10 a 20 anos / FEMENINO,0
Cochabamba,30904,Vinto,2009,3,10 a 20 anos / FEMENINO,0
Tarija,60301,Yacuiba,2009,3,10 a 20 anos / FEMENINO,0
La Paz,21103,Yanacachi,2009,3,10 a 20 anos / FEMENINO,0
Tarija,60202,Bermejo,2009,4,10 a 20 anos / FEMENINO,0
Santa Cruz,70706,Camiri,2009,4,10 a 20 anos / FEMENINO,0
Santa Cruz,71403,Carmen Rivero Torrez,2009,4,10 a 20 anos / FEMENINO,0
La Paz,20501,Chuma,2009,4,10 a 20 anos / FEMENINO,0
Pando,90101,Cobija,2009,4,10 a 20 anos / FEMENINO,0
Cochabamba,30101,Cochabamba,2009,4,10 a 20 anos / FEMENINO,0
La Paz,20105,El Alto,2009,4,10 a 20 anos / FEMENINO,0
Chuquisaca,10502,Huacareta,2009,4,10 a 20 anos / FEMENINO,0
La Paz,21102,Irupana (villa De Lanza),2009,4,10 a 20 anos / FEMENINO,0
La Paz,20101,La Paz,2009,4,10 a 20 anos / FEMENINO,0
Chuquisaca,10501,Monteagudo,2009,4,10 a 20 anos / FEMENINO,0
Santa Cruz,71001,Montero,2009,4,10 a 20 anos / FEMENINO,0
Oruro,40101,Oruro,2009,4,10 a 20 anos / FEMENINO,0
Potosí,50403,Pocoata,2009,4,10 a 20 anos / FEMENINO,0
Potosí,50101,Potosi,2009,4,10 a 20 anos / FEMENINO,0
Santa Cruz,71402,Puerto Quijarro,2009,4,10 a 20 anos / FEMENINO,0
Santa Cruz,71401,Puerto Suarez,2009,4,10 a 20 anos / FEMENINO,0
Cochabamba,31205,Puerto Villarroel,2009,4,10 a 20 anos / FEMENINO,0
Cochabamba,31401,Punata,2009,4,10 a 20 anos / FEMENINO,0
Santa Cruz,70503,Robore,2009,4,10 a 20 anos / FEMENINO,0
Beni,80304,Rurrenabaque,2009,4,10 a 20 anos / FEMENINO,0
Cochabamba,31001,Sacaba,2009,4,10 a 20 anos / FEMENINO,0
Potosí,50701,Sacaca,2009,4,10 a 20 anos / FEMENINO,0
Santa Cruz,70901,Samaipata,2009,4,10 a 20 anos / FEMENINO,0
Santa Cruz,70301,San Ignacio De Velasco,2009,4,10 a 20 anos / FEMENINO,0
Santa Cruz,70302,San Miguel De Velasco,2009,4,10 a 20 anos / FEMENINO,0
Beni,80401,Santa Ana,2009,4,10 a 20 anos / FEMENINO,0
Santa Cruz,70101,Santa Cruz De La Sierra,2009,4,10 a 20 anos / FEMENINO,0
La Paz,20902,Sapahaqui,2009,4,10 a 20 anos / FEMENINO,0
Tarija,60101,Tarija,2009,4,10 a 20 anos / FEMENINO,0
Beni,80101,Trinidad,2009,4,10 a 20 anos / FEMENINO,0
Cochabamba,31302,Vila Vila,2009,4,10 a 20 anos / FEMENINO,0
Tarija,60303,Villa Montes,2009,4,10 a 20 anos / FEMENINO,0
Chuquisaca,10801,Villa Serrano,2009,4,10 a 20 anos / FEMENINO,0
Potosí,51501,Villazon,2009,4,10 a 20 anos / FEMENINO,0
Cochabamba,30904,Vinto,2009,4,10 a 20 anos / FEMENINO,0
Tarija,60301,Yacuiba,2009,4,10 a 20 anos / FEMENINO,0
La Paz,20202,Ancoraimes,2009,5,10 a 20 anos / FEMENINO,0
La Paz,20502,Ayata,2009,5,10 a 20 anos / FEMENINO,0
Santa Cruz,70706,Camiri,2009,5,10 a 20 anos / FEMENINO,0
Pando,90101,Cobija,2009,5,10 a 20 anos / FEMENINO,0
Cochabamba,30101,Cochabamba,2009,5,10 a 20 anos / FEMENINO,0
Cochabamba,30905,Colcapirhua,2009,5,10 a 20 anos / FEMENINO,0
La Paz,20105,El Alto,2009,5,10 a 20 anos / FEMENINO,0
Santa Cruz,70105,El Torno,2009,5,10 a 20 anos / FEMENINO,0
Chuquisaca,10304,Icla,2009,5,10 a 20 anos / FEMENINO,0
La Paz,20101,La Paz,2009,5,10 a 20 anos / FEMENINO,0
La Paz,21006,Licoma Pampa,2009,5,10 a 20 anos / FEMENINO,0
Santa Cruz,71003,Mineros,2009,5,10 a 20 anos / FEMENINO,0
Santa Cruz,71001,Montero,2009,5,10 a 20 anos / FEMENINO,0
Oruro,40101,Oruro,2009,5,10 a 20 anos / FEMENINO,0
Potosí,50101,Potosi,2009,5,10 a 20 anos / FEMENINO,0
Santa Cruz,70805,Pucara,2009,5,10 a 20 anos / FEMENINO,0
Cochabamba,31001,Sacaba,2009,5,10 a 20 anos / FEMENINO,0
Beni,80501,San Ignacio,2009,5,10 a 20 anos / FEMENINO,0
Santa Cruz,70301,San Ignacio De Velasco,2009,5,10 a 20 anos / FEMENINO,0
Santa Cruz,70101,Santa Cruz De La Sierra,2009,5,10 a 20 anos / FEMENINO,0
Cochabamba,30902,Sipe Sipe,2009,5,10 a 20 anos / FEMENINO,0
Tarija,60101,Tarija,2009,5,10 a 20 anos / FEMENINO,0
Chuquisaca,10202,Tarvita,2009,5,10 a 20 anos / FEMENINO,0
Potosí,50502,Toro Toro,2009,5,10 a 20 anos / FEMENINO,0
Beni,80101,Trinidad,2009,5,10 a 20 anos / FEMENINO,0
Cochabamba,30502,Vacas,2009,5,10 a 20 anos / FEMENINO,0
Tarija,60303,Villa Montes,2009,5,10 a 20 anos / FEMENINO,0
Cochabamba,31402,Villa Rivero,2009,5,10 a 20 anos / FEMENINO,0
Cochabamba,31003,Villa Tunari,2009,5,10 a 20 anos / FEMENINO,0
Cochabamba,30904,Vinto,2009,5,10 a 20 anos / FEMENINO,0
Tarija,60301,Yacuiba,2009,5,10 a 20 anos / FEMENINO,0
Chuquisaca,10301,Zudañez,2009,5,10 a 20 anos / FEMENINO,0
La Paz,20905,Cairoma,2009,6,10 a 20 anos / FEMENINO,0
Santa Cruz,70706,Camiri,2009,6,10 a 20 anos / FEMENINO,0
La Paz,21101,Chulumani (v. De La Libertad),2009,6,10 a 20 anos / FEMENINO,0
Pando,90101,Cobija,2009,6,10 a 20 anos / FEMENINO,0
Cochabamba,30101,Cochabamba,2009,6,10 a 20 anos / FEMENINO,0
La Paz,21401,Coroico,2009,6,10 a 20 anos / FEMENINO,0
La Paz,20105,El Alto,2009,6,10 a 20 anos / FEMENINO,0
Chuquisaca,10502,Huacareta,2009,6,10 a 20 anos / FEMENINO,0
La Paz,21102,Irupana (villa De Lanza),2009,6,10 a 20 anos / FEMENINO,0
La Paz,20101,La Paz,2009,6,10 a 20 anos / FEMENINO,0
La Paz,20901,Luribay,2009,6,10 a 20 anos / FEMENINO,0
La Paz,20103,Mecapaca,2009,6,10 a 20 anos / FEMENINO,0
Chuquisaca,10501,Monteagudo,2009,6,10 a 20 anos / FEMENINO,0
Santa Cruz,71001,Montero,2009,6,10 a 20 anos / FEMENINO,0
Oruro,40101,Oruro,2009,6,10 a 20 anos / FEMENINO,0
Potosí,50101,Potosi,2009,6,10 a 20 anos / FEMENINO,0
Pando,90301,Puerto Gonzalo Moreno,2009,6,10 a 20 anos / FEMENINO,0
Potosí,50402,Ravelo,2009,6,10 a 20 anos / FEMENINO,0
Cochabamba,31001,Sacaba,2009,6,10 a 20 anos / FEMENINO,0
Potosí,50701,Sacaca,2009,6,10 a 20 anos / FEMENINO,0
Beni,80501,San Ignacio,2009,6,10 a 20 anos / FEMENINO,0
Santa Cruz,70301,San Ignacio De Velasco,2009,6,10 a 20 anos / FEMENINO,0
Santa Cruz,70302,San Miguel De Velasco,2009,6,10 a 20 anos / FEMENINO,0
Santa Cruz,70101,Santa Cruz De La Sierra,2009,6,10 a 20 anos / FEMENINO,0
Chuquisaca,10101,Sucre,2009,6,10 a 20 anos / FEMENINO,0
Tarija,60101,Tarija,2009,6,10 a 20 anos / FEMENINO,0
Chuquisaca,10202,Tarvita,2009,6,10 a 20 anos / FEMENINO,0
Beni,80101,Trinidad,2009,6,10 a 20 anos / FEMENINO,0
Tarija,60303,Villa Montes,2009,6,10 a 20 anos / FEMENINO,0
Tarija,60301,Yacuiba,2009,6,10 a 20 anos / FEMENINO,0
La Paz,20201,Achacachi,2009,7,10 a 20 anos / FEMENINO,0
Oruro,41201,Andamarca,2009,7,10 a 20 anos / FEMENINO,0
Tarija,60202,Bermejo,2009,7,10 a 20 anos / FEMENINO,0
Santa Cruz,70706,Camiri,2009,7,10 a 20 anos / FEMENINO,0
Santa Cruz,71403,Carmen Rivero Torrez,2009,7,10 a 20 anos / FEMENINO,0
Santa Cruz,70702,Charagua,2009,7,10 a 20 anos / FEMENINO,0
Pando,90101,Cobija,2009,7,10 a 20 anos / FEMENINO,0
Cochabamba,30101,Cochabamba,2009,7,10 a 20 anos / FEMENINO,0
Cochabamba,30905,Colcapirhua,2009,7,10 a 20 anos / FEMENINO,0
La Paz,20105,El Alto,2009,7,10 a 20 anos / FEMENINO,0
Tarija,60601,Entre Rios,2009,7,10 a 20 anos / FEMENINO,0
La Paz,21102,Irupana (villa De Lanza),2009,7,10 a 20 anos / FEMENINO,0
La Paz,20101,La Paz,2009,7,10 a 20 anos / FEMENINO,0
Chuquisaca,10501,Monteagudo,2009,7,10 a 20 anos / FEMENINO,0
Oruro,40101,Oruro,2009,7,10 a 20 anos / FEMENINO,0
Santa Cruz,70502,Pailon,2009,7,10 a 20 anos / FEMENINO,0
La Paz,21104,Palos Blancos,2009,7,10 a 20 anos / FEMENINO,0
Potosí,50101,Potosi,2009,7,10 a 20 anos / FEMENINO,0
Pando,90301,Puerto Gonzalo Moreno,2009,7,10 a 20 anos / FEMENINO,0
Santa Cruz,71402,Puerto Quijarro,2009,7,10 a 20 anos / FEMENINO,0
Cochabamba,31205,Puerto Villarroel,2009,7,10 a 20 anos / FEMENINO,0
Cochabamba,31401,Punata,2009,7,10 a 20 anos / FEMENINO,0
Cochabamba,31001,Sacaba,2009,7,10 a 20 anos / FEMENINO,0
Beni,80302,San Borja,2009,7,10 a 20 anos / FEMENINO,0
Santa Cruz,70301,San Ignacio De Velasco,2009,7,10 a 20 anos / FEMENINO,0
Santa Cruz,70302,San Miguel De Velasco,2009,7,10 a 20 anos / FEMENINO,0
Santa Cruz,70101,Santa Cruz De La Sierra,2009,7,10 a 20 anos / FEMENINO,0
La Paz,20601,Sorata,2009,7,10 a 20 anos / FEMENINO,0
Tarija,60101,Tarija,2009,7,10 a 20 anos / FEMENINO,0
La Paz,20606,Tipuani,2009,7,10 a 20 anos / FEMENINO,0
Beni,80101,Trinidad,2009,7,10 a 20 anos / FEMENINO,0
Oruro,40402,Turco,2009,7,10 a 20 anos / FEMENINO,0
Tarija,60401,Uriondo (a. Concepcion),2009,7,10 a 20 anos / FEMENINO,0
Tarija,60303,Villa Montes,2009,7,10 a 20 anos / FEMENINO,0
Potosí,51501,Villazon,2009,7,10 a 20 anos / FEMENINO,0
Tarija,60301,Yacuiba,2009,7,10 a 20 anos / FEMENINO,0
Santa Cruz,70706,Camiri,2009,8,10 a 20 anos / FEMENINO,0
Pando,90101,Cobija,2009,8,10 a 20 anos / FEMENINO,0
Cochabamba,30101,Cochabamba,2009,8,10 a 20 anos / FEMENINO,0
Cochabamba,30905,Colcapirhua,2009,8,10 a 20 anos / FEMENINO,0
Santa Cruz,71106,Cuatro Cañadas,2009,8,10 a 20 anos / FEMENINO,0
La Paz,20105,El Alto,2009,8,10 a 20 anos / FEMENINO,0
La Paz,20101,La Paz,2009,8,10 a 20 anos / FEMENINO,0
Beni,80801,Magdalena,2009,8,10 a 20 anos / FEMENINO,0
Santa Cruz,71003,Mineros,2009,8,10 a 20 anos / FEMENINO,0
Cochabamba,31301,Mizque,2009,8,10 a 20 anos / FEMENINO,0
Santa Cruz,71001,Montero,2009,8,10 a 20 anos / FEMENINO,0
Oruro,40101,Oruro,2009,8,10 a 20 anos / FEMENINO,0
La Paz,21104,Palos Blancos,2009,8,10 a 20 anos / FEMENINO,0
Potosí,50101,Potosi,2009,8,10 a 20 anos / FEMENINO,0
Cochabamba,31205,Puerto Villarroel,2009,8,10 a 20 anos / FEMENINO,0
Cochabamba,31001,Sacaba,2009,8,10 a 20 anos / FEMENINO,0
Santa Cruz,70301,San Ignacio De Velasco,2009,8,10 a 20 anos / FEMENINO,0
Santa Cruz,70404,San Juan De Yapacani,2009,8,10 a 20 anos / FEMENINO,0
Santa Cruz,70101,Santa Cruz De La Sierra,2009,8,10 a 20 anos / FEMENINO,0
Beni,80303,Santa Rosa,2009,8,10 a 20 anos / FEMENINO,0
La Paz,20902,Sapahaqui,2009,8,10 a 20 anos / FEMENINO,0
Chuquisaca,10101,Sucre,2009,8,10 a 20 anos / FEMENINO,0
Tarija,60101,Tarija,2009,8,10 a 20 anos / FEMENINO,0
Beni,80101,Trinidad,2009,8,10 a 20 anos / FEMENINO,0
Potosí,50801,Tupiza,2009,8,10 a 20 anos / FEMENINO,0
Tarija,60303,Villa Montes,2009,8,10 a 20 anos / FEMENINO,0
Tarija,60301,Yacuiba,2009,8,10 a 20 anos / FEMENINO,0
Tarija,60202,Bermejo,2009,9,10 a 20 anos / FEMENINO,0
Santa Cruz,70707,Boyuibe,2009,9,10 a 20 anos / FEMENINO,0
Chuquisaca,10701,Camargo,2009,9,10 a 20 anos / FEMENINO,0
Santa Cruz,70706,Camiri,2009,9,10 a 20 anos / FEMENINO,0
Cochabamba,30801,Cliza,2009,9,10 a 20 anos / FEMENINO,0
Pando,90101,Cobija,2009,9,10 a 20 anos / FEMENINO,0
Cochabamba,30101,Cochabamba,2009,9,10 a 20 anos / FEMENINO,0
Cochabamba,30905,Colcapirhua,2009,9,10 a 20 anos / FEMENINO,0
La Paz,21401,Coroico,2009,9,10 a 20 anos / FEMENINO,0
La Paz,20105,El Alto,2009,9,10 a 20 anos / FEMENINO,0
Tarija,60502,El Puente(tja),2009,9,10 a 20 anos / FEMENINO,0
Pando,90203,Filadelfia,2009,9,10 a 20 anos / FEMENINO,0
Chuquisaca,10502,Huacareta,2009,9,10 a 20 anos / FEMENINO,0
La Paz,20101,La Paz,2009,9,10 a 20 anos / FEMENINO,0
Chuquisaca,10501,Monteagudo,2009,9,10 a 20 anos / FEMENINO,0
Potosí,50101,Potosi,2009,9,10 a 20 anos / FEMENINO,0
Santa Cruz,71401,Puerto Suarez,2009,9,10 a 20 anos / FEMENINO,0
Cochabamba,31205,Puerto Villarroel,2009,9,10 a 20 anos / FEMENINO,0
Cochabamba,31001,Sacaba,2009,9,10 a 20 anos / FEMENINO,0
Potosí,50701,Sacaca,2009,9,10 a 20 anos / FEMENINO,0
Santa Cruz,70301,San Ignacio De Velasco,2009,9,10 a 20 anos / FEMENINO,0
Santa Cruz,70302,San Miguel De Velasco,2009,9,10 a 20 anos / FEMENINO,0
Santa Cruz,70101,Santa Cruz De La Sierra,2009,9,10 a 20 anos / FEMENINO,0
Chuquisaca,10101,Sucre,2009,9,10 a 20 anos / FEMENINO,0
Tarija,60101,Tarija,2009,9,10 a 20 anos / FEMENINO,0
Beni,80101,Trinidad,2009,9,10 a 20 anos / FEMENINO,0
Tarija,60303,Villa Montes,2009,9,10 a 20 anos / FEMENINO,0
Cochabamba,30904,Vinto,2009,9,10 a 20 anos / FEMENINO,0
Tarija,60301,Yacuiba,2009,9,10 a 20 anos / FEMENINO,0
Cochabamba,30201,Aiquile,2009,10,10 a 20 anos / FEMENINO,0
Tarija,60202,Bermejo,2009,10,10 a 20 anos / FEMENINO,0
Potosí,50301,Betanzos,2009,10,10 a 20 anos / FEMENINO,0
Santa Cruz,70706,Camiri,2009,10,10 a 20 anos / FEMENINO,0
La Paz,20305,Charaña,2009,10,10 a 20 anos / FEMENINO,0
La Paz,20501,Chuma,2009,10,10 a 20 anos / FEMENINO,0
Pando,90101,Cobija,2009,10,10 a 20 anos / FEMENINO,0
Cochabamba,30101,Cochabamba,2009,10,10 a 20 anos / FEMENINO,0
Cochabamba,31002,Colomi,2009,10,10 a 20 anos / FEMENINO,0
Santa Cruz,71301,Comarapa,2009,10,10 a 20 anos / FEMENINO,0
La Paz,20105,El Alto,2009,10,10 a 20 anos / FEMENINO,0
La Paz,21105,La Asunta,2009,10,10 a 20 anos / FEMENINO,0
La Paz,20101,La Paz,2009,10,10 a 20 anos / FEMENINO,0
Chuquisaca,11003,Machareti,2009,10,10 a 20 anos / FEMENINO,0
Santa Cruz,71001,Montero,2009,10,10 a 20 anos / FEMENINO,0
Cochabamba,30302,Morochata,2009,10,10 a 20 anos / FEMENINO,0
Oruro,40101,Oruro,2009,10,10 a 20 anos / FEMENINO,0
La Paz,20102,Palca,2009,10,10 a 20 anos / FEMENINO,0
La Paz,21104,Palos Blancos,2009,10,10 a 20 anos / FEMENINO,0
Potosí,50101,Potosi,2009,10,10 a 20 anos / FEMENINO,0
Santa Cruz,71401,Puerto Suarez,2009,10,10 a 20 anos / FEMENINO,0
Cochabamba,31205,Puerto Villarroel,2009,10,10 a 20 anos / FEMENINO,0
Santa Cruz,70503,Robore,2009,10,10 a 20 anos / FEMENINO,0
Cochabamba,31001,Sacaba,2009,10,10 a 20 anos / FEMENINO,0
Santa Cruz,70101,Santa Cruz De La Sierra,2009,10,10 a 20 anos / FEMENINO,0
Chuquisaca,10101,Sucre,2009,10,10 a 20 anos / FEMENINO,0
Tarija,60101,Tarija,2009,10,10 a 20 anos / FEMENINO,0
La Paz,20606,Tipuani,2009,10,10 a 20 anos / FEMENINO,0
Beni,80101,Trinidad,2009,10,10 a 20 anos / FEMENINO,0
Oruro,40402,Turco,2009,10,10 a 20 anos / FEMENINO,0
Cochabamba,30502,Vacas,2009,10,10 a 20 anos / FEMENINO,0
Tarija,60303,Villa Montes,2009,10,10 a 20 anos / FEMENINO,0
Cochabamba,31003,Villa Tunari,2009,10,10 a 20 anos / FEMENINO,0
Potosí,51501,Villazon,2009,10,10 a 20 anos / FEMENINO,0
Tarija,60202,Bermejo,2009,11,10 a 20 anos / FEMENINO,0
Santa Cruz,70706,Camiri,2009,11,10 a 20 anos / FEMENINO,0
La Paz,20305,Charaña,2009,11,10 a 20 anos / FEMENINO,0
Pando,90101,Cobija,2009,11,10 a 20 anos / FEMENINO,0
Cochabamba,30101,Cochabamba,2009,11,10 a 20 anos / FEMENINO,0
La Paz,21401,Coroico,2009,11,10 a 20 anos / FEMENINO,0
La Paz,20105,El Alto,2009,11,10 a 20 anos / FEMENINO,0
Santa Cruz,70105,El Torno,2009,11,10 a 20 anos / FEMENINO,0
La Paz,20101,La Paz,2009,11,10 a 20 anos / FEMENINO,0
Cochabamba,31301,Mizque,2009,11,10 a 20 anos / FEMENINO,0
Santa Cruz,71001,Montero,2009,11,10 a 20 anos / FEMENINO,0
Oruro,40101,Oruro,2009,11,10 a 20 anos / FEMENINO,0
La Paz,20102,Palca,2009,11,10 a 20 anos / FEMENINO,0
La Paz,21104,Palos Blancos,2009,11,10 a 20 anos / FEMENINO,0
Potosí,50101,Potosi,2009,11,10 a 20 anos / FEMENINO,0
Beni,80703,Puerto Siles,2009,11,10 a 20 anos / FEMENINO,0
Cochabamba,31401,Punata,2009,11,10 a 20 anos / FEMENINO,0
Cochabamba,31001,Sacaba,2009,11,10 a 20 anos / FEMENINO,0
Beni,80501,San Ignacio,2009,11,10 a 20 anos / FEMENINO,0
Santa Cruz,70301,San Ignacio De Velasco,2009,11,10 a 20 anos / FEMENINO,0
Santa Cruz,70303,San Rafael,2009,11,10 a 20 anos / FEMENINO,0
Santa Cruz,70101,Santa Cruz De La Sierra,2009,11,10 a 20 anos / FEMENINO,0
Chuquisaca,10101,Sucre,2009,11,10 a 20 anos / FEMENINO,0
Tarija,60101,Tarija,2009,11,10 a 20 anos / FEMENINO,0
Chuquisaca,10402,Tomina,2009,11,10 a 20 anos / FEMENINO,0
Beni,80101,Trinidad,2009,11,10 a 20 anos / FEMENINO,0
Tarija,60303,Villa Montes,2009,11,10 a 20 anos / FEMENINO,0
Potosí,51501,Villazon,2009,11,10 a 20 anos / FEMENINO,0
Tarija,60301,Yacuiba,2009,11,10 a 20 anos / FEMENINO,0
Beni,80802,Baures,2009,12,10 a 20 anos / FEMENINO,0
Tarija,60202,Bermejo,2009,12,10 a 20 anos / FEMENINO,0
Santa Cruz,70706,Camiri,2009,12,10 a 20 anos / FEMENINO,0
Tarija,60302,Carapari,2009,12,10 a 20 anos / FEMENINO,0
La Paz,20501,Chuma,2009,12,10 a 20 anos / FEMENINO,0
Pando,90101,Cobija,2009,12,10 a 20 anos / FEMENINO,0
Cochabamba,30101,Cochabamba,2009,12,10 a 20 anos / FEMENINO,0
Cochabamba,31002,Colomi,2009,12,10 a 20 anos / FEMENINO,0
La Paz,21401,Coroico,2009,12,10 a 20 anos / FEMENINO,0
La Paz,20105,El Alto,2009,12,10 a 20 anos / FEMENINO,0
Chuquisaca,10502,Huacareta,2009,12,10 a 20 anos / FEMENINO,0
La Paz,21102,Irupana (villa De Lanza),2009,12,10 a 20 anos / FEMENINO,0
La Paz,21105,La Asunta,2009,12,10 a 20 anos / FEMENINO,0
La Paz,20101,La Paz,2009,12,10 a 20 anos / FEMENINO,0
Chuquisaca,10303,Mojocoya,2009,12,10 a 20 anos / FEMENINO,0
Santa Cruz,71001,Montero,2009,12,10 a 20 anos / FEMENINO,0
Oruro,40101,Oruro,2009,12,10 a 20 anos / FEMENINO,0
Santa Cruz,70902,Pampa Grande,2009,12,10 a 20 anos / FEMENINO,0
Potosí,50101,Potosi,2009,12,10 a 20 anos / FEMENINO,0
Santa Cruz,71401,Puerto Suarez,2009,12,10 a 20 anos / FEMENINO,0
Cochabamba,31205,Puerto Villarroel,2009,12,10 a 20 anos / FEMENINO,0
Cochabamba,31401,Punata,2009,12,10 a 20 anos / FEMENINO,0
Cochabamba,31001,Sacaba,2009,12,10 a 20 anos / FEMENINO,0
Santa Cruz,70301,San Ignacio De Velasco,2009,12,10 a 20 anos / FEMENINO,0
Santa Cruz,70302,San Miguel De Velasco,2009,12,10 a 20 anos / FEMENINO,0
Santa Cruz,70101,Santa Cruz De La Sierra,2009,12,10 a 20 anos / FEMENINO,0
Chuquisaca,10101,Sucre,2009,12,10 a 20 anos / FEMENINO,0
Tarija,60101,Tarija,2009,12,10 a 20 anos / FEMENINO,0
Cochabamba,30802,Toco,2009,12,10 a 20 anos / FEMENINO,0
Potosí,50502,Toro Toro,2009,12,10 a 20 anos / FEMENINO,0
Beni,80101,Trinidad,2009,12,10 a 20 anos / FEMENINO,0
Cochabamba,30502,Vacas,2009,12,10 a 20 anos / FEMENINO,0
Tarija,60303,Villa Montes,2009,12,10 a 20 anos / FEMENINO,0
Cochabamba,31003,Villa Tunari,2009,12,10 a 20 anos / FEMENINO,0
Cochabamba,30904,Vinto,2009,12,10 a 20 anos / FEMENINO,0
Tarija,60301,Yacuiba,2009,12,10 a 20 anos / FEMENINO,0
La Paz,20202,Ancoraimes,2009,1,21 a 59 anos / MASCULINO,0
Tarija,60202,Bermejo,2009,1,21 a 59 anos / MASCULINO,3
Cochabamba,30101,Cochabamba,2009,1,21 a 59 anos / MASCULINO,53
La Paz,20804,Desaguadero,2009,1,21 a 59 anos / MASCULINO,1
La Paz,20105,El Alto,2009,1,21 a 59 anos / MASCULINO,25
La Paz,20101,La Paz,2009,1,21 a 59 anos / MASCULINO,32
Beni,80801,Magdalena,2009,1,21 a 59 anos / MASCULINO,1
Oruro,40101,Oruro,2009,1,21 a 59 anos / MASCULINO,3
Chuquisaca,10103,Poroma,2009,1,21 a 59 anos / MASCULINO,1
Potosí,50101,Potosi,2009,1,21 a 59 anos / MASCULINO,4
Santa Cruz,71402,Puerto Quijarro,2009,1,21 a 59 anos / MASCULINO,2
Santa Cruz,71401,Puerto Suarez,2009,1,21 a 59 anos / MASCULINO,0
Cochabamba,31001,Sacaba,2009,1,21 a 59 anos / MASCULINO,6
Potosí,50701,Sacaca,2009,1,21 a 59 anos / MASCULINO,1
Santa Cruz,70402,San Carlos,2009,1,21 a 59 anos / MASCULINO,0
Santa Cruz,70301,San Ignacio De Velasco,2009,1,21 a 59 anos / MASCULINO,3
Santa Cruz,70303,San Rafael,2009,1,21 a 59 anos / MASCULINO,0
Santa Cruz,70101,Santa Cruz De La Sierra,2009,1,21 a 59 anos / MASCULINO,15
Chuquisaca,10101,Sucre,2009,1,21 a 59 anos / MASCULINO,0
Tarija,60101,Tarija,2009,1,21 a 59 anos / MASCULINO,7
Oruro,40402,Turco,2009,1,21 a 59 anos / MASCULINO,1
Tarija,60303,Villa Montes,2009,1,21 a 59 anos / MASCULINO,4
Chuquisaca,11001,Villa Vaca Guzman (muyupampa),2009,1,21 a 59 anos / MASCULINO,1
Tarija,60301,Yacuiba,2009,1,21 a 59 anos / MASCULINO,2
La Paz,20201,Achacachi,2009,2,21 a 59 anos / MASCULINO,1
Chuquisaca,10201,Azurduy,2009,2,21 a 59 anos / MASCULINO,1
Santa Cruz,70706,Camiri,2009,2,21 a 59 anos / MASCULINO,1
Cochabamba,30101,Cochabamba,2009,2,21 a 59 anos / MASCULINO,39
Cochabamba,30905,Colcapirhua,2009,2,21 a 59 anos / MASCULINO,0
La Paz,20105,El Alto,2009,2,21 a 59 anos / MASCULINO,27
Beni,80402,Exaltacion,2009,2,21 a 59 anos / MASCULINO,1
Chuquisaca,11002,Huacaya (villa De Huacaya),2009,2,21 a 59 anos / MASCULINO,1
La Paz,21105,La Asunta,2009,2,21 a 59 anos / MASCULINO,1
La Paz,20101,La Paz,2009,2,21 a 59 anos / MASCULINO,18
Santa Cruz,71001,Montero,2009,2,21 a 59 anos / MASCULINO,1
Oruro,40101,Oruro,2009,2,21 a 59 anos / MASCULINO,4
Cochabamba,31202,Pojo (cbba),2009,2,21 a 59 anos / MASCULINO,1
Potosí,50101,Potosi,2009,2,21 a 59 anos / MASCULINO,1
Santa Cruz,71401,Puerto Suarez,2009,2,21 a 59 anos / MASCULINO,3
Potosí,51101,Puna,2009,2,21 a 59 anos / MASCULINO,1
Oruro,40901,Sabaya,2009,2,21 a 59 anos / MASCULINO,1
Cochabamba,31001,Sacaba,2009,2,21 a 59 anos / MASCULINO,3
Beni,80602,San Andres,2009,2,21 a 59 anos / MASCULINO,1
Santa Cruz,70301,San Ignacio De Velasco,2009,2,21 a 59 anos / MASCULINO,1
Chuquisaca,10702,San Lucas,2009,2,21 a 59 anos / MASCULINO,0
Santa Cruz,70302,San Miguel De Velasco,2009,2,21 a 59 anos / MASCULINO,1
Santa Cruz,70101,Santa Cruz De La Sierra,2009,2,21 a 59 anos / MASCULINO,12
La Paz,20902,Sapahaqui,2009,2,21 a 59 anos / MASCULINO,0
Tarija,60101,Tarija,2009,2,21 a 59 anos / MASCULINO,3
Cochabamba,30903,Tiquipaya,2009,2,21 a 59 anos / MASCULINO,1
Beni,80101,Trinidad,2009,2,21 a 59 anos / MASCULINO,2
Potosí,50201,Uncia,2009,2,21 a 59 anos / MASCULINO,0
Tarija,60303,Villa Montes,2009,2,21 a 59 anos / MASCULINO,4
Potosí,51501,Villazon,2009,2,21 a 59 anos / MASCULINO,1
Cochabamba,30904,Vinto,2009,2,21 a 59 anos / MASCULINO,1
La Paz,20903,Yaco,2009,2,21 a 59 anos / MASCULINO,0
Tarija,60301,Yacuiba,2009,2,21 a 59 anos / MASCULINO,1
La Paz,20502,Ayata,2009,3,21 a 59 anos / MASCULINO,0
La Paz,20905,Cairoma,2009,3,21 a 59 anos / MASCULINO,1
Santa Cruz,70706,Camiri,2009,3,21 a 59 anos / MASCULINO,3
La Paz,20501,Chuma,2009,3,21 a 59 anos / MASCULINO,1
Pando,90101,Cobija,2009,3,21 a 59 anos / MASCULINO,1
Cochabamba,30101,Cochabamba,2009,3,21 a 59 anos / MASCULINO,51
Oruro,40301,Corque,2009,3,21 a 59 anos / MASCULINO,1
La Paz,20105,El Alto,2009,3,21 a 59 anos / MASCULINO,31
Beni,80202,Guayaramerin,2009,3,21 a 59 anos / MASCULINO,2
La Paz,20101,La Paz,2009,3,21 a 59 anos / MASCULINO,27
La Paz,20901,Luribay,2009,3,21 a 59 anos / MASCULINO,1
La Paz,20607,Mapiri,2009,3,21 a 59 anos / MASCULINO,1
Chuquisaca,10501,Monteagudo,2009,3,21 a 59 anos / MASCULINO,2
Oruro,40101,Oruro,2009,3,21 a 59 anos / MASCULINO,1
La Paz,21104,Palos Blancos,2009,3,21 a 59 anos / MASCULINO,1
Santa Cruz,70601,Portachuelo,2009,3,21 a 59 anos / MASCULINO,1
Potosí,50101,Potosi,2009,3,21 a 59 anos / MASCULINO,7
Santa Cruz,71402,Puerto Quijarro,2009,3,21 a 59 anos / MASCULINO,1
Beni,80703,Puerto Siles,2009,3,21 a 59 anos / MASCULINO,1
Beni,80201,Riberalta,2009,3,21 a 59 anos / MASCULINO,0
Cochabamba,31001,Sacaba,2009,3,21 a 59 anos / MASCULINO,4
Santa Cruz,70901,Samaipata,2009,3,21 a 59 anos / MASCULINO,1
Santa Cruz,70301,San Ignacio De Velasco,2009,3,21 a 59 anos / MASCULINO,1
Santa Cruz,70303,San Rafael,2009,3,21 a 59 anos / MASCULINO,1
Beni,80401,Santa Ana,2009,3,21 a 59 anos / MASCULINO,1
Santa Cruz,70101,Santa Cruz De La Sierra,2009,3,21 a 59 anos / MASCULINO,9
Chuquisaca,10101,Sucre,2009,3,21 a 59 anos / MASCULINO,1
Tarija,60101,Tarija,2009,3,21 a 59 anos / MASCULINO,12
Potosí,50502,Toro Toro,2009,3,21 a 59 anos / MASCULINO,1
Beni,80101,Trinidad,2009,3,21 a 59 anos / MASCULINO,3
Oruro,40402,Turco,2009,3,21 a 59 anos / MASCULINO,0
Tarija,60303,Villa Montes,2009,3,21 a 59 anos / MASCULINO,3
Chuquisaca,11001,Villa Vaca Guzman (muyupampa),2009,3,21 a 59 anos / MASCULINO,1
Potosí,51501,Villazon,2009,3,21 a 59 anos / MASCULINO,1
Cochabamba,30904,Vinto,2009,3,21 a 59 anos / MASCULINO,1
Tarija,60301,Yacuiba,2009,3,21 a 59 anos / MASCULINO,2
La Paz,21103,Yanacachi,2009,3,21 a 59 anos / MASCULINO,3
Tarija,60202,Bermejo,2009,4,21 a 59 anos / MASCULINO,2
Santa Cruz,70706,Camiri,2009,4,21 a 59 anos / MASCULINO,1
Santa Cruz,71403,Carmen Rivero Torrez,2009,4,21 a 59 anos / MASCULINO,3
La Paz,20501,Chuma,2009,4,21 a 59 anos / MASCULINO,0
Pando,90101,Cobija,2009,4,21 a 59 anos / MASCULINO,0
Cochabamba,30101,Cochabamba,2009,4,21 a 59 anos / MASCULINO,39
La Paz,20105,El Alto,2009,4,21 a 59 anos / MASCULINO,25
Chuquisaca,10502,Huacareta,2009,4,21 a 59 anos / MASCULINO,2
La Paz,21102,Irupana (villa De Lanza),2009,4,21 a 59 anos / MASCULINO,1
La Paz,20101,La Paz,2009,4,21 a 59 anos / MASCULINO,36
Chuquisaca,10501,Monteagudo,2009,4,21 a 59 anos / MASCULINO,2
Santa Cruz,71001,Montero,2009,4,21 a 59 anos / MASCULINO,2
Oruro,40101,Oruro,2009,4,21 a 59 anos / MASCULINO,8
Potosí,50403,Pocoata,2009,4,21 a 59 anos / MASCULINO,0
Potosí,50101,Potosi,2009,4,21 a 59 anos / MASCULINO,8
Santa Cruz,71402,Puerto Quijarro,2009,4,21 a 59 anos / MASCULINO,1
Santa Cruz,71401,Puerto Suarez,2009,4,21 a 59 anos / MASCULINO,0
Cochabamba,31205,Puerto Villarroel,2009,4,21 a 59 anos / MASCULINO,1
Cochabamba,31401,Punata,2009,4,21 a 59 anos / MASCULINO,0
Santa Cruz,70503,Robore,2009,4,21 a 59 anos / MASCULINO,1
Beni,80304,Rurrenabaque,2009,4,21 a 59 anos / MASCULINO,1
Cochabamba,31001,Sacaba,2009,4,21 a 59 anos / MASCULINO,4
Potosí,50701,Sacaca,2009,4,21 a 59 anos / MASCULINO,0
Santa Cruz,70901,Samaipata,2009,4,21 a 59 anos / MASCULINO,1
Santa Cruz,70301,San Ignacio De Velasco,2009,4,21 a 59 anos / MASCULINO,4
Santa Cruz,70302,San Miguel De Velasco,2009,4,21 a 59 anos / MASCULINO,0
Beni,80401,Santa Ana,2009,4,21 a 59 anos / MASCULINO,3
Santa Cruz,70101,Santa Cruz De La Sierra,2009,4,21 a 59 anos / MASCULINO,14
La Paz,20902,Sapahaqui,2009,4,21 a 59 anos / MASCULINO,1
Tarija,60101,Tarija,2009,4,21 a 59 anos / MASCULINO,18
Beni,80101,Trinidad,2009,4,21 a 59 anos / MASCULINO,0
Cochabamba,31302,Vila Vila,2009,4,21 a 59 anos / MASCULINO,0
Tarija,60303,Villa Montes,2009,4,21 a 59 anos / MASCULINO,3
Chuquisaca,10801,Villa Serrano,2009,4,21 a 59 anos / MASCULINO,0
Potosí,51501,Villazon,2009,4,21 a 59 anos / MASCULINO,2
Cochabamba,30904,Vinto,2009,4,21 a 59 anos / MASCULINO,0
Tarija,60301,Yacuiba,2009,4,21 a 59 anos / MASCULINO,3
La Paz,20202,Ancoraimes,2009,5,21 a 59 anos / MASCULINO,0
La Paz,20502,Ayata,2009,5,21 a 59 anos / MASCULINO,0
Santa Cruz,70706,Camiri,2009,5,21 a 59 anos / MASCULINO,2
Pando,90101,Cobija,2009,5,21 a 59 anos / MASCULINO,1
Cochabamba,30101,Cochabamba,2009,5,21 a 59 anos / MASCULINO,47
Cochabamba,30905,Colcapirhua,2009,5,21 a 59 anos / MASCULINO,1
La Paz,20105,El Alto,2009,5,21 a 59 anos / MASCULINO,33
Santa Cruz,70105,El Torno,2009,5,21 a 59 anos / MASCULINO,2
Chuquisaca,10304,Icla,2009,5,21 a 59 anos / MASCULINO,0
La Paz,20101,La Paz,2009,5,21 a 59 anos / MASCULINO,32
La Paz,21006,Licoma Pampa,2009,5,21 a 59 anos / MASCULINO,1
Santa Cruz,71003,Mineros,2009,5,21 a 59 anos / MASCULINO,1
Santa Cruz,71001,Montero,2009,5,21 a 59 anos / MASCULINO,0
Oruro,40101,Oruro,2009,5,21 a 59 anos / MASCULINO,1
Potosí,50101,Potosi,2009,5,21 a 59 anos / MASCULINO,5
Santa Cruz,70805,Pucara,2009,5,21 a 59 anos / MASCULINO,1
Cochabamba,31001,Sacaba,2009,5,21 a 59 anos / MASCULINO,3
Beni,80501,San Ignacio,2009,5,21 a 59 anos / MASCULINO,1
Santa Cruz,70301,San Ignacio De Velasco,2009,5,21 a 59 anos / MASCULINO,2
Santa Cruz,70101,Santa Cruz De La Sierra,2009,5,21 a 59 anos / MASCULINO,7
Cochabamba,30902,Sipe Sipe,2009,5,21 a 59 anos / MASCULINO,1
Tarija,60101,Tarija,2009,5,21 a 59 anos / MASCULINO,6
Chuquisaca,10202,Tarvita,2009,5,21 a 59 anos / MASCULINO,1
Potosí,50502,Toro Toro,2009,5,21 a 59 anos / MASCULINO,1
Beni,80101,Trinidad,2009,5,21 a 59 anos / MASCULINO,0
Cochabamba,30502,Vacas,2009,5,21 a 59 anos / MASCULINO,0
Tarija,60303,Villa Montes,2009,5,21 a 59 anos / MASCULINO,1
Cochabamba,31402,Villa Rivero,2009,5,21 a 59 anos / MASCULINO,1
Cochabamba,31003,Villa Tunari,2009,5,21 a 59 anos / MASCULINO,1
Cochabamba,30904,Vinto,2009,5,21 a 59 anos / MASCULINO,1
Tarija,60301,Yacuiba,2009,5,21 a 59 anos / MASCULINO,2
Chuquisaca,10301,Zudañez,2009,5,21 a 59 anos / MASCULINO,0
La Paz,20905,Cairoma,2009,6,21 a 59 anos / MASCULINO,0
Santa Cruz,70706,Camiri,2009,6,21 a 59 anos / MASCULINO,2
La Paz,21101,Chulumani (v. De La Libertad),2009,6,21 a 59 anos / MASCULINO,2
Pando,90101,Cobija,2009,6,21 a 59 anos / MASCULINO,3
Cochabamba,30101,Cochabamba,2009,6,21 a 59 anos / MASCULINO,53
La Paz,21401,Coroico,2009,6,21 a 59 anos / MASCULINO,1
La Paz,20105,El Alto,2009,6,21 a 59 anos / MASCULINO,19
Chuquisaca,10502,Huacareta,2009,6,21 a 59 anos / MASCULINO,1
La Paz,21102,Irupana (villa De Lanza),2009,6,21 a 59 anos / MASCULINO,2
La Paz,20101,La Paz,2009,6,21 a 59 anos / MASCULINO,9
La Paz,20901,Luribay,2009,6,21 a 59 anos / MASCULINO,1
La Paz,20103,Mecapaca,2009,6,21 a 59 anos / MASCULINO,1
Chuquisaca,10501,Monteagudo,2009,6,21 a 59 anos / MASCULINO,1
Santa Cruz,71001,Montero,2009,6,21 a 59 anos / MASCULINO,1
Oruro,40101,Oruro,2009,6,21 a 59 anos / MASCULINO,4
Potosí,50101,Potosi,2009,6,21 a 59 anos / MASCULINO,5
Pando,90301,Puerto Gonzalo Moreno,2009,6,21 a 59 anos / MASCULINO,5
Potosí,50402,Ravelo,2009,6,21 a 59 anos / MASCULINO,0
Cochabamba,31001,Sacaba,2009,6,21 a 59 anos / MASCULINO,2
Potosí,50701,Sacaca,2009,6,21 a 59 anos / MASCULINO,0
Beni,80501,San Ignacio,2009,6,21 a 59 anos / MASCULINO,0
Santa Cruz,70301,San Ignacio De Velasco,2009,6,21 a 59 anos / MASCULINO,1
Santa Cruz,70302,San Miguel De Velasco,2009,6,21 a 59 anos / MASCULINO,1
Santa Cruz,70101,Santa Cruz De La Sierra,2009,6,21 a 59 anos / MASCULINO,10
Chuquisaca,10101,Sucre,2009,6,21 a 59 anos / MASCULINO,1
Tarija,60101,Tarija,2009,6,21 a 59 anos / MASCULINO,4
Chuquisaca,10202,Tarvita,2009,6,21 a 59 anos / MASCULINO,1
Beni,80101,Trinidad,2009,6,21 a 59 anos / MASCULINO,4
Tarija,60303,Villa Montes,2009,6,21 a 59 anos / MASCULINO,1
Tarija,60301,Yacuiba,2009,6,21 a 59 anos / MASCULINO,5
La Paz,20201,Achacachi,2009,7,21 a 59 anos / MASCULINO,1
Oruro,41201,Andamarca,2009,7,21 a 59 anos / MASCULINO,1
Tarija,60202,Bermejo,2009,7,21 a 59 anos / MASCULINO,1
Santa Cruz,70706,Camiri,2009,7,21 a 59 anos / MASCULINO,1
Santa Cruz,71403,Carmen Rivero Torrez,2009,7,21 a 59 anos / MASCULINO,1
Santa Cruz,70702,Charagua,2009,7,21 a 59 anos / MASCULINO,0
Pando,90101,Cobija,2009,7,21 a 59 anos / MASCULINO,3
Cochabamba,30101,Cochabamba,2009,7,21 a 59 anos / MASCULINO,37
Cochabamba,30905,Colcapirhua,2009,7,21 a 59 anos / MASCULINO,0
La Paz,20105,El Alto,2009,7,21 a 59 anos / MASCULINO,13
Tarija,60601,Entre Rios,2009,7,21 a 59 anos / MASCULINO,1
La Paz,21102,Irupana (villa De Lanza),2009,7,21 a 59 anos / MASCULINO,0
La Paz,20101,La Paz,2009,7,21 a 59 anos / MASCULINO,39
Chuquisaca,10501,Monteagudo,2009,7,21 a 59 anos / MASCULINO,1
Oruro,40101,Oruro,2009,7,21 a 59 anos / MASCULINO,4
Santa Cruz,70502,Pailon,2009,7,21 a 59 anos / MASCULINO,2
La Paz,21104,Palos Blancos,2009,7,21 a 59 anos / MASCULINO,0
Potosí,50101,Potosi,2009,7,21 a 59 anos / MASCULINO,9
Pando,90301,Puerto Gonzalo Moreno,2009,7,21 a 59 anos / MASCULINO,1
Santa Cruz,71402,Puerto Quijarro,2009,7,21 a 59 anos / MASCULINO,2
Cochabamba,31205,Puerto Villarroel,2009,7,21 a 59 anos / MASCULINO,2
Cochabamba,31401,Punata,2009,7,21 a 59 anos / MASCULINO,1
Cochabamba,31001,Sacaba,2009,7,21 a 59 anos / MASCULINO,2
Beni,80302,San Borja,2009,7,21 a 59 anos / MASCULINO,1
Santa Cruz,70301,San Ignacio De Velasco,2009,7,21 a 59 anos / MASCULINO,1
Santa Cruz,70302,San Miguel De Velasco,2009,7,21 a 59 anos / MASCULINO,0
Santa Cruz,70101,Santa Cruz De La Sierra,2009,7,21 a 59 anos / MASCULINO,11
La Paz,20601,Sorata,2009,7,21 a 59 anos / MASCULINO,0
Tarija,60101,Tarija,2009,7,21 a 59 anos / MASCULINO,2
La Paz,20606,Tipuani,2009,7,21 a 59 anos / MASCULINO,1
Beni,80101,Trinidad,2009,7,21 a 59 anos / MASCULINO,2
Oruro,40402,Turco,2009,7,21 a 59 anos / MASCULINO,1
Tarija,60401,Uriondo (a. Concepcion),2009,7,21 a 59 anos / MASCULINO,1
Tarija,60303,Villa Montes,2009,7,21 a 59 anos / MASCULINO,1
Potosí,51501,Villazon,2009,7,21 a 59 anos / MASCULINO,1
Tarija,60301,Yacuiba,2009,7,21 a 59 anos / MASCULINO,1
Santa Cruz,70706,Camiri,2009,8,21 a 59 anos / MASCULINO,1
Pando,90101,Cobija,2009,8,21 a 59 anos / MASCULINO,2
Cochabamba,30101,Cochabamba,2009,8,21 a 59 anos / MASCULINO,27
Cochabamba,30905,Colcapirhua,2009,8,21 a 59 anos / MASCULINO,1
Santa Cruz,71106,Cuatro Cañadas,2009,8,21 a 59 anos / MASCULINO,1
La Paz,20105,El Alto,2009,8,21 a 59 anos / MASCULINO,15
La Paz,20101,La Paz,2009,8,21 a 59 anos / MASCULINO,14
Beni,80801,Magdalena,2009,8,21 a 59 anos / MASCULINO,0
Santa Cruz,71003,Mineros,2009,8,21 a 59 anos / MASCULINO,0
Cochabamba,31301,Mizque,2009,8,21 a 59 anos / MASCULINO,0
Santa Cruz,71001,Montero,2009,8,21 a 59 anos / MASCULINO,1
Oruro,40101,Oruro,2009,8,21 a 59 anos / MASCULINO,3
La Paz,21104,Palos Blancos,2009,8,21 a 59 anos / MASCULINO,1
Potosí,50101,Potosi,2009,8,21 a 59 anos / MASCULINO,6
Cochabamba,31205,Puerto Villarroel,2009,8,21 a 59 anos / MASCULINO,1
Cochabamba,31001,Sacaba,2009,8,21 a 59 anos / MASCULINO,8
Santa Cruz,70301,San Ignacio De Velasco,2009,8,21 a 59 anos / MASCULINO,3
Santa Cruz,70404,San Juan De Yapacani,2009,8,21 a 59 anos / MASCULINO,0
Santa Cruz,70101,Santa Cruz De La Sierra,2009,8,21 a 59 anos / MASCULINO,6
Beni,80303,Santa Rosa,2009,8,21 a 59 anos / MASCULINO,1
La Paz,20902,Sapahaqui,2009,8,21 a 59 anos / MASCULINO,1
Chuquisaca,10101,Sucre,2009,8,21 a 59 anos / MASCULINO,2
Tarija,60101,Tarija,2009,8,21 a 59 anos / MASCULINO,10
Beni,80101,Trinidad,2009,8,21 a 59 anos / MASCULINO,3
Potosí,50801,Tupiza,2009,8,21 a 59 anos / MASCULINO,1
Tarija,60303,Villa Montes,2009,8,21 a 59 anos / MASCULINO,0
Tarija,60301,Yacuiba,2009,8,21 a 59 anos / MASCULINO,1
Tarija,60202,Bermejo,2009,9,21 a 59 anos / MASCULINO,1
Santa Cruz,70707,Boyuibe,2009,9,21 a 59 anos / MASCULINO,0
Chuquisaca,10701,Camargo,2009,9,21 a 59 anos / MASCULINO,1
Santa Cruz,70706,Camiri,2009,9,21 a 59 anos / MASCULINO,1
Cochabamba,30801,Cliza,2009,9,21 a 59 anos / MASCULINO,1
Pando,90101,Cobija,2009,9,21 a 59 anos / MASCULINO,0
Cochabamba,30101,Cochabamba,2009,9,21 a 59 anos / MASCULINO,44
Cochabamba,30905,Colcapirhua,2009,9,21 a 59 anos / MASCULINO,0
La Paz,21401,Coroico,2009,9,21 a 59 anos / MASCULINO,1
La Paz,20105,El Alto,2009,9,21 a 59 anos / MASCULINO,21
Tarija,60502,El Puente(tja),2009,9,21 a 59 anos / MASCULINO,0
Pando,90203,Filadelfia,2009,9,21 a 59 anos / MASCULINO,1
Chuquisaca,10502,Huacareta,2009,9,21 a 59 anos / MASCULINO,1
La Paz,20101,La Paz,2009,9,21 a 59 anos / MASCULINO,25
Chuquisaca,10501,Monteagudo,2009,9,21 a 59 anos / MASCULINO,2
Potosí,50101,Potosi,2009,9,21 a 59 anos / MASCULINO,8
Santa Cruz,71401,Puerto Suarez,2009,9,21 a 59 anos / MASCULINO,1
Cochabamba,31205,Puerto Villarroel,2009,9,21 a 59 anos / MASCULINO,0
Cochabamba,31001,Sacaba,2009,9,21 a 59 anos / MASCULINO,2
Potosí,50701,Sacaca,2009,9,21 a 59 anos / MASCULINO,0
Santa Cruz,70301,San Ignacio De Velasco,2009,9,21 a 59 anos / MASCULINO,2
Santa Cruz,70302,San Miguel De Velasco,2009,9,21 a 59 anos / MASCULINO,0
Santa Cruz,70101,Santa Cruz De La Sierra,2009,9,21 a 59 anos / MASCULINO,15
Chuquisaca,10101,Sucre,2009,9,21 a 59 anos / MASCULINO,1
Tarija,60101,Tarija,2009,9,21 a 59 anos / MASCULINO,8
Beni,80101,Trinidad,2009,9,21 a 59 anos / MASCULINO,2
Tarija,60303,Villa Montes,2009,9,21 a 59 anos / MASCULINO,1
Cochabamba,30904,Vinto,2009,9,21 a 59 anos / MASCULINO,1
Tarija,60301,Yacuiba,2009,9,21 a 59 anos / MASCULINO,1
Cochabamba,30201,Aiquile,2009,10,21 a 59 anos / MASCULINO,1
Tarija,60202,Bermejo,2009,10,21 a 59 anos / MASCULINO,3
Potosí,50301,Betanzos,2009,10,21 a 59 anos / MASCULINO,1
Santa Cruz,70706,Camiri,2009,10,21 a 59 anos / MASCULINO,1
La Paz,20305,Charaña,2009,10,21 a 59 anos / MASCULINO,1
La Paz,20501,Chuma,2009,10,21 a 59 anos / MASCULINO,0
Pando,90101,Cobija,2009,10,21 a 59 anos / MASCULINO,4
Cochabamba,30101,Cochabamba,2009,10,21 a 59 anos / MASCULINO,45
Cochabamba,31002,Colomi,2009,10,21 a 59 anos / MASCULINO,1
Santa Cruz,71301,Comarapa,2009,10,21 a 59 anos / MASCULINO,1
La Paz,20105,El Alto,2009,10,21 a 59 anos / MASCULINO,18
La Paz,21105,La Asunta,2009,10,21 a 59 anos / MASCULINO,0
La Paz,20101,La Paz,2009,10,21 a 59 anos / MASCULINO,40
Chuquisaca,11003,Machareti,2009,10,21 a 59 anos / MASCULINO,0
Santa Cruz,71001,Montero,2009,10,21 a 59 anos / MASCULINO,1
Cochabamba,30302,Morochata,2009,10,21 a 59 anos / MASCULINO,0
Oruro,40101,Oruro,2009,10,21 a 59 anos / MASCULINO,8
La Paz,20102,Palca,2009,10,21 a 59 anos / MASCULINO,2
La Paz,21104,Palos Blancos,2009,10,21 a 59 anos / MASCULINO,0
Potosí,50101,Potosi,2009,10,21 a 59 anos / MASCULINO,9
Santa Cruz,71401,Puerto Suarez,2009,10,21 a 59 anos / MASCULINO,1
Cochabamba,31205,Puerto Villarroel,2009,10,21 a 59 anos / MASCULINO,2
Santa Cruz,70503,Robore,2009,10,21 a 59 anos / MASCULINO,1
Cochabamba,31001,Sacaba,2009,10,21 a 59 anos / MASCULINO,3
Santa Cruz,70101,Santa Cruz De La Sierra,2009,10,21 a 59 anos / MASCULINO,13
Chuquisaca,10101,Sucre,2009,10,21 a 59 anos / MASCULINO,3
Tarija,60101,Tarija,2009,10,21 a 59 anos / MASCULINO,6
La Paz,20606,Tipuani,2009,10,21 a 59 anos / MASCULINO,1
Beni,80101,Trinidad,2009,10,21 a 59 anos / MASCULINO,2
Oruro,40402,Turco,2009,10,21 a 59 anos / MASCULINO,1
Cochabamba,30502,Vacas,2009,10,21 a 59 anos / MASCULINO,0
Tarija,60303,Villa Montes,2009,10,21 a 59 anos / MASCULINO,0
Cochabamba,31003,Villa Tunari,2009,10,21 a 59 anos / MASCULINO,0
Potosí,51501,Villazon,2009,10,21 a 59 anos / MASCULINO,1
Tarija,60202,Bermejo,2009,11,21 a 59 anos / MASCULINO,1
Santa Cruz,70706,Camiri,2009,11,21 a 59 anos / MASCULINO,1
La Paz,20305,Charaña,2009,11,21 a 59 anos / MASCULINO,1
Pando,90101,Cobija,2009,11,21 a 59 anos / MASCULINO,1
Cochabamba,30101,Cochabamba,2009,11,21 a 59 anos / MASCULINO,70
La Paz,21401,Coroico,2009,11,21 a 59 anos / MASCULINO,0
La Paz,20105,El Alto,2009,11,21 a 59 anos / MASCULINO,31
Santa Cruz,70105,El Torno,2009,11,21 a 59 anos / MASCULINO,1
La Paz,20101,La Paz,2009,11,21 a 59 anos / MASCULINO,39
Cochabamba,31301,Mizque,2009,11,21 a 59 anos / MASCULINO,0
Santa Cruz,71001,Montero,2009,11,21 a 59 anos / MASCULINO,1
Oruro,40101,Oruro,2009,11,21 a 59 anos / MASCULINO,5
La Paz,20102,Palca,2009,11,21 a 59 anos / MASCULINO,0
La Paz,21104,Palos Blancos,2009,11,21 a 59 anos / MASCULINO,0
Potosí,50101,Potosi,2009,11,21 a 59 anos / MASCULINO,15
Beni,80703,Puerto Siles,2009,11,21 a 59 anos / MASCULINO,1
Cochabamba,31401,Punata,2009,11,21 a 59 anos / MASCULINO,1
Cochabamba,31001,Sacaba,2009,11,21 a 59 anos / MASCULINO,4
Beni,80501,San Ignacio,2009,11,21 a 59 anos / MASCULINO,1
Santa Cruz,70301,San Ignacio De Velasco,2009,11,21 a 59 anos / MASCULINO,2
Santa Cruz,70303,San Rafael,2009,11,21 a 59 anos / MASCULINO,1
Santa Cruz,70101,Santa Cruz De La Sierra,2009,11,21 a 59 anos / MASCULINO,9
Chuquisaca,10101,Sucre,2009,11,21 a 59 anos / MASCULINO,1
Tarija,60101,Tarija,2009,11,21 a 59 anos / MASCULINO,15
Chuquisaca,10402,Tomina,2009,11,21 a 59 anos / MASCULINO,1
Beni,80101,Trinidad,2009,11,21 a 59 anos / MASCULINO,1
Tarija,60303,Villa Montes,2009,11,21 a 59 anos / MASCULINO,0
Potosí,51501,Villazon,2009,11,21 a 59 anos / MASCULINO,2
Tarija,60301,Yacuiba,2009,11,21 a 59 anos / MASCULINO,2
Beni,80802,Baures,2009,12,21 a 59 anos / MASCULINO,1
Tarija,60202,Bermejo,2009,12,21 a 59 anos / MASCULINO,1
Santa Cruz,70706,Camiri,2009,12,21 a 59 anos / MASCULINO,0
Tarija,60302,Carapari,2009,12,21 a 59 anos / MASCULINO,0
La Paz,20501,Chuma,2009,12,21 a 59 anos / MASCULINO,1
Pando,90101,Cobija,2009,12,21 a 59 anos / MASCULINO,1
Cochabamba,30101,Cochabamba,2009,12,21 a 59 anos / MASCULINO,56
Cochabamba,31002,Colomi,2009,12,21 a 59 anos / MASCULINO,0
La Paz,21401,Coroico,2009,12,21 a 59 anos / MASCULINO,1
La Paz,20105,El Alto,2009,12,21 a 59 anos / MASCULINO,26
Chuquisaca,10502,Huacareta,2009,12,21 a 59 anos / MASCULINO,1
La Paz,21102,Irupana (villa De Lanza),2009,12,21 a 59 anos / MASCULINO,1
La Paz,21105,La Asunta,2009,12,21 a 59 anos / MASCULINO,3
La Paz,20101,La Paz,2009,12,21 a 59 anos / MASCULINO,24
Chuquisaca,10303,Mojocoya,2009,12,21 a 59 anos / MASCULINO,1
Santa Cruz,71001,Montero,2009,12,21 a 59 anos / MASCULINO,1
Oruro,40101,Oruro,2009,12,21 a 59 anos / MASCULINO,4
Santa Cruz,70902,Pampa Grande,2009,12,21 a 59 anos / MASCULINO,0
Potosí,50101,Potosi,2009,12,21 a 59 anos / MASCULINO,9
Santa Cruz,71401,Puerto Suarez,2009,12,21 a 59 anos / MASCULINO,2
Cochabamba,31205,Puerto Villarroel,2009,12,21 a 59 anos / MASCULINO,1
Cochabamba,31401,Punata,2009,12,21 a 59 anos / MASCULINO,0
Cochabamba,31001,Sacaba,2009,12,21 a 59 anos / MASCULINO,4
Santa Cruz,70301,San Ignacio De Velasco,2009,12,21 a 59 anos / MASCULINO,1
Santa Cruz,70302,San Miguel De Velasco,2009,12,21 a 59 anos / MASCULINO,1
Santa Cruz,70101,Santa Cruz De La Sierra,2009,12,21 a 59 anos / MASCULINO,7
Chuquisaca,10101,Sucre,2009,12,21 a 59 anos / MASCULINO,5
Tarija,60101,Tarija,2009,12,21 a 59 anos / MASCULINO,9
Cochabamba,30802,Toco,2009,12,21 a 59 anos / MASCULINO,0
Potosí,50502,Toro Toro,2009,12,21 a 59 anos / MASCULINO,0
Beni,80101,Trinidad,2009,12,21 a 59 anos / MASCULINO,2
Cochabamba,30502,Vacas,2009,12,21 a 59 anos / MASCULINO,0
Tarija,60303,Villa Montes,2009,12,21 a 59 anos / MASCULINO,4
Cochabamba,31003,Villa Tunari,2009,12,21 a 59 anos / MASCULINO,1
Cochabamba,30904,Vinto,2009,12,21 a 59 anos / MASCULINO,1
Tarija,60301,Yacuiba,2009,12,21 a 59 anos / MASCULINO,1
La Paz,20202,Ancoraimes,2009,1,21 a 59 anos / FEMENINO,0
Tarija,60202,Bermejo,2009,1,21 a 59 anos / FEMENINO,0
Cochabamba,30101,Cochabamba,2009,1,21 a 59 anos / FEMENINO,0
La Paz,20804,Desaguadero,2009,1,21 a 59 anos / FEMENINO,0
La Paz,20105,El Alto,2009,1,21 a 59 anos / FEMENINO,0
La Paz,20101,La Paz,2009,1,21 a 59 anos / FEMENINO,0
Beni,80801,Magdalena,2009,1,21 a 59 anos / FEMENINO,0
Oruro,40101,Oruro,2009,1,21 a 59 anos / FEMENINO,0
Chuquisaca,10103,Poroma,2009,1,21 a 59 anos / FEMENINO,0
Potosí,50101,Potosi,2009,1,21 a 59 anos / FEMENINO,0
Santa Cruz,71402,Puerto Quijarro,2009,1,21 a 59 anos / FEMENINO,0
Santa Cruz,71401,Puerto Suarez,2009,1,21 a 59 anos / FEMENINO,0
Cochabamba,31001,Sacaba,2009,1,21 a 59 anos / FEMENINO,0
Potosí,50701,Sacaca,2009,1,21 a 59 anos / FEMENINO,0
Santa Cruz,70402,San Carlos,2009,1,21 a 59 anos / FEMENINO,0
Santa Cruz,70301,San Ignacio De Velasco,2009,1,21 a 59 anos / FEMENINO,0
Santa Cruz,70303,San Rafael,2009,1,21 a 59 anos / FEMENINO,0
Santa Cruz,70101,Santa Cruz De La Sierra,2009,1,21 a 59 anos / FEMENINO,0
Chuquisaca,10101,Sucre,2009,1,21 a 59 anos / FEMENINO,0
Tarija,60101,Tarija,2009,1,21 a 59 anos / FEMENINO,0
Oruro,40402,Turco,2009,1,21 a 59 anos / FEMENINO,0
Tarija,60303,Villa Montes,2009,1,21 a 59 anos / FEMENINO,0
Chuquisaca,11001,Villa Vaca Guzman (muyupampa),2009,1,21 a 59 anos / FEMENINO,0
Tarija,60301,Yacuiba,2009,1,21 a 59 anos / FEMENINO,0
La Paz,20201,Achacachi,2009,2,21 a 59 anos / FEMENINO,0
Chuquisaca,10201,Azurduy,2009,2,21 a 59 anos / FEMENINO,0
Santa Cruz,70706,Camiri,2009,2,21 a 59 anos / FEMENINO,0
Cochabamba,30101,Cochabamba,2009,2,21 a 59 anos / FEMENINO,0
Cochabamba,30905,Colcapirhua,2009,2,21 a 59 anos / FEMENINO,0
La Paz,20105,El Alto,2009,2,21 a 59 anos / FEMENINO,0
Beni,80402,Exaltacion,2009,2,21 a 59 anos / FEMENINO,0
Chuquisaca,11002,Huacaya (villa De Huacaya),2009,2,21 a 59 anos / FEMENINO,0
La Paz,21105,La Asunta,2009,2,21 a 59 anos / FEMENINO,0
La Paz,20101,La Paz,2009,2,21 a 59 anos / FEMENINO,0
Santa Cruz,71001,Montero,2009,2,21 a 59 anos / FEMENINO,0
Oruro,40101,Oruro,2009,2,21 a 59 anos / FEMENINO,0
Cochabamba,31202,Pojo (cbba),2009,2,21 a 59 anos / FEMENINO,0
Potosí,50101,Potosi,2009,2,21 a 59 anos / FEMENINO,0
Santa Cruz,71401,Puerto Suarez,2009,2,21 a 59 anos / FEMENINO,0
Potosí,51101,Puna,2009,2,21 a 59 anos / FEMENINO,0
Oruro,40901,Sabaya,2009,2,21 a 59 anos / FEMENINO,0
Cochabamba,31001,Sacaba,2009,2,21 a 59 anos / FEMENINO,0
Beni,80602,San Andres,2009,2,21 a 59 anos / FEMENINO,0
Santa Cruz,70301,San Ignacio De Velasco,2009,2,21 a 59 anos / FEMENINO,0
Chuquisaca,10702,San Lucas,2009,2,21 a 59 anos / FEMENINO,0
Santa Cruz,70302,San Miguel De Velasco,2009,2,21 a 59 anos / FEMENINO,0
Santa Cruz,70101,Santa Cruz De La Sierra,2009,2,21 a 59 anos / FEMENINO,0
La Paz,20902,Sapahaqui,2009,2,21 a 59 anos / FEMENINO,0
Tarija,60101,Tarija,2009,2,21 a 59 anos / FEMENINO,0
Cochabamba,30903,Tiquipaya,2009,2,21 a 59 anos / FEMENINO,0
Beni,80101,Trinidad,2009,2,21 a 59 anos / FEMENINO,0
Potosí,50201,Uncia,2009,2,21 a 59 anos / FEMENINO,0
Tarija,60303,Villa Montes,2009,2,21 a 59 anos / FEMENINO,0
Potosí,51501,Villazon,2009,2,21 a 59 anos / FEMENINO,0
Cochabamba,30904,Vinto,2009,2,21 a 59 anos / FEMENINO,0
La Paz,20903,Yaco,2009,2,21 a 59 anos / FEMENINO,0
Tarija,60301,Yacuiba,2009,2,21 a 59 anos / FEMENINO,0
La Paz,20502,Ayata,2009,3,21 a 59 anos / FEMENINO,0
La Paz,20905,Cairoma,2009,3,21 a 59 anos / FEMENINO,0
Santa Cruz,70706,Camiri,2009,3,21 a 59 anos / FEMENINO,0
La Paz,20501,Chuma,2009,3,21 a 59 anos / FEMENINO,0
Pando,90101,Cobija,2009,3,21 a 59 anos / FEMENINO,0
Cochabamba,30101,Cochabamba,2009,3,21 a 59 anos / FEMENINO,0
Oruro,40301,Corque,2009,3,21 a 59 anos / FEMENINO,0
La Paz,20105,El Alto,2009,3,21 a 59 anos / FEMENINO,0
Beni,80202,Guayaramerin,2009,3,21 a 59 anos / FEMENINO,0
La Paz,20101,La Paz,2009,3,21 a 59 anos / FEMENINO,0
La Paz,20901,Luribay,2009,3,21 a 59 anos / FEMENINO,0
La Paz,20607,Mapiri,2009,3,21 a 59 anos / FEMENINO,0
Chuquisaca,10501,Monteagudo,2009,3,21 a 59 anos / FEMENINO,0
Oruro,40101,Oruro,2009,3,21 a 59 anos / FEMENINO,0
La Paz,21104,Palos Blancos,2009,3,21 a 59 anos / FEMENINO,0
Santa Cruz,70601,Portachuelo,2009,3,21 a 59 anos / FEMENINO,0
Potosí,50101,Potosi,2009,3,21 a 59 anos / FEMENINO,0
Santa Cruz,71402,Puerto Quijarro,2009,3,21 a 59 anos / FEMENINO,0
Beni,80703,Puerto Siles,2009,3,21 a 59 anos / FEMENINO,0
Beni,80201,Riberalta,2009,3,21 a 59 anos / FEMENINO,0
Cochabamba,31001,Sacaba,2009,3,21 a 59 anos / FEMENINO,0
Santa Cruz,70901,Samaipata,2009,3,21 a 59 anos / FEMENINO,0
Santa Cruz,70301,San Ignacio De Velasco,2009,3,21 a 59 anos / FEMENINO,0
Santa Cruz,70303,San Rafael,2009,3,21 a 59 anos / FEMENINO,0
Beni,80401,Santa Ana,2009,3,21 a 59 anos / FEMENINO,0
Santa Cruz,70101,Santa Cruz De La Sierra,2009,3,21 a 59 anos / FEMENINO,0
Chuquisaca,10101,Sucre,2009,3,21 a 59 anos / FEMENINO,0
Tarija,60101,Tarija,2009,3,21 a 59 anos / FEMENINO,0
Potosí,50502,Toro Toro,2009,3,21 a 59 anos / FEMENINO,0
Beni,80101,Trinidad,2009,3,21 a 59 anos / FEMENINO,0
Oruro,40402,Turco,2009,3,21 a 59 anos / FEMENINO,0
Tarija,60303,Villa Montes,2009,3,21 a 59 anos / FEMENINO,0
Chuquisaca,11001,Villa Vaca Guzman (muyupampa),2009,3,21 a 59 anos / FEMENINO,0
Potosí,51501,Villazon,2009,3,21 a 59 anos / FEMENINO,0
Cochabamba,30904,Vinto,2009,3,21 a 59 anos / FEMENINO,0
Tarija,60301,Yacuiba,2009,3,21 a 59 anos / FEMENINO,0
La Paz,21103,Yanacachi,2009,3,21 a 59 anos / FEMENINO,0
Tarija,60202,Bermejo,2009,4,21 a 59 anos / FEMENINO,0
Santa Cruz,70706,Camiri,2009,4,21 a 59 anos / FEMENINO,0
Santa Cruz,71403,Carmen Rivero Torrez,2009,4,21 a 59 anos / FEMENINO,0
La Paz,20501,Chuma,2009,4,21 a 59 anos / FEMENINO,0
Pando,90101,Cobija,2009,4,21 a 59 anos / FEMENINO,0
Cochabamba,30101,Cochabamba,2009,4,21 a 59 anos / FEMENINO,0
La Paz,20105,El Alto,2009,4,21 a 59 anos / FEMENINO,0
Chuquisaca,10502,Huacareta,2009,4,21 a 59 anos / FEMENINO,0
La Paz,21102,Irupana (villa De Lanza),2009,4,21 a 59 anos / FEMENINO,0
La Paz,20101,La Paz,2009,4,21 a 59 anos / FEMENINO,0
Chuquisaca,10501,Monteagudo,2009,4,21 a 59 anos / FEMENINO,0
Santa Cruz,71001,Montero,2009,4,21 a 59 anos / FEMENINO,0
Oruro,40101,Oruro,2009,4,21 a 59 anos / FEMENINO,0
Potosí,50403,Pocoata,2009,4,21 a 59 anos / FEMENINO,0
Potosí,50101,Potosi,2009,4,21 a 59 anos / FEMENINO,0
Santa Cruz,71402,Puerto Quijarro,2009,4,21 a 59 anos / FEMENINO,0
Santa Cruz,71401,Puerto Suarez,2009,4,21 a 59 anos / FEMENINO,0
Cochabamba,31205,Puerto Villarroel,2009,4,21 a 59 anos / FEMENINO,0
Cochabamba,31401,Punata,2009,4,21 a 59 anos / FEMENINO,0
Santa Cruz,70503,Robore,2009,4,21 a 59 anos / FEMENINO,0
Beni,80304,Rurrenabaque,2009,4,21 a 59 anos / FEMENINO,0
Cochabamba,31001,Sacaba,2009,4,21 a 59 anos / FEMENINO,0
Potosí,50701,Sacaca,2009,4,21 a 59 anos / FEMENINO,0
Santa Cruz,70901,Samaipata,2009,4,21 a 59 anos / FEMENINO,0
Santa Cruz,70301,San Ignacio De Velasco,2009,4,21 a 59 anos / FEMENINO,0
Santa Cruz,70302,San Miguel De Velasco,2009,4,21 a 59 anos / FEMENINO,0
Beni,80401,Santa Ana,2009,4,21 a 59 anos / FEMENINO,0
Santa Cruz,70101,Santa Cruz De La Sierra,2009,4,21 a 59 anos / FEMENINO,0
La Paz,20902,Sapahaqui,2009,4,21 a 59 anos / FEMENINO,0
Tarija,60101,Tarija,2009,4,21 a 59 anos / FEMENINO,0
Beni,80101,Trinidad,2009,4,21 a 59 anos / FEMENINO,0
Cochabamba,31302,Vila Vila,2009,4,21 a 59 anos / FEMENINO,0
Tarija,60303,Villa Montes,2009,4,21 a 59 anos / FEMENINO,0
Chuquisaca,10801,Villa Serrano,2009,4,21 a 59 anos / FEMENINO,0
Potosí,51501,Villazon,2009,4,21 a 59 anos / FEMENINO,0
Cochabamba,30904,Vinto,2009,4,21 a 59 anos / FEMENINO,0
Tarija,60301,Yacuiba,2009,4,21 a 59 anos / FEMENINO,0
La Paz,20202,Ancoraimes,2009,5,21 a 59 anos / FEMENINO,0
La Paz,20502,Ayata,2009,5,21 a 59 anos / FEMENINO,0
Santa Cruz,70706,Camiri,2009,5,21 a 59 anos / FEMENINO,0
Pando,90101,Cobija,2009,5,21 a 59 anos / FEMENINO,0
Cochabamba,30101,Cochabamba,2009,5,21 a 59 anos / FEMENINO,0
Cochabamba,30905,Colcapirhua,2009,5,21 a 59 anos / FEMENINO,0
La Paz,20105,El Alto,2009,5,21 a 59 anos / FEMENINO,0
Santa Cruz,70105,El Torno,2009,5,21 a 59 anos / FEMENINO,0
Chuquisaca,10304,Icla,2009,5,21 a 59 anos / FEMENINO,0
La Paz,20101,La Paz,2009,5,21 a 59 anos / FEMENINO,0
La Paz,21006,Licoma Pampa,2009,5,21 a 59 anos / FEMENINO,0
Santa Cruz,71003,Mineros,2009,5,21 a 59 anos / FEMENINO,0
Santa Cruz,71001,Montero,2009,5,21 a 59 anos / FEMENINO,0
Oruro,40101,Oruro,2009,5,21 a 59 anos / FEMENINO,0
Potosí,50101,Potosi,2009,5,21 a 59 anos / FEMENINO,0
Santa Cruz,70805,Pucara,2009,5,21 a 59 anos / FEMENINO,0
Cochabamba,31001,Sacaba,2009,5,21 a 59 anos / FEMENINO,0
Beni,80501,San Ignacio,2009,5,21 a 59 anos / FEMENINO,0
Santa Cruz,70301,San Ignacio De Velasco,2009,5,21 a 59 anos / FEMENINO,0
Santa Cruz,70101,Santa Cruz De La Sierra,2009,5,21 a 59 anos / FEMENINO,0
Cochabamba,30902,Sipe Sipe,2009,5,21 a 59 anos / FEMENINO,0
Tarija,60101,Tarija,2009,5,21 a 59 anos / FEMENINO,0
Chuquisaca,10202,Tarvita,2009,5,21 a 59 anos / FEMENINO,0
Potosí,50502,Toro Toro,2009,5,21 a 59 anos / FEMENINO,0
Beni,80101,Trinidad,2009,5,21 a 59 anos / FEMENINO,0
Cochabamba,30502,Vacas,2009,5,21 a 59 anos / FEMENINO,0
Tarija,60303,Villa Montes,2009,5,21 a 59 anos / FEMENINO,0
Cochabamba,31402,Villa Rivero,2009,5,21 a 59 anos / FEMENINO,0
Cochabamba,31003,Villa Tunari,2009,5,21 a 59 anos / FEMENINO,0
Cochabamba,30904,Vinto,2009,5,21 a 59 anos / FEMENINO,0
Tarija,60301,Yacuiba,2009,5,21 a 59 anos / FEMENINO,0
Chuquisaca,10301,Zudañez,2009,5,21 a 59 anos / FEMENINO,0
La Paz,20905,Cairoma,2009,6,21 a 59 anos / FEMENINO,0
Santa Cruz,70706,Camiri,2009,6,21 a 59 anos / FEMENINO,0
La Paz,21101,Chulumani (v. De La Libertad),2009,6,21 a 59 anos / FEMENINO,0
Pando,90101,Cobija,2009,6,21 a 59 anos / FEMENINO,0
Cochabamba,30101,Cochabamba,2009,6,21 a 59 anos / FEMENINO,0
La Paz,21401,Coroico,2009,6,21 a 59 anos / FEMENINO,0
La Paz,20105,El Alto,2009,6,21 a 59 anos / FEMENINO,0
Chuquisaca,10502,Huacareta,2009,6,21 a 59 anos / FEMENINO,0
La Paz,21102,Irupana (villa De Lanza),2009,6,21 a 59 anos / FEMENINO,0
La Paz,20101,La Paz,2009,6,21 a 59 anos / FEMENINO,0
La Paz,20901,Luribay,2009,6,21 a 59 anos / FEMENINO,0
La Paz,20103,Mecapaca,2009,6,21 a 59 anos / FEMENINO,0
Chuquisaca,10501,Monteagudo,2009,6,21 a 59 anos / FEMENINO,0
Santa Cruz,71001,Montero,2009,6,21 a 59 anos / FEMENINO,0
Oruro,40101,Oruro,2009,6,21 a 59 anos / FEMENINO,0
Potosí,50101,Potosi,2009,6,21 a 59 anos / FEMENINO,0
Pando,90301,Puerto Gonzalo Moreno,2009,6,21 a 59 anos / FEMENINO,0
Potosí,50402,Ravelo,2009,6,21 a 59 anos / FEMENINO,0
Cochabamba,31001,Sacaba,2009,6,21 a 59 anos / FEMENINO,0
Potosí,50701,Sacaca,2009,6,21 a 59 anos / FEMENINO,0
Beni,80501,San Ignacio,2009,6,21 a 59 anos / FEMENINO,0
Santa Cruz,70301,San Ignacio De Velasco,2009,6,21 a 59 anos / FEMENINO,0
Santa Cruz,70302,San Miguel De Velasco,2009,6,21 a 59 anos / FEMENINO,0
Santa Cruz,70101,Santa Cruz De La Sierra,2009,6,21 a 59 anos / FEMENINO,0
Chuquisaca,10101,Sucre,2009,6,21 a 59 anos / FEMENINO,0
Tarija,60101,Tarija,2009,6,21 a 59 anos / FEMENINO,0
Chuquisaca,10202,Tarvita,2009,6,21 a 59 anos / FEMENINO,0
Beni,80101,Trinidad,2009,6,21 a 59 anos / FEMENINO,0
Tarija,60303,Villa Montes,2009,6,21 a 59 anos / FEMENINO,0
Tarija,60301,Yacuiba,2009,6,21 a 59 anos / FEMENINO,0
La Paz,20201,Achacachi,2009,7,21 a 59 anos / FEMENINO,0
Oruro,41201,Andamarca,2009,7,21 a 59 anos / FEMENINO,0
Tarija,60202,Bermejo,2009,7,21 a 59 anos / FEMENINO,0
Santa Cruz,70706,Camiri,2009,7,21 a 59 anos / FEMENINO,0
Santa Cruz,71403,Carmen Rivero Torrez,2009,7,21 a 59 anos / FEMENINO,0
Santa Cruz,70702,Charagua,2009,7,21 a 59 anos / FEMENINO,0
Pando,90101,Cobija,2009,7,21 a 59 anos / FEMENINO,0
Cochabamba,30101,Cochabamba,2009,7,21 a 59 anos / FEMENINO,0
Cochabamba,30905,Colcapirhua,2009,7,21 a 59 anos / FEMENINO,0
La Paz,20105,El Alto,2009,7,21 a 59 anos / FEMENINO,0
Tarija,60601,Entre Rios,2009,7,21 a 59 anos / FEMENINO,0
La Paz,21102,Irupana (villa De Lanza),2009,7,21 a 59 anos / FEMENINO,0
La Paz,20101,La Paz,2009,7,21 a 59 anos / FEMENINO,0
Chuquisaca,10501,Monteagudo,2009,7,21 a 59 anos / FEMENINO,0
Oruro,40101,Oruro,2009,7,21 a 59 anos / FEMENINO,0
Santa Cruz,70502,Pailon,2009,7,21 a 59 anos / FEMENINO,0
La Paz,21104,Palos Blancos,2009,7,21 a 59 anos / FEMENINO,0
Potosí,50101,Potosi,2009,7,21 a 59 anos / FEMENINO,0
Pando,90301,Puerto Gonzalo Moreno,2009,7,21 a 59 anos / FEMENINO,0
Santa Cruz,71402,Puerto Quijarro,2009,7,21 a 59 anos / FEMENINO,0
Cochabamba,31205,Puerto Villarroel,2009,7,21 a 59 anos / FEMENINO,0
Cochabamba,31401,Punata,2009,7,21 a 59 anos / FEMENINO,0
Cochabamba,31001,Sacaba,2009,7,21 a 59 anos / FEMENINO,0
Beni,80302,San Borja,2009,7,21 a 59 anos / FEMENINO,0
Santa Cruz,70301,San Ignacio De Velasco,2009,7,21 a 59 anos / FEMENINO,0
Santa Cruz,70302,San Miguel De Velasco,2009,7,21 a 59 anos / FEMENINO,0
Santa Cruz,70101,Santa Cruz De La Sierra,2009,7,21 a 59 anos / FEMENINO,0
La Paz,20601,Sorata,2009,7,21 a 59 anos / FEMENINO,0
Tarija,60101,Tarija,2009,7,21 a 59 anos / FEMENINO,0
La Paz,20606,Tipuani,2009,7,21 a 59 anos / FEMENINO,0
Beni,80101,Trinidad,2009,7,21 a 59 anos / FEMENINO,0
Oruro,40402,Turco,2009,7,21 a 59 anos / FEMENINO,0
Tarija,60401,Uriondo (a. Concepcion),2009,7,21 a 59 anos / FEMENINO,0
Tarija,60303,Villa Montes,2009,7,21 a 59 anos / FEMENINO,0
Potosí,51501,Villazon,2009,7,21 a 59 anos / FEMENINO,0
Tarija,60301,Yacuiba,2009,7,21 a 59 anos / FEMENINO,0
Santa Cruz,70706,Camiri,2009,8,21 a 59 anos / FEMENINO,0
Pando,90101,Cobija,2009,8,21 a 59 anos / FEMENINO,0
Cochabamba,30101,Cochabamba,2009,8,21 a 59 anos / FEMENINO,0
Cochabamba,30905,Colcapirhua,2009,8,21 a 59 anos / FEMENINO,0
Santa Cruz,71106,Cuatro Cañadas,2009,8,21 a 59 anos / FEMENINO,0
La Paz,20105,El Alto,2009,8,21 a 59 anos / FEMENINO,0
La Paz,20101,La Paz,2009,8,21 a 59 anos / FEMENINO,0
Beni,80801,Magdalena,2009,8,21 a 59 anos / FEMENINO,0
Santa Cruz,71003,Mineros,2009,8,21 a 59 anos / FEMENINO,0
Cochabamba,31301,Mizque,2009,8,21 a 59 anos / FEMENINO,0
Santa Cruz,71001,Montero,2009,8,21 a 59 anos / FEMENINO,0
Oruro,40101,Oruro,2009,8,21 a 59 anos / FEMENINO,0
La Paz,21104,Palos Blancos,2009,8,21 a 59 anos / FEMENINO,0
Potosí,50101,Potosi,2009,8,21 a 59 anos / FEMENINO,0
Cochabamba,31205,Puerto Villarroel,2009,8,21 a 59 anos / FEMENINO,0
Cochabamba,31001,Sacaba,2009,8,21 a 59 anos / FEMENINO,0
Santa Cruz,70301,San Ignacio De Velasco,2009,8,21 a 59 anos / FEMENINO,0
Santa Cruz,70404,San Juan De Yapacani,2009,8,21 a 59 anos / FEMENINO,0
Santa Cruz,70101,Santa Cruz De La Sierra,2009,8,21 a 59 anos / FEMENINO,0
Beni,80303,Santa Rosa,2009,8,21 a 59 anos / FEMENINO,0
La Paz,20902,Sapahaqui,2009,8,21 a 59 anos / FEMENINO,0
Chuquisaca,10101,Sucre,2009,8,21 a 59 anos / FEMENINO,0
Tarija,60101,Tarija,2009,8,21 a 59 anos / FEMENINO,0
Beni,80101,Trinidad,2009,8,21 a 59 anos / FEMENINO,0
Potosí,50801,Tupiza,2009,8,21 a 59 anos / FEMENINO,0
Tarija,60303,Villa Montes,2009,8,21 a 59 anos / FEMENINO,0
Tarija,60301,Yacuiba,2009,8,21 a 59 anos / FEMENINO,0
Tarija,60202,Bermejo,2009,9,21 a 59 anos / FEMENINO,0
Santa Cruz,70707,Boyuibe,2009,9,21 a 59 anos / FEMENINO,0
Chuquisaca,10701,Camargo,2009,9,21 a 59 anos / FEMENINO,0
Santa Cruz,70706,Camiri,2009,9,21 a 59 anos / FEMENINO,0
Cochabamba,30801,Cliza,2009,9,21 a 59 anos / FEMENINO,0
Pando,90101,Cobija,2009,9,21 a 59 anos / FEMENINO,0
Cochabamba,30101,Cochabamba,2009,9,21 a 59 anos / FEMENINO,0
Cochabamba,30905,Colcapirhua,2009,9,21 a 59 anos / FEMENINO,0
La Paz,21401,Coroico,2009,9,21 a 59 anos / FEMENINO,0
La Paz,20105,El Alto,2009,9,21 a 59 anos / FEMENINO,0
Tarija,60502,El Puente(tja),2009,9,21 a 59 anos / FEMENINO,0
Pando,90203,Filadelfia,2009,9,21 a 59 anos / FEMENINO,0
Chuquisaca,10502,Huacareta,2009,9,21 a 59 anos / FEMENINO,0
La Paz,20101,La Paz,2009,9,21 a 59 anos / FEMENINO,0
Chuquisaca,10501,Monteagudo,2009,9,21 a 59 anos / FEMENINO,0
Potosí,50101,Potosi,2009,9,21 a 59 anos / FEMENINO,0
Santa Cruz,71401,Puerto Suarez,2009,9,21 a 59 anos / FEMENINO,0
Cochabamba,31205,Puerto Villarroel,2009,9,21 a 59 anos / FEMENINO,0
Cochabamba,31001,Sacaba,2009,9,21 a 59 anos / FEMENINO,0
Potosí,50701,Sacaca,2009,9,21 a 59 anos / FEMENINO,0
Santa Cruz,70301,San Ignacio De Velasco,2009,9,21 a 59 anos / FEMENINO,0
Santa Cruz,70302,San Miguel De Velasco,2009,9,21 a 59 anos / FEMENINO,0
Santa Cruz,70101,Santa Cruz De La Sierra,2009,9,21 a 59 anos / FEMENINO,0
Chuquisaca,10101,Sucre,2009,9,21 a 59 anos / FEMENINO,0
Tarija,60101,Tarija,2009,9,21 a 59 anos / FEMENINO,0
Beni,80101,Trinidad,2009,9,21 a 59 anos / FEMENINO,0
Tarija,60303,Villa Montes,2009,9,21 a 59 anos / FEMENINO,0
Cochabamba,30904,Vinto,2009,9,21 a 59 anos / FEMENINO,0
Tarija,60301,Yacuiba,2009,9,21 a 59 anos / FEMENINO,0
Cochabamba,30201,Aiquile,2009,10,21 a 59 anos / FEMENINO,0
Tarija,60202,Bermejo,2009,10,21 a 59 anos / FEMENINO,0
Potosí,50301,Betanzos,2009,10,21 a 59 anos / FEMENINO,0
Santa Cruz,70706,Camiri,2009,10,21 a 59 anos / FEMENINO,0
La Paz,20305,Charaña,2009,10,21 a 59 anos / FEMENINO,0
La Paz,20501,Chuma,2009,10,21 a 59 anos / FEMENINO,0
Pando,90101,Cobija,2009,10,21 a 59 anos / FEMENINO,0
Cochabamba,30101,Cochabamba,2009,10,21 a 59 anos / FEMENINO,0
Cochabamba,31002,Colomi,2009,10,21 a 59 anos / FEMENINO,0
Santa Cruz,71301,Comarapa,2009,10,21 a 59 anos / FEMENINO,0
La Paz,20105,El Alto,2009,10,21 a 59 anos / FEMENINO,0
La Paz,21105,La Asunta,2009,10,21 a 59 anos / FEMENINO,0
La Paz,20101,La Paz,2009,10,21 a 59 anos / FEMENINO,0
Chuquisaca,11003,Machareti,2009,10,21 a 59 anos / FEMENINO,0
Santa Cruz,71001,Montero,2009,10,21 a 59 anos / FEMENINO,0
Cochabamba,30302,Morochata,2009,10,21 a 59 anos / FEMENINO,0
Oruro,40101,Oruro,2009,10,21 a 59 anos / FEMENINO,0
La Paz,20102,Palca,2009,10,21 a 59 anos / FEMENINO,0
La Paz,21104,Palos Blancos,2009,10,21 a 59 anos / FEMENINO,0
Potosí,50101,Potosi,2009,10,21 a 59 anos / FEMENINO,0
Santa Cruz,71401,Puerto Suarez,2009,10,21 a 59 anos / FEMENINO,0
Cochabamba,31205,Puerto Villarroel,2009,10,21 a 59 anos / FEMENINO,0
Santa Cruz,70503,Robore,2009,10,21 a 59 anos / FEMENINO,0
Cochabamba,31001,Sacaba,2009,10,21 a 59 anos / FEMENINO,0
Santa Cruz,70101,Santa Cruz De La Sierra,2009,10,21 a 59 anos / FEMENINO,0
Chuquisaca,10101,Sucre,2009,10,21 a 59 anos / FEMENINO,0
Tarija,60101,Tarija,2009,10,21 a 59 anos / FEMENINO,0
La Paz,20606,Tipuani,2009,10,21 a 59 anos / FEMENINO,0
Beni,80101,Trinidad,2009,10,21 a 59 anos / FEMENINO,0
Oruro,40402,Turco,2009,10,21 a 59 anos / FEMENINO,0
Cochabamba,30502,Vacas,2009,10,21 a 59 anos / FEMENINO,0
Tarija,60303,Villa Montes,2009,10,21 a 59 anos / FEMENINO,0
Cochabamba,31003,Villa Tunari,2009,10,21 a 59 anos / FEMENINO,0
Potosí,51501,Villazon,2009,10,21 a 59 anos / FEMENINO,0
Tarija,60202,Bermejo,2009,11,21 a 59 anos / FEMENINO,0
Santa Cruz,70706,Camiri,2009,11,21 a 59 anos / FEMENINO,0
La Paz,20305,Charaña,2009,11,21 a 59 anos / FEMENINO,0
Pando,90101,Cobija,2009,11,21 a 59 anos / FEMENINO,0
Cochabamba,30101,Cochabamba,2009,11,21 a 59 anos / FEMENINO,0
La Paz,21401,Coroico,2009,11,21 a 59 anos / FEMENINO,0
La Paz,20105,El Alto,2009,11,21 a 59 anos / FEMENINO,0
Santa Cruz,70105,El Torno,2009,11,21 a 59 anos / FEMENINO,0
La Paz,20101,La Paz,2009,11,21 a 59 anos / FEMENINO,0
Cochabamba,31301,Mizque,2009,11,21 a 59 anos / FEMENINO,0
Santa Cruz,71001,Montero,2009,11,21 a 59 anos / FEMENINO,0
Oruro,40101,Oruro,2009,11,21 a 59 anos / FEMENINO,0
La Paz,20102,Palca,2009,11,21 a 59 anos / FEMENINO,0
La Paz,21104,Palos Blancos,2009,11,21 a 59 anos / FEMENINO,0
Potosí,50101,Potosi,2009,11,21 a 59 anos / FEMENINO,0
Beni,80703,Puerto Siles,2009,11,21 a 59 anos / FEMENINO,0
Cochabamba,31401,Punata,2009,11,21 a 59 anos / FEMENINO,0
Cochabamba,31001,Sacaba,2009,11,21 a 59 anos / FEMENINO,0
Beni,80501,San Ignacio,2009,11,21 a 59 anos / FEMENINO,0
Santa Cruz,70301,San Ignacio De Velasco,2009,11,21 a 59 anos / FEMENINO,0
Santa Cruz,70303,San Rafael,2009,11,21 a 59 anos / FEMENINO,0
Santa Cruz,70101,Santa Cruz De La Sierra,2009,11,21 a 59 anos / FEMENINO,0
Chuquisaca,10101,Sucre,2009,11,21 a 59 anos / FEMENINO,0
Tarija,60101,Tarija,2009,11,21 a 59 anos / FEMENINO,0
Chuquisaca,10402,Tomina,2009,11,21 a 59 anos / FEMENINO,0
Beni,80101,Trinidad,2009,11,21 a 59 anos / FEMENINO,0
Tarija,60303,Villa Montes,2009,11,21 a 59 anos / FEMENINO,0
Potosí,51501,Villazon,2009,11,21 a 59 anos / FEMENINO,0
Tarija,60301,Yacuiba,2009,11,21 a 59 anos / FEMENINO,0
Beni,80802,Baures,2009,12,21 a 59 anos / FEMENINO,0
Tarija,60202,Bermejo,2009,12,21 a 59 anos / FEMENINO,0
Santa Cruz,70706,Camiri,2009,12,21 a 59 anos / FEMENINO,0
Tarija,60302,Carapari,2009,12,21 a 59 anos / FEMENINO,0
La Paz,20501,Chuma,2009,12,21 a 59 anos / FEMENINO,0
Pando,90101,Cobija,2009,12,21 a 59 anos / FEMENINO,0
Cochabamba,30101,Cochabamba,2009,12,21 a 59 anos / FEMENINO,0
Cochabamba,31002,Colomi,2009,12,21 a 59 anos / FEMENINO,0
La Paz,21401,Coroico,2009,12,21 a 59 anos / FEMENINO,0
La Paz,20105,El Alto,2009,12,21 a 59 anos / FEMENINO,0
Chuquisaca,10502,Huacareta,2009,12,21 a 59 anos / FEMENINO,0
La Paz,21102,Irupana (villa De Lanza),2009,12,21 a 59 anos / FEMENINO,0
La Paz,21105,La Asunta,2009,12,21 a 59 anos / FEMENINO,0
La Paz,20101,La Paz,2009,12,21 a 59 anos / FEMENINO,0
Chuquisaca,10303,Mojocoya,2009,12,21 a 59 anos / FEMENINO,0
Santa Cruz,71001,Montero,2009,12,21 a 59 anos / FEMENINO,0
Oruro,40101,Oruro,2009,12,21 a 59 anos / FEMENINO,0
Santa Cruz,70902,Pampa Grande,2009,12,21 a 59 anos / FEMENINO,0
Potosí,50101,Potosi,2009,12,21 a 59 anos / FEMENINO,0
Santa Cruz,71401,Puerto Suarez,2009,12,21 a 59 anos / FEMENINO,0
Cochabamba,31205,Puerto Villarroel,2009,12,21 a 59 anos / FEMENINO,0
Cochabamba,31401,Punata,2009,12,21 a 59 anos / FEMENINO,0
Cochabamba,31001,Sacaba,2009,12,21 a 59 anos / FEMENINO,0
Santa Cruz,70301,San Ignacio De Velasco,2009,12,21 a 59 anos / FEMENINO,0
Santa Cruz,70302,San Miguel De Velasco,2009,12,21 a 59 anos / FEMENINO,0
Santa Cruz,70101,Santa Cruz De La Sierra,2009,12,21 a 59 anos / FEMENINO,0
Chuquisaca,10101,Sucre,2009,12,21 a 59 anos / FEMENINO,0
Tarija,60101,Tarija,2009,12,21 a 59 anos / FEMENINO,0
Cochabamba,30802,Toco,2009,12,21 a 59 anos / FEMENINO,0
Potosí,50502,Toro Toro,2009,12,21 a 59 anos / FEMENINO,0
Beni,80101,Trinidad,2009,12,21 a 59 anos / FEMENINO,0
Cochabamba,30502,Vacas,2009,12,21 a 59 anos / FEMENINO,0
Tarija,60303,Villa Montes,2009,12,21 a 59 anos / FEMENINO,0
Cochabamba,31003,Villa Tunari,2009,12,21 a 59 anos / FEMENINO,0
Cochabamba,30904,Vinto,2009,12,21 a 59 anos / FEMENINO,0
Tarija,60301,Yacuiba,2009,12,21 a 59 anos / FEMENINO,0
La Paz,20202,Ancoraimes,2009,1,60 y mas / MASCULINO,1
Tarija,60202,Bermejo,2009,1,60 y mas / MASCULINO,0
Cochabamba,30101,Cochabamba,2009,1,60 y mas / MASCULINO,8
La Paz,20804,Desaguadero,2009,1,60 y mas / MASCULINO,0
La Paz,20105,El Alto,2009,1,60 y mas / MASCULINO,3
La Paz,20101,La Paz,2009,1,60 y mas / MASCULINO,5
Beni,80801,Magdalena,2009,1,60 y mas / MASCULINO,0
Oruro,40101,Oruro,2009,1,60 y mas / MASCULINO,3
Chuquisaca,10103,Poroma,2009,1,60 y mas / MASCULINO,0
Potosí,50101,Potosi,2009,1,60 y mas / MASCULINO,1
Santa Cruz,71402,Puerto Quijarro,2009,1,60 y mas / MASCULINO,0
Santa Cruz,71401,Puerto Suarez,2009,1,60 y mas / MASCULINO,0
Cochabamba,31001,Sacaba,2009,1,60 y mas / MASCULINO,0
Potosí,50701,Sacaca,2009,1,60 y mas / MASCULINO,0
Santa Cruz,70402,San Carlos,2009,1,60 y mas / MASCULINO,0
Santa Cruz,70301,San Ignacio De Velasco,2009,1,60 y mas / MASCULINO,0
Santa Cruz,70303,San Rafael,2009,1,60 y mas / MASCULINO,0
Santa Cruz,70101,Santa Cruz De La Sierra,2009,1,60 y mas / MASCULINO,0
Chuquisaca,10101,Sucre,2009,1,60 y mas / MASCULINO,0
Tarija,60101,Tarija,2009,1,60 y mas / MASCULINO,0
Oruro,40402,Turco,2009,1,60 y mas / MASCULINO,0
Tarija,60303,Villa Montes,2009,1,60 y mas / MASCULINO,0
Chuquisaca,11001,Villa Vaca Guzman (muyupampa),2009,1,60 y mas / MASCULINO,0
Tarija,60301,Yacuiba,2009,1,60 y mas / MASCULINO,0
La Paz,20201,Achacachi,2009,2,60 y mas / MASCULINO,0
Chuquisaca,10201,Azurduy,2009,2,60 y mas / MASCULINO,0
Santa Cruz,70706,Camiri,2009,2,60 y mas / MASCULINO,2
Cochabamba,30101,Cochabamba,2009,2,60 y mas / MASCULINO,4
Cochabamba,30905,Colcapirhua,2009,2,60 y mas / MASCULINO,0
La Paz,20105,El Alto,2009,2,60 y mas / MASCULINO,0
Beni,80402,Exaltacion,2009,2,60 y mas / MASCULINO,0
Chuquisaca,11002,Huacaya (villa De Huacaya),2009,2,60 y mas / MASCULINO,0
La Paz,21105,La Asunta,2009,2,60 y mas / MASCULINO,0
La Paz,20101,La Paz,2009,2,60 y mas / MASCULINO,0
Santa Cruz,71001,Montero,2009,2,60 y mas / MASCULINO,0
Oruro,40101,Oruro,2009,2,60 y mas / MASCULINO,0
Cochabamba,31202,Pojo (cbba),2009,2,60 y mas / MASCULINO,0
Potosí,50101,Potosi,2009,2,60 y mas / MASCULINO,0
Santa Cruz,71401,Puerto Suarez,2009,2,60 y mas / MASCULINO,0
Potosí,51101,Puna,2009,2,60 y mas / MASCULINO,0
Oruro,40901,Sabaya,2009,2,60 y mas / MASCULINO,0
Cochabamba,31001,Sacaba,2009,2,60 y mas / MASCULINO,0
Beni,80602,San Andres,2009,2,60 y mas / MASCULINO,0
Santa Cruz,70301,San Ignacio De Velasco,2009,2,60 y mas / MASCULINO,0
Chuquisaca,10702,San Lucas,2009,2,60 y mas / MASCULINO,0
Santa Cruz,70302,San Miguel De Velasco,2009,2,60 y mas / MASCULINO,0
Santa Cruz,70101,Santa Cruz De La Sierra,2009,2,60 y mas / MASCULINO,1
La Paz,20902,Sapahaqui,2009,2,60 y mas / MASCULINO,1
Tarija,60101,Tarija,2009,2,60 y mas / MASCULINO,0
Cochabamba,30903,Tiquipaya,2009,2,60 y mas / MASCULINO,0
Beni,80101,Trinidad,2009,2,60 y mas / MASCULINO,0
Potosí,50201,Uncia,2009,2,60 y mas / MASCULINO,0
Tarija,60303,Villa Montes,2009,2,60 y mas / MASCULINO,0
Potosí,51501,Villazon,2009,2,60 y mas / MASCULINO,0
Cochabamba,30904,Vinto,2009,2,60 y mas / MASCULINO,0
La Paz,20903,Yaco,2009,2,60 y mas / MASCULINO,1
Tarija,60301,Yacuiba,2009,2,60 y mas / MASCULINO,0
La Paz,20502,Ayata,2009,3,60 y mas / MASCULINO,1
La Paz,20905,Cairoma,2009,3,60 y mas / MASCULINO,0
Santa Cruz,70706,Camiri,2009,3,60 y mas / MASCULINO,1
La Paz,20501,Chuma,2009,3,60 y mas / MASCULINO,0
Pando,90101,Cobija,2009,3,60 y mas / MASCULINO,0
Cochabamba,30101,Cochabamba,2009,3,60 y mas / MASCULINO,8
Oruro,40301,Corque,2009,3,60 y mas / MASCULINO,0
La Paz,20105,El Alto,2009,3,60 y mas / MASCULINO,0
Beni,80202,Guayaramerin,2009,3,60 y mas / MASCULINO,0
La Paz,20101,La Paz,2009,3,60 y mas / MASCULINO,4
La Paz,20901,Luribay,2009,3,60 y mas / MASCULINO,0
La Paz,20607,Mapiri,2009,3,60 y mas / MASCULINO,0
Chuquisaca,10501,Monteagudo,2009,3,60 y mas / MASCULINO,0
Oruro,40101,Oruro,2009,3,60 y mas / MASCULINO,0
La Paz,21104,Palos Blancos,2009,3,60 y mas / MASCULINO,0
Santa Cruz,70601,Portachuelo,2009,3,60 y mas / MASCULINO,0
Potosí,50101,Potosi,2009,3,60 y mas / MASCULINO,0
Santa Cruz,71402,Puerto Quijarro,2009,3,60 y mas / MASCULINO,0
Beni,80703,Puerto Siles,2009,3,60 y mas / MASCULINO,0
Beni,80201,Riberalta,2009,3,60 y mas / MASCULINO,1
Cochabamba,31001,Sacaba,2009,3,60 y mas / MASCULINO,0
Santa Cruz,70901,Samaipata,2009,3,60 y mas / MASCULINO,0
Santa Cruz,70301,San Ignacio De Velasco,2009,3,60 y mas / MASCULINO,0
Santa Cruz,70303,San Rafael,2009,3,60 y mas / MASCULINO,0
Beni,80401,Santa Ana,2009,3,60 y mas / MASCULINO,0
Santa Cruz,70101,Santa Cruz De La Sierra,2009,3,60 y mas / MASCULINO,0
Chuquisaca,10101,Sucre,2009,3,60 y mas / MASCULINO,0
Tarija,60101,Tarija,2009,3,60 y mas / MASCULINO,0
Potosí,50502,Toro Toro,2009,3,60 y mas / MASCULINO,0
Beni,80101,Trinidad,2009,3,60 y mas / MASCULINO,0
Oruro,40402,Turco,2009,3,60 y mas / MASCULINO,0
Tarija,60303,Villa Montes,2009,3,60 y mas / MASCULINO,0
Chuquisaca,11001,Villa Vaca Guzman (muyupampa),2009,3,60 y mas / MASCULINO,0
Potosí,51501,Villazon,2009,3,60 y mas / MASCULINO,0
Cochabamba,30904,Vinto,2009,3,60 y mas / MASCULINO,0
Tarija,60301,Yacuiba,2009,3,60 y mas / MASCULINO,0
La Paz,21103,Yanacachi,2009,3,60 y mas / MASCULINO,0
Tarija,60202,Bermejo,2009,4,60 y mas / MASCULINO,0
Santa Cruz,70706,Camiri,2009,4,60 y mas / MASCULINO,0
Santa Cruz,71403,Carmen Rivero Torrez,2009,4,60 y mas / MASCULINO,0
La Paz,20501,Chuma,2009,4,60 y mas / MASCULINO,0
Pando,90101,Cobija,2009,4,60 y mas / MASCULINO,0
Cochabamba,30101,Cochabamba,2009,4,60 y mas / MASCULINO,4
La Paz,20105,El Alto,2009,4,60 y mas / MASCULINO,1
Chuquisaca,10502,Huacareta,2009,4,60 y mas / MASCULINO,0
La Paz,21102,Irupana (villa De Lanza),2009,4,60 y mas / MASCULINO,0
La Paz,20101,La Paz,2009,4,60 y mas / MASCULINO,5
Chuquisaca,10501,Monteagudo,2009,4,60 y mas / MASCULINO,0
Santa Cruz,71001,Montero,2009,4,60 y mas / MASCULINO,0
Oruro,40101,Oruro,2009,4,60 y mas / MASCULINO,0
Potosí,50403,Pocoata,2009,4,60 y mas / MASCULINO,0
Potosí,50101,Potosi,2009,4,60 y mas / MASCULINO,0
Santa Cruz,71402,Puerto Quijarro,2009,4,60 y mas / MASCULINO,2
Santa Cruz,71401,Puerto Suarez,2009,4,60 y mas / MASCULINO,0
Cochabamba,31205,Puerto Villarroel,2009,4,60 y mas / MASCULINO,0
Cochabamba,31401,Punata,2009,4,60 y mas / MASCULINO,0
Santa Cruz,70503,Robore,2009,4,60 y mas / MASCULINO,0
Beni,80304,Rurrenabaque,2009,4,60 y mas / MASCULINO,0
Cochabamba,31001,Sacaba,2009,4,60 y mas / MASCULINO,0
Potosí,50701,Sacaca,2009,4,60 y mas / MASCULINO,0
Santa Cruz,70901,Samaipata,2009,4,60 y mas / MASCULINO,0
Santa Cruz,70301,San Ignacio De Velasco,2009,4,60 y mas / MASCULINO,0
Santa Cruz,70302,San Miguel De Velasco,2009,4,60 y mas / MASCULINO,0
Beni,80401,Santa Ana,2009,4,60 y mas / MASCULINO,0
Santa Cruz,70101,Santa Cruz De La Sierra,2009,4,60 y mas / MASCULINO,2
La Paz,20902,Sapahaqui,2009,4,60 y mas / MASCULINO,0
Tarija,60101,Tarija,2009,4,60 y mas / MASCULINO,0
Beni,80101,Trinidad,2009,4,60 y mas / MASCULINO,0
Cochabamba,31302,Vila Vila,2009,4,60 y mas / MASCULINO,0
Tarija,60303,Villa Montes,2009,4,60 y mas / MASCULINO,0
Chuquisaca,10801,Villa Serrano,2009,4,60 y mas / MASCULINO,0
Potosí,51501,Villazon,2009,4,60 y mas / MASCULINO,0
Cochabamba,30904,Vinto,2009,4,60 y mas / MASCULINO,0
Tarija,60301,Yacuiba,2009,4,60 y mas / MASCULINO,0
La Paz,20202,Ancoraimes,2009,5,60 y mas / MASCULINO,0
La Paz,20502,Ayata,2009,5,60 y mas / MASCULINO,0
Santa Cruz,70706,Camiri,2009,5,60 y mas / MASCULINO,0
Pando,90101,Cobija,2009,5,60 y mas / MASCULINO,0
Cochabamba,30101,Cochabamba,2009,5,60 y mas / MASCULINO,4
Cochabamba,30905,Colcapirhua,2009,5,60 y mas / MASCULINO,0
La Paz,20105,El Alto,2009,5,60 y mas / MASCULINO,0
Santa Cruz,70105,El Torno,2009,5,60 y mas / MASCULINO,0
Chuquisaca,10304,Icla,2009,5,60 y mas / MASCULINO,0
La Paz,20101,La Paz,2009,5,60 y mas / MASCULINO,3
La Paz,21006,Licoma Pampa,2009,5,60 y mas / MASCULINO,0
Santa Cruz,71003,Mineros,2009,5,60 y mas / MASCULINO,0
Santa Cruz,71001,Montero,2009,5,60 y mas / MASCULINO,0
Oruro,40101,Oruro,2009,5,60 y mas / MASCULINO,0
Potosí,50101,Potosi,2009,5,60 y mas / MASCULINO,0
Santa Cruz,70805,Pucara,2009,5,60 y mas / MASCULINO,0
Cochabamba,31001,Sacaba,2009,5,60 y mas / MASCULINO,0
Beni,80501,San Ignacio,2009,5,60 y mas / MASCULINO,0
Santa Cruz,70301,San Ignacio De Velasco,2009,5,60 y mas / MASCULINO,0
Santa Cruz,70101,Santa Cruz De La Sierra,2009,5,60 y mas / MASCULINO,0
Cochabamba,30902,Sipe Sipe,2009,5,60 y mas / MASCULINO,0
Tarija,60101,Tarija,2009,5,60 y mas / MASCULINO,0
Chuquisaca,10202,Tarvita,2009,5,60 y mas / MASCULINO,0
Potosí,50502,Toro Toro,2009,5,60 y mas / MASCULINO,0
Beni,80101,Trinidad,2009,5,60 y mas / MASCULINO,2
Cochabamba,30502,Vacas,2009,5,60 y mas / MASCULINO,0
Tarija,60303,Villa Montes,2009,5,60 y mas / MASCULINO,0
Cochabamba,31402,Villa Rivero,2009,5,60 y mas / MASCULINO,0
Cochabamba,31003,Villa Tunari,2009,5,60 y mas / MASCULINO,0
Cochabamba,30904,Vinto,2009,5,60 y mas / MASCULINO,0
Tarija,60301,Yacuiba,2009,5,60 y mas / MASCULINO,0
Chuquisaca,10301,Zudañez,2009,5,60 y mas / MASCULINO,1
La Paz,20905,Cairoma,2009,6,60 y mas / MASCULINO,1
Santa Cruz,70706,Camiri,2009,6,60 y mas / MASCULINO,0
La Paz,21101,Chulumani (v. De La Libertad),2009,6,60 y mas / MASCULINO,0
Pando,90101,Cobija,2009,6,60 y mas / MASCULINO,0
Cochabamba,30101,Cochabamba,2009,6,60 y mas / MASCULINO,10
La Paz,21401,Coroico,2009,6,60 y mas / MASCULINO,0
La Paz,20105,El Alto,2009,6,60 y mas / MASCULINO,2
Chuquisaca,10502,Huacareta,2009,6,60 y mas / MASCULINO,0
La Paz,21102,Irupana (villa De Lanza),2009,6,60 y mas / MASCULINO,0
La Paz,20101,La Paz,2009,6,60 y mas / MASCULINO,2
La Paz,20901,Luribay,2009,6,60 y mas / MASCULINO,0
La Paz,20103,Mecapaca,2009,6,60 y mas / MASCULINO,0
Chuquisaca,10501,Monteagudo,2009,6,60 y mas / MASCULINO,0
Santa Cruz,71001,Montero,2009,6,60 y mas / MASCULINO,0
Oruro,40101,Oruro,2009,6,60 y mas / MASCULINO,1
Potosí,50101,Potosi,2009,6,60 y mas / MASCULINO,0
Pando,90301,Puerto Gonzalo Moreno,2009,6,60 y mas / MASCULINO,0
Potosí,50402,Ravelo,2009,6,60 y mas / MASCULINO,0
Cochabamba,31001,Sacaba,2009,6,60 y mas / MASCULINO,0
Potosí,50701,Sacaca,2009,6,60 y mas / MASCULINO,0
Beni,80501,San Ignacio,2009,6,60 y mas / MASCULINO,0
Santa Cruz,70301,San Ignacio De Velasco,2009,6,60 y mas / MASCULINO,0
Santa Cruz,70302,San Miguel De Velasco,2009,6,60 y mas / MASCULINO,0
Santa Cruz,70101,Santa Cruz De La Sierra,2009,6,60 y mas / MASCULINO,0
Chuquisaca,10101,Sucre,2009,6,60 y mas / MASCULINO,0
Tarija,60101,Tarija,2009,6,60 y mas / MASCULINO,0
Chuquisaca,10202,Tarvita,2009,6,60 y mas / MASCULINO,0
Beni,80101,Trinidad,2009,6,60 y mas / MASCULINO,0
Tarija,60303,Villa Montes,2009,6,60 y mas / MASCULINO,0
Tarija,60301,Yacuiba,2009,6,60 y mas / MASCULINO,0
La Paz,20201,Achacachi,2009,7,60 y mas / MASCULINO,0
Oruro,41201,Andamarca,2009,7,60 y mas / MASCULINO,0
Tarija,60202,Bermejo,2009,7,60 y mas / MASCULINO,0
Santa Cruz,70706,Camiri,2009,7,60 y mas / MASCULINO,0
Santa Cruz,71403,Carmen Rivero Torrez,2009,7,60 y mas / MASCULINO,0
Santa Cruz,70702,Charagua,2009,7,60 y mas / MASCULINO,0
Pando,90101,Cobija,2009,7,60 y mas / MASCULINO,0
Cochabamba,30101,Cochabamba,2009,7,60 y mas / MASCULINO,1
Cochabamba,30905,Colcapirhua,2009,7,60 y mas / MASCULINO,0
La Paz,20105,El Alto,2009,7,60 y mas / MASCULINO,0
Tarija,60601,Entre Rios,2009,7,60 y mas / MASCULINO,0
La Paz,21102,Irupana (villa De Lanza),2009,7,60 y mas / MASCULINO,0
La Paz,20101,La Paz,2009,7,60 y mas / MASCULINO,0
Chuquisaca,10501,Monteagudo,2009,7,60 y mas / MASCULINO,0
Oruro,40101,Oruro,2009,7,60 y mas / MASCULINO,0
Santa Cruz,70502,Pailon,2009,7,60 y mas / MASCULINO,0
La Paz,21104,Palos Blancos,2009,7,60 y mas / MASCULINO,1
Potosí,50101,Potosi,2009,7,60 y mas / MASCULINO,0
Pando,90301,Puerto Gonzalo Moreno,2009,7,60 y mas / MASCULINO,0
Santa Cruz,71402,Puerto Quijarro,2009,7,60 y mas / MASCULINO,0
Cochabamba,31205,Puerto Villarroel,2009,7,60 y mas / MASCULINO,0
Cochabamba,31401,Punata,2009,7,60 y mas / MASCULINO,0
Cochabamba,31001,Sacaba,2009,7,60 y mas / MASCULINO,0
Beni,80302,San Borja,2009,7,60 y mas / MASCULINO,0
Santa Cruz,70301,San Ignacio De Velasco,2009,7,60 y mas / MASCULINO,0
Santa Cruz,70302,San Miguel De Velasco,2009,7,60 y mas / MASCULINO,0
Santa Cruz,70101,Santa Cruz De La Sierra,2009,7,60 y mas / MASCULINO,0
La Paz,20601,Sorata,2009,7,60 y mas / MASCULINO,0
Tarija,60101,Tarija,2009,7,60 y mas / MASCULINO,0
La Paz,20606,Tipuani,2009,7,60 y mas / MASCULINO,0
Beni,80101,Trinidad,2009,7,60 y mas / MASCULINO,0
Oruro,40402,Turco,2009,7,60 y mas / MASCULINO,0
Tarija,60401,Uriondo (a. Concepcion),2009,7,60 y mas / MASCULINO,0
Tarija,60303,Villa Montes,2009,7,60 y mas / MASCULINO,0
Potosí,51501,Villazon,2009,7,60 y mas / MASCULINO,0
Tarija,60301,Yacuiba,2009,7,60 y mas / MASCULINO,0
Santa Cruz,70706,Camiri,2009,8,60 y mas / MASCULINO,0
Pando,90101,Cobija,2009,8,60 y mas / MASCULINO,0
Cochabamba,30101,Cochabamba,2009,8,60 y mas / MASCULINO,0
Cochabamba,30905,Colcapirhua,2009,8,60 y mas / MASCULINO,0
Santa Cruz,71106,Cuatro Cañadas,2009,8,60 y mas / MASCULINO,0
La Paz,20105,El Alto,2009,8,60 y mas / MASCULINO,1
La Paz,20101,La Paz,2009,8,60 y mas / MASCULINO,2
Beni,80801,Magdalena,2009,8,60 y mas / MASCULINO,0
Santa Cruz,71003,Mineros,2009,8,60 y mas / MASCULINO,0
Cochabamba,31301,Mizque,2009,8,60 y mas / MASCULINO,0
Santa Cruz,71001,Montero,2009,8,60 y mas / MASCULINO,0
Oruro,40101,Oruro,2009,8,60 y mas / MASCULINO,2
La Paz,21104,Palos Blancos,2009,8,60 y mas / MASCULINO,0
Potosí,50101,Potosi,2009,8,60 y mas / MASCULINO,0
Cochabamba,31205,Puerto Villarroel,2009,8,60 y mas / MASCULINO,0
Cochabamba,31001,Sacaba,2009,8,60 y mas / MASCULINO,0
Santa Cruz,70301,San Ignacio De Velasco,2009,8,60 y mas / MASCULINO,0
Santa Cruz,70404,San Juan De Yapacani,2009,8,60 y mas / MASCULINO,0
Santa Cruz,70101,Santa Cruz De La Sierra,2009,8,60 y mas / MASCULINO,0
Beni,80303,Santa Rosa,2009,8,60 y mas / MASCULINO,0
La Paz,20902,Sapahaqui,2009,8,60 y mas / MASCULINO,0
Chuquisaca,10101,Sucre,2009,8,60 y mas / MASCULINO,0
Tarija,60101,Tarija,2009,8,60 y mas / MASCULINO,0
Beni,80101,Trinidad,2009,8,60 y mas / MASCULINO,0
Potosí,50801,Tupiza,2009,8,60 y mas / MASCULINO,0
Tarija,60303,Villa Montes,2009,8,60 y mas / MASCULINO,0
Tarija,60301,Yacuiba,2009,8,60 y mas / MASCULINO,0
Tarija,60202,Bermejo,2009,9,60 y mas / MASCULINO,0
Santa Cruz,70707,Boyuibe,2009,9,60 y mas / MASCULINO,0
Chuquisaca,10701,Camargo,2009,9,60 y mas / MASCULINO,0
Santa Cruz,70706,Camiri,2009,9,60 y mas / MASCULINO,2
Cochabamba,30801,Cliza,2009,9,60 y mas / MASCULINO,0
Pando,90101,Cobija,2009,9,60 y mas / MASCULINO,0
Cochabamba,30101,Cochabamba,2009,9,60 y mas / MASCULINO,0
Cochabamba,30905,Colcapirhua,2009,9,60 y mas / MASCULINO,0
La Paz,21401,Coroico,2009,9,60 y mas / MASCULINO,1
La Paz,20105,El Alto,2009,9,60 y mas / MASCULINO,2
Tarija,60502,El Puente(tja),2009,9,60 y mas / MASCULINO,0
Pando,90203,Filadelfia,2009,9,60 y mas / MASCULINO,0
Chuquisaca,10502,Huacareta,2009,9,60 y mas / MASCULINO,0
La Paz,20101,La Paz,2009,9,60 y mas / MASCULINO,8
Chuquisaca,10501,Monteagudo,2009,9,60 y mas / MASCULINO,1
Potosí,50101,Potosi,2009,9,60 y mas / MASCULINO,0
Santa Cruz,71401,Puerto Suarez,2009,9,60 y mas / MASCULINO,0
Cochabamba,31205,Puerto Villarroel,2009,9,60 y mas / MASCULINO,0
Cochabamba,31001,Sacaba,2009,9,60 y mas / MASCULINO,0
Potosí,50701,Sacaca,2009,9,60 y mas / MASCULINO,0
Santa Cruz,70301,San Ignacio De Velasco,2009,9,60 y mas / MASCULINO,0
Santa Cruz,70302,San Miguel De Velasco,2009,9,60 y mas / MASCULINO,1
Santa Cruz,70101,Santa Cruz De La Sierra,2009,9,60 y mas / MASCULINO,0
Chuquisaca,10101,Sucre,2009,9,60 y mas / MASCULINO,0
Tarija,60101,Tarija,2009,9,60 y mas / MASCULINO,0
Beni,80101,Trinidad,2009,9,60 y mas / MASCULINO,0
Tarija,60303,Villa Montes,2009,9,60 y mas / MASCULINO,0
Cochabamba,30904,Vinto,2009,9,60 y mas / MASCULINO,0
Tarija,60301,Yacuiba,2009,9,60 y mas / MASCULINO,0
Cochabamba,30201,Aiquile,2009,10,60 y mas / MASCULINO,0
Tarija,60202,Bermejo,2009,10,60 y mas / MASCULINO,0
Potosí,50301,Betanzos,2009,10,60 y mas / MASCULINO,0
Santa Cruz,70706,Camiri,2009,10,60 y mas / MASCULINO,1
La Paz,20305,Charaña,2009,10,60 y mas / MASCULINO,0
La Paz,20501,Chuma,2009,10,60 y mas / MASCULINO,0
Pando,90101,Cobija,2009,10,60 y mas / MASCULINO,0
Cochabamba,30101,Cochabamba,2009,10,60 y mas / MASCULINO,3
Cochabamba,31002,Colomi,2009,10,60 y mas / MASCULINO,0
Santa Cruz,71301,Comarapa,2009,10,60 y mas / MASCULINO,0
La Paz,20105,El Alto,2009,10,60 y mas / MASCULINO,0
La Paz,21105,La Asunta,2009,10,60 y mas / MASCULINO,0
La Paz,20101,La Paz,2009,10,60 y mas / MASCULINO,6
Chuquisaca,11003,Machareti,2009,10,60 y mas / MASCULINO,0
Santa Cruz,71001,Montero,2009,10,60 y mas / MASCULINO,0
Cochabamba,30302,Morochata,2009,10,60 y mas / MASCULINO,0
Oruro,40101,Oruro,2009,10,60 y mas / MASCULINO,0
La Paz,20102,Palca,2009,10,60 y mas / MASCULINO,0
La Paz,21104,Palos Blancos,2009,10,60 y mas / MASCULINO,0
Potosí,50101,Potosi,2009,10,60 y mas / MASCULINO,0
Santa Cruz,71401,Puerto Suarez,2009,10,60 y mas / MASCULINO,0
Cochabamba,31205,Puerto Villarroel,2009,10,60 y mas / MASCULINO,0
Santa Cruz,70503,Robore,2009,10,60 y mas / MASCULINO,0
Cochabamba,31001,Sacaba,2009,10,60 y mas / MASCULINO,0
Santa Cruz,70101,Santa Cruz De La Sierra,2009,10,60 y mas / MASCULINO,0
Chuquisaca,10101,Sucre,2009,10,60 y mas / MASCULINO,0
Tarija,60101,Tarija,2009,10,60 y mas / MASCULINO,0
La Paz,20606,Tipuani,2009,10,60 y mas / MASCULINO,0
Beni,80101,Trinidad,2009,10,60 y mas / MASCULINO,0
Oruro,40402,Turco,2009,10,60 y mas / MASCULINO,0
Cochabamba,30502,Vacas,2009,10,60 y mas / MASCULINO,0
Tarija,60303,Villa Montes,2009,10,60 y mas / MASCULINO,0
Cochabamba,31003,Villa Tunari,2009,10,60 y mas / MASCULINO,0
Potosí,51501,Villazon,2009,10,60 y mas / MASCULINO,0
Tarija,60202,Bermejo,2009,11,60 y mas / MASCULINO,0
Santa Cruz,70706,Camiri,2009,11,60 y mas / MASCULINO,0
La Paz,20305,Charaña,2009,11,60 y mas / MASCULINO,0
Pando,90101,Cobija,2009,11,60 y mas / MASCULINO,0
Cochabamba,30101,Cochabamba,2009,11,60 y mas / MASCULINO,3
La Paz,21401,Coroico,2009,11,60 y mas / MASCULINO,1
La Paz,20105,El Alto,2009,11,60 y mas / MASCULINO,2
Santa Cruz,70105,El Torno,2009,11,60 y mas / MASCULINO,0
La Paz,20101,La Paz,2009,11,60 y mas / MASCULINO,6
Cochabamba,31301,Mizque,2009,11,60 y mas / MASCULINO,0
Santa Cruz,71001,Montero,2009,11,60 y mas / MASCULINO,0
Oruro,40101,Oruro,2009,11,60 y mas / MASCULINO,1
La Paz,20102,Palca,2009,11,60 y mas / MASCULINO,1
La Paz,21104,Palos Blancos,2009,11,60 y mas / MASCULINO,0
Potosí,50101,Potosi,2009,11,60 y mas / MASCULINO,0
Beni,80703,Puerto Siles,2009,11,60 y mas / MASCULINO,0
Cochabamba,31401,Punata,2009,11,60 y mas / MASCULINO,0
Cochabamba,31001,Sacaba,2009,11,60 y mas / MASCULINO,0
Beni,80501,San Ignacio,2009,11,60 y mas / MASCULINO,0
Santa Cruz,70301,San Ignacio De Velasco,2009,11,60 y mas / MASCULINO,0
Santa Cruz,70303,San Rafael,2009,11,60 y mas / MASCULINO,0
Santa Cruz,70101,Santa Cruz De La Sierra,2009,11,60 y mas / MASCULINO,0
Chuquisaca,10101,Sucre,2009,11,60 y mas / MASCULINO,0
Tarija,60101,Tarija,2009,11,60 y mas / MASCULINO,0
Chuquisaca,10402,Tomina,2009,11,60 y mas / MASCULINO,0
Beni,80101,Trinidad,2009,11,60 y mas / MASCULINO,0
Tarija,60303,Villa Montes,2009,11,60 y mas / MASCULINO,0
Potosí,51501,Villazon,2009,11,60 y mas / MASCULINO,0
Tarija,60301,Yacuiba,2009,11,60 y mas / MASCULINO,0
Beni,80802,Baures,2009,12,60 y mas / MASCULINO,0
Tarija,60202,Bermejo,2009,12,60 y mas / MASCULINO,0
Santa Cruz,70706,Camiri,2009,12,60 y mas / MASCULINO,1
Tarija,60302,Carapari,2009,12,60 y mas / MASCULINO,0
La Paz,20501,Chuma,2009,12,60 y mas / MASCULINO,0
Pando,90101,Cobija,2009,12,60 y mas / MASCULINO,0
Cochabamba,30101,Cochabamba,2009,12,60 y mas / MASCULINO,3
Cochabamba,31002,Colomi,2009,12,60 y mas / MASCULINO,0
La Paz,21401,Coroico,2009,12,60 y mas / MASCULINO,0
La Paz,20105,El Alto,2009,12,60 y mas / MASCULINO,0
Chuquisaca,10502,Huacareta,2009,12,60 y mas / MASCULINO,0
La Paz,21102,Irupana (villa De Lanza),2009,12,60 y mas / MASCULINO,0
La Paz,21105,La Asunta,2009,12,60 y mas / MASCULINO,2
La Paz,20101,La Paz,2009,12,60 y mas / MASCULINO,6
Chuquisaca,10303,Mojocoya,2009,12,60 y mas / MASCULINO,0
Santa Cruz,71001,Montero,2009,12,60 y mas / MASCULINO,0
Oruro,40101,Oruro,2009,12,60 y mas / MASCULINO,0
Santa Cruz,70902,Pampa Grande,2009,12,60 y mas / MASCULINO,0
Potosí,50101,Potosi,2009,12,60 y mas / MASCULINO,0
Santa Cruz,71401,Puerto Suarez,2009,12,60 y mas / MASCULINO,0
Cochabamba,31205,Puerto Villarroel,2009,12,60 y mas / MASCULINO,0
Cochabamba,31401,Punata,2009,12,60 y mas / MASCULINO,0
Cochabamba,31001,Sacaba,2009,12,60 y mas / MASCULINO,0
Santa Cruz,70301,San Ignacio De Velasco,2009,12,60 y mas / MASCULINO,0
Santa Cruz,70302,San Miguel De Velasco,2009,12,60 y mas / MASCULINO,0
Santa Cruz,70101,Santa Cruz De La Sierra,2009,12,60 y mas / MASCULINO,0
Chuquisaca,10101,Sucre,2009,12,60 y mas / MASCULINO,0
Tarija,60101,Tarija,2009,12,60 y mas / MASCULINO,0
Cochabamba,30802,Toco,2009,12,60 y mas / MASCULINO,0
Potosí,50502,Toro Toro,2009,12,60 y mas / MASCULINO,0
Beni,80101,Trinidad,2009,12,60 y mas / MASCULINO,0
Cochabamba,30502,Vacas,2009,12,60 y mas / MASCULINO,0
Tarija,60303,Villa Montes,2009,12,60 y mas / MASCULINO,0
Cochabamba,31003,Villa Tunari,2009,12,60 y mas / MASCULINO,0
Cochabamba,30904,Vinto,2009,12,60 y mas / MASCULINO,1
Tarija,60301,Yacuiba,2009,12,60 y mas / MASCULINO,0
La Paz,20202,Ancoraimes,2009,1,60 y mas / FEMENINO,0
Tarija,60202,Bermejo,2009,1,60 y mas / FEMENINO,0
Cochabamba,30101,Cochabamba,2009,1,60 y mas / FEMENINO,0
La Paz,20804,Desaguadero,2009,1,60 y mas / FEMENINO,0
La Paz,20105,El Alto,2009,1,60 y mas / FEMENINO,0
La Paz,20101,La Paz,2009,1,60 y mas / FEMENINO,0
Beni,80801,Magdalena,2009,1,60 y mas / FEMENINO,0
Oruro,40101,Oruro,2009,1,60 y mas / FEMENINO,0
Chuquisaca,10103,Poroma,2009,1,60 y mas / FEMENINO,0
Potosí,50101,Potosi,2009,1,60 y mas / FEMENINO,0
Santa Cruz,71402,Puerto Quijarro,2009,1,60 y mas / FEMENINO,0
Santa Cruz,71401,Puerto Suarez,2009,1,60 y mas / FEMENINO,0
Cochabamba,31001,Sacaba,2009,1,60 y mas / FEMENINO,0
Potosí,50701,Sacaca,2009,1,60 y mas / FEMENINO,0
Santa Cruz,70402,San Carlos,2009,1,60 y mas / FEMENINO,0
Santa Cruz,70301,San Ignacio De Velasco,2009,1,60 y mas / FEMENINO,0
Santa Cruz,70303,San Rafael,2009,1,60 y mas / FEMENINO,0
Santa Cruz,70101,Santa Cruz De La Sierra,2009,1,60 y mas / FEMENINO,0
Chuquisaca,10101,Sucre,2009,1,60 y mas / FEMENINO,0
Tarija,60101,Tarija,2009,1,60 y mas / FEMENINO,0
Oruro,40402,Turco,2009,1,60 y mas / FEMENINO,0
Tarija,60303,Villa Montes,2009,1,60 y mas / FEMENINO,0
Chuquisaca,11001,Villa Vaca Guzman (muyupampa),2009,1,60 y mas / FEMENINO,0
Tarija,60301,Yacuiba,2009,1,60 y mas / FEMENINO,0
La Paz,20201,Achacachi,2009,2,60 y mas / FEMENINO,0
Chuquisaca,10201,Azurduy,2009,2,60 y mas / FEMENINO,0
Santa Cruz,70706,Camiri,2009,2,60 y mas / FEMENINO,0
Cochabamba,30101,Cochabamba,2009,2,60 y mas / FEMENINO,0
Cochabamba,30905,Colcapirhua,2009,2,60 y mas / FEMENINO,0
La Paz,20105,El Alto,2009,2,60 y mas / FEMENINO,0
Beni,80402,Exaltacion,2009,2,60 y mas / FEMENINO,0
Chuquisaca,11002,Huacaya (villa De Huacaya),2009,2,60 y mas / FEMENINO,0
La Paz,21105,La Asunta,2009,2,60 y mas / FEMENINO,0
La Paz,20101,La Paz,2009,2,60 y mas / FEMENINO,0
Santa Cruz,71001,Montero,2009,2,60 y mas / FEMENINO,0
Oruro,40101,Oruro,2009,2,60 y mas / FEMENINO,0
Cochabamba,31202,Pojo (cbba),2009,2,60 y mas / FEMENINO,0
Potosí,50101,Potosi,2009,2,60 y mas / FEMENINO,0
Santa Cruz,71401,Puerto Suarez,2009,2,60 y mas / FEMENINO,0
Potosí,51101,Puna,2009,2,60 y mas / FEMENINO,0
Oruro,40901,Sabaya,2009,2,60 y mas / FEMENINO,0
Cochabamba,31001,Sacaba,2009,2,60 y mas / FEMENINO,0
Beni,80602,San Andres,2009,2,60 y mas / FEMENINO,0
Santa Cruz,70301,San Ignacio De Velasco,2009,2,60 y mas / FEMENINO,0
Chuquisaca,10702,San Lucas,2009,2,60 y mas / FEMENINO,0
Santa Cruz,70302,San Miguel De Velasco,2009,2,60 y mas / FEMENINO,0
Santa Cruz,70101,Santa Cruz De La Sierra,2009,2,60 y mas / FEMENINO,0
La Paz,20902,Sapahaqui,2009,2,60 y mas / FEMENINO,0
Tarija,60101,Tarija,2009,2,60 y mas / FEMENINO,0
Cochabamba,30903,Tiquipaya,2009,2,60 y mas / FEMENINO,0
Beni,80101,Trinidad,2009,2,60 y mas / FEMENINO,0
Potosí,50201,Uncia,2009,2,60 y mas / FEMENINO,0
Tarija,60303,Villa Montes,2009,2,60 y mas / FEMENINO,0
Potosí,51501,Villazon,2009,2,60 y mas / FEMENINO,0
Cochabamba,30904,Vinto,2009,2,60 y mas / FEMENINO,0
La Paz,20903,Yaco,2009,2,60 y mas / FEMENINO,0
Tarija,60301,Yacuiba,2009,2,60 y mas / FEMENINO,0
La Paz,20502,Ayata,2009,3,60 y mas / FEMENINO,0
La Paz,20905,Cairoma,2009,3,60 y mas / FEMENINO,0
Santa Cruz,70706,Camiri,2009,3,60 y mas / FEMENINO,0
La Paz,20501,Chuma,2009,3,60 y mas / FEMENINO,0
Pando,90101,Cobija,2009,3,60 y mas / FEMENINO,0
Cochabamba,30101,Cochabamba,2009,3,60 y mas / FEMENINO,0
Oruro,40301,Corque,2009,3,60 y mas / FEMENINO,0
La Paz,20105,El Alto,2009,3,60 y mas / FEMENINO,0
Beni,80202,Guayaramerin,2009,3,60 y mas / FEMENINO,0
La Paz,20101,La Paz,2009,3,60 y mas / FEMENINO,0
La Paz,20901,Luribay,2009,3,60 y mas / FEMENINO,0
La Paz,20607,Mapiri,2009,3,60 y mas / FEMENINO,0
Chuquisaca,10501,Monteagudo,2009,3,60 y mas / FEMENINO,0
Oruro,40101,Oruro,2009,3,60 y mas / FEMENINO,0
La Paz,21104,Palos Blancos,2009,3,60 y mas / FEMENINO,0
Santa Cruz,70601,Portachuelo,2009,3,60 y mas / FEMENINO,0
Potosí,50101,Potosi,2009,3,60 y mas / FEMENINO,0
Santa Cruz,71402,Puerto Quijarro,2009,3,60 y mas / FEMENINO,0
Beni,80703,Puerto Siles,2009,3,60 y mas / FEMENINO,0
Beni,80201,Riberalta,2009,3,60 y mas / FEMENINO,0
Cochabamba,31001,Sacaba,2009,3,60 y mas / FEMENINO,0
Santa Cruz,70901,Samaipata,2009,3,60 y mas / FEMENINO,0
Santa Cruz,70301,San Ignacio De Velasco,2009,3,60 y mas / FEMENINO,0
Santa Cruz,70303,San Rafael,2009,3,60 y mas / FEMENINO,0
Beni,80401,Santa Ana,2009,3,60 y mas / FEMENINO,0
Santa Cruz,70101,Santa Cruz De La Sierra,2009,3,60 y mas / FEMENINO,0
Chuquisaca,10101,Sucre,2009,3,60 y mas / FEMENINO,0
Tarija,60101,Tarija,2009,3,60 y mas / FEMENINO,0
Potosí,50502,Toro Toro,2009,3,60 y mas / FEMENINO,0
Beni,80101,Trinidad,2009,3,60 y mas / FEMENINO,0
Oruro,40402,Turco,2009,3,60 y mas / FEMENINO,0
Tarija,60303,Villa Montes,2009,3,60 y mas / FEMENINO,0
Chuquisaca,11001,Villa Vaca Guzman (muyupampa),2009,3,60 y mas / FEMENINO,0
Potosí,51501,Villazon,2009,3,60 y mas / FEMENINO,0
Cochabamba,30904,Vinto,2009,3,60 y mas / FEMENINO,0
Tarija,60301,Yacuiba,2009,3,60 y mas / FEMENINO,0
La Paz,21103,Yanacachi,2009,3,60 y mas / FEMENINO,0
Tarija,60202,Bermejo,2009,4,60 y mas / FEMENINO,0
Santa Cruz,70706,Camiri,2009,4,60 y mas / FEMENINO,0
Santa Cruz,71403,Carmen Rivero Torrez,2009,4,60 y mas / FEMENINO,0
La Paz,20501,Chuma,2009,4,60 y mas / FEMENINO,0
Pando,90101,Cobija,2009,4,60 y mas / FEMENINO,0
Cochabamba,30101,Cochabamba,2009,4,60 y mas / FEMENINO,0
La Paz,20105,El Alto,2009,4,60 y mas / FEMENINO,0
Chuquisaca,10502,Huacareta,2009,4,60 y mas / FEMENINO,0
La Paz,21102,Irupana (villa De Lanza),2009,4,60 y mas / FEMENINO,0
La Paz,20101,La Paz,2009,4,60 y mas / FEMENINO,0
Chuquisaca,10501,Monteagudo,2009,4,60 y mas / FEMENINO,0
Santa Cruz,71001,Montero,2009,4,60 y mas / FEMENINO,0
Oruro,40101,Oruro,2009,4,60 y mas / FEMENINO,0
Potosí,50403,Pocoata,2009,4,60 y mas / FEMENINO,0
Potosí,50101,Potosi,2009,4,60 y mas / FEMENINO,0
Santa Cruz,71402,Puerto Quijarro,2009,4,60 y mas / FEMENINO,0
Santa Cruz,71401,Puerto Suarez,2009,4,60 y mas / FEMENINO,0
Cochabamba,31205,Puerto Villarroel,2009,4,60 y mas / FEMENINO,0
Cochabamba,31401,Punata,2009,4,60 y mas / FEMENINO,0
Santa Cruz,70503,Robore,2009,4,60 y mas / FEMENINO,0
Beni,80304,Rurrenabaque,2009,4,60 y mas / FEMENINO,0
Cochabamba,31001,Sacaba,2009,4,60 y mas / FEMENINO,0
Potosí,50701,Sacaca,2009,4,60 y mas / FEMENINO,0
Santa Cruz,70901,Samaipata,2009,4,60 y mas / FEMENINO,0
Santa Cruz,70301,San Ignacio De Velasco,2009,4,60 y mas / FEMENINO,0
Santa Cruz,70302,San Miguel De Velasco,2009,4,60 y mas / FEMENINO,0
Beni,80401,Santa Ana,2009,4,60 y mas / FEMENINO,0
Santa Cruz,70101,Santa Cruz De La Sierra,2009,4,60 y mas / FEMENINO,0
La Paz,20902,Sapahaqui,2009,4,60 y mas / FEMENINO,0
Tarija,60101,Tarija,2009,4,60 y mas / FEMENINO,0
Beni,80101,Trinidad,2009,4,60 y mas / FEMENINO,0
Cochabamba,31302,Vila Vila,2009,4,60 y mas / FEMENINO,0
Tarija,60303,Villa Montes,2009,4,60 y mas / FEMENINO,0
Chuquisaca,10801,Villa Serrano,2009,4,60 y mas / FEMENINO,0
Potosí,51501,Villazon,2009,4,60 y mas / FEMENINO,0
Cochabamba,30904,Vinto,2009,4,60 y mas / FEMENINO,0
Tarija,60301,Yacuiba,2009,4,60 y mas / FEMENINO,0
La Paz,20202,Ancoraimes,2009,5,60 y mas / FEMENINO,0
La Paz,20502,Ayata,2009,5,60 y mas / FEMENINO,0
Santa Cruz,70706,Camiri,2009,5,60 y mas / FEMENINO,0
Pando,90101,Cobija,2009,5,60 y mas / FEMENINO,0
Cochabamba,30101,Cochabamba,2009,5,60 y mas / FEMENINO,0
Cochabamba,30905,Colcapirhua,2009,5,60 y mas / FEMENINO,0
La Paz,20105,El Alto,2009,5,60 y mas / FEMENINO,0
Santa Cruz,70105,El Torno,2009,5,60 y mas / FEMENINO,0
Chuquisaca,10304,Icla,2009,5,60 y mas / FEMENINO,0
La Paz,20101,La Paz,2009,5,60 y mas / FEMENINO,0
La Paz,21006,Licoma Pampa,2009,5,60 y mas / FEMENINO,0
Santa Cruz,71003,Mineros,2009,5,60 y mas / FEMENINO,0
Santa Cruz,71001,Montero,2009,5,60 y mas / FEMENINO,0
Oruro,40101,Oruro,2009,5,60 y mas / FEMENINO,0
Potosí,50101,Potosi,2009,5,60 y mas / FEMENINO,0
Santa Cruz,70805,Pucara,2009,5,60 y mas / FEMENINO,0
Cochabamba,31001,Sacaba,2009,5,60 y mas / FEMENINO,0
Beni,80501,San Ignacio,2009,5,60 y mas / FEMENINO,0
Santa Cruz,70301,San Ignacio De Velasco,2009,5,60 y mas / FEMENINO,0
Santa Cruz,70101,Santa Cruz De La Sierra,2009,5,60 y mas / FEMENINO,0
Cochabamba,30902,Sipe Sipe,2009,5,60 y mas / FEMENINO,0
Tarija,60101,Tarija,2009,5,60 y mas / FEMENINO,0
Chuquisaca,10202,Tarvita,2009,5,60 y mas / FEMENINO,0
Potosí,50502,Toro Toro,2009,5,60 y mas / FEMENINO,0
Beni,80101,Trinidad,2009,5,60 y mas / FEMENINO,0
Cochabamba,30502,Vacas,2009,5,60 y mas / FEMENINO,0
Tarija,60303,Villa Montes,2009,5,60 y mas / FEMENINO,0
Cochabamba,31402,Villa Rivero,2009,5,60 y mas / FEMENINO,0
Cochabamba,31003,Villa Tunari,2009,5,60 y mas / FEMENINO,0
Cochabamba,30904,Vinto,2009,5,60 y mas / FEMENINO,0
Tarija,60301,Yacuiba,2009,5,60 y mas / FEMENINO,0
Chuquisaca,10301,Zudañez,2009,5,60 y mas / FEMENINO,0
La Paz,20905,Cairoma,2009,6,60 y mas / FEMENINO,0
Santa Cruz,70706,Camiri,2009,6,60 y mas / FEMENINO,0
La Paz,21101,Chulumani (v. De La Libertad),2009,6,60 y mas / FEMENINO,0
Pando,90101,Cobija,2009,6,60 y mas / FEMENINO,0
Cochabamba,30101,Cochabamba,2009,6,60 y mas / FEMENINO,0
La Paz,21401,Coroico,2009,6,60 y mas / FEMENINO,0
La Paz,20105,El Alto,2009,6,60 y mas / FEMENINO,0
Chuquisaca,10502,Huacareta,2009,6,60 y mas / FEMENINO,0
La Paz,21102,Irupana (villa De Lanza),2009,6,60 y mas / FEMENINO,0
La Paz,20101,La Paz,2009,6,60 y mas / FEMENINO,0
La Paz,20901,Luribay,2009,6,60 y mas / FEMENINO,0
La Paz,20103,Mecapaca,2009,6,60 y mas / FEMENINO,0
Chuquisaca,10501,Monteagudo,2009,6,60 y mas / FEMENINO,0
Santa Cruz,71001,Montero,2009,6,60 y mas / FEMENINO,0
Oruro,40101,Oruro,2009,6,60 y mas / FEMENINO,0
Potosí,50101,Potosi,2009,6,60 y mas / FEMENINO,0
Pando,90301,Puerto Gonzalo Moreno,2009,6,60 y mas / FEMENINO,0
Potosí,50402,Ravelo,2009,6,60 y mas / FEMENINO,0
Cochabamba,31001,Sacaba,2009,6,60 y mas / FEMENINO,0
Potosí,50701,Sacaca,2009,6,60 y mas / FEMENINO,0
Beni,80501,San Ignacio,2009,6,60 y mas / FEMENINO,0
Santa Cruz,70301,San Ignacio De Velasco,2009,6,60 y mas / FEMENINO,0
Santa Cruz,70302,San Miguel De Velasco,2009,6,60 y mas / FEMENINO,0
Santa Cruz,70101,Santa Cruz De La Sierra,2009,6,60 y mas / FEMENINO,0
Chuquisaca,10101,Sucre,2009,6,60 y mas / FEMENINO,0
Tarija,60101,Tarija,2009,6,60 y mas / FEMENINO,0
Chuquisaca,10202,Tarvita,2009,6,60 y mas / FEMENINO,0
Beni,80101,Trinidad,2009,6,60 y mas / FEMENINO,0
Tarija,60303,Villa Montes,2009,6,60 y mas / FEMENINO,0
Tarija,60301,Yacuiba,2009,6,60 y mas / FEMENINO,0
La Paz,20201,Achacachi,2009,7,60 y mas / FEMENINO,0
Oruro,41201,Andamarca,2009,7,60 y mas / FEMENINO,0
Tarija,60202,Bermejo,2009,7,60 y mas / FEMENINO,0
Santa Cruz,70706,Camiri,2009,7,60 y mas / FEMENINO,0
Santa Cruz,71403,Carmen Rivero Torrez,2009,7,60 y mas / FEMENINO,0
Santa Cruz,70702,Charagua,2009,7,60 y mas / FEMENINO,0
Pando,90101,Cobija,2009,7,60 y mas / FEMENINO,0
Cochabamba,30101,Cochabamba,2009,7,60 y mas / FEMENINO,0
Cochabamba,30905,Colcapirhua,2009,7,60 y mas / FEMENINO,0
La Paz,20105,El Alto,2009,7,60 y mas / FEMENINO,0
Tarija,60601,Entre Rios,2009,7,60 y mas / FEMENINO,0
La Paz,21102,Irupana (villa De Lanza),2009,7,60 y mas / FEMENINO,0
La Paz,20101,La Paz,2009,7,60 y mas / FEMENINO,0
Chuquisaca,10501,Monteagudo,2009,7,60 y mas / FEMENINO,0
Oruro,40101,Oruro,2009,7,60 y mas / FEMENINO,0
Santa Cruz,70502,Pailon,2009,7,60 y mas / FEMENINO,0
La Paz,21104,Palos Blancos,2009,7,60 y mas / FEMENINO,0
Potosí,50101,Potosi,2009,7,60 y mas / FEMENINO,0
Pando,90301,Puerto Gonzalo Moreno,2009,7,60 y mas / FEMENINO,0
Santa Cruz,71402,Puerto Quijarro,2009,7,60 y mas / FEMENINO,0
Cochabamba,31205,Puerto Villarroel,2009,7,60 y mas / FEMENINO,0
Cochabamba,31401,Punata,2009,7,60 y mas / FEMENINO,0
Cochabamba,31001,Sacaba,2009,7,60 y mas / FEMENINO,0
Beni,80302,San Borja,2009,7,60 y mas / FEMENINO,0
Santa Cruz,70301,San Ignacio De Velasco,2009,7,60 y mas / FEMENINO,0
Santa Cruz,70302,San Miguel De Velasco,2009,7,60 y mas / FEMENINO,0
Santa Cruz,70101,Santa Cruz De La Sierra,2009,7,60 y mas / FEMENINO,0
La Paz,20601,Sorata,2009,7,60 y mas / FEMENINO,0
Tarija,60101,Tarija,2009,7,60 y mas / FEMENINO,0
La Paz,20606,Tipuani,2009,7,60 y mas / FEMENINO,0
Beni,80101,Trinidad,2009,7,60 y mas / FEMENINO,0
Oruro,40402,Turco,2009,7,60 y mas / FEMENINO,0
Tarija,60401,Uriondo (a. Concepcion),2009,7,60 y mas / FEMENINO,0
Tarija,60303,Villa Montes,2009,7,60 y mas / FEMENINO,0
Potosí,51501,Villazon,2009,7,60 y mas / FEMENINO,0
Tarija,60301,Yacuiba,2009,7,60 y mas / FEMENINO,0
Santa Cruz,70706,Camiri,2009,8,60 y mas / FEMENINO,0
Pando,90101,Cobija,2009,8,60 y mas / FEMENINO,0
Cochabamba,30101,Cochabamba,2009,8,60 y mas / FEMENINO,0
Cochabamba,30905,Colcapirhua,2009,8,60 y mas / FEMENINO,0
Santa Cruz,71106,Cuatro Cañadas,2009,8,60 y mas / FEMENINO,0
La Paz,20105,El Alto,2009,8,60 y mas / FEMENINO,0
La Paz,20101,La Paz,2009,8,60 y mas / FEMENINO,0
Beni,80801,Magdalena,2009,8,60 y mas / FEMENINO,0
Santa Cruz,71003,Mineros,2009,8,60 y mas / FEMENINO,0
Cochabamba,31301,Mizque,2009,8,60 y mas / FEMENINO,0
Santa Cruz,71001,Montero,2009,8,60 y mas / FEMENINO,0
Oruro,40101,Oruro,2009,8,60 y mas / FEMENINO,0
La Paz,21104,Palos Blancos,2009,8,60 y mas / FEMENINO,0
Potosí,50101,Potosi,2009,8,60 y mas / FEMENINO,0
Cochabamba,31205,Puerto Villarroel,2009,8,60 y mas / FEMENINO,0
Cochabamba,31001,Sacaba,2009,8,60 y mas / FEMENINO,0
Santa Cruz,70301,San Ignacio De Velasco,2009,8,60 y mas / FEMENINO,0
Santa Cruz,70404,San Juan De Yapacani,2009,8,60 y mas / FEMENINO,0
Santa Cruz,70101,Santa Cruz De La Sierra,2009,8,60 y mas / FEMENINO,0
Beni,80303,Santa Rosa,2009,8,60 y mas / FEMENINO,0
La Paz,20902,Sapahaqui,2009,8,60 y mas / FEMENINO,0
Chuquisaca,10101,Sucre,2009,8,60 y mas / FEMENINO,0
Tarija,60101,Tarija,2009,8,60 y mas / FEMENINO,0
Beni,80101,Trinidad,2009,8,60 y mas / FEMENINO,0
Potosí,50801,Tupiza,2009,8,60 y mas / FEMENINO,0
Tarija,60303,Villa Montes,2009,8,60 y mas / FEMENINO,0
Tarija,60301,Yacuiba,2009,8,60 y mas / FEMENINO,0
Tarija,60202,Bermejo,2009,9,60 y mas / FEMENINO,0
Santa Cruz,70707,Boyuibe,2009,9,60 y mas / FEMENINO,0
Chuquisaca,10701,Camargo,2009,9,60 y mas / FEMENINO,0
Santa Cruz,70706,Camiri,2009,9,60 y mas / FEMENINO,0
Cochabamba,30801,Cliza,2009,9,60 y mas / FEMENINO,0
Pando,90101,Cobija,2009,9,60 y mas / FEMENINO,0
Cochabamba,30101,Cochabamba,2009,9,60 y mas / FEMENINO,0
Cochabamba,30905,Colcapirhua,2009,9,60 y mas / FEMENINO,0
La Paz,21401,Coroico,2009,9,60 y mas / FEMENINO,0
La Paz,20105,El Alto,2009,9,60 y mas / FEMENINO,0
Tarija,60502,El Puente(tja),2009,9,60 y mas / FEMENINO,0
Pando,90203,Filadelfia,2009,9,60 y mas / FEMENINO,0
Chuquisaca,10502,Huacareta,2009,9,60 y mas / FEMENINO,0
La Paz,20101,La Paz,2009,9,60 y mas / FEMENINO,0
Chuquisaca,10501,Monteagudo,2009,9,60 y mas / FEMENINO,0
Potosí,50101,Potosi,2009,9,60 y mas / FEMENINO,0
Santa Cruz,71401,Puerto Suarez,2009,9,60 y mas / FEMENINO,0
Cochabamba,31205,Puerto Villarroel,2009,9,60 y mas / FEMENINO,0
Cochabamba,31001,Sacaba,2009,9,60 y mas / FEMENINO,0
Potosí,50701,Sacaca,2009,9,60 y mas / FEMENINO,0
Santa Cruz,70301,San Ignacio De Velasco,2009,9,60 y mas / FEMENINO,0
Santa Cruz,70302,San Miguel De Velasco,2009,9,60 y mas / FEMENINO,0
Santa Cruz,70101,Santa Cruz De La Sierra,2009,9,60 y mas / FEMENINO,0
Chuquisaca,10101,Sucre,2009,9,60 y mas / FEMENINO,0
Tarija,60101,Tarija,2009,9,60 y mas / FEMENINO,0
Beni,80101,Trinidad,2009,9,60 y mas / FEMENINO,0
Tarija,60303,Villa Montes,2009,9,60 y mas / FEMENINO,0
Cochabamba,30904,Vinto,2009,9,60 y mas / FEMENINO,0
Tarija,60301,Yacuiba,2009,9,60 y mas / FEMENINO,0
Cochabamba,30201,Aiquile,2009,10,60 y mas / FEMENINO,0
Tarija,60202,Bermejo,2009,10,60 y mas / FEMENINO,0
Potosí,50301,Betanzos,2009,10,60 y mas / FEMENINO,0
Santa Cruz,70706,Camiri,2009,10,60 y mas / FEMENINO,0
La Paz,20305,Charaña,2009,10,60 y mas / FEMENINO,0
La Paz,20501,Chuma,2009,10,60 y mas / FEMENINO,0
Pando,90101,Cobija,2009,10,60 y mas / FEMENINO,0
Cochabamba,30101,Cochabamba,2009,10,60 y mas / FEMENINO,0
Cochabamba,31002,Colomi,2009,10,60 y mas / FEMENINO,0
Santa Cruz,71301,Comarapa,2009,10,60 y mas / FEMENINO,0
La Paz,20105,El Alto,2009,10,60 y mas / FEMENINO,0
La Paz,21105,La Asunta,2009,10,60 y mas / FEMENINO,0
La Paz,20101,La Paz,2009,10,60 y mas / FEMENINO,0
Chuquisaca,11003,Machareti,2009,10,60 y mas / FEMENINO,0
Santa Cruz,71001,Montero,2009,10,60 y mas / FEMENINO,0
Cochabamba,30302,Morochata,2009,10,60 y mas / FEMENINO,0
Oruro,40101,Oruro,2009,10,60 y mas / FEMENINO,0
La Paz,20102,Palca,2009,10,60 y mas / FEMENINO,0
La Paz,21104,Palos Blancos,2009,10,60 y mas / FEMENINO,0
Potosí,50101,Potosi,2009,10,60 y mas / FEMENINO,0
Santa Cruz,71401,Puerto Suarez,2009,10,60 y mas / FEMENINO,0
Cochabamba,31205,Puerto Villarroel,2009,10,60 y mas / FEMENINO,0
Santa Cruz,70503,Robore,2009,10,60 y mas / FEMENINO,0
Cochabamba,31001,Sacaba,2009,10,60 y mas / FEMENINO,0
Santa Cruz,70101,Santa Cruz De La Sierra,2009,10,60 y mas / FEMENINO,0
Chuquisaca,10101,Sucre,2009,10,60 y mas / FEMENINO,0
Tarija,60101,Tarija,2009,10,60 y mas / FEMENINO,0
La Paz,20606,Tipuani,2009,10,60 y mas / FEMENINO,0
Beni,80101,Trinidad,2009,10,60 y mas / FEMENINO,0
Oruro,40402,Turco,2009,10,60 y mas / FEMENINO,0
Cochabamba,30502,Vacas,2009,10,60 y mas / FEMENINO,0
Tarija,60303,Villa Montes,2009,10,60 y mas / FEMENINO,0
Cochabamba,31003,Villa Tunari,2009,10,60 y mas / FEMENINO,0
Potosí,51501,Villazon,2009,10,60 y mas / FEMENINO,0
Tarija,60202,Bermejo,2009,11,60 y mas / FEMENINO,0
Santa Cruz,70706,Camiri,2009,11,60 y mas / FEMENINO,0
La Paz,20305,Charaña,2009,11,60 y mas / FEMENINO,0
Pando,90101,Cobija,2009,11,60 y mas / FEMENINO,0
Cochabamba,30101,Cochabamba,2009,11,60 y mas / FEMENINO,0
La Paz,21401,Coroico,2009,11,60 y mas / FEMENINO,0
La Paz,20105,El Alto,2009,11,60 y mas / FEMENINO,0
Santa Cruz,70105,El Torno,2009,11,60 y mas / FEMENINO,0
La Paz,20101,La Paz,2009,11,60 y mas / FEMENINO,0
Cochabamba,31301,Mizque,2009,11,60 y mas / FEMENINO,0
Santa Cruz,71001,Montero,2009,11,60 y mas / FEMENINO,0
Oruro,40101,Oruro,2009,11,60 y mas / FEMENINO,0
La Paz,20102,Palca,2009,11,60 y mas / FEMENINO,0
La Paz,21104,Palos Blancos,2009,11,60 y mas / FEMENINO,0
Potosí,50101,Potosi,2009,11,60 y mas / FEMENINO,0
Beni,80703,Puerto Siles,2009,11,60 y mas / FEMENINO,0
Cochabamba,31401,Punata,2009,11,60 y mas / FEMENINO,0
Cochabamba,31001,Sacaba,2009,11,60 y mas / FEMENINO,0
Beni,80501,San Ignacio,2009,11,60 y mas / FEMENINO,0
Santa Cruz,70301,San Ignacio De Velasco,2009,11,60 y mas / FEMENINO,0
Santa Cruz,70303,San Rafael,2009,11,60 y mas / FEMENINO,0
Santa Cruz,70101,Santa Cruz De La Sierra,2009,11,60 y mas / FEMENINO,0
Chuquisaca,10101,Sucre,2009,11,60 y mas / FEMENINO,0
Tarija,60101,Tarija,2009,11,60 y mas / FEMENINO,0
Chuquisaca,10402,Tomina,2009,11,60 y mas / FEMENINO,0
Beni,80101,Trinidad,2009,11,60 y mas / FEMENINO,0
Tarija,60303,Villa Montes,2009,11,60 y mas / FEMENINO,0
Potosí,51501,Villazon,2009,11,60 y mas / FEMENINO,0
Tarija,60301,Yacuiba,2009,11,60 y mas / FEMENINO,0
Beni,80802,Baures,2009,12,60 y mas / FEMENINO,0
Tarija,60202,Bermejo,2009,12,60 y mas / FEMENINO,0
Santa Cruz,70706,Camiri,2009,12,60 y mas / FEMENINO,0
Tarija,60302,Carapari,2009,12,60 y mas / FEMENINO,0
La Paz,20501,Chuma,2009,12,60 y mas / FEMENINO,0
Pando,90101,Cobija,2009,12,60 y mas / FEMENINO,0
Cochabamba,30101,Cochabamba,2009,12,60 y mas / FEMENINO,0
Cochabamba,31002,Colomi,2009,12,60 y mas / FEMENINO,0
La Paz,21401,Coroico,2009,12,60 y mas / FEMENINO,0
La Paz,20105,El Alto,2009,12,60 y mas / FEMENINO,0
Chuquisaca,10502,Huacareta,2009,12,60 y mas / FEMENINO,0
La Paz,21102,Irupana (villa De Lanza),2009,12,60 y mas / FEMENINO,0
La Paz,21105,La Asunta,2009,12,60 y mas / FEMENINO,0
La Paz,20101,La Paz,2009,12,60 y mas / FEMENINO,0
Chuquisaca,10303,Mojocoya,2009,12,60 y mas / FEMENINO,0
Santa Cruz,71001,Montero,2009,12,60 y mas / FEMENINO,0
Oruro,40101,Oruro,2009,12,60 y mas / FEMENINO,0
Santa Cruz,70902,Pampa Grande,2009,12,60 y mas / FEMENINO,0
Potosí,50101,Potosi,2009,12,60 y mas / FEMENINO,0
Santa Cruz,71401,Puerto Suarez,2009,12,60 y mas / FEMENINO,0
Cochabamba,31205,Puerto Villarroel,2009,12,60 y mas / FEMENINO,0
Cochabamba,31401,Punata,2009,12,60 y mas / FEMENINO,0
Cochabamba,31001,Sacaba,2009,12,60 y mas / FEMENINO,0
Santa Cruz,70301,San Ignacio De Velasco,2009,12,60 y mas / FEMENINO,0
Santa Cruz,70302,San Miguel De Velasco,2009,12,60 y mas / FEMENINO,0
Santa Cruz,70101,Santa Cruz De La Sierra,2009,12,60 y mas / FEMENINO,0
Chuquisaca,10101,Sucre,2009,12,60 y mas / FEMENINO,0
Tarija,60101,Tarija,2009,12,60 y mas / FEMENINO,0
Cochabamba,30802,Toco,2009,12,60 y mas / FEMENINO,0
Potosí,50502,Toro Toro,2009,12,60 y mas / FEMENINO,0
Beni,80101,Trinidad,2009,12,60 y mas / FEMENINO,0
Cochabamba,30502,Vacas,2009,12,60 y mas / FEMENINO,0
Tarija,60303,Villa Montes,2009,12,60 y mas / FEMENINO,0
Cochabamba,31003,Villa Tunari,2009,12,60 y mas / FEMENINO,0
Cochabamba,30904,Vinto,2009,12,60 y mas / FEMENINO,0
Tarija,60301,Yacuiba,2009,12,60 y mas / FEMENINO,0
La Paz,20202,Ancoraimes,2009,1,TOTALES / TOTAL-M,1
Tarija,60202,Bermejo,2009,1,TOTALES / TOTAL-M,3
Cochabamba,30101,Cochabamba,2009,1,TOTALES / TOTAL-M,72
La Paz,20804,Desaguadero,2009,1,TOTALES / TOTAL-M,1
La Paz,20105,El Alto,2009,1,TOTALES / TOTAL-M,32
La Paz,20101,La Paz,2009,1,TOTALES / TOTAL-M,46
Beni,80801,Magdalena,2009,1,TOTALES / TOTAL-M,1
Oruro,40101,Oruro,2009,1,TOTALES / TOTAL-M,8
Chuquisaca,10103,Poroma,2009,1,TOTALES / TOTAL-M,1
Potosí,50101,Potosi,2009,1,TOTALES / TOTAL-M,7
Santa Cruz,71402,Puerto Quijarro,2009,1,TOTALES / TOTAL-M,2
Santa Cruz,71401,Puerto Suarez,2009,1,TOTALES / TOTAL-M,1
Cochabamba,31001,Sacaba,2009,1,TOTALES / TOTAL-M,7
Potosí,50701,Sacaca,2009,1,TOTALES / TOTAL-M,1
Santa Cruz,70402,San Carlos,2009,1,TOTALES / TOTAL-M,2
Santa Cruz,70301,San Ignacio De Velasco,2009,1,TOTALES / TOTAL-M,5
Santa Cruz,70303,San Rafael,2009,1,TOTALES / TOTAL-M,2
Santa Cruz,70101,Santa Cruz De La Sierra,2009,1,TOTALES / TOTAL-M,16
Chuquisaca,10101,Sucre,2009,1,TOTALES / TOTAL-M,1
Tarija,60101,Tarija,2009,1,TOTALES / TOTAL-M,8
Oruro,40402,Turco,2009,1,TOTALES / TOTAL-M,1
Tarija,60303,Villa Montes,2009,1,TOTALES / TOTAL-M,8
Chuquisaca,11001,Villa Vaca Guzman (muyupampa),2009,1,TOTALES / TOTAL-M,1
Tarija,60301,Yacuiba,2009,1,TOTALES / TOTAL-M,2
La Paz,20201,Achacachi,2009,2,TOTALES / TOTAL-M,1
Chuquisaca,10201,Azurduy,2009,2,TOTALES / TOTAL-M,1
Santa Cruz,70706,Camiri,2009,2,TOTALES / TOTAL-M,4
Cochabamba,30101,Cochabamba,2009,2,TOTALES / TOTAL-M,55
Cochabamba,30905,Colcapirhua,2009,2,TOTALES / TOTAL-M,1
La Paz,20105,El Alto,2009,2,TOTALES / TOTAL-M,31
Beni,80402,Exaltacion,2009,2,TOTALES / TOTAL-M,1
Chuquisaca,11002,Huacaya (villa De Huacaya),2009,2,TOTALES / TOTAL-M,1
La Paz,21105,La Asunta,2009,2,TOTALES / TOTAL-M,2
La Paz,20101,La Paz,2009,2,TOTALES / TOTAL-M,20
Santa Cruz,71001,Montero,2009,2,TOTALES / TOTAL-M,1
Oruro,40101,Oruro,2009,2,TOTALES / TOTAL-M,5
Cochabamba,31202,Pojo (cbba),2009,2,TOTALES / TOTAL-M,1
Potosí,50101,Potosi,2009,2,TOTALES / TOTAL-M,1
Santa Cruz,71401,Puerto Suarez,2009,2,TOTALES / TOTAL-M,3
Potosí,51101,Puna,2009,2,TOTALES / TOTAL-M,1
Oruro,40901,Sabaya,2009,2,TOTALES / TOTAL-M,1
Cochabamba,31001,Sacaba,2009,2,TOTALES / TOTAL-M,3
Beni,80602,San Andres,2009,2,TOTALES / TOTAL-M,1
Santa Cruz,70301,San Ignacio De Velasco,2009,2,TOTALES / TOTAL-M,5
Chuquisaca,10702,San Lucas,2009,2,TOTALES / TOTAL-M,1
Santa Cruz,70302,San Miguel De Velasco,2009,2,TOTALES / TOTAL-M,1
Santa Cruz,70101,Santa Cruz De La Sierra,2009,2,TOTALES / TOTAL-M,14
La Paz,20902,Sapahaqui,2009,2,TOTALES / TOTAL-M,1
Tarija,60101,Tarija,2009,2,TOTALES / TOTAL-M,8
Cochabamba,30903,Tiquipaya,2009,2,TOTALES / TOTAL-M,1
Beni,80101,Trinidad,2009,2,TOTALES / TOTAL-M,2
Potosí,50201,Uncia,2009,2,TOTALES / TOTAL-M,1
Tarija,60303,Villa Montes,2009,2,TOTALES / TOTAL-M,6
Potosí,51501,Villazon,2009,2,TOTALES / TOTAL-M,1
Cochabamba,30904,Vinto,2009,2,TOTALES / TOTAL-M,2
La Paz,20903,Yaco,2009,2,TOTALES / TOTAL-M,1
Tarija,60301,Yacuiba,2009,2,TOTALES / TOTAL-M,1
La Paz,20502,Ayata,2009,3,TOTALES / TOTAL-M,2
La Paz,20905,Cairoma,2009,3,TOTALES / TOTAL-M,1
Santa Cruz,70706,Camiri,2009,3,TOTALES / TOTAL-M,4
La Paz,20501,Chuma,2009,3,TOTALES / TOTAL-M,1
Pando,90101,Cobija,2009,3,TOTALES / TOTAL-M,3
Cochabamba,30101,Cochabamba,2009,3,TOTALES / TOTAL-M,61
Oruro,40301,Corque,2009,3,TOTALES / TOTAL-M,1
La Paz,20105,El Alto,2009,3,TOTALES / TOTAL-M,33
Beni,80202,Guayaramerin,2009,3,TOTALES / TOTAL-M,2
La Paz,20101,La Paz,2009,3,TOTALES / TOTAL-M,39
La Paz,20901,Luribay,2009,3,TOTALES / TOTAL-M,1
La Paz,20607,Mapiri,2009,3,TOTALES / TOTAL-M,1
Chuquisaca,10501,Monteagudo,2009,3,TOTALES / TOTAL-M,2
Oruro,40101,Oruro,2009,3,TOTALES / TOTAL-M,1
La Paz,21104,Palos Blancos,2009,3,TOTALES / TOTAL-M,2
Santa Cruz,70601,Portachuelo,2009,3,TOTALES / TOTAL-M,1
Potosí,50101,Potosi,2009,3,TOTALES / TOTAL-M,13
Santa Cruz,71402,Puerto Quijarro,2009,3,TOTALES / TOTAL-M,2
Beni,80703,Puerto Siles,2009,3,TOTALES / TOTAL-M,1
Beni,80201,Riberalta,2009,3,TOTALES / TOTAL-M,2
Cochabamba,31001,Sacaba,2009,3,TOTALES / TOTAL-M,4
Santa Cruz,70901,Samaipata,2009,3,TOTALES / TOTAL-M,1
Santa Cruz,70301,San Ignacio De Velasco,2009,3,TOTALES / TOTAL-M,2
Santa Cruz,70303,San Rafael,2009,3,TOTALES / TOTAL-M,1
Beni,80401,Santa Ana,2009,3,TOTALES / TOTAL-M,1
Santa Cruz,70101,Santa Cruz De La Sierra,2009,3,TOTALES / TOTAL-M,13
Chuquisaca,10101,Sucre,2009,3,TOTALES / TOTAL-M,2
Tarija,60101,Tarija,2009,3,TOTALES / TOTAL-M,13
Potosí,50502,Toro Toro,2009,3,TOTALES / TOTAL-M,1
Beni,80101,Trinidad,2009,3,TOTALES / TOTAL-M,3
Oruro,40402,Turco,2009,3,TOTALES / TOTAL-M,1
Tarija,60303,Villa Montes,2009,3,TOTALES / TOTAL-M,6
Chuquisaca,11001,Villa Vaca Guzman (muyupampa),2009,3,TOTALES / TOTAL-M,1
Potosí,51501,Villazon,2009,3,TOTALES / TOTAL-M,1
Cochabamba,30904,Vinto,2009,3,TOTALES / TOTAL-M,1
Tarija,60301,Yacuiba,2009,3,TOTALES / TOTAL-M,4
La Paz,21103,Yanacachi,2009,3,TOTALES / TOTAL-M,3
Tarija,60202,Bermejo,2009,4,TOTALES / TOTAL-M,2
Santa Cruz,70706,Camiri,2009,4,TOTALES / TOTAL-M,2
Santa Cruz,71403,Carmen Rivero Torrez,2009,4,TOTALES / TOTAL-M,3
La Paz,20501,Chuma,2009,4,TOTALES / TOTAL-M,1
Pando,90101,Cobija,2009,4,TOTALES / TOTAL-M,1
Cochabamba,30101,Cochabamba,2009,4,TOTALES / TOTAL-M,48
La Paz,20105,El Alto,2009,4,TOTALES / TOTAL-M,29
Chuquisaca,10502,Huacareta,2009,4,TOTALES / TOTAL-M,2
La Paz,21102,Irupana (villa De Lanza),2009,4,TOTALES / TOTAL-M,1
La Paz,20101,La Paz,2009,4,TOTALES / TOTAL-M,47
Chuquisaca,10501,Monteagudo,2009,4,TOTALES / TOTAL-M,2
Santa Cruz,71001,Montero,2009,4,TOTALES / TOTAL-M,3
Oruro,40101,Oruro,2009,4,TOTALES / TOTAL-M,8
Potosí,50403,Pocoata,2009,4,TOTALES / TOTAL-M,1
Potosí,50101,Potosi,2009,4,TOTALES / TOTAL-M,11
Santa Cruz,71402,Puerto Quijarro,2009,4,TOTALES / TOTAL-M,3
Santa Cruz,71401,Puerto Suarez,2009,4,TOTALES / TOTAL-M,1
Cochabamba,31205,Puerto Villarroel,2009,4,TOTALES / TOTAL-M,1
Cochabamba,31401,Punata,2009,4,TOTALES / TOTAL-M,1
Santa Cruz,70503,Robore,2009,4,TOTALES / TOTAL-M,2
Beni,80304,Rurrenabaque,2009,4,TOTALES / TOTAL-M,1
Cochabamba,31001,Sacaba,2009,4,TOTALES / TOTAL-M,4
Potosí,50701,Sacaca,2009,4,TOTALES / TOTAL-M,1
Santa Cruz,70901,Samaipata,2009,4,TOTALES / TOTAL-M,1
Santa Cruz,70301,San Ignacio De Velasco,2009,4,TOTALES / TOTAL-M,6
Santa Cruz,70302,San Miguel De Velasco,2009,4,TOTALES / TOTAL-M,1
Beni,80401,Santa Ana,2009,4,TOTALES / TOTAL-M,3
Santa Cruz,70101,Santa Cruz De La Sierra,2009,4,TOTALES / TOTAL-M,20
La Paz,20902,Sapahaqui,2009,4,TOTALES / TOTAL-M,1
Tarija,60101,Tarija,2009,4,TOTALES / TOTAL-M,19
Beni,80101,Trinidad,2009,4,TOTALES / TOTAL-M,1
Cochabamba,31302,Vila Vila,2009,4,TOTALES / TOTAL-M,1
Tarija,60303,Villa Montes,2009,4,TOTALES / TOTAL-M,4
Chuquisaca,10801,Villa Serrano,2009,4,TOTALES / TOTAL-M,1
Potosí,51501,Villazon,2009,4,TOTALES / TOTAL-M,2
Cochabamba,30904,Vinto,2009,4,TOTALES / TOTAL-M,1
Tarija,60301,Yacuiba,2009,4,TOTALES / TOTAL-M,3
La Paz,20202,Ancoraimes,2009,5,TOTALES / TOTAL-M,1
La Paz,20502,Ayata,2009,5,TOTALES / TOTAL-M,1
Santa Cruz,70706,Camiri,2009,5,TOTALES / TOTAL-M,3
Pando,90101,Cobija,2009,5,TOTALES / TOTAL-M,3
Cochabamba,30101,Cochabamba,2009,5,TOTALES / TOTAL-M,53
Cochabamba,30905,Colcapirhua,2009,5,TOTALES / TOTAL-M,1
La Paz,20105,El Alto,2009,5,TOTALES / TOTAL-M,36
Santa Cruz,70105,El Torno,2009,5,TOTALES / TOTAL-M,4
Chuquisaca,10304,Icla,2009,5,TOTALES / TOTAL-M,1
La Paz,20101,La Paz,2009,5,TOTALES / TOTAL-M,40
La Paz,21006,Licoma Pampa,2009,5,TOTALES / TOTAL-M,1
Santa Cruz,71003,Mineros,2009,5,TOTALES / TOTAL-M,1
Santa Cruz,71001,Montero,2009,5,TOTALES / TOTAL-M,1
Oruro,40101,Oruro,2009,5,TOTALES / TOTAL-M,1
Potosí,50101,Potosi,2009,5,TOTALES / TOTAL-M,5
Santa Cruz,70805,Pucara,2009,5,TOTALES / TOTAL-M,1
Cochabamba,31001,Sacaba,2009,5,TOTALES / TOTAL-M,3
Beni,80501,San Ignacio,2009,5,TOTALES / TOTAL-M,1
Santa Cruz,70301,San Ignacio De Velasco,2009,5,TOTALES / TOTAL-M,3
Santa Cruz,70101,Santa Cruz De La Sierra,2009,5,TOTALES / TOTAL-M,11
Cochabamba,30902,Sipe Sipe,2009,5,TOTALES / TOTAL-M,1
Tarija,60101,Tarija,2009,5,TOTALES / TOTAL-M,7
Chuquisaca,10202,Tarvita,2009,5,TOTALES / TOTAL-M,1
Potosí,50502,Toro Toro,2009,5,TOTALES / TOTAL-M,1
Beni,80101,Trinidad,2009,5,TOTALES / TOTAL-M,2
Cochabamba,30502,Vacas,2009,5,TOTALES / TOTAL-M,1
Tarija,60303,Villa Montes,2009,5,TOTALES / TOTAL-M,4
Cochabamba,31402,Villa Rivero,2009,5,TOTALES / TOTAL-M,1
Cochabamba,31003,Villa Tunari,2009,5,TOTALES / TOTAL-M,1
Cochabamba,30904,Vinto,2009,5,TOTALES / TOTAL-M,1
Tarija,60301,Yacuiba,2009,5,TOTALES / TOTAL-M,2
Chuquisaca,10301,Zudañez,2009,5,TOTALES / TOTAL-M,1
La Paz,20905,Cairoma,2009,6,TOTALES / TOTAL-M,1
Santa Cruz,70706,Camiri,2009,6,TOTALES / TOTAL-M,2
La Paz,21101,Chulumani (v. De La Libertad),2009,6,TOTALES / TOTAL-M,2
Pando,90101,Cobija,2009,6,TOTALES / TOTAL-M,3
Cochabamba,30101,Cochabamba,2009,6,TOTALES / TOTAL-M,71
La Paz,21401,Coroico,2009,6,TOTALES / TOTAL-M,1
La Paz,20105,El Alto,2009,6,TOTALES / TOTAL-M,23
Chuquisaca,10502,Huacareta,2009,6,TOTALES / TOTAL-M,1
La Paz,21102,Irupana (villa De Lanza),2009,6,TOTALES / TOTAL-M,2
La Paz,20101,La Paz,2009,6,TOTALES / TOTAL-M,11
La Paz,20901,Luribay,2009,6,TOTALES / TOTAL-M,1
La Paz,20103,Mecapaca,2009,6,TOTALES / TOTAL-M,1
Chuquisaca,10501,Monteagudo,2009,6,TOTALES / TOTAL-M,1
Santa Cruz,71001,Montero,2009,6,TOTALES / TOTAL-M,2
Oruro,40101,Oruro,2009,6,TOTALES / TOTAL-M,5
Potosí,50101,Potosi,2009,6,TOTALES / TOTAL-M,5
Pando,90301,Puerto Gonzalo Moreno,2009,6,TOTALES / TOTAL-M,5
Potosí,50402,Ravelo,2009,6,TOTALES / TOTAL-M,1
Cochabamba,31001,Sacaba,2009,6,TOTALES / TOTAL-M,2
Potosí,50701,Sacaca,2009,6,TOTALES / TOTAL-M,1
Beni,80501,San Ignacio,2009,6,TOTALES / TOTAL-M,1
Santa Cruz,70301,San Ignacio De Velasco,2009,6,TOTALES / TOTAL-M,1
Santa Cruz,70302,San Miguel De Velasco,2009,6,TOTALES / TOTAL-M,1
Santa Cruz,70101,Santa Cruz De La Sierra,2009,6,TOTALES / TOTAL-M,11
Chuquisaca,10101,Sucre,2009,6,TOTALES / TOTAL-M,1
Tarija,60101,Tarija,2009,6,TOTALES / TOTAL-M,6
Chuquisaca,10202,Tarvita,2009,6,TOTALES / TOTAL-M,1
Beni,80101,Trinidad,2009,6,TOTALES / TOTAL-M,4
Tarija,60303,Villa Montes,2009,6,TOTALES / TOTAL-M,3
Tarija,60301,Yacuiba,2009,6,TOTALES / TOTAL-M,5
La Paz,20201,Achacachi,2009,7,TOTALES / TOTAL-M,1
Oruro,41201,Andamarca,2009,7,TOTALES / TOTAL-M,1
Tarija,60202,Bermejo,2009,7,TOTALES / TOTAL-M,3
Santa Cruz,70706,Camiri,2009,7,TOTALES / TOTAL-M,1
Santa Cruz,71403,Carmen Rivero Torrez,2009,7,TOTALES / TOTAL-M,1
Santa Cruz,70702,Charagua,2009,7,TOTALES / TOTAL-M,1
Pando,90101,Cobija,2009,7,TOTALES / TOTAL-M,3
Cochabamba,30101,Cochabamba,2009,7,TOTALES / TOTAL-M,48
Cochabamba,30905,Colcapirhua,2009,7,TOTALES / TOTAL-M,1
La Paz,20105,El Alto,2009,7,TOTALES / TOTAL-M,14
Tarija,60601,Entre Rios,2009,7,TOTALES / TOTAL-M,1
La Paz,21102,Irupana (villa De Lanza),2009,7,TOTALES / TOTAL-M,1
La Paz,20101,La Paz,2009,7,TOTALES / TOTAL-M,45
Chuquisaca,10501,Monteagudo,2009,7,TOTALES / TOTAL-M,1
Oruro,40101,Oruro,2009,7,TOTALES / TOTAL-M,5
Santa Cruz,70502,Pailon,2009,7,TOTALES / TOTAL-M,2
La Paz,21104,Palos Blancos,2009,7,TOTALES / TOTAL-M,1
Potosí,50101,Potosi,2009,7,TOTALES / TOTAL-M,9
Pando,90301,Puerto Gonzalo Moreno,2009,7,TOTALES / TOTAL-M,1
Santa Cruz,71402,Puerto Quijarro,2009,7,TOTALES / TOTAL-M,2
Cochabamba,31205,Puerto Villarroel,2009,7,TOTALES / TOTAL-M,2
Cochabamba,31401,Punata,2009,7,TOTALES / TOTAL-M,2
Cochabamba,31001,Sacaba,2009,7,TOTALES / TOTAL-M,2
Beni,80302,San Borja,2009,7,TOTALES / TOTAL-M,1
Santa Cruz,70301,San Ignacio De Velasco,2009,7,TOTALES / TOTAL-M,1
Santa Cruz,70302,San Miguel De Velasco,2009,7,TOTALES / TOTAL-M,1
Santa Cruz,70101,Santa Cruz De La Sierra,2009,7,TOTALES / TOTAL-M,16
La Paz,20601,Sorata,2009,7,TOTALES / TOTAL-M,1
Tarija,60101,Tarija,2009,7,TOTALES / TOTAL-M,3
La Paz,20606,Tipuani,2009,7,TOTALES / TOTAL-M,1
Beni,80101,Trinidad,2009,7,TOTALES / TOTAL-M,4
Oruro,40402,Turco,2009,7,TOTALES / TOTAL-M,1
Tarija,60401,Uriondo (a. Concepcion),2009,7,TOTALES / TOTAL-M,1
Tarija,60303,Villa Montes,2009,7,TOTALES / TOTAL-M,3
Potosí,51501,Villazon,2009,7,TOTALES / TOTAL-M,1
Tarija,60301,Yacuiba,2009,7,TOTALES / TOTAL-M,1
Santa Cruz,70706,Camiri,2009,8,TOTALES / TOTAL-M,3
Pando,90101,Cobija,2009,8,TOTALES / TOTAL-M,2
Cochabamba,30101,Cochabamba,2009,8,TOTALES / TOTAL-M,34
Cochabamba,30905,Colcapirhua,2009,8,TOTALES / TOTAL-M,1
Santa Cruz,71106,Cuatro Cañadas,2009,8,TOTALES / TOTAL-M,1
La Paz,20105,El Alto,2009,8,TOTALES / TOTAL-M,17
La Paz,20101,La Paz,2009,8,TOTALES / TOTAL-M,16
Beni,80801,Magdalena,2009,8,TOTALES / TOTAL-M,1
Santa Cruz,71003,Mineros,2009,8,TOTALES / TOTAL-M,1
Cochabamba,31301,Mizque,2009,8,TOTALES / TOTAL-M,1
Santa Cruz,71001,Montero,2009,8,TOTALES / TOTAL-M,2
Oruro,40101,Oruro,2009,8,TOTALES / TOTAL-M,5
La Paz,21104,Palos Blancos,2009,8,TOTALES / TOTAL-M,1
Potosí,50101,Potosi,2009,8,TOTALES / TOTAL-M,8
Cochabamba,31205,Puerto Villarroel,2009,8,TOTALES / TOTAL-M,1
Cochabamba,31001,Sacaba,2009,8,TOTALES / TOTAL-M,9
Santa Cruz,70301,San Ignacio De Velasco,2009,8,TOTALES / TOTAL-M,3
Santa Cruz,70404,San Juan De Yapacani,2009,8,TOTALES / TOTAL-M,1
Santa Cruz,70101,Santa Cruz De La Sierra,2009,8,TOTALES / TOTAL-M,7
Beni,80303,Santa Rosa,2009,8,TOTALES / TOTAL-M,1
La Paz,20902,Sapahaqui,2009,8,TOTALES / TOTAL-M,1
Chuquisaca,10101,Sucre,2009,8,TOTALES / TOTAL-M,2
Tarija,60101,Tarija,2009,8,TOTALES / TOTAL-M,10
Beni,80101,Trinidad,2009,8,TOTALES / TOTAL-M,5
Potosí,50801,Tupiza,2009,8,TOTALES / TOTAL-M,1
Tarija,60303,Villa Montes,2009,8,TOTALES / TOTAL-M,3
Tarija,60301,Yacuiba,2009,8,TOTALES / TOTAL-M,4
Tarija,60202,Bermejo,2009,9,TOTALES / TOTAL-M,2
Santa Cruz,70707,Boyuibe,2009,9,TOTALES / TOTAL-M,1
Chuquisaca,10701,Camargo,2009,9,TOTALES / TOTAL-M,1
Santa Cruz,70706,Camiri,2009,9,TOTALES / TOTAL-M,3
Cochabamba,30801,Cliza,2009,9,TOTALES / TOTAL-M,1
Pando,90101,Cobija,2009,9,TOTALES / TOTAL-M,1
Cochabamba,30101,Cochabamba,2009,9,TOTALES / TOTAL-M,55
Cochabamba,30905,Colcapirhua,2009,9,TOTALES / TOTAL-M,1
La Paz,21401,Coroico,2009,9,TOTALES / TOTAL-M,2
La Paz,20105,El Alto,2009,9,TOTALES / TOTAL-M,23
Tarija,60502,El Puente(tja),2009,9,TOTALES / TOTAL-M,1
Pando,90203,Filadelfia,2009,9,TOTALES / TOTAL-M,1
Chuquisaca,10502,Huacareta,2009,9,TOTALES / TOTAL-M,1
La Paz,20101,La Paz,2009,9,TOTALES / TOTAL-M,34
Chuquisaca,10501,Monteagudo,2009,9,TOTALES / TOTAL-M,3
Potosí,50101,Potosi,2009,9,TOTALES / TOTAL-M,11
Santa Cruz,71401,Puerto Suarez,2009,9,TOTALES / TOTAL-M,1
Cochabamba,31205,Puerto Villarroel,2009,9,TOTALES / TOTAL-M,2
Cochabamba,31001,Sacaba,2009,9,TOTALES / TOTAL-M,3
Potosí,50701,Sacaca,2009,9,TOTALES / TOTAL-M,1
Santa Cruz,70301,San Ignacio De Velasco,2009,9,TOTALES / TOTAL-M,3
Santa Cruz,70302,San Miguel De Velasco,2009,9,TOTALES / TOTAL-M,1
Santa Cruz,70101,Santa Cruz De La Sierra,2009,9,TOTALES / TOTAL-M,20
Chuquisaca,10101,Sucre,2009,9,TOTALES / TOTAL-M,2
Tarija,60101,Tarija,2009,9,TOTALES / TOTAL-M,9
Beni,80101,Trinidad,2009,9,TOTALES / TOTAL-M,3
Tarija,60303,Villa Montes,2009,9,TOTALES / TOTAL-M,4
Cochabamba,30904,Vinto,2009,9,TOTALES / TOTAL-M,1
Tarija,60301,Yacuiba,2009,9,TOTALES / TOTAL-M,1
Cochabamba,30201,Aiquile,2009,10,TOTALES / TOTAL-M,1
Tarija,60202,Bermejo,2009,10,TOTALES / TOTAL-M,3
Potosí,50301,Betanzos,2009,10,TOTALES / TOTAL-M,1
Santa Cruz,70706,Camiri,2009,10,TOTALES / TOTAL-M,2
La Paz,20305,Charaña,2009,10,TOTALES / TOTAL-M,1
La Paz,20501,Chuma,2009,10,TOTALES / TOTAL-M,1
Pando,90101,Cobija,2009,10,TOTALES / TOTAL-M,6
Cochabamba,30101,Cochabamba,2009,10,TOTALES / TOTAL-M,51
Cochabamba,31002,Colomi,2009,10,TOTALES / TOTAL-M,1
Santa Cruz,71301,Comarapa,2009,10,TOTALES / TOTAL-M,1
La Paz,20105,El Alto,2009,10,TOTALES / TOTAL-M,19
La Paz,21105,La Asunta,2009,10,TOTALES / TOTAL-M,1
La Paz,20101,La Paz,2009,10,TOTALES / TOTAL-M,54
Chuquisaca,11003,Machareti,2009,10,TOTALES / TOTAL-M,1
Santa Cruz,71001,Montero,2009,10,TOTALES / TOTAL-M,2
Cochabamba,30302,Morochata,2009,10,TOTALES / TOTAL-M,1
Oruro,40101,Oruro,2009,10,TOTALES / TOTAL-M,9
La Paz,20102,Palca,2009,10,TOTALES / TOTAL-M,3
La Paz,21104,Palos Blancos,2009,10,TOTALES / TOTAL-M,1
Potosí,50101,Potosi,2009,10,TOTALES / TOTAL-M,11
Santa Cruz,71401,Puerto Suarez,2009,10,TOTALES / TOTAL-M,1
Cochabamba,31205,Puerto Villarroel,2009,10,TOTALES / TOTAL-M,2
Santa Cruz,70503,Robore,2009,10,TOTALES / TOTAL-M,1
Cochabamba,31001,Sacaba,2009,10,TOTALES / TOTAL-M,3
Santa Cruz,70101,Santa Cruz De La Sierra,2009,10,TOTALES / TOTAL-M,15
Chuquisaca,10101,Sucre,2009,10,TOTALES / TOTAL-M,3
Tarija,60101,Tarija,2009,10,TOTALES / TOTAL-M,10
La Paz,20606,Tipuani,2009,10,TOTALES / TOTAL-M,1
Beni,80101,Trinidad,2009,10,TOTALES / TOTAL-M,3
Oruro,40402,Turco,2009,10,TOTALES / TOTAL-M,1
Cochabamba,30502,Vacas,2009,10,TOTALES / TOTAL-M,1
Tarija,60303,Villa Montes,2009,10,TOTALES / TOTAL-M,3
Cochabamba,31003,Villa Tunari,2009,10,TOTALES / TOTAL-M,1
Potosí,51501,Villazon,2009,10,TOTALES / TOTAL-M,1
Tarija,60202,Bermejo,2009,11,TOTALES / TOTAL-M,1
Santa Cruz,70706,Camiri,2009,11,TOTALES / TOTAL-M,1
La Paz,20305,Charaña,2009,11,TOTALES / TOTAL-M,1
Pando,90101,Cobija,2009,11,TOTALES / TOTAL-M,1
Cochabamba,30101,Cochabamba,2009,11,TOTALES / TOTAL-M,82
La Paz,21401,Coroico,2009,11,TOTALES / TOTAL-M,2
La Paz,20105,El Alto,2009,11,TOTALES / TOTAL-M,33
Santa Cruz,70105,El Torno,2009,11,TOTALES / TOTAL-M,1
La Paz,20101,La Paz,2009,11,TOTALES / TOTAL-M,47
Cochabamba,31301,Mizque,2009,11,TOTALES / TOTAL-M,2
Santa Cruz,71001,Montero,2009,11,TOTALES / TOTAL-M,2
Oruro,40101,Oruro,2009,11,TOTALES / TOTAL-M,7
La Paz,20102,Palca,2009,11,TOTALES / TOTAL-M,1
La Paz,21104,Palos Blancos,2009,11,TOTALES / TOTAL-M,1
Potosí,50101,Potosi,2009,11,TOTALES / TOTAL-M,17
Beni,80703,Puerto Siles,2009,11,TOTALES / TOTAL-M,1
Cochabamba,31401,Punata,2009,11,TOTALES / TOTAL-M,3
Cochabamba,31001,Sacaba,2009,11,TOTALES / TOTAL-M,4
Beni,80501,San Ignacio,2009,11,TOTALES / TOTAL-M,2
Santa Cruz,70301,San Ignacio De Velasco,2009,11,TOTALES / TOTAL-M,3
Santa Cruz,70303,San Rafael,2009,11,TOTALES / TOTAL-M,1
Santa Cruz,70101,Santa Cruz De La Sierra,2009,11,TOTALES / TOTAL-M,12
Chuquisaca,10101,Sucre,2009,11,TOTALES / TOTAL-M,1
Tarija,60101,Tarija,2009,11,TOTALES / TOTAL-M,16
Chuquisaca,10402,Tomina,2009,11,TOTALES / TOTAL-M,1
Beni,80101,Trinidad,2009,11,TOTALES / TOTAL-M,1
Tarija,60303,Villa Montes,2009,11,TOTALES / TOTAL-M,4
Potosí,51501,Villazon,2009,11,TOTALES / TOTAL-M,2
Tarija,60301,Yacuiba,2009,11,TOTALES / TOTAL-M,3
Beni,80802,Baures,2009,12,TOTALES / TOTAL-M,1
Tarija,60202,Bermejo,2009,12,TOTALES / TOTAL-M,1
Santa Cruz,70706,Camiri,2009,12,TOTALES / TOTAL-M,1
Tarija,60302,Carapari,2009,12,TOTALES / TOTAL-M,1
La Paz,20501,Chuma,2009,12,TOTALES / TOTAL-M,1
Pando,90101,Cobija,2009,12,TOTALES / TOTAL-M,1
Cochabamba,30101,Cochabamba,2009,12,TOTALES / TOTAL-M,66
Cochabamba,31002,Colomi,2009,12,TOTALES / TOTAL-M,1
La Paz,21401,Coroico,2009,12,TOTALES / TOTAL-M,2
La Paz,20105,El Alto,2009,12,TOTALES / TOTAL-M,31
Chuquisaca,10502,Huacareta,2009,12,TOTALES / TOTAL-M,1
La Paz,21102,Irupana (villa De Lanza),2009,12,TOTALES / TOTAL-M,1
La Paz,21105,La Asunta,2009,12,TOTALES / TOTAL-M,7
La Paz,20101,La Paz,2009,12,TOTALES / TOTAL-M,38
Chuquisaca,10303,Mojocoya,2009,12,TOTALES / TOTAL-M,1
Santa Cruz,71001,Montero,2009,12,TOTALES / TOTAL-M,2
Oruro,40101,Oruro,2009,12,TOTALES / TOTAL-M,5
Santa Cruz,70902,Pampa Grande,2009,12,TOTALES / TOTAL-M,1
Potosí,50101,Potosi,2009,12,TOTALES / TOTAL-M,12
Santa Cruz,71401,Puerto Suarez,2009,12,TOTALES / TOTAL-M,3
Cochabamba,31205,Puerto Villarroel,2009,12,TOTALES / TOTAL-M,1
Cochabamba,31401,Punata,2009,12,TOTALES / TOTAL-M,3
Cochabamba,31001,Sacaba,2009,12,TOTALES / TOTAL-M,5
Santa Cruz,70301,San Ignacio De Velasco,2009,12,TOTALES / TOTAL-M,3
Santa Cruz,70302,San Miguel De Velasco,2009,12,TOTALES / TOTAL-M,1
Santa Cruz,70101,Santa Cruz De La Sierra,2009,12,TOTALES / TOTAL-M,9
Chuquisaca,10101,Sucre,2009,12,TOTALES / TOTAL-M,5
Tarija,60101,Tarija,2009,12,TOTALES / TOTAL-M,10
Cochabamba,30802,Toco,2009,12,TOTALES / TOTAL-M,1
Potosí,50502,Toro Toro,2009,12,TOTALES / TOTAL-M,1
Beni,80101,Trinidad,2009,12,TOTALES / TOTAL-M,5
Cochabamba,30502,Vacas,2009,12,TOTALES / TOTAL-M,1
Tarija,60303,Villa Montes,2009,12,TOTALES / TOTAL-M,7
Cochabamba,31003,Villa Tunari,2009,12,TOTALES / TOTAL-M,2
Cochabamba,30904,Vinto,2009,12,TOTALES / TOTAL-M,2
Tarija,60301,Yacuiba,2009,12,TOTALES / TOTAL-M,2
La Paz,20202,Ancoraimes,2009,1,TOTALES / TOTAL-F,0
Tarija,60202,Bermejo,2009,1,TOTALES / TOTAL-F,0
Cochabamba,30101,Cochabamba,2009,1,TOTALES / TOTAL-F,0
La Paz,20804,Desaguadero,2009,1,TOTALES / TOTAL-F,0
La Paz,20105,El Alto,2009,1,TOTALES / TOTAL-F,0
La Paz,20101,La Paz,2009,1,TOTALES / TOTAL-F,0
Beni,80801,Magdalena,2009,1,TOTALES / TOTAL-F,0
Oruro,40101,Oruro,2009,1,TOTALES / TOTAL-F,0
Chuquisaca,10103,Poroma,2009,1,TOTALES / TOTAL-F,0
Potosí,50101,Potosi,2009,1,TOTALES / TOTAL-F,0
Santa Cruz,71402,Puerto Quijarro,2009,1,TOTALES / TOTAL-F,0
Santa Cruz,71401,Puerto Suarez,2009,1,TOTALES / TOTAL-F,0
Cochabamba,31001,Sacaba,2009,1,TOTALES / TOTAL-F,0
Potosí,50701,Sacaca,2009,1,TOTALES / TOTAL-F,0
Santa Cruz,70402,San Carlos,2009,1,TOTALES / TOTAL-F,0
Santa Cruz,70301,San Ignacio De Velasco,2009,1,TOTALES / TOTAL-F,0
Santa Cruz,70303,San Rafael,2009,1,TOTALES / TOTAL-F,0
Santa Cruz,70101,Santa Cruz De La Sierra,2009,1,TOTALES / TOTAL-F,0
Chuquisaca,10101,Sucre,2009,1,TOTALES / TOTAL-F,0
Tarija,60101,Tarija,2009,1,TOTALES / TOTAL-F,0
Oruro,40402,Turco,2009,1,TOTALES / TOTAL-F,0
Tarija,60303,Villa Montes,2009,1,TOTALES / TOTAL-F,0
Chuquisaca,11001,Villa Vaca Guzman (muyupampa),2009,1,TOTALES / TOTAL-F,0
Tarija,60301,Yacuiba,2009,1,TOTALES / TOTAL-F,0
La Paz,20201,Achacachi,2009,2,TOTALES / TOTAL-F,0
Chuquisaca,10201,Azurduy,2009,2,TOTALES / TOTAL-F,0
Santa Cruz,70706,Camiri,2009,2,TOTALES / TOTAL-F,0
Cochabamba,30101,Cochabamba,2009,2,TOTALES / TOTAL-F,0
Cochabamba,30905,Colcapirhua,2009,2,TOTALES / TOTAL-F,0
La Paz,20105,El Alto,2009,2,TOTALES / TOTAL-F,0
Beni,80402,Exaltacion,2009,2,TOTALES / TOTAL-F,0
Chuquisaca,11002,Huacaya (villa De Huacaya),2009,2,TOTALES / TOTAL-F,0
La Paz,21105,La Asunta,2009,2,TOTALES / TOTAL-F,0
La Paz,20101,La Paz,2009,2,TOTALES / TOTAL-F,0
Santa Cruz,71001,Montero,2009,2,TOTALES / TOTAL-F,0
Oruro,40101,Oruro,2009,2,TOTALES / TOTAL-F,0
Cochabamba,31202,Pojo (cbba),2009,2,TOTALES / TOTAL-F,0
Potosí,50101,Potosi,2009,2,TOTALES / TOTAL-F,0
Santa Cruz,71401,Puerto Suarez,2009,2,TOTALES / TOTAL-F,0
Potosí,51101,Puna,2009,2,TOTALES / TOTAL-F,0
Oruro,40901,Sabaya,2009,2,TOTALES / TOTAL-F,0
Cochabamba,31001,Sacaba,2009,2,TOTALES / TOTAL-F,0
Beni,80602,San Andres,2009,2,TOTALES / TOTAL-F,0
Santa Cruz,70301,San Ignacio De Velasco,2009,2,TOTALES / TOTAL-F,0
Chuquisaca,10702,San Lucas,2009,2,TOTALES / TOTAL-F,0
Santa Cruz,70302,San Miguel De Velasco,2009,2,TOTALES / TOTAL-F,0
Santa Cruz,70101,Santa Cruz De La Sierra,2009,2,TOTALES / TOTAL-F,0
La Paz,20902,Sapahaqui,2009,2,TOTALES / TOTAL-F,0
Tarija,60101,Tarija,2009,2,TOTALES / TOTAL-F,0
Cochabamba,30903,Tiquipaya,2009,2,TOTALES / TOTAL-F,0
Beni,80101,Trinidad,2009,2,TOTALES / TOTAL-F,0
Potosí,50201,Uncia,2009,2,TOTALES / TOTAL-F,0
Tarija,60303,Villa Montes,2009,2,TOTALES / TOTAL-F,0
Potosí,51501,Villazon,2009,2,TOTALES / TOTAL-F,0
Cochabamba,30904,Vinto,2009,2,TOTALES / TOTAL-F,0
La Paz,20903,Yaco,2009,2,TOTALES / TOTAL-F,0
Tarija,60301,Yacuiba,2009,2,TOTALES / TOTAL-F,0
La Paz,20502,Ayata,2009,3,TOTALES / TOTAL-F,0
La Paz,20905,Cairoma,2009,3,TOTALES / TOTAL-F,0
Santa Cruz,70706,Camiri,2009,3,TOTALES / TOTAL-F,0
La Paz,20501,Chuma,2009,3,TOTALES / TOTAL-F,0
Pando,90101,Cobija,2009,3,TOTALES / TOTAL-F,0
Cochabamba,30101,Cochabamba,2009,3,TOTALES / TOTAL-F,0
Oruro,40301,Corque,2009,3,TOTALES / TOTAL-F,0
La Paz,20105,El Alto,2009,3,TOTALES / TOTAL-F,0
Beni,80202,Guayaramerin,2009,3,TOTALES / TOTAL-F,0
La Paz,20101,La Paz,2009,3,TOTALES / TOTAL-F,0
La Paz,20901,Luribay,2009,3,TOTALES / TOTAL-F,0
La Paz,20607,Mapiri,2009,3,TOTALES / TOTAL-F,0
Chuquisaca,10501,Monteagudo,2009,3,TOTALES / TOTAL-F,0
Oruro,40101,Oruro,2009,3,TOTALES / TOTAL-F,0
La Paz,21104,Palos Blancos,2009,3,TOTALES / TOTAL-F,0
Santa Cruz,70601,Portachuelo,2009,3,TOTALES / TOTAL-F,0
Potosí,50101,Potosi,2009,3,TOTALES / TOTAL-F,0
Santa Cruz,71402,Puerto Quijarro,2009,3,TOTALES / TOTAL-F,0
Beni,80703,Puerto Siles,2009,3,TOTALES / TOTAL-F,0
Beni,80201,Riberalta,2009,3,TOTALES / TOTAL-F,0
Cochabamba,31001,Sacaba,2009,3,TOTALES / TOTAL-F,0
Santa Cruz,70901,Samaipata,2009,3,TOTALES / TOTAL-F,0
Santa Cruz,70301,San Ignacio De Velasco,2009,3,TOTALES / TOTAL-F,0
Santa Cruz,70303,San Rafael,2009,3,TOTALES / TOTAL-F,0
Beni,80401,Santa Ana,2009,3,TOTALES / TOTAL-F,0
Santa Cruz,70101,Santa Cruz De La Sierra,2009,3,TOTALES / TOTAL-F,0
Chuquisaca,10101,Sucre,2009,3,TOTALES / TOTAL-F,0
Tarija,60101,Tarija,2009,3,TOTALES / TOTAL-F,0
Potosí,50502,Toro Toro,2009,3,TOTALES / TOTAL-F,0
Beni,80101,Trinidad,2009,3,TOTALES / TOTAL-F,0
Oruro,40402,Turco,2009,3,TOTALES / TOTAL-F,0
Tarija,60303,Villa Montes,2009,3,TOTALES / TOTAL-F,0
Chuquisaca,11001,Villa Vaca Guzman (muyupampa),2009,3,TOTALES / TOTAL-F,0
Potosí,51501,Villazon,2009,3,TOTALES / TOTAL-F,0
Cochabamba,30904,Vinto,2009,3,TOTALES / TOTAL-F,0
Tarija,60301,Yacuiba,2009,3,TOTALES / TOTAL-F,0
La Paz,21103,Yanacachi,2009,3,TOTALES / TOTAL-F,0
Tarija,60202,Bermejo,2009,4,TOTALES / TOTAL-F,0
Santa Cruz,70706,Camiri,2009,4,TOTALES / TOTAL-F,0
Santa Cruz,71403,Carmen Rivero Torrez,2009,4,TOTALES / TOTAL-F,0
La Paz,20501,Chuma,2009,4,TOTALES / TOTAL-F,0
Pando,90101,Cobija,2009,4,TOTALES / TOTAL-F,0
Cochabamba,30101,Cochabamba,2009,4,TOTALES / TOTAL-F,0
La Paz,20105,El Alto,2009,4,TOTALES / TOTAL-F,0
Chuquisaca,10502,Huacareta,2009,4,TOTALES / TOTAL-F,0
La Paz,21102,Irupana (villa De Lanza),2009,4,TOTALES / TOTAL-F,0
La Paz,20101,La Paz,2009,4,TOTALES / TOTAL-F,0
Chuquisaca,10501,Monteagudo,2009,4,TOTALES / TOTAL-F,0
Santa Cruz,71001,Montero,2009,4,TOTALES / TOTAL-F,0
Oruro,40101,Oruro,2009,4,TOTALES / TOTAL-F,0
Potosí,50403,Pocoata,2009,4,TOTALES / TOTAL-F,0
Potosí,50101,Potosi,2009,4,TOTALES / TOTAL-F,0
Santa Cruz,71402,Puerto Quijarro,2009,4,TOTALES / TOTAL-F,0
Santa Cruz,71401,Puerto Suarez,2009,4,TOTALES / TOTAL-F,0
Cochabamba,31205,Puerto Villarroel,2009,4,TOTALES / TOTAL-F,0
Cochabamba,31401,Punata,2009,4,TOTALES / TOTAL-F,0
Santa Cruz,70503,Robore,2009,4,TOTALES / TOTAL-F,0
Beni,80304,Rurrenabaque,2009,4,TOTALES / TOTAL-F,0
Cochabamba,31001,Sacaba,2009,4,TOTALES / TOTAL-F,0
Potosí,50701,Sacaca,2009,4,TOTALES / TOTAL-F,0
Santa Cruz,70901,Samaipata,2009,4,TOTALES / TOTAL-F,0
Santa Cruz,70301,San Ignacio De Velasco,2009,4,TOTALES / TOTAL-F,0
Santa Cruz,70302,San Miguel De Velasco,2009,4,TOTALES / TOTAL-F,0
Beni,80401,Santa Ana,2009,4,TOTALES / TOTAL-F,0
Santa Cruz,70101,Santa Cruz De La Sierra,2009,4,TOTALES / TOTAL-F,0
La Paz,20902,Sapahaqui,2009,4,TOTALES / TOTAL-F,0
Tarija,60101,Tarija,2009,4,TOTALES / TOTAL-F,0
Beni,80101,Trinidad,2009,4,TOTALES / TOTAL-F,0
Cochabamba,31302,Vila Vila,2009,4,TOTALES / TOTAL-F,0
Tarija,60303,Villa Montes,2009,4,TOTALES / TOTAL-F,0
Chuquisaca,10801,Villa Serrano,2009,4,TOTALES / TOTAL-F,0
Potosí,51501,Villazon,2009,4,TOTALES / TOTAL-F,0
Cochabamba,30904,Vinto,2009,4,TOTALES / TOTAL-F,0
Tarija,60301,Yacuiba,2009,4,TOTALES / TOTAL-F,0
La Paz,20202,Ancoraimes,2009,5,TOTALES / TOTAL-F,0
La Paz,20502,Ayata,2009,5,TOTALES / TOTAL-F,0
Santa Cruz,70706,Camiri,2009,5,TOTALES / TOTAL-F,0
Pando,90101,Cobija,2009,5,TOTALES / TOTAL-F,0
Cochabamba,30101,Cochabamba,2009,5,TOTALES / TOTAL-F,0
Cochabamba,30905,Colcapirhua,2009,5,TOTALES / TOTAL-F,0
La Paz,20105,El Alto,2009,5,TOTALES / TOTAL-F,0
Santa Cruz,70105,El Torno,2009,5,TOTALES / TOTAL-F,0
Chuquisaca,10304,Icla,2009,5,TOTALES / TOTAL-F,0
La Paz,20101,La Paz,2009,5,TOTALES / TOTAL-F,0
La Paz,21006,Licoma Pampa,2009,5,TOTALES / TOTAL-F,0
Santa Cruz,71003,Mineros,2009,5,TOTALES / TOTAL-F,0
Santa Cruz,71001,Montero,2009,5,TOTALES / TOTAL-F,0
Oruro,40101,Oruro,2009,5,TOTALES / TOTAL-F,0
Potosí,50101,Potosi,2009,5,TOTALES / TOTAL-F,0
Santa Cruz,70805,Pucara,2009,5,TOTALES / TOTAL-F,0
Cochabamba,31001,Sacaba,2009,5,TOTALES / TOTAL-F,0
Beni,80501,San Ignacio,2009,5,TOTALES / TOTAL-F,0
Santa Cruz,70301,San Ignacio De Velasco,2009,5,TOTALES / TOTAL-F,0
Santa Cruz,70101,Santa Cruz De La Sierra,2009,5,TOTALES / TOTAL-F,0
Cochabamba,30902,Sipe Sipe,2009,5,TOTALES / TOTAL-F,0
Tarija,60101,Tarija,2009,5,TOTALES / TOTAL-F,0
Chuquisaca,10202,Tarvita,2009,5,TOTALES / TOTAL-F,0
Potosí,50502,Toro Toro,2009,5,TOTALES / TOTAL-F,0
Beni,80101,Trinidad,2009,5,TOTALES / TOTAL-F,0
Cochabamba,30502,Vacas,2009,5,TOTALES / TOTAL-F,0
Tarija,60303,Villa Montes,2009,5,TOTALES / TOTAL-F,0
Cochabamba,31402,Villa Rivero,2009,5,TOTALES / TOTAL-F,0
Cochabamba,31003,Villa Tunari,2009,5,TOTALES / TOTAL-F,0
Cochabamba,30904,Vinto,2009,5,TOTALES / TOTAL-F,0
Tarija,60301,Yacuiba,2009,5,TOTALES / TOTAL-F,0
Chuquisaca,10301,Zudañez,2009,5,TOTALES / TOTAL-F,0
La Paz,20905,Cairoma,2009,6,TOTALES / TOTAL-F,0
Santa Cruz,70706,Camiri,2009,6,TOTALES / TOTAL-F,0
La Paz,21101,Chulumani (v. De La Libertad),2009,6,TOTALES / TOTAL-F,0
Pando,90101,Cobija,2009,6,TOTALES / TOTAL-F,0
Cochabamba,30101,Cochabamba,2009,6,TOTALES / TOTAL-F,0
La Paz,21401,Coroico,2009,6,TOTALES / TOTAL-F,0
La Paz,20105,El Alto,2009,6,TOTALES / TOTAL-F,0
Chuquisaca,10502,Huacareta,2009,6,TOTALES / TOTAL-F,0
La Paz,21102,Irupana (villa De Lanza),2009,6,TOTALES / TOTAL-F,0
La Paz,20101,La Paz,2009,6,TOTALES / TOTAL-F,0
La Paz,20901,Luribay,2009,6,TOTALES / TOTAL-F,0
La Paz,20103,Mecapaca,2009,6,TOTALES / TOTAL-F,0
Chuquisaca,10501,Monteagudo,2009,6,TOTALES / TOTAL-F,0
Santa Cruz,71001,Montero,2009,6,TOTALES / TOTAL-F,0
Oruro,40101,Oruro,2009,6,TOTALES / TOTAL-F,0
Potosí,50101,Potosi,2009,6,TOTALES / TOTAL-F,0
Pando,90301,Puerto Gonzalo Moreno,2009,6,TOTALES / TOTAL-F,0
Potosí,50402,Ravelo,2009,6,TOTALES / TOTAL-F,0
Cochabamba,31001,Sacaba,2009,6,TOTALES / TOTAL-F,0
Potosí,50701,Sacaca,2009,6,TOTALES / TOTAL-F,0
Beni,80501,San Ignacio,2009,6,TOTALES / TOTAL-F,0
Santa Cruz,70301,San Ignacio De Velasco,2009,6,TOTALES / TOTAL-F,0
Santa Cruz,70302,San Miguel De Velasco,2009,6,TOTALES / TOTAL-F,0
Santa Cruz,70101,Santa Cruz De La Sierra,2009,6,TOTALES / TOTAL-F,0
Chuquisaca,10101,Sucre,2009,6,TOTALES / TOTAL-F,0
Tarija,60101,Tarija,2009,6,TOTALES / TOTAL-F,0
Chuquisaca,10202,Tarvita,2009,6,TOTALES / TOTAL-F,0
Beni,80101,Trinidad,2009,6,TOTALES / TOTAL-F,0
Tarija,60303,Villa Montes,2009,6,TOTALES / TOTAL-F,0
Tarija,60301,Yacuiba,2009,6,TOTALES / TOTAL-F,0
La Paz,20201,Achacachi,2009,7,TOTALES / TOTAL-F,0
Oruro,41201,Andamarca,2009,7,TOTALES / TOTAL-F,0
Tarija,60202,Bermejo,2009,7,TOTALES / TOTAL-F,0
Santa Cruz,70706,Camiri,2009,7,TOTALES / TOTAL-F,0
Santa Cruz,71403,Carmen Rivero Torrez,2009,7,TOTALES / TOTAL-F,0
Santa Cruz,70702,Charagua,2009,7,TOTALES / TOTAL-F,0
Pando,90101,Cobija,2009,7,TOTALES / TOTAL-F,0
Cochabamba,30101,Cochabamba,2009,7,TOTALES / TOTAL-F,0
Cochabamba,30905,Colcapirhua,2009,7,TOTALES / TOTAL-F,0
La Paz,20105,El Alto,2009,7,TOTALES / TOTAL-F,0
Tarija,60601,Entre Rios,2009,7,TOTALES / TOTAL-F,0
La Paz,21102,Irupana (villa De Lanza),2009,7,TOTALES / TOTAL-F,0
La Paz,20101,La Paz,2009,7,TOTALES / TOTAL-F,0
Chuquisaca,10501,Monteagudo,2009,7,TOTALES / TOTAL-F,0
Oruro,40101,Oruro,2009,7,TOTALES / TOTAL-F,0
Santa Cruz,70502,Pailon,2009,7,TOTALES / TOTAL-F,0
La Paz,21104,Palos Blancos,2009,7,TOTALES / TOTAL-F,0
Potosí,50101,Potosi,2009,7,TOTALES / TOTAL-F,0
Pando,90301,Puerto Gonzalo Moreno,2009,7,TOTALES / TOTAL-F,0
Santa Cruz,71402,Puerto Quijarro,2009,7,TOTALES / TOTAL-F,0
Cochabamba,31205,Puerto Villarroel,2009,7,TOTALES / TOTAL-F,0
Cochabamba,31401,Punata,2009,7,TOTALES / TOTAL-F,0
Cochabamba,31001,Sacaba,2009,7,TOTALES / TOTAL-F,0
Beni,80302,San Borja,2009,7,TOTALES / TOTAL-F,0
Santa Cruz,70301,San Ignacio De Velasco,2009,7,TOTALES / TOTAL-F,0
Santa Cruz,70302,San Miguel De Velasco,2009,7,TOTALES / TOTAL-F,0
Santa Cruz,70101,Santa Cruz De La Sierra,2009,7,TOTALES / TOTAL-F,0
La Paz,20601,Sorata,2009,7,TOTALES / TOTAL-F,0
Tarija,60101,Tarija,2009,7,TOTALES / TOTAL-F,0
La Paz,20606,Tipuani,2009,7,TOTALES / TOTAL-F,0
Beni,80101,Trinidad,2009,7,TOTALES / TOTAL-F,0
Oruro,40402,Turco,2009,7,TOTALES / TOTAL-F,0
Tarija,60401,Uriondo (a. Concepcion),2009,7,TOTALES / TOTAL-F,0
Tarija,60303,Villa Montes,2009,7,TOTALES / TOTAL-F,0
Potosí,51501,Villazon,2009,7,TOTALES / TOTAL-F,0
Tarija,60301,Yacuiba,2009,7,TOTALES / TOTAL-F,0
Santa Cruz,70706,Camiri,2009,8,TOTALES / TOTAL-F,0
Pando,90101,Cobija,2009,8,TOTALES / TOTAL-F,0
Cochabamba,30101,Cochabamba,2009,8,TOTALES / TOTAL-F,0
Cochabamba,30905,Colcapirhua,2009,8,TOTALES / TOTAL-F,0
Santa Cruz,71106,Cuatro Cañadas,2009,8,TOTALES / TOTAL-F,0
La Paz,20105,El Alto,2009,8,TOTALES / TOTAL-F,0
La Paz,20101,La Paz,2009,8,TOTALES / TOTAL-F,0
Beni,80801,Magdalena,2009,8,TOTALES / TOTAL-F,0
Santa Cruz,71003,Mineros,2009,8,TOTALES / TOTAL-F,0
Cochabamba,31301,Mizque,2009,8,TOTALES / TOTAL-F,0
Santa Cruz,71001,Montero,2009,8,TOTALES / TOTAL-F,0
Oruro,40101,Oruro,2009,8,TOTALES / TOTAL-F,0
La Paz,21104,Palos Blancos,2009,8,TOTALES / TOTAL-F,0
Potosí,50101,Potosi,2009,8,TOTALES / TOTAL-F,0
Cochabamba,31205,Puerto Villarroel,2009,8,TOTALES / TOTAL-F,0
Cochabamba,31001,Sacaba,2009,8,TOTALES / TOTAL-F,0
Santa Cruz,70301,San Ignacio De Velasco,2009,8,TOTALES / TOTAL-F,0
Santa Cruz,70404,San Juan De Yapacani,2009,8,TOTALES / TOTAL-F,0
Santa Cruz,70101,Santa Cruz De La Sierra,2009,8,TOTALES / TOTAL-F,0
Beni,80303,Santa Rosa,2009,8,TOTALES / TOTAL-F,0
La Paz,20902,Sapahaqui,2009,8,TOTALES / TOTAL-F,0
Chuquisaca,10101,Sucre,2009,8,TOTALES / TOTAL-F,0
Tarija,60101,Tarija,2009,8,TOTALES / TOTAL-F,0
Beni,80101,Trinidad,2009,8,TOTALES / TOTAL-F,0
Potosí,50801,Tupiza,2009,8,TOTALES / TOTAL-F,0
Tarija,60303,Villa Montes,2009,8,TOTALES / TOTAL-F,0
Tarija,60301,Yacuiba,2009,8,TOTALES / TOTAL-F,0
Tarija,60202,Bermejo,2009,9,TOTALES / TOTAL-F,0
Santa Cruz,70707,Boyuibe,2009,9,TOTALES / TOTAL-F,0
Chuquisaca,10701,Camargo,2009,9,TOTALES / TOTAL-F,0
Santa Cruz,70706,Camiri,2009,9,TOTALES / TOTAL-F,0
Cochabamba,30801,Cliza,2009,9,TOTALES / TOTAL-F,0
Pando,90101,Cobija,2009,9,TOTALES / TOTAL-F,0
Cochabamba,30101,Cochabamba,2009,9,TOTALES / TOTAL-F,0
Cochabamba,30905,Colcapirhua,2009,9,TOTALES / TOTAL-F,0
La Paz,21401,Coroico,2009,9,TOTALES / TOTAL-F,0
La Paz,20105,El Alto,2009,9,TOTALES / TOTAL-F,0
Tarija,60502,El Puente(tja),2009,9,TOTALES / TOTAL-F,0
Pando,90203,Filadelfia,2009,9,TOTALES / TOTAL-F,0
Chuquisaca,10502,Huacareta,2009,9,TOTALES / TOTAL-F,0
La Paz,20101,La Paz,2009,9,TOTALES / TOTAL-F,0
Chuquisaca,10501,Monteagudo,2009,9,TOTALES / TOTAL-F,0
Potosí,50101,Potosi,2009,9,TOTALES / TOTAL-F,0
Santa Cruz,71401,Puerto Suarez,2009,9,TOTALES / TOTAL-F,0
Cochabamba,31205,Puerto Villarroel,2009,9,TOTALES / TOTAL-F,0
Cochabamba,31001,Sacaba,2009,9,TOTALES / TOTAL-F,0
Potosí,50701,Sacaca,2009,9,TOTALES / TOTAL-F,0
Santa Cruz,70301,San Ignacio De Velasco,2009,9,TOTALES / TOTAL-F,0
Santa Cruz,70302,San Miguel De Velasco,2009,9,TOTALES / TOTAL-F,0
Santa Cruz,70101,Santa Cruz De La Sierra,2009,9,TOTALES / TOTAL-F,0
Chuquisaca,10101,Sucre,2009,9,TOTALES / TOTAL-F,0
Tarija,60101,Tarija,2009,9,TOTALES / TOTAL-F,0
Beni,80101,Trinidad,2009,9,TOTALES / TOTAL-F,0
Tarija,60303,Villa Montes,2009,9,TOTALES / TOTAL-F,0
Cochabamba,30904,Vinto,2009,9,TOTALES / TOTAL-F,0
Tarija,60301,Yacuiba,2009,9,TOTALES / TOTAL-F,0
Cochabamba,30201,Aiquile,2009,10,TOTALES / TOTAL-F,0
Tarija,60202,Bermejo,2009,10,TOTALES / TOTAL-F,0
Potosí,50301,Betanzos,2009,10,TOTALES / TOTAL-F,0
Santa Cruz,70706,Camiri,2009,10,TOTALES / TOTAL-F,0
La Paz,20305,Charaña,2009,10,TOTALES / TOTAL-F,0
La Paz,20501,Chuma,2009,10,TOTALES / TOTAL-F,0
Pando,90101,Cobija,2009,10,TOTALES / TOTAL-F,0
Cochabamba,30101,Cochabamba,2009,10,TOTALES / TOTAL-F,0
Cochabamba,31002,Colomi,2009,10,TOTALES / TOTAL-F,0
Santa Cruz,71301,Comarapa,2009,10,TOTALES / TOTAL-F,0
La Paz,20105,El Alto,2009,10,TOTALES / TOTAL-F,0
La Paz,21105,La Asunta,2009,10,TOTALES / TOTAL-F,0
La Paz,20101,La Paz,2009,10,TOTALES / TOTAL-F,0
Chuquisaca,11003,Machareti,2009,10,TOTALES / TOTAL-F,0
Santa Cruz,71001,Montero,2009,10,TOTALES / TOTAL-F,0
Cochabamba,30302,Morochata,2009,10,TOTALES / TOTAL-F,0
Oruro,40101,Oruro,2009,10,TOTALES / TOTAL-F,0
La Paz,20102,Palca,2009,10,TOTALES / TOTAL-F,0
La Paz,21104,Palos Blancos,2009,10,TOTALES / TOTAL-F,0
Potosí,50101,Potosi,2009,10,TOTALES / TOTAL-F,0
Santa Cruz,71401,Puerto Suarez,2009,10,TOTALES / TOTAL-F,0
Cochabamba,31205,Puerto Villarroel,2009,10,TOTALES / TOTAL-F,0
Santa Cruz,70503,Robore,2009,10,TOTALES / TOTAL-F,0
Cochabamba,31001,Sacaba,2009,10,TOTALES / TOTAL-F,0
Santa Cruz,70101,Santa Cruz De La Sierra,2009,10,TOTALES / TOTAL-F,0
Chuquisaca,10101,Sucre,2009,10,TOTALES / TOTAL-F,0
Tarija,60101,Tarija,2009,10,TOTALES / TOTAL-F,0
La Paz,20606,Tipuani,2009,10,TOTALES / TOTAL-F,0
Beni,80101,Trinidad,2009,10,TOTALES / TOTAL-F,0
Oruro,40402,Turco,2009,10,TOTALES / TOTAL-F,0
Cochabamba,30502,Vacas,2009,10,TOTALES / TOTAL-F,0
Tarija,60303,Villa Montes,2009,10,TOTALES / TOTAL-F,0
Cochabamba,31003,Villa Tunari,2009,10,TOTALES / TOTAL-F,0
Potosí,51501,Villazon,2009,10,TOTALES / TOTAL-F,0
Tarija,60202,Bermejo,2009,11,TOTALES / TOTAL-F,0
Santa Cruz,70706,Camiri,2009,11,TOTALES / TOTAL-F,0
La Paz,20305,Charaña,2009,11,TOTALES / TOTAL-F,0
Pando,90101,Cobija,2009,11,TOTALES / TOTAL-F,0
Cochabamba,30101,Cochabamba,2009,11,TOTALES / TOTAL-F,0
La Paz,21401,Coroico,2009,11,TOTALES / TOTAL-F,0
La Paz,20105,El Alto,2009,11,TOTALES / TOTAL-F,0
Santa Cruz,70105,El Torno,2009,11,TOTALES / TOTAL-F,0
La Paz,20101,La Paz,2009,11,TOTALES / TOTAL-F,0
Cochabamba,31301,Mizque,2009,11,TOTALES / TOTAL-F,0
Santa Cruz,71001,Montero,2009,11,TOTALES / TOTAL-F,0
Oruro,40101,Oruro,2009,11,TOTALES / TOTAL-F,0
La Paz,20102,Palca,2009,11,TOTALES / TOTAL-F,0
La Paz,21104,Palos Blancos,2009,11,TOTALES / TOTAL-F,0
Potosí,50101,Potosi,2009,11,TOTALES / TOTAL-F,0
Beni,80703,Puerto Siles,2009,11,TOTALES / TOTAL-F,0
Cochabamba,31401,Punata,2009,11,TOTALES / TOTAL-F,0
Cochabamba,31001,Sacaba,2009,11,TOTALES / TOTAL-F,0
Beni,80501,San Ignacio,2009,11,TOTALES / TOTAL-F,0
Santa Cruz,70301,San Ignacio De Velasco,2009,11,TOTALES / TOTAL-F,0
Santa Cruz,70303,San Rafael,2009,11,TOTALES / TOTAL-F,0
Santa Cruz,70101,Santa Cruz De La Sierra,2009,11,TOTALES / TOTAL-F,0
Chuquisaca,10101,Sucre,2009,11,TOTALES / TOTAL-F,0
Tarija,60101,Tarija,2009,11,TOTALES / TOTAL-F,0
Chuquisaca,10402,Tomina,2009,11,TOTALES / TOTAL-F,0
Beni,80101,Trinidad,2009,11,TOTALES / TOTAL-F,0
Tarija,60303,Villa Montes,2009,11,TOTALES / TOTAL-F,0
Potosí,51501,Villazon,2009,11,TOTALES / TOTAL-F,0
Tarija,60301,Yacuiba,2009,11,TOTALES / TOTAL-F,0
Beni,80802,Baures,2009,12,TOTALES / TOTAL-F,0
Tarija,60202,Bermejo,2009,12,TOTALES / TOTAL-F,0
Santa Cruz,70706,Camiri,2009,12,TOTALES / TOTAL-F,0
Tarija,60302,Carapari,2009,12,TOTALES / TOTAL-F,0
La Paz,20501,Chuma,2009,12,TOTALES / TOTAL-F,0
Pando,90101,Cobija,2009,12,TOTALES / TOTAL-F,0
Cochabamba,30101,Cochabamba,2009,12,TOTALES / TOTAL-F,0
Cochabamba,31002,Colomi,2009,12,TOTALES / TOTAL-F,0
La Paz,21401,Coroico,2009,12,TOTALES / TOTAL-F,0
La Paz,20105,El Alto,2009,12,TOTALES / TOTAL-F,0
Chuquisaca,10502,Huacareta,2009,12,TOTALES / TOTAL-F,0
La Paz,21102,Irupana (villa De Lanza),2009,12,TOTALES / TOTAL-F,0
La Paz,21105,La Asunta,2009,12,TOTALES / TOTAL-F,0
La Paz,20101,La Paz,2009,12,TOTALES / TOTAL-F,0
Chuquisaca,10303,Mojocoya,2009,12,TOTALES / TOTAL-F,0
Santa Cruz,71001,Montero,2009,12,TOTALES / TOTAL-F,0
Oruro,40101,Oruro,2009,12,TOTALES / TOTAL-F,0
Santa Cruz,70902,Pampa Grande,2009,12,TOTALES / TOTAL-F,0
Potosí,50101,Potosi,2009,12,TOTALES / TOTAL-F,0
Santa Cruz,71401,Puerto Suarez,2009,12,TOTALES / TOTAL-F,0
Cochabamba,31205,Puerto Villarroel,2009,12,TOTALES / TOTAL-F,0
Cochabamba,31401,Punata,2009,12,TOTALES / TOTAL-F,0
Cochabamba,31001,Sacaba,2009,12,TOTALES / TOTAL-F,0
Santa Cruz,70301,San Ignacio De Velasco,2009,12,TOTALES / TOTAL-F,0
Santa Cruz,70302,San Miguel De Velasco,2009,12,TOTALES / TOTAL-F,0
Santa Cruz,70101,Santa Cruz De La Sierra,2009,12,TOTALES / TOTAL-F,0
Chuquisaca,10101,Sucre,2009,12,TOTALES / TOTAL-F,0
Tarija,60101,Tarija,2009,12,TOTALES / TOTAL-F,0
Cochabamba,30802,Toco,2009,12,TOTALES / TOTAL-F,0
Potosí,50502,Toro Toro,2009,12,TOTALES / TOTAL-F,0
Beni,80101,Trinidad,2009,12,TOTALES / TOTAL-F,0
Cochabamba,30502,Vacas,2009,12,TOTALES / TOTAL-F,0
Tarija,60303,Villa Montes,2009,12,TOTALES / TOTAL-F,0
Cochabamba,31003,Villa Tunari,2009,12,TOTALES / TOTAL-F,0
Cochabamba,30904,Vinto,2009,12,TOTALES / TOTAL-F,0
Tarija,60301,Yacuiba,2009,12,TOTALES / TOTAL-F,0
La Paz,20202,Ancoraimes,2009,1,TOTALES / TOTAL,1
Tarija,60202,Bermejo,2009,1,TOTALES / TOTAL,3
Cochabamba,30101,Cochabamba,2009,1,TOTALES / TOTAL,72
La Paz,20804,Desaguadero,2009,1,TOTALES / TOTAL,1
La Paz,20105,El Alto,2009,1,TOTALES / TOTAL,32
La Paz,20101,La Paz,2009,1,TOTALES / TOTAL,46
Beni,80801,Magdalena,2009,1,TOTALES / TOTAL,1
Oruro,40101,Oruro,2009,1,TOTALES / TOTAL,8
Chuquisaca,10103,Poroma,2009,1,TOTALES / TOTAL,1
Potosí,50101,Potosi,2009,1,TOTALES / TOTAL,7
Santa Cruz,71402,Puerto Quijarro,2009,1,TOTALES / TOTAL,2
Santa Cruz,71401,Puerto Suarez,2009,1,TOTALES / TOTAL,1
Cochabamba,31001,Sacaba,2009,1,TOTALES / TOTAL,7
Potosí,50701,Sacaca,2009,1,TOTALES / TOTAL,1
Santa Cruz,70402,San Carlos,2009,1,TOTALES / TOTAL,2
Santa Cruz,70301,San Ignacio De Velasco,2009,1,TOTALES / TOTAL,5
Santa Cruz,70303,San Rafael,2009,1,TOTALES / TOTAL,2
Santa Cruz,70101,Santa Cruz De La Sierra,2009,1,TOTALES / TOTAL,16
Chuquisaca,10101,Sucre,2009,1,TOTALES / TOTAL,1
Tarija,60101,Tarija,2009,1,TOTALES / TOTAL,8
Oruro,40402,Turco,2009,1,TOTALES / TOTAL,1
Tarija,60303,Villa Montes,2009,1,TOTALES / TOTAL,8
Chuquisaca,11001,Villa Vaca Guzman (muyupampa),2009,1,TOTALES / TOTAL,1
Tarija,60301,Yacuiba,2009,1,TOTALES / TOTAL,2
La Paz,20201,Achacachi,2009,2,TOTALES / TOTAL,1
Chuquisaca,10201,Azurduy,2009,2,TOTALES / TOTAL,1
Santa Cruz,70706,Camiri,2009,2,TOTALES / TOTAL,4
Cochabamba,30101,Cochabamba,2009,2,TOTALES / TOTAL,55
Cochabamba,30905,Colcapirhua,2009,2,TOTALES / TOTAL,1
La Paz,20105,El Alto,2009,2,TOTALES / TOTAL,31
Beni,80402,Exaltacion,2009,2,TOTALES / TOTAL,1
Chuquisaca,11002,Huacaya (villa De Huacaya),2009,2,TOTALES / TOTAL,1
La Paz,21105,La Asunta,2009,2,TOTALES / TOTAL,2
La Paz,20101,La Paz,2009,2,TOTALES / TOTAL,20
Santa Cruz,71001,Montero,2009,2,TOTALES / TOTAL,1
Oruro,40101,Oruro,2009,2,TOTALES / TOTAL,5
Cochabamba,31202,Pojo (cbba),2009,2,TOTALES / TOTAL,1
Potosí,50101,Potosi,2009,2,TOTALES / TOTAL,1
Santa Cruz,71401,Puerto Suarez,2009,2,TOTALES / TOTAL,3
Potosí,51101,Puna,2009,2,TOTALES / TOTAL,1
Oruro,40901,Sabaya,2009,2,TOTALES / TOTAL,1
Cochabamba,31001,Sacaba,2009,2,TOTALES / TOTAL,3
Beni,80602,San Andres,2009,2,TOTALES / TOTAL,1
Santa Cruz,70301,San Ignacio De Velasco,2009,2,TOTALES / TOTAL,5
Chuquisaca,10702,San Lucas,2009,2,TOTALES / TOTAL,1
Santa Cruz,70302,San Miguel De Velasco,2009,2,TOTALES / TOTAL,1
Santa Cruz,70101,Santa Cruz De La Sierra,2009,2,TOTALES / TOTAL,14
La Paz,20902,Sapahaqui,2009,2,TOTALES / TOTAL,1
Tarija,60101,Tarija,2009,2,TOTALES / TOTAL,8
Cochabamba,30903,Tiquipaya,2009,2,TOTALES / TOTAL,1
Beni,80101,Trinidad,2009,2,TOTALES / TOTAL,2
Potosí,50201,Uncia,2009,2,TOTALES / TOTAL,1
Tarija,60303,Villa Montes,2009,2,TOTALES / TOTAL,6
Potosí,51501,Villazon,2009,2,TOTALES / TOTAL,1
Cochabamba,30904,Vinto,2009,2,TOTALES / TOTAL,2
La Paz,20903,Yaco,2009,2,TOTALES / TOTAL,1
Tarija,60301,Yacuiba,2009,2,TOTALES / TOTAL,1
La Paz,20502,Ayata,2009,3,TOTALES / TOTAL,2
La Paz,20905,Cairoma,2009,3,TOTALES / TOTAL,1
Santa Cruz,70706,Camiri,2009,3,TOTALES / TOTAL,4
La Paz,20501,Chuma,2009,3,TOTALES / TOTAL,1
Pando,90101,Cobija,2009,3,TOTALES / TOTAL,3
Cochabamba,30101,Cochabamba,2009,3,TOTALES / TOTAL,61
Oruro,40301,Corque,2009,3,TOTALES / TOTAL,1
La Paz,20105,El Alto,2009,3,TOTALES / TOTAL,33
Beni,80202,Guayaramerin,2009,3,TOTALES / TOTAL,2
La Paz,20101,La Paz,2009,3,TOTALES / TOTAL,39
La Paz,20901,Luribay,2009,3,TOTALES / TOTAL,1
La Paz,20607,Mapiri,2009,3,TOTALES / TOTAL,1
Chuquisaca,10501,Monteagudo,2009,3,TOTALES / TOTAL,2
Oruro,40101,Oruro,2009,3,TOTALES / TOTAL,1
La Paz,21104,Palos Blancos,2009,3,TOTALES / TOTAL,2
Santa Cruz,70601,Portachuelo,2009,3,TOTALES / TOTAL,1
Potosí,50101,Potosi,2009,3,TOTALES / TOTAL,13
Santa Cruz,71402,Puerto Quijarro,2009,3,TOTALES / TOTAL,2
Beni,80703,Puerto Siles,2009,3,TOTALES / TOTAL,1
Beni,80201,Riberalta,2009,3,TOTALES / TOTAL,2
Cochabamba,31001,Sacaba,2009,3,TOTALES / TOTAL,4
Santa Cruz,70901,Samaipata,2009,3,TOTALES / TOTAL,1
Santa Cruz,70301,San Ignacio De Velasco,2009,3,TOTALES / TOTAL,2
Santa Cruz,70303,San Rafael,2009,3,TOTALES / TOTAL,1
Beni,80401,Santa Ana,2009,3,TOTALES / TOTAL,1
Santa Cruz,70101,Santa Cruz De La Sierra,2009,3,TOTALES / TOTAL,13
Chuquisaca,10101,Sucre,2009,3,TOTALES / TOTAL,2
Tarija,60101,Tarija,2009,3,TOTALES / TOTAL,13
Potosí,50502,Toro Toro,2009,3,TOTALES / TOTAL,1
Beni,80101,Trinidad,2009,3,TOTALES / TOTAL,3
Oruro,40402,Turco,2009,3,TOTALES / TOTAL,1
Tarija,60303,Villa Montes,2009,3,TOTALES / TOTAL,6
Chuquisaca,11001,Villa Vaca Guzman (muyupampa),2009,3,TOTALES / TOTAL,1
Potosí,51501,Villazon,2009,3,TOTALES / TOTAL,1
Cochabamba,30904,Vinto,2009,3,TOTALES / TOTAL,1
Tarija,60301,Yacuiba,2009,3,TOTALES / TOTAL,4
La Paz,21103,Yanacachi,2009,3,TOTALES / TOTAL,3
Tarija,60202,Bermejo,2009,4,TOTALES / TOTAL,2
Santa Cruz,70706,Camiri,2009,4,TOTALES / TOTAL,2
Santa Cruz,71403,Carmen Rivero Torrez,2009,4,TOTALES / TOTAL,3
La Paz,20501,Chuma,2009,4,TOTALES / TOTAL,1
Pando,90101,Cobija,2009,4,TOTALES / TOTAL,1
Cochabamba,30101,Cochabamba,2009,4,TOTALES / TOTAL,48
La Paz,20105,El Alto,2009,4,TOTALES / TOTAL,29
Chuquisaca,10502,Huacareta,2009,4,TOTALES / TOTAL,2
La Paz,21102,Irupana (villa De Lanza),2009,4,TOTALES / TOTAL,1
La Paz,20101,La Paz,2009,4,TOTALES / TOTAL,47
Chuquisaca,10501,Monteagudo,2009,4,TOTALES / TOTAL,2
Santa Cruz,71001,Montero,2009,4,TOTALES / TOTAL,3
Oruro,40101,Oruro,2009,4,TOTALES / TOTAL,8
Potosí,50403,Pocoata,2009,4,TOTALES / TOTAL,1
Potosí,50101,Potosi,2009,4,TOTALES / TOTAL,11
Santa Cruz,71402,Puerto Quijarro,2009,4,TOTALES / TOTAL,3
Santa Cruz,71401,Puerto Suarez,2009,4,TOTALES / TOTAL,1
Cochabamba,31205,Puerto Villarroel,2009,4,TOTALES / TOTAL,1
Cochabamba,31401,Punata,2009,4,TOTALES / TOTAL,1
Santa Cruz,70503,Robore,2009,4,TOTALES / TOTAL,2
Beni,80304,Rurrenabaque,2009,4,TOTALES / TOTAL,1
Cochabamba,31001,Sacaba,2009,4,TOTALES / TOTAL,4
Potosí,50701,Sacaca,2009,4,TOTALES / TOTAL,1
Santa Cruz,70901,Samaipata,2009,4,TOTALES / TOTAL,1
Santa Cruz,70301,San Ignacio De Velasco,2009,4,TOTALES / TOTAL,6
Santa Cruz,70302,San Miguel De Velasco,2009,4,TOTALES / TOTAL,1
Beni,80401,Santa Ana,2009,4,TOTALES / TOTAL,3
Santa Cruz,70101,Santa Cruz De La Sierra,2009,4,TOTALES / TOTAL,20
La Paz,20902,Sapahaqui,2009,4,TOTALES / TOTAL,1
Tarija,60101,Tarija,2009,4,TOTALES / TOTAL,19
Beni,80101,Trinidad,2009,4,TOTALES / TOTAL,1
Cochabamba,31302,Vila Vila,2009,4,TOTALES / TOTAL,1
Tarija,60303,Villa Montes,2009,4,TOTALES / TOTAL,4
Chuquisaca,10801,Villa Serrano,2009,4,TOTALES / TOTAL,1
Potosí,51501,Villazon,2009,4,TOTALES / TOTAL,2
Cochabamba,30904,Vinto,2009,4,TOTALES / TOTAL,1
Tarija,60301,Yacuiba,2009,4,TOTALES / TOTAL,3
La Paz,20202,Ancoraimes,2009,5,TOTALES / TOTAL,1
La Paz,20502,Ayata,2009,5,TOTALES / TOTAL,1
Santa Cruz,70706,Camiri,2009,5,TOTALES / TOTAL,3
Pando,90101,Cobija,2009,5,TOTALES / TOTAL,3
Cochabamba,30101,Cochabamba,2009,5,TOTALES / TOTAL,53
Cochabamba,30905,Colcapirhua,2009,5,TOTALES / TOTAL,1
La Paz,20105,El Alto,2009,5,TOTALES / TOTAL,36
Santa Cruz,70105,El Torno,2009,5,TOTALES / TOTAL,4
Chuquisaca,10304,Icla,2009,5,TOTALES / TOTAL,1
La Paz,20101,La Paz,2009,5,TOTALES / TOTAL,40
La Paz,21006,Licoma Pampa,2009,5,TOTALES / TOTAL,1
Santa Cruz,71003,Mineros,2009,5,TOTALES / TOTAL,1
Santa Cruz,71001,Montero,2009,5,TOTALES / TOTAL,1
Oruro,40101,Oruro,2009,5,TOTALES / TOTAL,1
Potosí,50101,Potosi,2009,5,TOTALES / TOTAL,5
Santa Cruz,70805,Pucara,2009,5,TOTALES / TOTAL,1
Cochabamba,31001,Sacaba,2009,5,TOTALES / TOTAL,3
Beni,80501,San Ignacio,2009,5,TOTALES / TOTAL,1
Santa Cruz,70301,San Ignacio De Velasco,2009,5,TOTALES / TOTAL,3
Santa Cruz,70101,Santa Cruz De La Sierra,2009,5,TOTALES / TOTAL,11
Cochabamba,30902,Sipe Sipe,2009,5,TOTALES / TOTAL,1
Tarija,60101,Tarija,2009,5,TOTALES / TOTAL,7
Chuquisaca,10202,Tarvita,2009,5,TOTALES / TOTAL,1
Potosí,50502,Toro Toro,2009,5,TOTALES / TOTAL,1
Beni,80101,Trinidad,2009,5,TOTALES / TOTAL,2
Cochabamba,30502,Vacas,2009,5,TOTALES / TOTAL,1
Tarija,60303,Villa Montes,2009,5,TOTALES / TOTAL,4
Cochabamba,31402,Villa Rivero,2009,5,TOTALES / TOTAL,1
Cochabamba,31003,Villa Tunari,2009,5,TOTALES / TOTAL,1
Cochabamba,30904,Vinto,2009,5,TOTALES / TOTAL,1
Tarija,60301,Yacuiba,2009,5,TOTALES / TOTAL,2
Chuquisaca,10301,Zudañez,2009,5,TOTALES / TOTAL,1
La Paz,20905,Cairoma,2009,6,TOTALES / TOTAL,1
Santa Cruz,70706,Camiri,2009,6,TOTALES / TOTAL,2
La Paz,21101,Chulumani (v. De La Libertad),2009,6,TOTALES / TOTAL,2
Pando,90101,Cobija,2009,6,TOTALES / TOTAL,3
Cochabamba,30101,Cochabamba,2009,6,TOTALES / TOTAL,71
La Paz,21401,Coroico,2009,6,TOTALES / TOTAL,1
La Paz,20105,El Alto,2009,6,TOTALES / TOTAL,23
Chuquisaca,10502,Huacareta,2009,6,TOTALES / TOTAL,1
La Paz,21102,Irupana (villa De Lanza),2009,6,TOTALES / TOTAL,2
La Paz,20101,La Paz,2009,6,TOTALES / TOTAL,11
La Paz,20901,Luribay,2009,6,TOTALES / TOTAL,1
La Paz,20103,Mecapaca,2009,6,TOTALES / TOTAL,1
Chuquisaca,10501,Monteagudo,2009,6,TOTALES / TOTAL,1
Santa Cruz,71001,Montero,2009,6,TOTALES / TOTAL,2
Oruro,40101,Oruro,2009,6,TOTALES / TOTAL,5
Potosí,50101,Potosi,2009,6,TOTALES / TOTAL,5
Pando,90301,Puerto Gonzalo Moreno,2009,6,TOTALES / TOTAL,5
Potosí,50402,Ravelo,2009,6,TOTALES / TOTAL,1
Cochabamba,31001,Sacaba,2009,6,TOTALES / TOTAL,2
Potosí,50701,Sacaca,2009,6,TOTALES / TOTAL,1
Beni,80501,San Ignacio,2009,6,TOTALES / TOTAL,1
Santa Cruz,70301,San Ignacio De Velasco,2009,6,TOTALES / TOTAL,1
Santa Cruz,70302,San Miguel De Velasco,2009,6,TOTALES / TOTAL,1
Santa Cruz,70101,Santa Cruz De La Sierra,2009,6,TOTALES / TOTAL,11
Chuquisaca,10101,Sucre,2009,6,TOTALES / TOTAL,1
Tarija,60101,Tarija,2009,6,TOTALES / TOTAL,6
Chuquisaca,10202,Tarvita,2009,6,TOTALES / TOTAL,1
Beni,80101,Trinidad,2009,6,TOTALES / TOTAL,4
Tarija,60303,Villa Montes,2009,6,TOTALES / TOTAL,3
Tarija,60301,Yacuiba,2009,6,TOTALES / TOTAL,5
La Paz,20201,Achacachi,2009,7,TOTALES / TOTAL,1
Oruro,41201,Andamarca,2009,7,TOTALES / TOTAL,1
Tarija,60202,Bermejo,2009,7,TOTALES / TOTAL,3
Santa Cruz,70706,Camiri,2009,7,TOTALES / TOTAL,1
Santa Cruz,71403,Carmen Rivero Torrez,2009,7,TOTALES / TOTAL,1
Santa Cruz,70702,Charagua,2009,7,TOTALES / TOTAL,1
Pando,90101,Cobija,2009,7,TOTALES / TOTAL,3
Cochabamba,30101,Cochabamba,2009,7,TOTALES / TOTAL,48
Cochabamba,30905,Colcapirhua,2009,7,TOTALES / TOTAL,1
La Paz,20105,El Alto,2009,7,TOTALES / TOTAL,14
Tarija,60601,Entre Rios,2009,7,TOTALES / TOTAL,1
La Paz,21102,Irupana (villa De Lanza),2009,7,TOTALES / TOTAL,1
La Paz,20101,La Paz,2009,7,TOTALES / TOTAL,45
Chuquisaca,10501,Monteagudo,2009,7,TOTALES / TOTAL,1
Oruro,40101,Oruro,2009,7,TOTALES / TOTAL,5
Santa Cruz,70502,Pailon,2009,7,TOTALES / TOTAL,2
La Paz,21104,Palos Blancos,2009,7,TOTALES / TOTAL,1
Potosí,50101,Potosi,2009,7,TOTALES / TOTAL,9
Pando,90301,Puerto Gonzalo Moreno,2009,7,TOTALES / TOTAL,1
Santa Cruz,71402,Puerto Quijarro,2009,7,TOTALES / TOTAL,2
Cochabamba,31205,Puerto Villarroel,2009,7,TOTALES / TOTAL,2
Cochabamba,31401,Punata,2009,7,TOTALES / TOTAL,2
Cochabamba,31001,Sacaba,2009,7,TOTALES / TOTAL,2
Beni,80302,San Borja,2009,7,TOTALES / TOTAL,1
Santa Cruz,70301,San Ignacio De Velasco,2009,7,TOTALES / TOTAL,1
Santa Cruz,70302,San Miguel De Velasco,2009,7,TOTALES / TOTAL,1
Santa Cruz,70101,Santa Cruz De La Sierra,2009,7,TOTALES / TOTAL,16
La Paz,20601,Sorata,2009,7,TOTALES / TOTAL,1
Tarija,60101,Tarija,2009,7,TOTALES / TOTAL,3
La Paz,20606,Tipuani,2009,7,TOTALES / TOTAL,1
Beni,80101,Trinidad,2009,7,TOTALES / TOTAL,4
Oruro,40402,Turco,2009,7,TOTALES / TOTAL,1
Tarija,60401,Uriondo (a. Concepcion),2009,7,TOTALES / TOTAL,1
Tarija,60303,Villa Montes,2009,7,TOTALES / TOTAL,3
Potosí,51501,Villazon,2009,7,TOTALES / TOTAL,1
Tarija,60301,Yacuiba,2009,7,TOTALES / TOTAL,1
Santa Cruz,70706,Camiri,2009,8,TOTALES / TOTAL,3
Pando,90101,Cobija,2009,8,TOTALES / TOTAL,2
Cochabamba,30101,Cochabamba,2009,8,TOTALES / TOTAL,34
Cochabamba,30905,Colcapirhua,2009,8,TOTALES / TOTAL,1
Santa Cruz,71106,Cuatro Cañadas,2009,8,TOTALES / TOTAL,1
La Paz,20105,El Alto,2009,8,TOTALES / TOTAL,17
La Paz,20101,La Paz,2009,8,TOTALES / TOTAL,16
Beni,80801,Magdalena,2009,8,TOTALES / TOTAL,1
Santa Cruz,71003,Mineros,2009,8,TOTALES / TOTAL,1
Cochabamba,31301,Mizque,2009,8,TOTALES / TOTAL,1
Santa Cruz,71001,Montero,2009,8,TOTALES / TOTAL,2
Oruro,40101,Oruro,2009,8,TOTALES / TOTAL,5
La Paz,21104,Palos Blancos,2009,8,TOTALES / TOTAL,1
Potosí,50101,Potosi,2009,8,TOTALES / TOTAL,8
Cochabamba,31205,Puerto Villarroel,2009,8,TOTALES / TOTAL,1
Cochabamba,31001,Sacaba,2009,8,TOTALES / TOTAL,9
Santa Cruz,70301,San Ignacio De Velasco,2009,8,TOTALES / TOTAL,3
Santa Cruz,70404,San Juan De Yapacani,2009,8,TOTALES / TOTAL,1
Santa Cruz,70101,Santa Cruz De La Sierra,2009,8,TOTALES / TOTAL,7
Beni,80303,Santa Rosa,2009,8,TOTALES / TOTAL,1
La Paz,20902,Sapahaqui,2009,8,TOTALES / TOTAL,1
Chuquisaca,10101,Sucre,2009,8,TOTALES / TOTAL,2
Tarija,60101,Tarija,2009,8,TOTALES / TOTAL,10
Beni,80101,Trinidad,2009,8,TOTALES / TOTAL,5
Potosí,50801,Tupiza,2009,8,TOTALES / TOTAL,1
Tarija,60303,Villa Montes,2009,8,TOTALES / TOTAL,3
Tarija,60301,Yacuiba,2009,8,TOTALES / TOTAL,4
Tarija,60202,Bermejo,2009,9,TOTALES / TOTAL,2
Santa Cruz,70707,Boyuibe,2009,9,TOTALES / TOTAL,1
Chuquisaca,10701,Camargo,2009,9,TOTALES / TOTAL,1
Santa Cruz,70706,Camiri,2009,9,TOTALES / TOTAL,3
Cochabamba,30801,Cliza,2009,9,TOTALES / TOTAL,1
Pando,90101,Cobija,2009,9,TOTALES / TOTAL,1
Cochabamba,30101,Cochabamba,2009,9,TOTALES / TOTAL,55
Cochabamba,30905,Colcapirhua,2009,9,TOTALES / TOTAL,1
La Paz,21401,Coroico,2009,9,TOTALES / TOTAL,2
La Paz,20105,El Alto,2009,9,TOTALES / TOTAL,23
Tarija,60502,El Puente(tja),2009,9,TOTALES / TOTAL,1
Pando,90203,Filadelfia,2009,9,TOTALES / TOTAL,1
Chuquisaca,10502,Huacareta,2009,9,TOTALES / TOTAL,1
La Paz,20101,La Paz,2009,9,TOTALES / TOTAL,34
Chuquisaca,10501,Monteagudo,2009,9,TOTALES / TOTAL,3
Potosí,50101,Potosi,2009,9,TOTALES / TOTAL,11
Santa Cruz,71401,Puerto Suarez,2009,9,TOTALES / TOTAL,1
Cochabamba,31205,Puerto Villarroel,2009,9,TOTALES / TOTAL,2
Cochabamba,31001,Sacaba,2009,9,TOTALES / TOTAL,3
Potosí,50701,Sacaca,2009,9,TOTALES / TOTAL,1
Santa Cruz,70301,San Ignacio De Velasco,2009,9,TOTALES / TOTAL,3
Santa Cruz,70302,San Miguel De Velasco,2009,9,TOTALES / TOTAL,1
Santa Cruz,70101,Santa Cruz De La Sierra,2009,9,TOTALES / TOTAL,20
Chuquisaca,10101,Sucre,2009,9,TOTALES / TOTAL,2
Tarija,60101,Tarija,2009,9,TOTALES / TOTAL,9
Beni,80101,Trinidad,2009,9,TOTALES / TOTAL,3
Tarija,60303,Villa Montes,2009,9,TOTALES / TOTAL,4
Cochabamba,30904,Vinto,2009,9,TOTALES / TOTAL,1
Tarija,60301,Yacuiba,2009,9,TOTALES / TOTAL,1
Cochabamba,30201,Aiquile,2009,10,TOTALES / TOTAL,1
Tarija,60202,Bermejo,2009,10,TOTALES / TOTAL,3
Potosí,50301,Betanzos,2009,10,TOTALES / TOTAL,1
Santa Cruz,70706,Camiri,2009,10,TOTALES / TOTAL,2
La Paz,20305,Charaña,2009,10,TOTALES / TOTAL,1
La Paz,20501,Chuma,2009,10,TOTALES / TOTAL,1
Pando,90101,Cobija,2009,10,TOTALES / TOTAL,6
Cochabamba,30101,Cochabamba,2009,10,TOTALES / TOTAL,51
Cochabamba,31002,Colomi,2009,10,TOTALES / TOTAL,1
Santa Cruz,71301,Comarapa,2009,10,TOTALES / TOTAL,1
La Paz,20105,El Alto,2009,10,TOTALES / TOTAL,19
La Paz,21105,La Asunta,2009,10,TOTALES / TOTAL,1
La Paz,20101,La Paz,2009,10,TOTALES / TOTAL,54
Chuquisaca,11003,Machareti,2009,10,TOTALES / TOTAL,1
Santa Cruz,71001,Montero,2009,10,TOTALES / TOTAL,2
Cochabamba,30302,Morochata,2009,10,TOTALES / TOTAL,1
Oruro,40101,Oruro,2009,10,TOTALES / TOTAL,9
La Paz,20102,Palca,2009,10,TOTALES / TOTAL,3
La Paz,21104,Palos Blancos,2009,10,TOTALES / TOTAL,1
Potosí,50101,Potosi,2009,10,TOTALES / TOTAL,11
Santa Cruz,71401,Puerto Suarez,2009,10,TOTALES / TOTAL,1
Cochabamba,31205,Puerto Villarroel,2009,10,TOTALES / TOTAL,2
Santa Cruz,70503,Robore,2009,10,TOTALES / TOTAL,1
Cochabamba,31001,Sacaba,2009,10,TOTALES / TOTAL,3
Santa Cruz,70101,Santa Cruz De La Sierra,2009,10,TOTALES / TOTAL,15
Chuquisaca,10101,Sucre,2009,10,TOTALES / TOTAL,3
Tarija,60101,Tarija,2009,10,TOTALES / TOTAL,10
La Paz,20606,Tipuani,2009,10,TOTALES / TOTAL,1
Beni,80101,Trinidad,2009,10,TOTALES / TOTAL,3
Oruro,40402,Turco,2009,10,TOTALES / TOTAL,1
Cochabamba,30502,Vacas,2009,10,TOTALES / TOTAL,1
Tarija,60303,Villa Montes,2009,10,TOTALES / TOTAL,3
Cochabamba,31003,Villa Tunari,2009,10,TOTALES / TOTAL,1
Potosí,51501,Villazon,2009,10,TOTALES / TOTAL,1
Tarija,60202,Bermejo,2009,11,TOTALES / TOTAL,1
Santa Cruz,70706,Camiri,2009,11,TOTALES / TOTAL,1
La Paz,20305,Charaña,2009,11,TOTALES / TOTAL,1
Pando,90101,Cobija,2009,11,TOTALES / TOTAL,1
Cochabamba,30101,Cochabamba,2009,11,TOTALES / TOTAL,82
La Paz,21401,Coroico,2009,11,TOTALES / TOTAL,2
La Paz,20105,El Alto,2009,11,TOTALES / TOTAL,33
Santa Cruz,70105,El Torno,2009,11,TOTALES / TOTAL,1
La Paz,20101,La Paz,2009,11,TOTALES / TOTAL,47
Cochabamba,31301,Mizque,2009,11,TOTALES / TOTAL,2
Santa Cruz,71001,Montero,2009,11,TOTALES / TOTAL,2
Oruro,40101,Oruro,2009,11,TOTALES / TOTAL,7
La Paz,20102,Palca,2009,11,TOTALES / TOTAL,1
La Paz,21104,Palos Blancos,2009,11,TOTALES / TOTAL,1
Potosí,50101,Potosi,2009,11,TOTALES / TOTAL,17
Beni,80703,Puerto Siles,2009,11,TOTALES / TOTAL,1
Cochabamba,31401,Punata,2009,11,TOTALES / TOTAL,3
Cochabamba,31001,Sacaba,2009,11,TOTALES / TOTAL,4
Beni,80501,San Ignacio,2009,11,TOTALES / TOTAL,2
Santa Cruz,70301,San Ignacio De Velasco,2009,11,TOTALES / TOTAL,3
Santa Cruz,70303,San Rafael,2009,11,TOTALES / TOTAL,1
Santa Cruz,70101,Santa Cruz De La Sierra,2009,11,TOTALES / TOTAL,12
Chuquisaca,10101,Sucre,2009,11,TOTALES / TOTAL,1
Tarija,60101,Tarija,2009,11,TOTALES / TOTAL,16
Chuquisaca,10402,Tomina,2009,11,TOTALES / TOTAL,1
Beni,80101,Trinidad,2009,11,TOTALES / TOTAL,1
Tarija,60303,Villa Montes,2009,11,TOTALES / TOTAL,4
Potosí,51501,Villazon,2009,11,TOTALES / TOTAL,2
Tarija,60301,Yacuiba,2009,11,TOTALES / TOTAL,3
Beni,80802,Baures,2009,12,TOTALES / TOTAL,1
Tarija,60202,Bermejo,2009,12,TOTALES / TOTAL,1
Santa Cruz,70706,Camiri,2009,12,TOTALES / TOTAL,1
Tarija,60302,Carapari,2009,12,TOTALES / TOTAL,1
La Paz,20501,Chuma,2009,12,TOTALES / TOTAL,1
Pando,90101,Cobija,2009,12,TOTALES / TOTAL,1
Cochabamba,30101,Cochabamba,2009,12,TOTALES / TOTAL,66
Cochabamba,31002,Colomi,2009,12,TOTALES / TOTAL,1
La Paz,21401,Coroico,2009,12,TOTALES / TOTAL,2
La Paz,20105,El Alto,2009,12,TOTALES / TOTAL,31
Chuquisaca,10502,Huacareta,2009,12,TOTALES / TOTAL,1
La Paz,21102,Irupana (villa De Lanza),2009,12,TOTALES / TOTAL,1
La Paz,21105,La Asunta,2009,12,TOTALES / TOTAL,7
La Paz,20101,La Paz,2009,12,TOTALES / TOTAL,38
Chuquisaca,10303,Mojocoya,2009,12,TOTALES / TOTAL,1
Santa Cruz,71001,Montero,2009,12,TOTALES / TOTAL,2
Oruro,40101,Oruro,2009,12,TOTALES / TOTAL,5
Santa Cruz,70902,Pampa Grande,2009,12,TOTALES / TOTAL,1
Potosí,50101,Potosi,2009,12,TOTALES / TOTAL,12
Santa Cruz,71401,Puerto Suarez,2009,12,TOTALES / TOTAL,3
Cochabamba,31205,Puerto Villarroel,2009,12,TOTALES / TOTAL,1
Cochabamba,31401,Punata,2009,12,TOTALES / TOTAL,3
Cochabamba,31001,Sacaba,2009,12,TOTALES / TOTAL,5
Santa Cruz,70301,San Ignacio De Velasco,2009,12,TOTALES / TOTAL,3
Santa Cruz,70302,San Miguel De Velasco,2009,12,TOTALES / TOTAL,1
Santa Cruz,70101,Santa Cruz De La Sierra,2009,12,TOTALES / TOTAL,9
Chuquisaca,10101,Sucre,2009,12,TOTALES / TOTAL,5
Tarija,60101,Tarija,2009,12,TOTALES / TOTAL,10
Cochabamba,30802,Toco,2009,12,TOTALES / TOTAL,1
Potosí,50502,Toro Toro,2009,12,TOTALES / TOTAL,1
Beni,80101,Trinidad,2009,12,TOTALES / TOTAL,5
Cochabamba,30502,Vacas,2009,12,TOTALES / TOTAL,1
Tarija,60303,Villa Montes,2009,12,TOTALES / TOTAL,7
Cochabamba,31003,Villa Tunari,2009,12,TOTALES / TOTAL,2
Cochabamba,30904,Vinto,2009,12,TOTALES / TOTAL,2
Tarija,60301,Yacuiba,2009,12,TOTALES / TOTAL,2
