municipality,group,variable,month,< de 2 años-H,< de 2 años-M,2 a 4 años-H,2 a 4 años-M,TOTAL-H,TOTAL-M,TOTAL
ACACIO,desnutricion global,desnutricion leve (l),2006-01-01,23,10,18,28,41,38,79
ACHACACHI,desnutricion global,desnutricion leve (l),2006-01-01,38,38,47,65,85,103,188
ACHOCALLA,desnutricion global,desnutricion leve (l),2006-01-01,6,4,4,8,10,12,22
AIQUILE,desnutricion global,desnutricion leve (l),2006-01-01,31,28,13,29,44,57,101
ALALAY,desnutricion global,desnutricion leve (l),2006-01-01,0,4,0,2,0,6,6
ALCALA,desnutricion global,desnutricion leve (l),2006-01-01,12,13,32,24,44,37,81
ANCORAIMES,desnutricion global,desnutricion leve (l),2006-01-01,31,36,46,71,77,107,184
ANDAMARCA,desnutricion global,desnutricion leve (l),2006-01-01,3,0,5,2,8,2,10
ANZALDO,desnutricion global,desnutricion leve (l),2006-01-01,9,5,11,9,20,14,34
APOLO,desnutricion global,desnutricion leve (l),2006-01-01,19,23,17,15,36,38,74
ARAMPAMPA,desnutricion global,desnutricion leve (l),2006-01-01,12,16,24,24,36,40,76
ARANI,desnutricion global,desnutricion leve (l),2006-01-01,3,6,9,6,12,12,24
ARBIETO,desnutricion global,desnutricion leve (l),2006-01-01,9,5,4,10,13,15,28
ARQUE,desnutricion global,desnutricion leve (l),2006-01-01,29,30,23,25,52,55,107
ATOCHA,desnutricion global,desnutricion leve (l),2006-01-01,30,30,33,24,63,54,117
AUCAPATA,desnutricion global,desnutricion leve (l),2006-01-01,12,4,10,2,22,6,28
AYATA,desnutricion global,desnutricion leve (l),2006-01-01,31,21,18,26,49,47,96
AYO AYO,desnutricion global,desnutricion leve (l),2006-01-01,15,3,10,3,25,6,31
AYOPAYA (V. DE INDEPENDENCIA),desnutricion global,desnutricion leve (l),2006-01-01,50,31,58,38,108,69,177
AZURDUY,desnutricion global,desnutricion leve (l),2006-01-01,29,33,64,70,93,103,196
BATALLAS,desnutricion global,desnutricion leve (l),2006-01-01,19,14,8,7,27,21,48
BAURES,desnutricion global,desnutricion leve (l),2006-01-01,4,8,4,6,8,14,22
BELEN DE ANDAMARCA,desnutricion global,desnutricion leve (l),2006-01-01,1,1,4,0,5,1,6
BELEN DE URMIRI,desnutricion global,desnutricion leve (l),2006-01-01,2,2,4,5,6,7,13
BELLA FLOR,desnutricion global,desnutricion leve (l),2006-01-01,5,5,1,5,6,10,16
BERMEJO,desnutricion global,desnutricion leve (l),2006-01-01,10,9,6,4,16,13,29
BETANZOS,desnutricion global,desnutricion leve (l),2006-01-01,64,78,126,133,190,211,401
BOLIVAR,desnutricion global,desnutricion leve (l),2006-01-01,43,40,45,39,88,79,167
BOLPEBRA,desnutricion global,desnutricion leve (l),2006-01-01,1,2,1,3,2,5,7
BOYUIBE,desnutricion global,desnutricion leve (l),2006-01-01,5,8,4,7,9,15,24
BUENA VISTA,desnutricion global,desnutricion leve (l),2006-01-01,19,8,11,21,30,29,59
CABEZAS,desnutricion global,desnutricion leve (l),2006-01-01,21,23,38,14,59,37,96
CAIROMA,desnutricion global,desnutricion leve (l),2006-01-01,41,47,36,43,77,90,167
"CAIZA ""D""",desnutricion global,desnutricion leve (l),2006-01-01,10,13,30,24,40,37,77
CAJUATA,desnutricion global,desnutricion leve (l),2006-01-01,16,14,15,23,31,37,68
CALACOTO,desnutricion global,desnutricion leve (l),2006-01-01,8,7,4,14,12,21,33
CALAMARCA,desnutricion global,desnutricion leve (l),2006-01-01,88,64,50,65,138,129,267
CAMARGO,desnutricion global,desnutricion leve (l),2006-01-01,53,45,58,71,111,116,227
CAMATAQUI (C. VILLA ABECIA),desnutricion global,desnutricion leve (l),2006-01-01,9,8,20,23,29,31,60
CAMIRI,desnutricion global,desnutricion leve (l),2006-01-01,45,36,45,41,90,77,167
CAPINOTA,desnutricion global,desnutricion leve (l),2006-01-01,27,33,18,20,45,53,98
CAQUIAVIRI,desnutricion global,desnutricion leve (l),2006-01-01,4,6,5,6,9,12,21
CARACOLLO,desnutricion global,desnutricion leve (l),2006-01-01,12,2,9,11,21,13,34
CARANAVI,desnutricion global,desnutricion leve (l),2006-01-01,78,65,48,74,126,139,265
CARAPARI,desnutricion global,desnutricion leve (l),2006-01-01,13,7,9,10,22,17,39
CARIPUYO,desnutricion global,desnutricion leve (l),2006-01-01,32,37,64,59,96,96,192
CARMEN RIVERO TORREZ,desnutricion global,desnutricion leve (l),2006-01-01,2,4,3,3,5,7,12
CATACORA,desnutricion global,desnutricion leve (l),2006-01-01,0,0,2,0,2,0,2
CHACARILLA,desnutricion global,desnutricion leve (l),2006-01-01,0,0,0,2,0,2,2
CHALLAPATA,desnutricion global,desnutricion leve (l),2006-01-01,33,34,42,46,75,80,155
CHAQUI,desnutricion global,desnutricion leve (l),2006-01-01,14,16,15,25,29,41,70
CHARAGUA,desnutricion global,desnutricion leve (l),2006-01-01,55,42,35,51,90,93,183
CHARAÑA,desnutricion global,desnutricion leve (l),2006-01-01,4,3,2,9,6,12,18
CHAYANTA,desnutricion global,desnutricion leve (l),2006-01-01,29,20,42,48,71,68,139
CHIMORE,desnutricion global,desnutricion leve (l),2006-01-01,11,31,18,15,29,46,75
CHIPAYA,desnutricion global,desnutricion leve (l),2006-01-01,4,3,3,6,7,9,16
CHOQUE COTA,desnutricion global,desnutricion leve (l),2006-01-01,1,2,1,3,2,5,7
CHULUMANI (V. DE LA LIBERTAD),desnutricion global,desnutricion leve (l),2006-01-01,5,3,5,7,10,10,20
CHUMA,desnutricion global,desnutricion leve (l),2006-01-01,22,16,21,28,43,44,87
CLIZA,desnutricion global,desnutricion leve (l),2006-01-01,23,21,12,15,35,36,71
COBIJA,desnutricion global,desnutricion leve (l),2006-01-01,56,45,32,51,88,96,184
COCHABAMBA,desnutricion global,desnutricion leve (l),2006-01-01,293,292,214,226,507,518,1025
COLCAPIRHUA,desnutricion global,desnutricion leve (l),2006-01-01,36,39,31,37,67,76,143
"COLCHA ""K""",desnutricion global,desnutricion leve (l),2006-01-01,4,11,3,19,7,30,37
COLLANA,desnutricion global,desnutricion leve (l),2006-01-01,2,1,0,4,2,5,7
COLOMI,desnutricion global,desnutricion leve (l),2006-01-01,40,19,23,32,63,51,114
COLPA BELGICA,desnutricion global,desnutricion leve (l),2006-01-01,7,3,7,6,14,9,23
COLQUECHACA,desnutricion global,desnutricion leve (l),2006-01-01,52,58,61,68,113,126,239
COLQUENCHA,desnutricion global,desnutricion leve (l),2006-01-01,15,17,37,20,52,37,89
COLQUIRI,desnutricion global,desnutricion leve (l),2006-01-01,40,36,32,37,72,73,145
COMANCHE,desnutricion global,desnutricion leve (l),2006-01-01,4,1,1,0,5,1,6
COMARAPA,desnutricion global,desnutricion leve (l),2006-01-01,39,29,28,22,67,51,118
COMBAYA,desnutricion global,desnutricion leve (l),2006-01-01,1,1,3,0,4,1,5
CONCEPCION,desnutricion global,desnutricion leve (l),2006-01-01,13,7,2,4,15,11,26
COPACABANA,desnutricion global,desnutricion leve (l),2006-01-01,16,12,9,22,25,34,59
CORIPATA,desnutricion global,desnutricion leve (l),2006-01-01,22,10,14,10,36,20,56
CORO CORO,desnutricion global,desnutricion leve (l),2006-01-01,12,8,21,22,33,30,63
COROICO,desnutricion global,desnutricion leve (l),2006-01-01,15,17,16,9,31,26,57
CORQUE,desnutricion global,desnutricion leve (l),2006-01-01,11,7,11,11,22,18,40
COTAGAITA,desnutricion global,desnutricion leve (l),2006-01-01,53,46,59,64,112,110,222
COTOCA,desnutricion global,desnutricion leve (l),2006-01-01,48,42,21,16,69,58,127
CUATRO CAÑADAS,desnutricion global,desnutricion leve (l),2006-01-01,16,15,17,19,33,34,67
CUCHUMUELA (V. G. VILLARROEL),desnutricion global,desnutricion leve (l),2006-01-01,6,1,3,2,9,3,12
CUEVO,desnutricion global,desnutricion leve (l),2006-01-01,5,14,10,6,15,20,35
CULPINA,desnutricion global,desnutricion leve (l),2006-01-01,68,58,78,78,146,136,282
CURAHUARA DE CARANGAS,desnutricion global,desnutricion leve (l),2006-01-01,6,3,8,5,14,8,22
CURVA,desnutricion global,desnutricion leve (l),2006-01-01,3,0,5,0,8,0,8
DESAGUADERO,desnutricion global,desnutricion leve (l),2006-01-01,5,4,12,5,17,9,26
EL ALTO,desnutricion global,desnutricion leve (l),2006-01-01,876,708,493,504,1369,1212,2581
EL CHORO,desnutricion global,desnutricion leve (l),2006-01-01,1,0,2,2,3,2,5
EL PUENTE(STC),desnutricion global,desnutricion leve (l),2006-01-01,10,12,11,17,21,29,50
EL PUENTE(TJA),desnutricion global,desnutricion leve (l),2006-01-01,10,14,39,41,49,55,104
EL TORNO,desnutricion global,desnutricion leve (l),2006-01-01,27,30,20,34,47,64,111
EL VILLAR,desnutricion global,desnutricion leve (l),2006-01-01,6,17,16,36,22,53,75
ENTRE RIOS,desnutricion global,desnutricion leve (l),2006-01-01,20,21,33,33,53,54,107
ENTRE RIOS,desnutricion global,desnutricion leve (l),2006-01-01,41,42,58,41,99,83,182
ESCARA,desnutricion global,desnutricion leve (l),2006-01-01,0,0,0,1,0,1,1
EUCALIPTUS,desnutricion global,desnutricion leve (l),2006-01-01,2,3,3,3,5,6,11
EUREKA (SANTOS MERCADO),desnutricion global,desnutricion leve (l),2006-01-01,0,2,4,1,4,3,7
EXALTACION,desnutricion global,desnutricion leve (l),2006-01-01,8,2,2,8,10,10,20
FERNANDEZ ALONSO,desnutricion global,desnutricion leve (l),2006-01-01,6,18,24,15,30,33,63
FILADELFIA,desnutricion global,desnutricion leve (l),2006-01-01,3,4,4,15,7,19,26
GENERAL SAAVEDRA,desnutricion global,desnutricion leve (l),2006-01-01,20,19,20,28,40,47,87
GRAL. J.J. PEREZ (CHARAZANI),desnutricion global,desnutricion leve (l),2006-01-01,15,26,22,29,37,55,92
GUANAY,desnutricion global,desnutricion leve (l),2006-01-01,15,15,12,17,27,32,59
GUAQUI,desnutricion global,desnutricion leve (l),2006-01-01,7,7,5,3,12,10,22
GUAYARAMERIN,desnutricion global,desnutricion leve (l),2006-01-01,66,61,34,59,100,120,220
GUTIERREZ,desnutricion global,desnutricion leve (l),2006-01-01,23,41,78,84,101,125,226
HUACARETA,desnutricion global,desnutricion leve (l),2006-01-01,22,14,31,33,53,47,100
HUACAYA (VILLA DE HUACAYA),desnutricion global,desnutricion leve (l),2006-01-01,6,4,12,19,18,23,41
HUACHACALLA,desnutricion global,desnutricion leve (l),2006-01-01,0,0,1,2,1,2,3
HUANUNI,desnutricion global,desnutricion leve (l),2006-01-01,35,21,24,11,59,32,91
HUARACAJE,desnutricion global,desnutricion leve (l),2006-01-01,3,6,4,5,7,11,18
HUAYLLAMARCA,desnutricion global,desnutricion leve (l),2006-01-01,3,3,4,6,7,9,16
ICHOCA,desnutricion global,desnutricion leve (l),2006-01-01,9,10,11,15,20,25,45
ICLA,desnutricion global,desnutricion leve (l),2006-01-01,65,47,118,100,183,147,330
INCAHUASI,desnutricion global,desnutricion leve (l),2006-01-01,91,87,111,138,202,225,427
INGAVI (HUMAITA),desnutricion global,desnutricion leve (l),2006-01-01,0,0,2,4,2,4,6
INQUISIVI,desnutricion global,desnutricion leve (l),2006-01-01,34,46,32,52,66,98,164
IRUPANA (VILLA DE LANZA),desnutricion global,desnutricion leve (l),2006-01-01,12,21,10,29,22,50,72
IXIAMAS,desnutricion global,desnutricion leve (l),2006-01-01,16,13,6,10,22,23,45
JESUS DE MACHACA,desnutricion global,desnutricion leve (l),2006-01-01,11,18,7,16,18,34,52
LA ASUNTA,desnutricion global,desnutricion leve (l),2006-01-01,19,13,10,12,29,25,54
LA GUARDIA,desnutricion global,desnutricion leve (l),2006-01-01,59,59,39,40,98,99,197
LA PAZ,desnutricion global,desnutricion leve (l),2006-01-01,672,572,358,375,1030,947,1977
LAGUNILLAS,desnutricion global,desnutricion leve (l),2006-01-01,8,17,16,17,24,34,58
LAJA,desnutricion global,desnutricion leve (l),2006-01-01,14,10,14,10,28,20,48
LAS CARRERAS,desnutricion global,desnutricion leve (l),2006-01-01,5,4,23,18,28,22,50
LICOMA PAMPA,desnutricion global,desnutricion leve (l),2006-01-01,7,3,13,9,20,12,32
LLALLAGUA,desnutricion global,desnutricion leve (l),2006-01-01,29,51,65,63,94,114,208
LLICA,desnutricion global,desnutricion leve (l),2006-01-01,1,2,0,5,1,7,8
LORETO,desnutricion global,desnutricion leve (l),2006-01-01,3,1,1,6,4,7,11
LURIBAY,desnutricion global,desnutricion leve (l),2006-01-01,25,17,20,18,45,35,80
MACHACAMARCA,desnutricion global,desnutricion leve (l),2006-01-01,2,3,1,5,3,8,11
MACHARETI,desnutricion global,desnutricion leve (l),2006-01-01,14,17,40,36,54,53,107
MAGDALENA,desnutricion global,desnutricion leve (l),2006-01-01,13,16,9,5,22,21,43
MAIRANA,desnutricion global,desnutricion leve (l),2006-01-01,4,6,4,8,8,14,22
MALLA,desnutricion global,desnutricion leve (l),2006-01-01,13,13,17,16,30,29,59
MAPIRI,desnutricion global,desnutricion leve (l),2006-01-01,11,8,5,2,16,10,26
MECAPACA,desnutricion global,desnutricion leve (l),2006-01-01,20,14,18,13,38,27,65
MINEROS,desnutricion global,desnutricion leve (l),2006-01-01,34,27,10,20,44,47,91
MIZQUE,desnutricion global,desnutricion leve (l),2006-01-01,39,31,35,51,74,82,156
MOCOMOCO,desnutricion global,desnutricion leve (l),2006-01-01,18,7,27,32,45,39,84
MOJINETE,desnutricion global,desnutricion leve (l),2006-01-01,0,4,0,1,0,5,5
MOJOCOYA,desnutricion global,desnutricion leve (l),2006-01-01,21,22,30,29,51,51,102
MONTEAGUDO,desnutricion global,desnutricion leve (l),2006-01-01,56,60,86,99,142,159,301
MONTERO,desnutricion global,desnutricion leve (l),2006-01-01,188,174,123,132,311,306,617
MORO MORO,desnutricion global,desnutricion leve (l),2006-01-01,1,0,1,2,2,2,4
MOROCHATA,desnutricion global,desnutricion leve (l),2006-01-01,47,32,37,35,84,67,151
NACEBE (SANTA ROSA DEL ABUNA),desnutricion global,desnutricion leve (l),2006-01-01,2,0,3,0,5,0,5
NAZACARA DE PACAJES,desnutricion global,desnutricion leve (l),2006-01-01,0,0,2,1,2,1,3
NUEVO MANOA (NUEVA ESPERANZA),desnutricion global,desnutricion leve (l),2006-01-01,9,3,11,7,20,10,30
OCURI,desnutricion global,desnutricion leve (l),2006-01-01,37,59,81,91,118,150,268
OKINAWA,desnutricion global,desnutricion leve (l),2006-01-01,5,11,7,12,12,23,35
OMEREQUE,desnutricion global,desnutricion leve (l),2006-01-01,9,11,10,14,19,25,44
ORURO,desnutricion global,desnutricion leve (l),2006-01-01,274,222,162,173,436,395,831
PADCAYA,desnutricion global,desnutricion leve (l),2006-01-01,17,22,26,34,43,56,99
PADILLA,desnutricion global,desnutricion leve (l),2006-01-01,28,41,70,70,98,111,209
PAILON,desnutricion global,desnutricion leve (l),2006-01-01,0,33,34,1,34,34,68
PALCA,desnutricion global,desnutricion leve (l),2006-01-01,4,10,7,2,11,12,23
PALOS BLANCOS,desnutricion global,desnutricion leve (l),2006-01-01,39,39,29,30,68,69,137
PAMPA AULLAGAS,desnutricion global,desnutricion leve (l),2006-01-01,5,1,3,5,8,6,14
PAMPA GRANDE,desnutricion global,desnutricion leve (l),2006-01-01,9,4,10,10,19,14,33
PAPEL PAMPA,desnutricion global,desnutricion leve (l),2006-01-01,1,0,2,0,3,0,3
PASORAPA,desnutricion global,desnutricion leve (l),2006-01-01,9,11,8,8,17,19,36
PATACAMAYA,desnutricion global,desnutricion leve (l),2006-01-01,39,40,23,27,62,67,129
PAZÑA,desnutricion global,desnutricion leve (l),2006-01-01,11,6,5,1,16,7,23
PELECHUCO,desnutricion global,desnutricion leve (l),2006-01-01,13,6,16,7,29,13,42
POCOATA,desnutricion global,desnutricion leve (l),2006-01-01,30,53,47,61,77,114,191
POCONA,desnutricion global,desnutricion leve (l),2006-01-01,19,17,15,9,34,26,60
POJO (CBBA),desnutricion global,desnutricion leve (l),2006-01-01,9,7,10,7,19,14,33
POOPO,desnutricion global,desnutricion leve (l),2006-01-01,6,3,4,4,10,7,17
PORCO,desnutricion global,desnutricion leve (l),2006-01-01,8,11,8,3,16,14,30
POROMA,desnutricion global,desnutricion leve (l),2006-01-01,28,28,43,41,71,69,140
PORONGO,desnutricion global,desnutricion leve (l),2006-01-01,3,4,5,6,8,10,18
PORTACHUELO,desnutricion global,desnutricion leve (l),2006-01-01,25,23,26,22,51,45,96
PORVENIR,desnutricion global,desnutricion leve (l),2006-01-01,3,9,2,6,5,15,20
POSTRER VALLE,desnutricion global,desnutricion leve (l),2006-01-01,3,2,4,4,7,6,13
POTOSI,desnutricion global,desnutricion leve (l),2006-01-01,330,254,134,138,464,392,856
PRESTO,desnutricion global,desnutricion leve (l),2006-01-01,34,24,48,58,82,82,164
PUCARA,desnutricion global,desnutricion leve (l),2006-01-01,1,0,1,4,2,4,6
PUCARANI,desnutricion global,desnutricion leve (l),2006-01-01,28,27,22,23,50,50,100
PUERTO ACOSTA,desnutricion global,desnutricion leve (l),2006-01-01,24,38,38,44,62,82,144
PUERTO CARABUCO,desnutricion global,desnutricion leve (l),2006-01-01,20,25,27,41,47,66,113
PUERTO GONZALO MORENO,desnutricion global,desnutricion leve (l),2006-01-01,4,7,9,7,13,14,27
PUERTO PEREZ,desnutricion global,desnutricion leve (l),2006-01-01,4,4,13,12,17,16,33
PUERTO QUIJARRO,desnutricion global,desnutricion leve (l),2006-01-01,13,11,10,7,23,18,41
PUERTO RICO,desnutricion global,desnutricion leve (l),2006-01-01,10,6,3,11,13,17,30
PUERTO SUAREZ,desnutricion global,desnutricion leve (l),2006-01-01,15,13,11,14,26,27,53
PUERTO VILLARROEL,desnutricion global,desnutricion leve (l),2006-01-01,99,86,75,95,174,181,355
PUNA,desnutricion global,desnutricion leve (l),2006-01-01,45,62,80,72,125,134,259
PUNATA,desnutricion global,desnutricion leve (l),2006-01-01,30,40,17,13,47,53,100
QUIABAYA,desnutricion global,desnutricion leve (l),2006-01-01,0,2,2,0,2,2,4
QUILLACOLLO,desnutricion global,desnutricion leve (l),2006-01-01,90,64,46,52,136,116,252
QUIME,desnutricion global,desnutricion leve (l),2006-01-01,26,9,33,28,59,37,96
QUIRUSILLAS,desnutricion global,desnutricion leve (l),2006-01-01,0,1,1,1,1,2,3
RAVELO,desnutricion global,desnutricion leve (l),2006-01-01,52,37,54,59,106,96,202
REYES,desnutricion global,desnutricion leve (l),2006-01-01,21,23,16,17,37,40,77
RIBERALTA,desnutricion global,desnutricion leve (l),2006-01-01,173,236,106,135,279,371,650
ROBORE,desnutricion global,desnutricion leve (l),2006-01-01,13,21,6,8,19,29,48
RURRENABAQUE,desnutricion global,desnutricion leve (l),2006-01-01,3,15,6,8,9,23,32
SABAYA,desnutricion global,desnutricion leve (l),2006-01-01,3,0,1,2,4,2,6
SACABA,desnutricion global,desnutricion leve (l),2006-01-01,95,81,105,76,200,157,357
SACABAMBA,desnutricion global,desnutricion leve (l),2006-01-01,14,10,5,9,19,19,38
SACACA,desnutricion global,desnutricion leve (l),2006-01-01,61,58,105,117,166,175,341
SAIPINA,desnutricion global,desnutricion leve (l),2006-01-01,10,10,9,12,19,22,41
SALINAS DE GARCI MENDOZA,desnutricion global,desnutricion leve (l),2006-01-01,8,7,7,17,15,24,39
SAMAIPATA,desnutricion global,desnutricion leve (l),2006-01-01,13,8,11,10,24,18,42
SAN AGUSTIN,desnutricion global,desnutricion leve (l),2006-01-01,3,3,3,0,6,3,9
SAN ANDRES,desnutricion global,desnutricion leve (l),2006-01-01,16,12,10,10,26,22,48
SAN ANDRES DE MACHACA,desnutricion global,desnutricion leve (l),2006-01-01,0,6,6,5,6,11,17
SAN ANTONIO DE ESMORUCO,desnutricion global,desnutricion leve (l),2006-01-01,0,1,0,1,0,2,2
SAN ANTONIO DE LOMERIO,desnutricion global,desnutricion leve (l),2006-01-01,18,32,29,25,47,57,104
SAN BENITO,desnutricion global,desnutricion leve (l),2006-01-01,10,19,24,21,34,40,74
SAN BORJA,desnutricion global,desnutricion leve (l),2006-01-01,48,47,27,33,75,80,155
SAN BUENA VENTURA,desnutricion global,desnutricion leve (l),2006-01-01,10,5,14,10,24,15,39
SAN CARLOS,desnutricion global,desnutricion leve (l),2006-01-01,21,23,12,21,33,44,77
SAN IGNACIO,desnutricion global,desnutricion leve (l),2006-01-01,33,33,40,27,73,60,133
SAN IGNACIO DE VELASCO,desnutricion global,desnutricion leve (l),2006-01-01,93,105,132,139,225,244,469
SAN JAVIER(BNI),desnutricion global,desnutricion leve (l),2006-01-01,5,3,2,4,7,7,14
SAN JOAQUIN,desnutricion global,desnutricion leve (l),2006-01-01,0,1,5,5,5,6,11
SAN JOSE DE CHIQUITOS,desnutricion global,desnutricion leve (l),2006-01-01,28,32,25,16,53,48,101
SAN JUAN DE YAPACANI,desnutricion global,desnutricion leve (l),2006-01-01,7,9,7,10,14,19,33
SAN JULIAN,desnutricion global,desnutricion leve (l),2006-01-01,9,11,16,13,25,24,49
SAN LORENZO(PND),desnutricion global,desnutricion leve (l),2006-01-01,6,10,5,2,11,12,23
SAN LORENZO(TJA),desnutricion global,desnutricion leve (l),2006-01-01,24,30,38,43,62,73,135
SAN LUCAS,desnutricion global,desnutricion leve (l),2006-01-01,154,172,195,255,349,427,776
SAN MATIAS,desnutricion global,desnutricion leve (l),2006-01-01,7,17,7,10,14,27,41
SAN MIGUEL DE VELASCO,desnutricion global,desnutricion leve (l),2006-01-01,10,20,8,17,18,37,55
SAN PABLO DE LIPEZ,desnutricion global,desnutricion leve (l),2006-01-01,4,0,3,3,7,3,10
SAN PEDRO,desnutricion global,desnutricion leve (l),2006-01-01,28,30,16,21,44,51,95
SAN PEDRO DE BUENA VISTA,desnutricion global,desnutricion leve (l),2006-01-01,49,41,59,60,108,101,209
SAN PEDRO DE CURAHUARA,desnutricion global,desnutricion leve (l),2006-01-01,11,3,12,8,23,11,34
SAN PEDRO DE TIQUINA,desnutricion global,desnutricion leve (l),2006-01-01,5,1,4,4,9,5,14
SAN PEDRO(PND),desnutricion global,desnutricion leve (l),2006-01-01,2,4,5,7,7,11,18
SAN RAFAEL,desnutricion global,desnutricion leve (l),2006-01-01,23,20,24,15,47,35,82
SAN RAMON,desnutricion global,desnutricion leve (l),2006-01-01,7,4,2,5,9,9,18
SANTA ANA,desnutricion global,desnutricion leve (l),2006-01-01,9,10,8,7,17,17,34
SANTA CRUZ DE LA SIERRA,desnutricion global,desnutricion leve (l),2006-01-01,553,500,308,361,861,861,1722
SANTA ROSA,desnutricion global,desnutricion leve (l),2006-01-01,10,11,6,13,16,24,40
SANTA ROSA DEL SARA,desnutricion global,desnutricion leve (l),2006-01-01,19,15,7,16,26,31,57
SANTIAGO DE CALLAPA,desnutricion global,desnutricion leve (l),2006-01-01,4,7,10,8,14,15,29
SANTIAGO DE HUARI,desnutricion global,desnutricion leve (l),2006-01-01,8,7,4,19,12,26,38
SANTIAGO DE MACHACA,desnutricion global,desnutricion leve (l),2006-01-01,3,2,2,3,5,5,10
SANTIVAÑES,desnutricion global,desnutricion leve (l),2006-01-01,7,21,9,15,16,36,52
SANTUARIO DE QUILLACAS,desnutricion global,desnutricion leve (l),2006-01-01,2,3,2,1,4,4,8
SAPAHAQUI,desnutricion global,desnutricion leve (l),2006-01-01,15,20,28,28,43,48,91
SENA,desnutricion global,desnutricion leve (l),2006-01-01,7,9,9,3,16,12,28
SICA SICA (VILLA AROMA),desnutricion global,desnutricion leve (l),2006-01-01,52,41,41,47,93,88,181
SICAYA,desnutricion global,desnutricion leve (l),2006-01-01,16,3,1,3,17,6,23
SIPE SIPE,desnutricion global,desnutricion leve (l),2006-01-01,73,42,34,30,107,72,179
SOPACHUY,desnutricion global,desnutricion leve (l),2006-01-01,23,31,45,68,68,99,167
SORACACHI,desnutricion global,desnutricion leve (l),2006-01-01,5,5,13,11,18,16,34
SORATA,desnutricion global,desnutricion leve (l),2006-01-01,27,17,22,23,49,40,89
SUCRE,desnutricion global,desnutricion leve (l),2006-01-01,201,175,181,232,382,407,789
TACACHI,desnutricion global,desnutricion leve (l),2006-01-01,1,3,0,0,1,3,4
TACACOMA,desnutricion global,desnutricion leve (l),2006-01-01,3,4,5,3,8,7,15
TACOBAMBA,desnutricion global,desnutricion leve (l),2006-01-01,9,10,14,11,23,21,44
TACOPAYA,desnutricion global,desnutricion leve (l),2006-01-01,17,30,13,29,30,59,89
TAHUA,desnutricion global,desnutricion leve (l),2006-01-01,0,0,1,1,1,1,2
TAPACARI,desnutricion global,desnutricion leve (l),2006-01-01,47,47,39,47,86,94,180
TARABUCO,desnutricion global,desnutricion leve (l),2006-01-01,103,98,199,197,302,295,597
TARACO,desnutricion global,desnutricion leve (l),2006-01-01,1,3,0,5,1,8,9
TARATA,desnutricion global,desnutricion leve (l),2006-01-01,17,11,11,8,28,19,47
TARIJA,desnutricion global,desnutricion leve (l),2006-01-01,154,151,105,137,259,288,547
TARVITA,desnutricion global,desnutricion leve (l),2006-01-01,54,60,91,124,145,184,329
TEOPONTE,desnutricion global,desnutricion leve (l),2006-01-01,0,3,3,4,3,7,10
TIAWANACU,desnutricion global,desnutricion leve (l),2006-01-01,8,7,7,6,15,13,28
TINGUIPAYA,desnutricion global,desnutricion leve (l),2006-01-01,46,54,58,43,104,97,201
TIPUANI,desnutricion global,desnutricion leve (l),2006-01-01,14,12,9,12,23,24,47
TIQUIPAYA,desnutricion global,desnutricion leve (l),2006-01-01,34,37,33,22,67,59,126
TIRAQUE (CBBA),desnutricion global,desnutricion leve (l),2006-01-01,103,60,73,60,176,120,296
TITO YUPANQUI (PARQUIPUJIO),desnutricion global,desnutricion leve (l),2006-01-01,2,1,4,1,6,2,8
TOCO,desnutricion global,desnutricion leve (l),2006-01-01,6,6,3,5,9,11,20
TOLATA,desnutricion global,desnutricion leve (l),2006-01-01,2,9,0,2,2,11,13
TOLEDO,desnutricion global,desnutricion leve (l),2006-01-01,5,2,3,2,8,4,12
TOMAVE,desnutricion global,desnutricion leve (l),2006-01-01,7,6,14,5,21,11,32
TOMINA,desnutricion global,desnutricion leve (l),2006-01-01,35,40,58,71,93,111,204
TORO TORO,desnutricion global,desnutricion leve (l),2006-01-01,64,57,46,47,110,104,214
TOTORA(CBBA),desnutricion global,desnutricion leve (l),2006-01-01,17,21,11,24,28,45,73
TOTORA(ORR),desnutricion global,desnutricion leve (l),2006-01-01,5,3,9,5,14,8,22
TRIGAL,desnutricion global,desnutricion leve (l),2006-01-01,2,5,2,3,4,8,12
TRINIDAD,desnutricion global,desnutricion leve (l),2006-01-01,87,86,55,53,142,139,281
TUPIZA,desnutricion global,desnutricion leve (l),2006-01-01,40,40,56,70,96,110,206
TURCO,desnutricion global,desnutricion leve (l),2006-01-01,6,4,2,3,8,7,15
UMALA,desnutricion global,desnutricion leve (l),2006-01-01,4,4,3,8,7,12,19
UNCIA,desnutricion global,desnutricion leve (l),2006-01-01,31,13,28,15,59,28,87
URIONDO (A. CONCEPCION),desnutricion global,desnutricion leve (l),2006-01-01,47,40,35,33,82,73,155
UYUNI,desnutricion global,desnutricion leve (l),2006-01-01,10,8,4,14,14,22,36
VACAS,desnutricion global,desnutricion leve (l),2006-01-01,18,13,9,13,27,26,53
VALLEGRANDE,desnutricion global,desnutricion leve (l),2006-01-01,17,17,14,20,31,37,68
VIACHA,desnutricion global,desnutricion leve (l),2006-01-01,39,29,27,23,66,52,118
VILA VILA,desnutricion global,desnutricion leve (l),2006-01-01,2,1,3,1,5,2,7
VILLA MONTES,desnutricion global,desnutricion leve (l),2006-01-01,36,42,33,29,69,71,140
VILLA NUEVA (LOMA ALTA),desnutricion global,desnutricion leve (l),2006-01-01,4,3,2,2,6,5,11
VILLA RIVERO,desnutricion global,desnutricion leve (l),2006-01-01,7,6,10,7,17,13,30
VILLA SERRANO,desnutricion global,desnutricion leve (l),2006-01-01,45,35,86,86,131,121,252
VILLA TUNARI,desnutricion global,desnutricion leve (l),2006-01-01,64,70,82,82,146,152,298
VILLA VACA GUZMAN (MUYUPAMPA),desnutricion global,desnutricion leve (l),2006-01-01,25,20,35,47,60,67,127
VILLAZON,desnutricion global,desnutricion leve (l),2006-01-01,83,59,76,66,159,125,284
VINTO,desnutricion global,desnutricion leve (l),2006-01-01,27,21,4,3,31,24,55
VITICHI,desnutricion global,desnutricion leve (l),2006-01-01,31,30,60,61,91,91,182
WALDO BALLIVIAN,desnutricion global,desnutricion leve (l),2006-01-01,2,5,3,0,5,5,10
WARNES,desnutricion global,desnutricion leve (l),2006-01-01,61,57,39,71,100,128,228
YACO,desnutricion global,desnutricion leve (l),2006-01-01,20,25,11,18,31,43,74
YACUIBA,desnutricion global,desnutricion leve (l),2006-01-01,37,42,34,34,71,76,147
YAMPARAEZ,desnutricion global,desnutricion leve (l),2006-01-01,27,23,87,73,114,96,210
YANACACHI,desnutricion global,desnutricion leve (l),2006-01-01,1,2,3,2,4,4,8
YAPACANI,desnutricion global,desnutricion leve (l),2006-01-01,73,77,54,43,127,120,247
YOCALLA,desnutricion global,desnutricion leve (l),2006-01-01,6,8,8,8,14,16,30
YOTALA,desnutricion global,desnutricion leve (l),2006-01-01,14,16,21,32,35,48,83
YUNCHARA,desnutricion global,desnutricion leve (l),2006-01-01,15,10,26,25,41,35,76
ZUDAÑEZ,desnutricion global,desnutricion leve (l),2006-01-01,28,25,45,58,73,83,156
ACACIO,desnutricion global,desnutricion leve (l),2006-02-01,28,32,57,65,85,97,182
ACHACACHI,desnutricion global,desnutricion leve (l),2006-02-01,41,45,41,48,82,93,175
ACHOCALLA,desnutricion global,desnutricion leve (l),2006-02-01,9,7,10,12,19,19,38
AIQUILE,desnutricion global,desnutricion leve (l),2006-02-01,31,28,22,26,53,54,107
ALALAY,desnutricion global,desnutricion leve (l),2006-02-01,6,3,2,1,8,4,12
ALCALA,desnutricion global,desnutricion leve (l),2006-02-01,11,12,38,31,49,43,92
ANCORAIMES,desnutricion global,desnutricion leve (l),2006-02-01,24,24,35,41,59,65,124
ANDAMARCA,desnutricion global,desnutricion leve (l),2006-02-01,5,7,12,17,17,24,41
ANZALDO,desnutricion global,desnutricion leve (l),2006-02-01,6,6,7,15,13,21,34
APOLO,desnutricion global,desnutricion leve (l),2006-02-01,41,45,50,56,91,101,192
ARAMPAMPA,desnutricion global,desnutricion leve (l),2006-02-01,16,16,16,14,32,30,62
ARANI,desnutricion global,desnutricion leve (l),2006-02-01,18,16,10,22,28,38,66
ARBIETO,desnutricion global,desnutricion leve (l),2006-02-01,15,10,13,23,28,33,61
ARQUE,desnutricion global,desnutricion leve (l),2006-02-01,22,38,41,55,63,93,156
ASCENCION DE GUARAYOS,desnutricion global,desnutricion leve (l),2006-02-01,112,84,132,143,244,227,471
ATOCHA,desnutricion global,desnutricion leve (l),2006-02-01,65,49,58,41,123,90,213
AUCAPATA,desnutricion global,desnutricion leve (l),2006-02-01,13,14,10,22,23,36,59
AYATA,desnutricion global,desnutricion leve (l),2006-02-01,26,11,33,37,59,48,107
AYO AYO,desnutricion global,desnutricion leve (l),2006-02-01,17,8,8,9,25,17,42
AYOPAYA (V. DE INDEPENDENCIA),desnutricion global,desnutricion leve (l),2006-02-01,64,47,67,68,131,115,246
AZURDUY,desnutricion global,desnutricion leve (l),2006-02-01,30,36,61,74,91,110,201
BATALLAS,desnutricion global,desnutricion leve (l),2006-02-01,23,25,9,22,32,47,79
BAURES,desnutricion global,desnutricion leve (l),2006-02-01,9,7,6,7,15,14,29
BELEN DE ANDAMARCA,desnutricion global,desnutricion leve (l),2006-02-01,3,3,4,0,7,3,10
BELEN DE URMIRI,desnutricion global,desnutricion leve (l),2006-02-01,4,4,6,7,10,11,21
BELLA FLOR,desnutricion global,desnutricion leve (l),2006-02-01,2,9,9,9,11,18,29
BERMEJO,desnutricion global,desnutricion leve (l),2006-02-01,14,11,13,16,27,27,54
BETANZOS,desnutricion global,desnutricion leve (l),2006-02-01,73,81,132,126,205,207,412
BOLIVAR,desnutricion global,desnutricion leve (l),2006-02-01,20,19,15,23,35,42,77
BOLPEBRA,desnutricion global,desnutricion leve (l),2006-02-01,3,5,3,3,6,8,14
BOYUIBE,desnutricion global,desnutricion leve (l),2006-02-01,15,3,19,13,34,16,50
BUENA VISTA,desnutricion global,desnutricion leve (l),2006-02-01,7,5,8,17,15,22,37
CABEZAS,desnutricion global,desnutricion leve (l),2006-02-01,26,54,39,16,65,70,135
CAIROMA,desnutricion global,desnutricion leve (l),2006-02-01,69,63,53,52,122,115,237
"CAIZA ""D""",desnutricion global,desnutricion leve (l),2006-02-01,14,19,31,26,45,45,90
CAJUATA,desnutricion global,desnutricion leve (l),2006-02-01,16,14,7,10,23,24,47
CALACOTO,desnutricion global,desnutricion leve (l),2006-02-01,9,8,15,8,24,16,40
CALAMARCA,desnutricion global,desnutricion leve (l),2006-02-01,77,52,46,53,123,105,228
CAMARGO,desnutricion global,desnutricion leve (l),2006-02-01,69,65,89,104,158,169,327
CAMATAQUI (C. VILLA ABECIA),desnutricion global,desnutricion leve (l),2006-02-01,5,7,14,17,19,24,43
CAMIRI,desnutricion global,desnutricion leve (l),2006-02-01,56,44,43,48,99,92,191
CAPINOTA,desnutricion global,desnutricion leve (l),2006-02-01,31,29,20,21,51,50,101
CAQUIAVIRI,desnutricion global,desnutricion leve (l),2006-02-01,14,12,10,12,24,24,48
CARACOLLO,desnutricion global,desnutricion leve (l),2006-02-01,38,22,31,26,69,48,117
CARANAVI,desnutricion global,desnutricion leve (l),2006-02-01,75,89,71,90,146,179,325
CARAPARI,desnutricion global,desnutricion leve (l),2006-02-01,13,8,13,14,26,22,48
CARIPUYO,desnutricion global,desnutricion leve (l),2006-02-01,25,25,37,39,62,64,126
CARMEN RIVERO TORREZ,desnutricion global,desnutricion leve (l),2006-02-01,4,8,6,1,10,9,19
CATACORA,desnutricion global,desnutricion leve (l),2006-02-01,4,2,1,4,5,6,11
CHACARILLA,desnutricion global,desnutricion leve (l),2006-02-01,5,6,7,5,12,11,23
CHALLAPATA,desnutricion global,desnutricion leve (l),2006-02-01,42,47,47,55,89,102,191
CHAQUI,desnutricion global,desnutricion leve (l),2006-02-01,13,12,29,19,42,31,73
CHARAGUA,desnutricion global,desnutricion leve (l),2006-02-01,52,56,49,46,101,102,203
CHARAÑA,desnutricion global,desnutricion leve (l),2006-02-01,3,1,2,3,5,4,9
CHAYANTA,desnutricion global,desnutricion leve (l),2006-02-01,37,30,64,62,101,92,193
CHIMORE,desnutricion global,desnutricion leve (l),2006-02-01,15,24,13,13,28,37,65
CHIPAYA,desnutricion global,desnutricion leve (l),2006-02-01,7,0,8,1,15,1,16
CHOQUE COTA,desnutricion global,desnutricion leve (l),2006-02-01,1,4,1,1,2,5,7
CHULUMANI (V. DE LA LIBERTAD),desnutricion global,desnutricion leve (l),2006-02-01,6,6,6,7,12,13,25
CHUMA,desnutricion global,desnutricion leve (l),2006-02-01,17,24,31,39,48,63,111
CLIZA,desnutricion global,desnutricion leve (l),2006-02-01,29,15,10,9,39,24,63
COBIJA,desnutricion global,desnutricion leve (l),2006-02-01,34,35,23,34,57,69,126
COCHABAMBA,desnutricion global,desnutricion leve (l),2006-02-01,334,319,253,255,587,574,1161
COLCAPIRHUA,desnutricion global,desnutricion leve (l),2006-02-01,25,35,15,29,40,64,104
"COLCHA ""K""",desnutricion global,desnutricion leve (l),2006-02-01,10,10,17,25,27,35,62
COLLANA,desnutricion global,desnutricion leve (l),2006-02-01,2,4,1,2,3,6,9
COLOMI,desnutricion global,desnutricion leve (l),2006-02-01,46,24,32,36,78,60,138
COLPA BELGICA,desnutricion global,desnutricion leve (l),2006-02-01,4,4,2,5,6,9,15
COLQUECHACA,desnutricion global,desnutricion leve (l),2006-02-01,104,87,93,108,197,195,392
COLQUENCHA,desnutricion global,desnutricion leve (l),2006-02-01,21,15,41,38,62,53,115
COLQUIRI,desnutricion global,desnutricion leve (l),2006-02-01,41,45,37,38,78,83,161
COMANCHE,desnutricion global,desnutricion leve (l),2006-02-01,1,2,2,6,3,8,11
COMARAPA,desnutricion global,desnutricion leve (l),2006-02-01,20,29,32,25,52,54,106
COMBAYA,desnutricion global,desnutricion leve (l),2006-02-01,6,4,7,6,13,10,23
CONCEPCION,desnutricion global,desnutricion leve (l),2006-02-01,28,13,3,9,31,22,53
COPACABANA,desnutricion global,desnutricion leve (l),2006-02-01,32,21,24,35,56,56,112
CORIPATA,desnutricion global,desnutricion leve (l),2006-02-01,15,13,23,17,38,30,68
CORO CORO,desnutricion global,desnutricion leve (l),2006-02-01,20,10,21,30,41,40,81
COROICO,desnutricion global,desnutricion leve (l),2006-02-01,12,14,19,18,31,32,63
CORQUE,desnutricion global,desnutricion leve (l),2006-02-01,6,3,7,7,13,10,23
COTAGAITA,desnutricion global,desnutricion leve (l),2006-02-01,84,60,72,76,156,136,292
COTOCA,desnutricion global,desnutricion leve (l),2006-02-01,23,37,10,11,33,48,81
CUATRO CAÑADAS,desnutricion global,desnutricion leve (l),2006-02-01,12,5,11,14,23,19,42
CUCHUMUELA (V. G. VILLARROEL),desnutricion global,desnutricion leve (l),2006-02-01,14,8,14,9,28,17,45
CUEVO,desnutricion global,desnutricion leve (l),2006-02-01,5,14,6,9,11,23,34
CULPINA,desnutricion global,desnutricion leve (l),2006-02-01,68,75,89,80,157,155,312
CURAHUARA DE CARANGAS,desnutricion global,desnutricion leve (l),2006-02-01,4,4,8,3,12,7,19
CURVA,desnutricion global,desnutricion leve (l),2006-02-01,6,7,7,7,13,14,27
DESAGUADERO,desnutricion global,desnutricion leve (l),2006-02-01,3,4,4,2,7,6,13
EL ALTO,desnutricion global,desnutricion leve (l),2006-02-01,978,810,606,561,1584,1371,2955
EL CHORO,desnutricion global,desnutricion leve (l),2006-02-01,3,4,4,3,7,7,14
EL PUENTE(STC),desnutricion global,desnutricion leve (l),2006-02-01,14,29,26,24,40,53,93
EL PUENTE(TJA),desnutricion global,desnutricion leve (l),2006-02-01,16,22,53,54,69,76,145
EL TORNO,desnutricion global,desnutricion leve (l),2006-02-01,31,22,20,36,51,58,109
EL VILLAR,desnutricion global,desnutricion leve (l),2006-02-01,4,9,25,21,29,30,59
ENTRE RIOS,desnutricion global,desnutricion leve (l),2006-02-01,27,31,53,47,80,78,158
ENTRE RIOS,desnutricion global,desnutricion leve (l),2006-02-01,29,38,39,46,68,84,152
ESCARA,desnutricion global,desnutricion leve (l),2006-02-01,0,1,1,0,1,1,2
EUCALIPTUS,desnutricion global,desnutricion leve (l),2006-02-01,8,3,12,10,20,13,33
EUREKA (SANTOS MERCADO),desnutricion global,desnutricion leve (l),2006-02-01,1,0,0,0,1,0,1
EXALTACION,desnutricion global,desnutricion leve (l),2006-02-01,10,2,5,11,15,13,28
FERNANDEZ ALONSO,desnutricion global,desnutricion leve (l),2006-02-01,14,10,16,11,30,21,51
FILADELFIA,desnutricion global,desnutricion leve (l),2006-02-01,3,2,4,4,7,6,13
GENERAL SAAVEDRA,desnutricion global,desnutricion leve (l),2006-02-01,28,21,21,37,49,58,107
GRAL. J.J. PEREZ (CHARAZANI),desnutricion global,desnutricion leve (l),2006-02-01,27,32,35,43,62,75,137
GUANAY,desnutricion global,desnutricion leve (l),2006-02-01,21,19,23,33,44,52,96
GUAQUI,desnutricion global,desnutricion leve (l),2006-02-01,7,6,10,3,17,9,26
GUAYARAMERIN,desnutricion global,desnutricion leve (l),2006-02-01,50,40,42,53,92,93,185
GUTIERREZ,desnutricion global,desnutricion leve (l),2006-02-01,44,47,81,75,125,122,247
HUACARETA,desnutricion global,desnutricion leve (l),2006-02-01,16,24,34,27,50,51,101
HUACAYA (VILLA DE HUACAYA),desnutricion global,desnutricion leve (l),2006-02-01,10,1,6,7,16,8,24
HUACHACALLA,desnutricion global,desnutricion leve (l),2006-02-01,1,3,3,1,4,4,8
HUANUNI,desnutricion global,desnutricion leve (l),2006-02-01,37,17,26,21,63,38,101
HUARACAJE,desnutricion global,desnutricion leve (l),2006-02-01,3,3,5,2,8,5,13
HUAYLLAMARCA,desnutricion global,desnutricion leve (l),2006-02-01,1,2,3,2,4,4,8
ICHOCA,desnutricion global,desnutricion leve (l),2006-02-01,10,9,13,7,23,16,39
ICLA,desnutricion global,desnutricion leve (l),2006-02-01,61,52,252,116,313,168,481
INCAHUASI,desnutricion global,desnutricion leve (l),2006-02-01,91,93,106,144,197,237,434
INGAVI (HUMAITA),desnutricion global,desnutricion leve (l),2006-02-01,9,5,5,5,14,10,24
INQUISIVI,desnutricion global,desnutricion leve (l),2006-02-01,38,33,40,45,78,78,156
IRUPANA (VILLA DE LANZA),desnutricion global,desnutricion leve (l),2006-02-01,10,13,22,18,32,31,63
IXIAMAS,desnutricion global,desnutricion leve (l),2006-02-01,24,16,8,13,32,29,61
JESUS DE MACHACA,desnutricion global,desnutricion leve (l),2006-02-01,11,20,21,28,32,48,80
LA ASUNTA,desnutricion global,desnutricion leve (l),2006-02-01,21,24,12,14,33,38,71
LA GUARDIA,desnutricion global,desnutricion leve (l),2006-02-01,69,71,37,50,106,121,227
LA PAZ,desnutricion global,desnutricion leve (l),2006-02-01,658,548,397,403,1055,951,2006
LAGUNILLAS,desnutricion global,desnutricion leve (l),2006-02-01,15,18,18,22,33,40,73
LAJA,desnutricion global,desnutricion leve (l),2006-02-01,9,9,13,13,22,22,44
LAS CARRERAS,desnutricion global,desnutricion leve (l),2006-02-01,3,8,17,28,20,36,56
LLALLAGUA,desnutricion global,desnutricion leve (l),2006-02-01,64,59,82,91,146,150,296
LLICA,desnutricion global,desnutricion leve (l),2006-02-01,0,0,1,2,1,2,3
LORETO,desnutricion global,desnutricion leve (l),2006-02-01,5,21,3,4,8,25,33
LURIBAY,desnutricion global,desnutricion leve (l),2006-02-01,20,20,24,31,44,51,95
MACHACAMARCA,desnutricion global,desnutricion leve (l),2006-02-01,4,3,1,2,5,5,10
MACHARETI,desnutricion global,desnutricion leve (l),2006-02-01,19,15,35,48,54,63,117
MAGDALENA,desnutricion global,desnutricion leve (l),2006-02-01,6,14,10,11,16,25,41
MAIRANA,desnutricion global,desnutricion leve (l),2006-02-01,11,13,16,11,27,24,51
MALLA,desnutricion global,desnutricion leve (l),2006-02-01,10,6,10,15,20,21,41
MAPIRI,desnutricion global,desnutricion leve (l),2006-02-01,14,15,7,12,21,27,48
MECAPACA,desnutricion global,desnutricion leve (l),2006-02-01,19,14,24,28,43,42,85
MINEROS,desnutricion global,desnutricion leve (l),2006-02-01,31,23,20,17,51,40,91
MIZQUE,desnutricion global,desnutricion leve (l),2006-02-01,70,68,80,75,150,143,293
MOCOMOCO,desnutricion global,desnutricion leve (l),2006-02-01,39,35,38,39,77,74,151
MOJINETE,desnutricion global,desnutricion leve (l),2006-02-01,6,5,10,10,16,15,31
MOJOCOYA,desnutricion global,desnutricion leve (l),2006-02-01,22,15,39,41,61,56,117
MONTEAGUDO,desnutricion global,desnutricion leve (l),2006-02-01,63,48,98,100,161,148,309
MONTERO,desnutricion global,desnutricion leve (l),2006-02-01,202,158,110,130,312,288,600
MORO MORO,desnutricion global,desnutricion leve (l),2006-02-01,6,5,10,7,16,12,28
MOROCHATA,desnutricion global,desnutricion leve (l),2006-02-01,35,42,41,52,76,94,170
NACEBE (SANTA ROSA DEL ABUNA),desnutricion global,desnutricion leve (l),2006-02-01,0,1,1,0,1,1,2
OCURI,desnutricion global,desnutricion leve (l),2006-02-01,60,71,86,94,146,165,311
OKINAWA,desnutricion global,desnutricion leve (l),2006-02-01,8,14,7,8,15,22,37
OMEREQUE,desnutricion global,desnutricion leve (l),2006-02-01,6,8,10,5,16,13,29
ORURO,desnutricion global,desnutricion leve (l),2006-02-01,240,244,165,171,405,415,820
PADCAYA,desnutricion global,desnutricion leve (l),2006-02-01,23,19,34,38,57,57,114
PADILLA,desnutricion global,desnutricion leve (l),2006-02-01,39,38,72,76,111,114,225
PAILON,desnutricion global,desnutricion leve (l),2006-02-01,1,45,22,0,23,45,68
PALCA,desnutricion global,desnutricion leve (l),2006-02-01,8,9,4,9,12,18,30
PALOS BLANCOS,desnutricion global,desnutricion leve (l),2006-02-01,74,66,45,48,119,114,233
PAMPA AULLAGAS,desnutricion global,desnutricion leve (l),2006-02-01,9,3,7,11,16,14,30
PAMPA GRANDE,desnutricion global,desnutricion leve (l),2006-02-01,3,3,4,8,7,11,18
PAPEL PAMPA,desnutricion global,desnutricion leve (l),2006-02-01,1,2,1,5,2,7,9
PASORAPA,desnutricion global,desnutricion leve (l),2006-02-01,11,14,17,13,28,27,55
PATACAMAYA,desnutricion global,desnutricion leve (l),2006-02-01,62,54,25,42,87,96,183
PAZÑA,desnutricion global,desnutricion leve (l),2006-02-01,10,4,4,7,14,11,25
PELECHUCO,desnutricion global,desnutricion leve (l),2006-02-01,13,11,15,11,28,22,50
POCOATA,desnutricion global,desnutricion leve (l),2006-02-01,38,62,64,76,102,138,240
POCONA,desnutricion global,desnutricion leve (l),2006-02-01,28,17,38,48,66,65,131
POJO (CBBA),desnutricion global,desnutricion leve (l),2006-02-01,14,18,7,11,21,29,50
POOPO,desnutricion global,desnutricion leve (l),2006-02-01,8,5,9,5,17,10,27
PORCO,desnutricion global,desnutricion leve (l),2006-02-01,11,9,7,12,18,21,39
POROMA,desnutricion global,desnutricion leve (l),2006-02-01,39,56,51,52,90,108,198
PORONGO,desnutricion global,desnutricion leve (l),2006-02-01,3,6,2,1,5,7,12
PORTACHUELO,desnutricion global,desnutricion leve (l),2006-02-01,36,22,25,24,61,46,107
PORVENIR,desnutricion global,desnutricion leve (l),2006-02-01,0,0,2,4,2,4,6
POSTRER VALLE,desnutricion global,desnutricion leve (l),2006-02-01,7,2,6,6,13,8,21
POTOSI,desnutricion global,desnutricion leve (l),2006-02-01,280,242,175,175,455,417,872
PRESTO,desnutricion global,desnutricion leve (l),2006-02-01,41,33,49,50,90,83,173
PUCARA,desnutricion global,desnutricion leve (l),2006-02-01,0,3,7,5,7,8,15
PUCARANI,desnutricion global,desnutricion leve (l),2006-02-01,28,377,44,40,72,417,489
PUERTO ACOSTA,desnutricion global,desnutricion leve (l),2006-02-01,42,49,41,68,83,117,200
PUERTO CARABUCO,desnutricion global,desnutricion leve (l),2006-02-01,27,11,18,30,45,41,86
PUERTO GONZALO MORENO,desnutricion global,desnutricion leve (l),2006-02-01,8,5,4,7,12,12,24
PUERTO PEREZ,desnutricion global,desnutricion leve (l),2006-02-01,6,8,11,7,17,15,32
PUERTO QUIJARRO,desnutricion global,desnutricion leve (l),2006-02-01,9,9,9,5,18,14,32
PUERTO RICO,desnutricion global,desnutricion leve (l),2006-02-01,4,7,4,20,8,27,35
PUERTO SILES,desnutricion global,desnutricion leve (l),2006-02-01,8,2,6,7,14,9,23
PUERTO SUAREZ,desnutricion global,desnutricion leve (l),2006-02-01,13,17,5,11,18,28,46
PUERTO VILLARROEL,desnutricion global,desnutricion leve (l),2006-02-01,87,83,93,73,180,156,336
PUNA,desnutricion global,desnutricion leve (l),2006-02-01,65,70,74,81,139,151,290
PUNATA,desnutricion global,desnutricion leve (l),2006-02-01,35,43,22,34,57,77,134
QUIABAYA,desnutricion global,desnutricion leve (l),2006-02-01,5,7,4,4,9,11,20
QUILLACOLLO,desnutricion global,desnutricion leve (l),2006-02-01,99,64,66,69,165,133,298
QUIME,desnutricion global,desnutricion leve (l),2006-02-01,29,8,24,15,53,23,76
QUIRUSILLAS,desnutricion global,desnutricion leve (l),2006-02-01,1,2,1,0,2,2,4
RAVELO,desnutricion global,desnutricion leve (l),2006-02-01,88,81,98,126,186,207,393
REYES,desnutricion global,desnutricion leve (l),2006-02-01,16,17,10,5,26,22,48
RIBERALTA,desnutricion global,desnutricion leve (l),2006-02-01,173,229,78,116,251,345,596
ROBORE,desnutricion global,desnutricion leve (l),2006-02-01,10,24,15,23,25,47,72
RURRENABAQUE,desnutricion global,desnutricion leve (l),2006-02-01,19,21,15,15,34,36,70
SABAYA,desnutricion global,desnutricion leve (l),2006-02-01,7,2,3,0,10,2,12
SACABA,desnutricion global,desnutricion leve (l),2006-02-01,107,74,54,75,161,149,310
SACABAMBA,desnutricion global,desnutricion leve (l),2006-02-01,22,21,17,27,39,48,87
SACACA,desnutricion global,desnutricion leve (l),2006-02-01,175,148,352,321,527,469,996
SAIPINA,desnutricion global,desnutricion leve (l),2006-02-01,4,5,4,3,8,8,16
SALINAS DE GARCI MENDOZA,desnutricion global,desnutricion leve (l),2006-02-01,16,20,13,17,29,37,66
SAMAIPATA,desnutricion global,desnutricion leve (l),2006-02-01,12,6,16,20,28,26,54
SAN AGUSTIN,desnutricion global,desnutricion leve (l),2006-02-01,0,1,0,3,0,4,4
SAN ANDRES,desnutricion global,desnutricion leve (l),2006-02-01,15,11,4,14,19,25,44
SAN ANDRES DE MACHACA,desnutricion global,desnutricion leve (l),2006-02-01,2,0,1,0,3,0,3
SAN ANTONIO DE ESMORUCO,desnutricion global,desnutricion leve (l),2006-02-01,0,1,1,0,1,1,2
SAN ANTONIO DE LOMERIO,desnutricion global,desnutricion leve (l),2006-02-01,31,16,24,32,55,48,103
SAN BENITO,desnutricion global,desnutricion leve (l),2006-02-01,10,8,8,9,18,17,35
SAN BORJA,desnutricion global,desnutricion leve (l),2006-02-01,70,77,38,47,108,124,232
SAN BUENA VENTURA,desnutricion global,desnutricion leve (l),2006-02-01,22,12,12,8,34,20,54
SAN CARLOS,desnutricion global,desnutricion leve (l),2006-02-01,29,21,23,22,52,43,95
SAN IGNACIO,desnutricion global,desnutricion leve (l),2006-02-01,58,60,60,57,118,117,235
SAN IGNACIO DE VELASCO,desnutricion global,desnutricion leve (l),2006-02-01,104,137,110,129,214,266,480
SAN JAVIER(BNI),desnutricion global,desnutricion leve (l),2006-02-01,2,2,1,3,3,5,8
SAN JAVIER(STC),desnutricion global,desnutricion leve (l),2006-02-01,10,8,0,0,10,8,18
SAN JOAQUIN,desnutricion global,desnutricion leve (l),2006-02-01,6,10,7,13,13,23,36
SAN JOSE DE CHIQUITOS,desnutricion global,desnutricion leve (l),2006-02-01,21,30,13,21,34,51,85
SAN JUAN DE YAPACANI,desnutricion global,desnutricion leve (l),2006-02-01,9,7,7,11,16,18,34
SAN JULIAN,desnutricion global,desnutricion leve (l),2006-02-01,9,7,13,9,22,16,38
SAN LORENZO(PND),desnutricion global,desnutricion leve (l),2006-02-01,6,5,12,11,18,16,34
SAN LORENZO(TJA),desnutricion global,desnutricion leve (l),2006-02-01,27,22,53,68,80,90,170
SAN LUCAS,desnutricion global,desnutricion leve (l),2006-02-01,194,166,196,244,390,410,800
SAN MATIAS,desnutricion global,desnutricion leve (l),2006-02-01,11,11,8,9,19,20,39
SAN MIGUEL DE VELASCO,desnutricion global,desnutricion leve (l),2006-02-01,23,26,20,20,43,46,89
SAN PABLO DE LIPEZ,desnutricion global,desnutricion leve (l),2006-02-01,4,6,4,7,8,13,21
SAN PEDRO,desnutricion global,desnutricion leve (l),2006-02-01,22,36,16,25,38,61,99
SAN PEDRO DE BUENA VISTA,desnutricion global,desnutricion leve (l),2006-02-01,51,42,72,47,123,89,212
SAN PEDRO DE CURAHUARA,desnutricion global,desnutricion leve (l),2006-02-01,2,3,2,4,4,7,11
SAN PEDRO DE TIQUINA,desnutricion global,desnutricion leve (l),2006-02-01,2,1,7,4,9,5,14
SAN PEDRO(PND),desnutricion global,desnutricion leve (l),2006-02-01,0,1,1,0,1,1,2
SAN RAFAEL,desnutricion global,desnutricion leve (l),2006-02-01,6,7,10,13,16,20,36
SAN RAMON,desnutricion global,desnutricion leve (l),2006-02-01,5,6,2,1,7,7,14
SANTA ANA,desnutricion global,desnutricion leve (l),2006-02-01,10,12,9,6,19,18,37
SANTA CRUZ DE LA SIERRA,desnutricion global,desnutricion leve (l),2006-02-01,542,597,250,317,792,914,1706
SANTA ROSA,desnutricion global,desnutricion leve (l),2006-02-01,0,0,2,2,2,2,4
SANTA ROSA DEL SARA,desnutricion global,desnutricion leve (l),2006-02-01,26,20,21,26,47,46,93
SANTIAGO DE CALLAPA,desnutricion global,desnutricion leve (l),2006-02-01,7,10,9,8,16,18,34
SANTIAGO DE HUARI,desnutricion global,desnutricion leve (l),2006-02-01,9,9,18,29,27,38,65
SANTIAGO DE MACHACA,desnutricion global,desnutricion leve (l),2006-02-01,6,5,2,7,8,12,20
SANTIVAÑES,desnutricion global,desnutricion leve (l),2006-02-01,6,8,13,12,19,20,39
SANTUARIO DE QUILLACAS,desnutricion global,desnutricion leve (l),2006-02-01,5,6,5,3,10,9,19
SAPAHAQUI,desnutricion global,desnutricion leve (l),2006-02-01,16,15,24,41,40,56,96
SENA,desnutricion global,desnutricion leve (l),2006-02-01,1,3,0,2,1,5,6
SICA SICA (VILLA AROMA),desnutricion global,desnutricion leve (l),2006-02-01,51,51,30,32,81,83,164
SICAYA,desnutricion global,desnutricion leve (l),2006-02-01,10,4,3,4,13,8,21
SIPE SIPE,desnutricion global,desnutricion leve (l),2006-02-01,89,57,62,45,151,102,253
SOPACHUY,desnutricion global,desnutricion leve (l),2006-02-01,5,9,23,27,28,36,64
SORACACHI,desnutricion global,desnutricion leve (l),2006-02-01,7,12,8,8,15,20,35
SORATA,desnutricion global,desnutricion leve (l),2006-02-01,18,19,65,28,83,47,130
SUCRE,desnutricion global,desnutricion leve (l),2006-02-01,295,258,306,337,601,595,1196
TACACHI,desnutricion global,desnutricion leve (l),2006-02-01,2,0,0,0,2,0,2
TACACOMA,desnutricion global,desnutricion leve (l),2006-02-01,5,6,9,7,14,13,27
TACOBAMBA,desnutricion global,desnutricion leve (l),2006-02-01,15,13,21,17,36,30,66
TACOPAYA,desnutricion global,desnutricion leve (l),2006-02-01,34,27,51,54,85,81,166
TAHUA,desnutricion global,desnutricion leve (l),2006-02-01,0,0,2,0,2,0,2
TAPACARI,desnutricion global,desnutricion leve (l),2006-02-01,46,64,50,46,96,110,206
TARABUCO,desnutricion global,desnutricion leve (l),2006-02-01,119,98,222,227,341,325,666
TARACO,desnutricion global,desnutricion leve (l),2006-02-01,0,0,4,3,4,3,7
TARATA,desnutricion global,desnutricion leve (l),2006-02-01,5,12,16,8,21,20,41
TARIJA,desnutricion global,desnutricion leve (l),2006-02-01,152,151,147,158,299,309,608
TARVITA,desnutricion global,desnutricion leve (l),2006-02-01,24,16,41,61,65,77,142
TEOPONTE,desnutricion global,desnutricion leve (l),2006-02-01,4,14,13,10,17,24,41
TIAWANACU,desnutricion global,desnutricion leve (l),2006-02-01,5,4,3,4,8,8,16
TINGUIPAYA,desnutricion global,desnutricion leve (l),2006-02-01,71,53,57,73,128,126,254
TIPUANI,desnutricion global,desnutricion leve (l),2006-02-01,15,11,6,10,21,21,42
TIQUIPAYA,desnutricion global,desnutricion leve (l),2006-02-01,39,22,30,33,69,55,124
TIRAQUE (CBBA),desnutricion global,desnutricion leve (l),2006-02-01,105,76,51,45,156,121,277
TITO YUPANQUI (PARQUIPUJIO),desnutricion global,desnutricion leve (l),2006-02-01,0,2,5,2,5,4,9
TOCO,desnutricion global,desnutricion leve (l),2006-02-01,4,1,10,5,14,6,20
TOLATA,desnutricion global,desnutricion leve (l),2006-02-01,4,4,3,1,7,5,12
TOLEDO,desnutricion global,desnutricion leve (l),2006-02-01,5,3,3,5,8,8,16
TOMAVE,desnutricion global,desnutricion leve (l),2006-02-01,23,22,40,41,63,63,126
TOMINA,desnutricion global,desnutricion leve (l),2006-02-01,51,51,72,98,123,149,272
TORO TORO,desnutricion global,desnutricion leve (l),2006-02-01,64,55,56,60,120,115,235
TOTORA(CBBA),desnutricion global,desnutricion leve (l),2006-02-01,28,36,26,35,54,71,125
TOTORA(ORR),desnutricion global,desnutricion leve (l),2006-02-01,5,4,5,3,10,7,17
TRIGAL,desnutricion global,desnutricion leve (l),2006-02-01,2,1,1,0,3,1,4
TRINIDAD,desnutricion global,desnutricion leve (l),2006-02-01,163,92,51,60,214,152,366
TUPIZA,desnutricion global,desnutricion leve (l),2006-02-01,69,71,78,99,147,170,317
TURCO,desnutricion global,desnutricion leve (l),2006-02-01,3,8,9,7,12,15,27
UMALA,desnutricion global,desnutricion leve (l),2006-02-01,16,10,10,16,26,26,52
UNCIA,desnutricion global,desnutricion leve (l),2006-02-01,35,37,37,59,72,96,168
URIONDO (A. CONCEPCION),desnutricion global,desnutricion leve (l),2006-02-01,31,23,32,40,63,63,126
URUBICHA,desnutricion global,desnutricion leve (l),2006-02-01,50,47,62,67,112,114,226
UYUNI,desnutricion global,desnutricion leve (l),2006-02-01,25,24,23,24,48,48,96
VACAS,desnutricion global,desnutricion leve (l),2006-02-01,15,17,17,28,32,45,77
VALLEGRANDE,desnutricion global,desnutricion leve (l),2006-02-01,29,21,13,24,42,45,87
VIACHA,desnutricion global,desnutricion leve (l),2006-02-01,33,23,19,28,52,51,103
VILA VILA,desnutricion global,desnutricion leve (l),2006-02-01,5,7,7,7,12,14,26
VILLA MONTES,desnutricion global,desnutricion leve (l),2006-02-01,47,42,34,34,81,76,157
VILLA NUEVA (LOMA ALTA),desnutricion global,desnutricion leve (l),2006-02-01,3,2,1,0,4,2,6
VILLA RIVERO,desnutricion global,desnutricion leve (l),2006-02-01,16,6,9,12,25,18,43
VILLA SERRANO,desnutricion global,desnutricion leve (l),2006-02-01,37,37,85,80,122,117,239
VILLA TUNARI,desnutricion global,desnutricion leve (l),2006-02-01,124,125,113,112,237,237,474
VILLA VACA GUZMAN (MUYUPAMPA),desnutricion global,desnutricion leve (l),2006-02-01,22,14,35,37,57,51,108
VILLAZON,desnutricion global,desnutricion leve (l),2006-02-01,49,55,61,66,110,121,231
VINTO,desnutricion global,desnutricion leve (l),2006-02-01,0,0,1,1,1,1,2
VITICHI,desnutricion global,desnutricion leve (l),2006-02-01,28,52,113,77,141,129,270
WALDO BALLIVIAN,desnutricion global,desnutricion leve (l),2006-02-01,2,6,5,7,7,13,20
WARNES,desnutricion global,desnutricion leve (l),2006-02-01,90,64,54,53,144,117,261
YACO,desnutricion global,desnutricion leve (l),2006-02-01,25,23,16,25,41,48,89
YACUIBA,desnutricion global,desnutricion leve (l),2006-02-01,45,63,46,34,91,97,188
YAMPARAEZ,desnutricion global,desnutricion leve (l),2006-02-01,34,43,109,106,143,149,292
YANACACHI,desnutricion global,desnutricion leve (l),2006-02-01,1,1,0,1,1,2,3
YAPACANI,desnutricion global,desnutricion leve (l),2006-02-01,112,55,74,36,186,91,277
YOCALLA,desnutricion global,desnutricion leve (l),2006-02-01,7,11,10,23,17,34,51
YOTALA,desnutricion global,desnutricion leve (l),2006-02-01,22,18,32,34,54,52,106
YUNCHARA,desnutricion global,desnutricion leve (l),2006-02-01,24,26,65,55,89,81,170
ZUDAÑEZ,desnutricion global,desnutricion leve (l),2006-02-01,35,22,52,66,87,88,175
ACACIO,desnutricion global,desnutricion leve (l),2006-03-01,25,14,36,33,61,47,108
ACHACACHI,desnutricion global,desnutricion leve (l),2006-03-01,31,37,30,46,61,83,144
ACHOCALLA,desnutricion global,desnutricion leve (l),2006-03-01,7,5,6,8,13,13,26
AIQUILE,desnutricion global,desnutricion leve (l),2006-03-01,32,33,29,42,61,75,136
ALALAY,desnutricion global,desnutricion leve (l),2006-03-01,18,22,12,11,30,33,63
ALCALA,desnutricion global,desnutricion leve (l),2006-03-01,10,13,21,23,31,36,67
ANCORAIMES,desnutricion global,desnutricion leve (l),2006-03-01,25,26,21,20,46,46,92
ANDAMARCA,desnutricion global,desnutricion leve (l),2006-03-01,1,9,16,14,17,23,40
ANZALDO,desnutricion global,desnutricion leve (l),2006-03-01,7,10,4,1,11,11,22
APOLO,desnutricion global,desnutricion leve (l),2006-03-01,25,35,24,38,49,73,122
ARAMPAMPA,desnutricion global,desnutricion leve (l),2006-03-01,27,20,32,37,59,57,116
ARANI,desnutricion global,desnutricion leve (l),2006-03-01,19,27,25,39,44,66,110
ARBIETO,desnutricion global,desnutricion leve (l),2006-03-01,14,10,17,15,31,25,56
ARQUE,desnutricion global,desnutricion leve (l),2006-03-01,32,41,28,33,60,74,134
ASCENCION DE GUARAYOS,desnutricion global,desnutricion leve (l),2006-03-01,2,2,4,5,6,7,13
ATOCHA,desnutricion global,desnutricion leve (l),2006-03-01,53,37,64,51,117,88,205
AUCAPATA,desnutricion global,desnutricion leve (l),2006-03-01,13,12,8,7,21,19,40
AYATA,desnutricion global,desnutricion leve (l),2006-03-01,32,24,15,21,47,45,92
AYO AYO,desnutricion global,desnutricion leve (l),2006-03-01,9,4,10,8,19,12,31
AYOPAYA (V. DE INDEPENDENCIA),desnutricion global,desnutricion leve (l),2006-03-01,57,40,73,94,130,134,264
AZURDUY,desnutricion global,desnutricion leve (l),2006-03-01,57,77,84,141,141,218,359
BATALLAS,desnutricion global,desnutricion leve (l),2006-03-01,20,11,5,8,25,19,44
BAURES,desnutricion global,desnutricion leve (l),2006-03-01,8,8,4,14,12,22,34
BELEN DE ANDAMARCA,desnutricion global,desnutricion leve (l),2006-03-01,2,2,5,1,7,3,10
BELEN DE URMIRI,desnutricion global,desnutricion leve (l),2006-03-01,7,11,16,14,23,25,48
BELLA FLOR,desnutricion global,desnutricion leve (l),2006-03-01,6,6,11,10,17,16,33
BERMEJO,desnutricion global,desnutricion leve (l),2006-03-01,15,8,12,24,27,32,59
BETANZOS,desnutricion global,desnutricion leve (l),2006-03-01,98,93,137,168,235,261,496
BOLIVAR,desnutricion global,desnutricion leve (l),2006-03-01,39,56,46,53,85,109,194
BOLPEBRA,desnutricion global,desnutricion leve (l),2006-03-01,2,2,0,4,2,6,8
BOYUIBE,desnutricion global,desnutricion leve (l),2006-03-01,7,3,9,10,16,13,29
BUENA VISTA,desnutricion global,desnutricion leve (l),2006-03-01,13,11,11,12,24,23,47
CABEZAS,desnutricion global,desnutricion leve (l),2006-03-01,22,35,33,34,55,69,124
CAIROMA,desnutricion global,desnutricion leve (l),2006-03-01,54,54,39,59,93,113,206
"CAIZA ""D""",desnutricion global,desnutricion leve (l),2006-03-01,26,16,32,30,58,46,104
CAJUATA,desnutricion global,desnutricion leve (l),2006-03-01,17,13,21,22,38,35,73
CALACOTO,desnutricion global,desnutricion leve (l),2006-03-01,15,18,18,22,33,40,73
CALAMARCA,desnutricion global,desnutricion leve (l),2006-03-01,81,54,74,66,155,120,275
CAMARGO,desnutricion global,desnutricion leve (l),2006-03-01,39,53,61,81,100,134,234
CAMATAQUI (C. VILLA ABECIA),desnutricion global,desnutricion leve (l),2006-03-01,7,5,18,15,25,20,45
CAMIRI,desnutricion global,desnutricion leve (l),2006-03-01,68,67,52,76,120,143,263
CAPINOTA,desnutricion global,desnutricion leve (l),2006-03-01,24,27,31,40,55,67,122
CAQUIAVIRI,desnutricion global,desnutricion leve (l),2006-03-01,10,12,11,15,21,27,48
CARACOLLO,desnutricion global,desnutricion leve (l),2006-03-01,18,36,21,16,39,52,91
CARANAVI,desnutricion global,desnutricion leve (l),2006-03-01,91,87,94,81,185,168,353
CARAPARI,desnutricion global,desnutricion leve (l),2006-03-01,13,6,21,9,34,15,49
CARIPUYO,desnutricion global,desnutricion leve (l),2006-03-01,38,62,100,109,138,171,309
CARMEN RIVERO TORREZ,desnutricion global,desnutricion leve (l),2006-03-01,4,7,3,4,7,11,18
CATACORA,desnutricion global,desnutricion leve (l),2006-03-01,5,7,11,8,16,15,31
CHACARILLA,desnutricion global,desnutricion leve (l),2006-03-01,0,0,1,2,1,2,3
CHALLAPATA,desnutricion global,desnutricion leve (l),2006-03-01,57,50,48,62,105,112,217
CHAQUI,desnutricion global,desnutricion leve (l),2006-03-01,19,29,44,38,63,67,130
CHARAGUA,desnutricion global,desnutricion leve (l),2006-03-01,57,69,50,61,107,130,237
CHARAÑA,desnutricion global,desnutricion leve (l),2006-03-01,5,1,8,7,13,8,21
CHAYANTA,desnutricion global,desnutricion leve (l),2006-03-01,23,23,45,40,68,63,131
CHIMORE,desnutricion global,desnutricion leve (l),2006-03-01,53,39,34,28,87,67,154
CHIPAYA,desnutricion global,desnutricion leve (l),2006-03-01,6,8,1,3,7,11,18
CHOQUE COTA,desnutricion global,desnutricion leve (l),2006-03-01,2,5,2,1,4,6,10
CHULUMANI (V. DE LA LIBERTAD),desnutricion global,desnutricion leve (l),2006-03-01,29,19,13,11,42,30,72
CHUMA,desnutricion global,desnutricion leve (l),2006-03-01,31,26,36,39,67,65,132
CLIZA,desnutricion global,desnutricion leve (l),2006-03-01,35,27,25,21,60,48,108
COBIJA,desnutricion global,desnutricion leve (l),2006-03-01,50,36,44,38,94,74,168
COCHABAMBA,desnutricion global,desnutricion leve (l),2006-03-01,497,484,466,345,963,829,1792
COIPASA,desnutricion global,desnutricion leve (l),2006-03-01,0,2,2,2,2,4,6
COLCAPIRHUA,desnutricion global,desnutricion leve (l),2006-03-01,78,74,53,56,131,130,261
"COLCHA ""K""",desnutricion global,desnutricion leve (l),2006-03-01,27,22,26,32,53,54,107
COLLANA,desnutricion global,desnutricion leve (l),2006-03-01,3,3,10,3,13,6,19
COLOMI,desnutricion global,desnutricion leve (l),2006-03-01,57,27,37,42,94,69,163
COLPA BELGICA,desnutricion global,desnutricion leve (l),2006-03-01,13,9,4,11,17,20,37
COLQUECHACA,desnutricion global,desnutricion leve (l),2006-03-01,108,117,93,82,201,199,400
COLQUENCHA,desnutricion global,desnutricion leve (l),2006-03-01,26,21,19,30,45,51,96
COLQUIRI,desnutricion global,desnutricion leve (l),2006-03-01,35,34,30,27,65,61,126
COMANCHE,desnutricion global,desnutricion leve (l),2006-03-01,6,4,8,7,14,11,25
COMARAPA,desnutricion global,desnutricion leve (l),2006-03-01,39,42,53,40,92,82,174
COMBAYA,desnutricion global,desnutricion leve (l),2006-03-01,4,4,10,6,14,10,24
CONCEPCION,desnutricion global,desnutricion leve (l),2006-03-01,79,53,21,41,100,94,194
COPACABANA,desnutricion global,desnutricion leve (l),2006-03-01,18,24,34,16,52,40,92
CORIPATA,desnutricion global,desnutricion leve (l),2006-03-01,7,8,9,10,16,18,34
CORO CORO,desnutricion global,desnutricion leve (l),2006-03-01,15,11,15,18,30,29,59
COROICO,desnutricion global,desnutricion leve (l),2006-03-01,17,22,14,24,31,46,77
CORQUE,desnutricion global,desnutricion leve (l),2006-03-01,8,13,12,9,20,22,42
COTAGAITA,desnutricion global,desnutricion leve (l),2006-03-01,77,59,90,68,167,127,294
COTOCA,desnutricion global,desnutricion leve (l),2006-03-01,56,60,29,25,85,85,170
CUATRO CAÑADAS,desnutricion global,desnutricion leve (l),2006-03-01,7,9,12,15,19,24,43
CUCHUMUELA (V. G. VILLARROEL),desnutricion global,desnutricion leve (l),2006-03-01,7,1,9,2,16,3,19
CUEVO,desnutricion global,desnutricion leve (l),2006-03-01,6,9,5,19,11,28,39
CULPINA,desnutricion global,desnutricion leve (l),2006-03-01,98,90,103,119,201,209,410
CURAHUARA DE CARANGAS,desnutricion global,desnutricion leve (l),2006-03-01,12,10,14,17,26,27,53
CURVA,desnutricion global,desnutricion leve (l),2006-03-01,11,11,16,12,27,23,50
DESAGUADERO,desnutricion global,desnutricion leve (l),2006-03-01,14,5,9,6,23,11,34
EL ALTO,desnutricion global,desnutricion leve (l),2006-03-01,1245,1099,846,832,2091,1931,4022
EL CHORO,desnutricion global,desnutricion leve (l),2006-03-01,9,4,5,5,14,9,23
EL PUENTE(STC),desnutricion global,desnutricion leve (l),2006-03-01,48,59,45,65,93,124,217
EL PUENTE(TJA),desnutricion global,desnutricion leve (l),2006-03-01,25,21,48,65,73,86,159
EL TORNO,desnutricion global,desnutricion leve (l),2006-03-01,26,35,33,33,59,68,127
EL VILLAR,desnutricion global,desnutricion leve (l),2006-03-01,4,12,24,39,28,51,79
ENTRE RIOS,desnutricion global,desnutricion leve (l),2006-03-01,36,38,49,60,85,98,183
ENTRE RIOS,desnutricion global,desnutricion leve (l),2006-03-01,54,55,50,35,104,90,194
ESCARA,desnutricion global,desnutricion leve (l),2006-03-01,0,0,2,2,2,2,4
EUCALIPTUS,desnutricion global,desnutricion leve (l),2006-03-01,9,5,16,12,25,17,42
EUREKA (SANTOS MERCADO),desnutricion global,desnutricion leve (l),2006-03-01,0,4,2,0,2,4,6
EXALTACION,desnutricion global,desnutricion leve (l),2006-03-01,4,3,5,4,9,7,16
FERNANDEZ ALONSO,desnutricion global,desnutricion leve (l),2006-03-01,22,22,18,28,40,50,90
FILADELFIA,desnutricion global,desnutricion leve (l),2006-03-01,5,9,12,20,17,29,46
GENERAL SAAVEDRA,desnutricion global,desnutricion leve (l),2006-03-01,39,29,27,41,66,70,136
GRAL. J.J. PEREZ (CHARAZANI),desnutricion global,desnutricion leve (l),2006-03-01,41,38,38,34,79,72,151
GUANAY,desnutricion global,desnutricion leve (l),2006-03-01,24,34,19,23,43,57,100
GUAQUI,desnutricion global,desnutricion leve (l),2006-03-01,5,13,7,5,12,18,30
GUAYARAMERIN,desnutricion global,desnutricion leve (l),2006-03-01,51,46,52,48,103,94,197
GUTIERREZ,desnutricion global,desnutricion leve (l),2006-03-01,37,33,69,75,106,108,214
HUACARETA,desnutricion global,desnutricion leve (l),2006-03-01,22,19,25,44,47,63,110
HUACAYA (VILLA DE HUACAYA),desnutricion global,desnutricion leve (l),2006-03-01,8,8,19,19,27,27,54
HUACHACALLA,desnutricion global,desnutricion leve (l),2006-03-01,1,3,4,2,5,5,10
HUANUNI,desnutricion global,desnutricion leve (l),2006-03-01,35,29,31,30,66,59,125
HUARACAJE,desnutricion global,desnutricion leve (l),2006-03-01,4,4,2,6,6,10,16
HUAYLLAMARCA,desnutricion global,desnutricion leve (l),2006-03-01,2,2,4,2,6,4,10
ICHOCA,desnutricion global,desnutricion leve (l),2006-03-01,9,12,16,13,25,25,50
ICLA,desnutricion global,desnutricion leve (l),2006-03-01,50,46,119,105,169,151,320
INCAHUASI,desnutricion global,desnutricion leve (l),2006-03-01,100,107,110,105,210,212,422
INGAVI (HUMAITA),desnutricion global,desnutricion leve (l),2006-03-01,6,6,8,7,14,13,27
INQUISIVI,desnutricion global,desnutricion leve (l),2006-03-01,37,30,46,67,83,97,180
IRUPANA (VILLA DE LANZA),desnutricion global,desnutricion leve (l),2006-03-01,18,9,34,25,52,34,86
IXIAMAS,desnutricion global,desnutricion leve (l),2006-03-01,15,13,11,11,26,24,50
JESUS DE MACHACA,desnutricion global,desnutricion leve (l),2006-03-01,10,20,14,13,24,33,57
LA ASUNTA,desnutricion global,desnutricion leve (l),2006-03-01,19,19,25,24,44,43,87
LA GUARDIA,desnutricion global,desnutricion leve (l),2006-03-01,71,77,37,45,108,122,230
LA PAZ,desnutricion global,desnutricion leve (l),2006-03-01,853,748,529,562,1382,1310,2692
LAGUNILLAS,desnutricion global,desnutricion leve (l),2006-03-01,18,20,30,45,48,65,113
LAJA,desnutricion global,desnutricion leve (l),2006-03-01,19,13,14,13,33,26,59
LAS CARRERAS,desnutricion global,desnutricion leve (l),2006-03-01,7,3,19,24,26,27,53
LICOMA PAMPA,desnutricion global,desnutricion leve (l),2006-03-01,3,2,5,9,8,11,19
LLALLAGUA,desnutricion global,desnutricion leve (l),2006-03-01,74,56,81,88,155,144,299
LLICA,desnutricion global,desnutricion leve (l),2006-03-01,6,5,3,11,9,16,25
LORETO,desnutricion global,desnutricion leve (l),2006-03-01,5,7,2,9,7,16,23
LURIBAY,desnutricion global,desnutricion leve (l),2006-03-01,19,27,30,40,49,67,116
MACHACAMARCA,desnutricion global,desnutricion leve (l),2006-03-01,13,5,11,12,24,17,41
MACHARETI,desnutricion global,desnutricion leve (l),2006-03-01,21,11,32,33,53,44,97
MAGDALENA,desnutricion global,desnutricion leve (l),2006-03-01,16,14,8,5,24,19,43
MAIRANA,desnutricion global,desnutricion leve (l),2006-03-01,16,11,7,12,23,23,46
MALLA,desnutricion global,desnutricion leve (l),2006-03-01,17,9,19,22,36,31,67
MAPIRI,desnutricion global,desnutricion leve (l),2006-03-01,10,5,4,4,14,9,23
MECAPACA,desnutricion global,desnutricion leve (l),2006-03-01,26,12,11,17,37,29,66
MINEROS,desnutricion global,desnutricion leve (l),2006-03-01,44,55,26,22,70,77,147
MIZQUE,desnutricion global,desnutricion leve (l),2006-03-01,50,51,59,55,109,106,215
MOCOMOCO,desnutricion global,desnutricion leve (l),2006-03-01,35,20,35,20,70,40,110
MOJOCOYA,desnutricion global,desnutricion leve (l),2006-03-01,24,27,39,44,63,71,134
MONTEAGUDO,desnutricion global,desnutricion leve (l),2006-03-01,58,58,126,137,184,195,379
MONTERO,desnutricion global,desnutricion leve (l),2006-03-01,266,222,172,188,438,410,848
MORO MORO,desnutricion global,desnutricion leve (l),2006-03-01,5,2,6,8,11,10,21
MOROCHATA,desnutricion global,desnutricion leve (l),2006-03-01,44,40,42,39,86,79,165
NACEBE (SANTA ROSA DEL ABUNA),desnutricion global,desnutricion leve (l),2006-03-01,3,1,2,0,5,1,6
NAZACARA DE PACAJES,desnutricion global,desnutricion leve (l),2006-03-01,0,0,2,1,2,1,3
NUEVO MANOA (NUEVA ESPERANZA),desnutricion global,desnutricion leve (l),2006-03-01,0,0,1,0,1,0,1
OCURI,desnutricion global,desnutricion leve (l),2006-03-01,88,82,93,98,181,180,361
OKINAWA,desnutricion global,desnutricion leve (l),2006-03-01,14,22,9,23,23,45,68
OMEREQUE,desnutricion global,desnutricion leve (l),2006-03-01,1,4,4,2,5,6,11
ORURO,desnutricion global,desnutricion leve (l),2006-03-01,424,411,317,299,741,710,1451
PADCAYA,desnutricion global,desnutricion leve (l),2006-03-01,21,28,36,50,57,78,135
PADILLA,desnutricion global,desnutricion leve (l),2006-03-01,32,43,93,109,125,152,277
PAILON,desnutricion global,desnutricion leve (l),2006-03-01,0,68,44,0,44,68,112
PALCA,desnutricion global,desnutricion leve (l),2006-03-01,12,8,9,5,21,13,34
PALOS BLANCOS,desnutricion global,desnutricion leve (l),2006-03-01,57,69,48,73,105,142,247
PAMPA AULLAGAS,desnutricion global,desnutricion leve (l),2006-03-01,5,6,7,7,12,13,25
PAMPA GRANDE,desnutricion global,desnutricion leve (l),2006-03-01,5,11,12,18,17,29,46
PAPEL PAMPA,desnutricion global,desnutricion leve (l),2006-03-01,6,8,3,6,9,14,23
PASORAPA,desnutricion global,desnutricion leve (l),2006-03-01,11,13,12,9,23,22,45
PATACAMAYA,desnutricion global,desnutricion leve (l),2006-03-01,55,64,43,27,98,91,189
PAZÑA,desnutricion global,desnutricion leve (l),2006-03-01,13,13,8,14,21,27,48
PELECHUCO,desnutricion global,desnutricion leve (l),2006-03-01,13,7,19,13,32,20,52
POCOATA,desnutricion global,desnutricion leve (l),2006-03-01,59,71,69,88,128,159,287
POCONA,desnutricion global,desnutricion leve (l),2006-03-01,22,10,16,18,38,28,66
POJO (CBBA),desnutricion global,desnutricion leve (l),2006-03-01,39,51,46,43,85,94,179
POOPO,desnutricion global,desnutricion leve (l),2006-03-01,14,8,21,15,35,23,58
PORCO,desnutricion global,desnutricion leve (l),2006-03-01,17,22,11,10,28,32,60
POROMA,desnutricion global,desnutricion leve (l),2006-03-01,76,80,77,71,153,151,304
PORONGO,desnutricion global,desnutricion leve (l),2006-03-01,4,2,5,4,9,6,15
PORTACHUELO,desnutricion global,desnutricion leve (l),2006-03-01,42,35,45,32,87,67,154
PORVENIR,desnutricion global,desnutricion leve (l),2006-03-01,6,8,5,9,11,17,28
POSTRER VALLE,desnutricion global,desnutricion leve (l),2006-03-01,2,3,5,8,7,11,18
POTOSI,desnutricion global,desnutricion leve (l),2006-03-01,369,341,248,250,617,591,1208
PRESTO,desnutricion global,desnutricion leve (l),2006-03-01,54,31,59,59,113,90,203
PUCARA,desnutricion global,desnutricion leve (l),2006-03-01,1,2,2,2,3,4,7
PUCARANI,desnutricion global,desnutricion leve (l),2006-03-01,43,59,41,31,84,90,174
PUERTO ACOSTA,desnutricion global,desnutricion leve (l),2006-03-01,40,46,63,67,103,113,216
PUERTO CARABUCO,desnutricion global,desnutricion leve (l),2006-03-01,25,41,27,57,52,98,150
PUERTO GONZALO MORENO,desnutricion global,desnutricion leve (l),2006-03-01,10,21,20,28,30,49,79
PUERTO PEREZ,desnutricion global,desnutricion leve (l),2006-03-01,4,0,3,5,7,5,12
PUERTO QUIJARRO,desnutricion global,desnutricion leve (l),2006-03-01,21,25,7,15,28,40,68
PUERTO RICO,desnutricion global,desnutricion leve (l),2006-03-01,11,14,10,23,21,37,58
PUERTO SILES,desnutricion global,desnutricion leve (l),2006-03-01,2,1,3,2,5,3,8
PUERTO SUAREZ,desnutricion global,desnutricion leve (l),2006-03-01,22,22,11,10,33,32,65
PUERTO VILLARROEL,desnutricion global,desnutricion leve (l),2006-03-01,140,139,132,104,272,243,515
PUNA,desnutricion global,desnutricion leve (l),2006-03-01,90,98,121,148,211,246,457
PUNATA,desnutricion global,desnutricion leve (l),2006-03-01,45,64,33,40,78,104,182
QUIABAYA,desnutricion global,desnutricion leve (l),2006-03-01,0,1,1,1,1,2,3
QUILLACOLLO,desnutricion global,desnutricion leve (l),2006-03-01,134,111,103,101,237,212,449
QUIME,desnutricion global,desnutricion leve (l),2006-03-01,28,20,26,16,54,36,90
QUIRUSILLAS,desnutricion global,desnutricion leve (l),2006-03-01,2,1,1,1,3,2,5
RAVELO,desnutricion global,desnutricion leve (l),2006-03-01,105,87,116,140,221,227,448
REYES,desnutricion global,desnutricion leve (l),2006-03-01,20,22,23,24,43,46,89
RIBERALTA,desnutricion global,desnutricion leve (l),2006-03-01,201,232,149,182,350,414,764
ROBORE,desnutricion global,desnutricion leve (l),2006-03-01,28,21,36,50,64,71,135
RURRENABAQUE,desnutricion global,desnutricion leve (l),2006-03-01,32,29,26,20,58,49,107
SABAYA,desnutricion global,desnutricion leve (l),2006-03-01,4,4,10,10,14,14,28
SACABA,desnutricion global,desnutricion leve (l),2006-03-01,175,139,118,90,293,229,522
SACABAMBA,desnutricion global,desnutricion leve (l),2006-03-01,17,11,9,16,26,27,53
SACACA,desnutricion global,desnutricion leve (l),2006-03-01,125,132,176,176,301,308,609
SAIPINA,desnutricion global,desnutricion leve (l),2006-03-01,9,19,12,17,21,36,57
SALINAS DE GARCI MENDOZA,desnutricion global,desnutricion leve (l),2006-03-01,20,24,29,26,49,50,99
SAMAIPATA,desnutricion global,desnutricion leve (l),2006-03-01,15,7,15,16,30,23,53
SAN AGUSTIN,desnutricion global,desnutricion leve (l),2006-03-01,5,6,6,13,11,19,30
SAN ANDRES,desnutricion global,desnutricion leve (l),2006-03-01,10,6,9,19,19,25,44
SAN ANDRES DE MACHACA,desnutricion global,desnutricion leve (l),2006-03-01,4,5,9,10,13,15,28
SAN ANTONIO DE ESMORUCO,desnutricion global,desnutricion leve (l),2006-03-01,7,6,9,4,16,10,26
SAN ANTONIO DE LOMERIO,desnutricion global,desnutricion leve (l),2006-03-01,39,35,47,64,86,99,185
SAN BENITO,desnutricion global,desnutricion leve (l),2006-03-01,13,17,10,16,23,33,56
SAN BORJA,desnutricion global,desnutricion leve (l),2006-03-01,86,94,52,56,138,150,288
SAN BUENA VENTURA,desnutricion global,desnutricion leve (l),2006-03-01,14,11,12,30,26,41,67
SAN CARLOS,desnutricion global,desnutricion leve (l),2006-03-01,25,26,16,22,41,48,89
SAN IGNACIO,desnutricion global,desnutricion leve (l),2006-03-01,51,60,72,70,123,130,253
SAN IGNACIO DE VELASCO,desnutricion global,desnutricion leve (l),2006-03-01,146,187,151,189,297,376,673
SAN JAVIER(BNI),desnutricion global,desnutricion leve (l),2006-03-01,2,7,2,2,4,9,13
SAN JAVIER(STC),desnutricion global,desnutricion leve (l),2006-03-01,1,1,0,0,1,1,2
SAN JOAQUIN,desnutricion global,desnutricion leve (l),2006-03-01,4,7,10,7,14,14,28
SAN JOSE DE CHIQUITOS,desnutricion global,desnutricion leve (l),2006-03-01,46,46,27,33,73,79,152
SAN JUAN DE YAPACANI,desnutricion global,desnutricion leve (l),2006-03-01,12,13,9,9,21,22,43
SAN JULIAN,desnutricion global,desnutricion leve (l),2006-03-01,68,124,37,38,105,162,267
SAN LORENZO(PND),desnutricion global,desnutricion leve (l),2006-03-01,2,2,3,1,5,3,8
SAN LORENZO(TJA),desnutricion global,desnutricion leve (l),2006-03-01,49,52,78,75,127,127,254
SAN LUCAS,desnutricion global,desnutricion leve (l),2006-03-01,245,203,259,318,504,521,1025
SAN MATIAS,desnutricion global,desnutricion leve (l),2006-03-01,26,30,18,27,44,57,101
SAN MIGUEL DE VELASCO,desnutricion global,desnutricion leve (l),2006-03-01,31,15,16,17,47,32,79
SAN PABLO DE LIPEZ,desnutricion global,desnutricion leve (l),2006-03-01,3,3,11,7,14,10,24
SAN PEDRO,desnutricion global,desnutricion leve (l),2006-03-01,34,29,18,20,52,49,101
SAN PEDRO DE BUENA VISTA,desnutricion global,desnutricion leve (l),2006-03-01,78,73,94,110,172,183,355
SAN PEDRO DE CURAHUARA,desnutricion global,desnutricion leve (l),2006-03-01,7,5,4,5,11,10,21
SAN PEDRO DE QUEMES,desnutricion global,desnutricion leve (l),2006-03-01,1,1,0,1,1,2,3
SAN PEDRO DE TIQUINA,desnutricion global,desnutricion leve (l),2006-03-01,6,10,9,9,15,19,34
SAN RAFAEL,desnutricion global,desnutricion leve (l),2006-03-01,18,14,21,20,39,34,73
SAN RAMON,desnutricion global,desnutricion leve (l),2006-03-01,4,5,1,8,5,13,18
SANTA ANA,desnutricion global,desnutricion leve (l),2006-03-01,17,21,12,12,29,33,62
SANTA CRUZ DE LA SIERRA,desnutricion global,desnutricion leve (l),2006-03-01,749,827,421,527,1170,1354,2524
SANTA ROSA,desnutricion global,desnutricion leve (l),2006-03-01,5,15,4,6,9,21,30
SANTA ROSA DEL SARA,desnutricion global,desnutricion leve (l),2006-03-01,18,25,37,23,55,48,103
SANTIAGO DE CALLAPA,desnutricion global,desnutricion leve (l),2006-03-01,4,8,15,8,19,16,35
SANTIAGO DE HUARI,desnutricion global,desnutricion leve (l),2006-03-01,7,8,7,17,14,25,39
SANTIAGO DE MACHACA,desnutricion global,desnutricion leve (l),2006-03-01,7,4,8,3,15,7,22
SANTIVAÑES,desnutricion global,desnutricion leve (l),2006-03-01,10,15,13,10,23,25,48
SANTUARIO DE QUILLACAS,desnutricion global,desnutricion leve (l),2006-03-01,8,5,6,7,14,12,26
SAPAHAQUI,desnutricion global,desnutricion leve (l),2006-03-01,28,25,33,34,61,59,120
SENA,desnutricion global,desnutricion leve (l),2006-03-01,3,11,4,8,7,19,26
SICA SICA (VILLA AROMA),desnutricion global,desnutricion leve (l),2006-03-01,62,58,54,45,116,103,219
SICAYA,desnutricion global,desnutricion leve (l),2006-03-01,19,8,25,11,44,19,63
SIPE SIPE,desnutricion global,desnutricion leve (l),2006-03-01,110,118,101,83,211,201,412
SOPACHUY,desnutricion global,desnutricion leve (l),2006-03-01,14,32,35,58,49,90,139
SORACACHI,desnutricion global,desnutricion leve (l),2006-03-01,21,18,26,30,47,48,95
SORATA,desnutricion global,desnutricion leve (l),2006-03-01,25,19,14,21,39,40,79
SUCRE,desnutricion global,desnutricion leve (l),2006-03-01,345,332,330,358,675,690,1365
TACACHI,desnutricion global,desnutricion leve (l),2006-03-01,0,1,0,0,0,1,1
TACACOMA,desnutricion global,desnutricion leve (l),2006-03-01,6,2,6,8,12,10,22
TACOBAMBA,desnutricion global,desnutricion leve (l),2006-03-01,32,38,33,27,65,65,130
TACOPAYA,desnutricion global,desnutricion leve (l),2006-03-01,27,28,26,51,53,79,132
TAHUA,desnutricion global,desnutricion leve (l),2006-03-01,1,1,2,1,3,2,5
TAPACARI,desnutricion global,desnutricion leve (l),2006-03-01,84,95,79,79,163,174,337
TARABUCO,desnutricion global,desnutricion leve (l),2006-03-01,91,95,153,182,244,277,521
TARACO,desnutricion global,desnutricion leve (l),2006-03-01,0,1,8,4,8,5,13
TARATA,desnutricion global,desnutricion leve (l),2006-03-01,4,1,4,5,8,6,14
TARIJA,desnutricion global,desnutricion leve (l),2006-03-01,222,184,161,198,383,382,765
TARVITA,desnutricion global,desnutricion leve (l),2006-03-01,66,93,135,154,201,247,448
TEOPONTE,desnutricion global,desnutricion leve (l),2006-03-01,15,7,8,9,23,16,39
TIAWANACU,desnutricion global,desnutricion leve (l),2006-03-01,14,8,12,7,26,15,41
TINGUIPAYA,desnutricion global,desnutricion leve (l),2006-03-01,63,52,82,75,145,127,272
TIPUANI,desnutricion global,desnutricion leve (l),2006-03-01,4,5,10,7,14,12,26
TIQUIPAYA,desnutricion global,desnutricion leve (l),2006-03-01,64,58,49,50,113,108,221
TIRAQUE (CBBA),desnutricion global,desnutricion leve (l),2006-03-01,137,86,108,108,245,194,439
TITO YUPANQUI (PARQUIPUJIO),desnutricion global,desnutricion leve (l),2006-03-01,1,1,1,4,2,5,7
TOCO,desnutricion global,desnutricion leve (l),2006-03-01,10,4,19,8,29,12,41
TOLATA,desnutricion global,desnutricion leve (l),2006-03-01,9,10,2,4,11,14,25
TOLEDO,desnutricion global,desnutricion leve (l),2006-03-01,7,9,11,18,18,27,45
TOMAVE,desnutricion global,desnutricion leve (l),2006-03-01,34,18,33,16,67,34,101
TOMINA,desnutricion global,desnutricion leve (l),2006-03-01,59,43,84,113,143,156,299
TORO TORO,desnutricion global,desnutricion leve (l),2006-03-01,65,69,97,109,162,178,340
TOTORA(CBBA),desnutricion global,desnutricion leve (l),2006-03-01,61,50,35,39,96,89,185
TOTORA(ORR),desnutricion global,desnutricion leve (l),2006-03-01,5,5,15,4,20,9,29
TRIGAL,desnutricion global,desnutricion leve (l),2006-03-01,2,2,1,1,3,3,6
TRINIDAD,desnutricion global,desnutricion leve (l),2006-03-01,160,176,91,113,251,289,540
TUPIZA,desnutricion global,desnutricion leve (l),2006-03-01,105,113,123,166,228,279,507
TURCO,desnutricion global,desnutricion leve (l),2006-03-01,5,9,11,10,16,19,35
UMALA,desnutricion global,desnutricion leve (l),2006-03-01,14,12,29,17,43,29,72
UNCIA,desnutricion global,desnutricion leve (l),2006-03-01,53,51,49,57,102,108,210
URIONDO (A. CONCEPCION),desnutricion global,desnutricion leve (l),2006-03-01,27,25,42,62,69,87,156
UYUNI,desnutricion global,desnutricion leve (l),2006-03-01,82,54,50,62,132,116,248
VACAS,desnutricion global,desnutricion leve (l),2006-03-01,18,12,16,9,34,21,55
VALLEGRANDE,desnutricion global,desnutricion leve (l),2006-03-01,23,22,24,29,47,51,98
VIACHA,desnutricion global,desnutricion leve (l),2006-03-01,44,25,35,25,79,50,129
VILA VILA,desnutricion global,desnutricion leve (l),2006-03-01,17,14,18,19,35,33,68
VILLA MONTES,desnutricion global,desnutricion leve (l),2006-03-01,49,58,56,47,105,105,210
VILLA NUEVA (LOMA ALTA),desnutricion global,desnutricion leve (l),2006-03-01,2,5,10,8,12,13,25
VILLA RIVERO,desnutricion global,desnutricion leve (l),2006-03-01,11,15,17,9,28,24,52
VILLA SERRANO,desnutricion global,desnutricion leve (l),2006-03-01,40,40,118,102,158,142,300
VILLA TUNARI,desnutricion global,desnutricion leve (l),2006-03-01,130,116,100,125,230,241,471
VILLA VACA GUZMAN (MUYUPAMPA),desnutricion global,desnutricion leve (l),2006-03-01,25,32,50,68,75,100,175
VILLAZON,desnutricion global,desnutricion leve (l),2006-03-01,101,83,90,100,191,183,374
VINTO,desnutricion global,desnutricion leve (l),2006-03-01,10,9,1,1,11,10,21
VITICHI,desnutricion global,desnutricion leve (l),2006-03-01,32,26,81,52,113,78,191
WALDO BALLIVIAN,desnutricion global,desnutricion leve (l),2006-03-01,5,7,1,2,6,9,15
WARNES,desnutricion global,desnutricion leve (l),2006-03-01,84,91,42,41,126,132,258
YACO,desnutricion global,desnutricion leve (l),2006-03-01,22,23,22,18,44,41,85
YACUIBA,desnutricion global,desnutricion leve (l),2006-03-01,67,77,64,77,131,154,285
YAMPARAEZ,desnutricion global,desnutricion leve (l),2006-03-01,35,28,95,95,130,123,253
YANACACHI,desnutricion global,desnutricion leve (l),2006-03-01,2,2,1,2,3,4,7
YAPACANI,desnutricion global,desnutricion leve (l),2006-03-01,86,76,76,68,162,144,306
YOCALLA,desnutricion global,desnutricion leve (l),2006-03-01,2,4,3,2,5,6,11
YOTALA,desnutricion global,desnutricion leve (l),2006-03-01,40,35,59,52,99,87,186
YUNCHARA,desnutricion global,desnutricion leve (l),2006-03-01,23,22,42,41,65,63,128
ZUDAÑEZ,desnutricion global,desnutricion leve (l),2006-03-01,32,33,36,63,68,96,164
ACACIO,desnutricion global,desnutricion leve (l),2006-04-01,24,18,32,38,56,56,112
ACHACACHI,desnutricion global,desnutricion leve (l),2006-04-01,33,36,31,41,64,77,141
ACHOCALLA,desnutricion global,desnutricion leve (l),2006-04-01,11,13,8,16,19,29,48
AIQUILE,desnutricion global,desnutricion leve (l),2006-04-01,28,20,17,17,45,37,82
ALALAY,desnutricion global,desnutricion leve (l),2006-04-01,11,12,8,10,19,22,41
ALCALA,desnutricion global,desnutricion leve (l),2006-04-01,24,9,32,29,56,38,94
ANCORAIMES,desnutricion global,desnutricion leve (l),2006-04-01,30,25,36,49,66,74,140
ANDAMARCA,desnutricion global,desnutricion leve (l),2006-04-01,8,7,20,16,28,23,51
ANTEQUERA,desnutricion global,desnutricion leve (l),2006-04-01,5,8,7,6,12,14,26
ANZALDO,desnutricion global,desnutricion leve (l),2006-04-01,10,16,11,22,21,38,59
APOLO,desnutricion global,desnutricion leve (l),2006-04-01,38,29,38,51,76,80,156
ARAMPAMPA,desnutricion global,desnutricion leve (l),2006-04-01,18,14,13,22,31,36,67
ARANI,desnutricion global,desnutricion leve (l),2006-04-01,24,18,13,7,37,25,62
ARBIETO,desnutricion global,desnutricion leve (l),2006-04-01,7,7,15,13,22,20,42
ARQUE,desnutricion global,desnutricion leve (l),2006-04-01,34,51,28,31,62,82,144
ASCENCION DE GUARAYOS,desnutricion global,desnutricion leve (l),2006-04-01,74,72,103,125,177,197,374
ATOCHA,desnutricion global,desnutricion leve (l),2006-04-01,37,34,35,26,72,60,132
AUCAPATA,desnutricion global,desnutricion leve (l),2006-04-01,22,17,20,16,42,33,75
AYATA,desnutricion global,desnutricion leve (l),2006-04-01,23,22,14,13,37,35,72
AYO AYO,desnutricion global,desnutricion leve (l),2006-04-01,11,7,8,4,19,11,30
AYOPAYA (V. DE INDEPENDENCIA),desnutricion global,desnutricion leve (l),2006-04-01,53,48,68,71,121,119,240
AZURDUY,desnutricion global,desnutricion leve (l),2006-04-01,52,51,85,111,137,162,299
BATALLAS,desnutricion global,desnutricion leve (l),2006-04-01,9,4,5,6,14,10,24
BAURES,desnutricion global,desnutricion leve (l),2006-04-01,6,5,2,8,8,13,21
BELEN DE ANDAMARCA,desnutricion global,desnutricion leve (l),2006-04-01,2,2,1,0,3,2,5
BELEN DE URMIRI,desnutricion global,desnutricion leve (l),2006-04-01,4,5,5,7,9,12,21
BELLA FLOR,desnutricion global,desnutricion leve (l),2006-04-01,3,7,6,8,9,15,24
BERMEJO,desnutricion global,desnutricion leve (l),2006-04-01,10,10,14,20,24,30,54
BETANZOS,desnutricion global,desnutricion leve (l),2006-04-01,62,64,80,99,142,163,305
BOLIVAR,desnutricion global,desnutricion leve (l),2006-04-01,30,25,21,15,51,40,91
BOLPEBRA,desnutricion global,desnutricion leve (l),2006-04-01,5,3,6,4,11,7,18
BOYUIBE,desnutricion global,desnutricion leve (l),2006-04-01,12,8,18,9,30,17,47
BUENA VISTA,desnutricion global,desnutricion leve (l),2006-04-01,16,13,16,22,32,35,67
CABEZAS,desnutricion global,desnutricion leve (l),2006-04-01,30,31,22,21,52,52,104
CAIROMA,desnutricion global,desnutricion leve (l),2006-04-01,55,58,48,70,103,128,231
"CAIZA ""D""",desnutricion global,desnutricion leve (l),2006-04-01,23,17,31,30,54,47,101
CAJUATA,desnutricion global,desnutricion leve (l),2006-04-01,20,11,4,11,24,22,46
CALACOTO,desnutricion global,desnutricion leve (l),2006-04-01,13,10,12,13,25,23,48
CALAMARCA,desnutricion global,desnutricion leve (l),2006-04-01,70,54,60,60,130,114,244
CAMARGO,desnutricion global,desnutricion leve (l),2006-04-01,49,70,71,94,120,164,284
CAMATAQUI (C. VILLA ABECIA),desnutricion global,desnutricion leve (l),2006-04-01,11,6,20,21,31,27,58
CAMIRI,desnutricion global,desnutricion leve (l),2006-04-01,45,37,52,59,97,96,193
CAPINOTA,desnutricion global,desnutricion leve (l),2006-04-01,28,26,41,36,69,62,131
CAQUIAVIRI,desnutricion global,desnutricion leve (l),2006-04-01,6,9,5,12,11,21,32
CARACOLLO,desnutricion global,desnutricion leve (l),2006-04-01,21,25,24,28,45,53,98
CARANAVI,desnutricion global,desnutricion leve (l),2006-04-01,78,100,54,62,132,162,294
CARAPARI,desnutricion global,desnutricion leve (l),2006-04-01,10,9,7,7,17,16,33
CARIPUYO,desnutricion global,desnutricion leve (l),2006-04-01,31,34,25,41,56,75,131
CARMEN RIVERO TORREZ,desnutricion global,desnutricion leve (l),2006-04-01,5,7,6,9,11,16,27
CATACORA,desnutricion global,desnutricion leve (l),2006-04-01,1,2,1,0,2,2,4
CHACARILLA,desnutricion global,desnutricion leve (l),2006-04-01,1,7,1,9,2,16,18
CHALLAPATA,desnutricion global,desnutricion leve (l),2006-04-01,64,42,56,84,120,126,246
CHAQUI,desnutricion global,desnutricion leve (l),2006-04-01,24,10,14,21,38,31,69
CHARAGUA,desnutricion global,desnutricion leve (l),2006-04-01,46,41,36,35,82,76,158
CHARAÑA,desnutricion global,desnutricion leve (l),2006-04-01,5,3,4,1,9,4,13
CHAYANTA,desnutricion global,desnutricion leve (l),2006-04-01,46,43,65,56,111,99,210
CHIMORE,desnutricion global,desnutricion leve (l),2006-04-01,35,20,25,27,60,47,107
CHIPAYA,desnutricion global,desnutricion leve (l),2006-04-01,5,6,9,2,14,8,22
CHOQUE COTA,desnutricion global,desnutricion leve (l),2006-04-01,0,0,1,0,1,0,1
CHULUMANI (V. DE LA LIBERTAD),desnutricion global,desnutricion leve (l),2006-04-01,17,21,5,14,22,35,57
CHUMA,desnutricion global,desnutricion leve (l),2006-04-01,18,20,19,18,37,38,75
CLIZA,desnutricion global,desnutricion leve (l),2006-04-01,17,14,6,7,23,21,44
COBIJA,desnutricion global,desnutricion leve (l),2006-04-01,29,35,33,30,62,65,127
COCHABAMBA,desnutricion global,desnutricion leve (l),2006-04-01,341,340,264,254,605,594,1199
COIPASA,desnutricion global,desnutricion leve (l),2006-04-01,1,0,0,3,1,3,4
COLCAPIRHUA,desnutricion global,desnutricion leve (l),2006-04-01,69,53,44,42,113,95,208
"COLCHA ""K""",desnutricion global,desnutricion leve (l),2006-04-01,24,26,20,26,44,52,96
COLLANA,desnutricion global,desnutricion leve (l),2006-04-01,4,3,3,4,7,7,14
COLOMI,desnutricion global,desnutricion leve (l),2006-04-01,36,40,26,33,62,73,135
COLPA BELGICA,desnutricion global,desnutricion leve (l),2006-04-01,11,9,6,7,17,16,33
COLQUECHACA,desnutricion global,desnutricion leve (l),2006-04-01,59,68,58,70,117,138,255
COLQUENCHA,desnutricion global,desnutricion leve (l),2006-04-01,11,10,18,20,29,30,59
COLQUIRI,desnutricion global,desnutricion leve (l),2006-04-01,43,54,42,33,85,87,172
COMANCHE,desnutricion global,desnutricion leve (l),2006-04-01,5,2,2,7,7,9,16
COMARAPA,desnutricion global,desnutricion leve (l),2006-04-01,10,22,17,17,27,39,66
COMBAYA,desnutricion global,desnutricion leve (l),2006-04-01,1,3,5,5,6,8,14
CONCEPCION,desnutricion global,desnutricion leve (l),2006-04-01,35,34,19,16,54,50,104
COPACABANA,desnutricion global,desnutricion leve (l),2006-04-01,22,16,12,14,34,30,64
CORIPATA,desnutricion global,desnutricion leve (l),2006-04-01,2,9,17,12,19,21,40
CORO CORO,desnutricion global,desnutricion leve (l),2006-04-01,29,16,24,26,53,42,95
COROICO,desnutricion global,desnutricion leve (l),2006-04-01,10,8,23,6,33,14,47
CORQUE,desnutricion global,desnutricion leve (l),2006-04-01,8,12,16,10,24,22,46
COTAGAITA,desnutricion global,desnutricion leve (l),2006-04-01,91,66,79,101,170,167,337
COTOCA,desnutricion global,desnutricion leve (l),2006-04-01,49,42,15,24,64,66,130
CUATRO CAÑADAS,desnutricion global,desnutricion leve (l),2006-04-01,9,7,21,13,30,20,50
CUCHUMUELA (V. G. VILLARROEL),desnutricion global,desnutricion leve (l),2006-04-01,8,2,5,9,13,11,24
CUEVO,desnutricion global,desnutricion leve (l),2006-04-01,8,10,8,10,16,20,36
CULPINA,desnutricion global,desnutricion leve (l),2006-04-01,83,65,67,84,150,149,299
CURAHUARA DE CARANGAS,desnutricion global,desnutricion leve (l),2006-04-01,9,6,18,12,27,18,45
CURVA,desnutricion global,desnutricion leve (l),2006-04-01,5,6,8,8,13,14,27
DESAGUADERO,desnutricion global,desnutricion leve (l),2006-04-01,12,10,6,5,18,15,33
EL ALTO,desnutricion global,desnutricion leve (l),2006-04-01,1044,876,776,749,1820,1625,3445
EL CHORO,desnutricion global,desnutricion leve (l),2006-04-01,3,0,3,5,6,5,11
EL PUENTE(STC),desnutricion global,desnutricion leve (l),2006-04-01,22,19,19,24,41,43,84
EL PUENTE(TJA),desnutricion global,desnutricion leve (l),2006-04-01,15,19,42,43,57,62,119
EL TORNO,desnutricion global,desnutricion leve (l),2006-04-01,14,35,23,22,37,57,94
EL VILLAR,desnutricion global,desnutricion leve (l),2006-04-01,9,11,19,35,28,46,74
ENTRE RIOS,desnutricion global,desnutricion leve (l),2006-04-01,26,34,37,34,63,68,131
ENTRE RIOS,desnutricion global,desnutricion leve (l),2006-04-01,21,20,26,42,47,62,109
ESCARA,desnutricion global,desnutricion leve (l),2006-04-01,0,1,0,0,0,1,1
EUCALIPTUS,desnutricion global,desnutricion leve (l),2006-04-01,8,1,12,7,20,8,28
EUREKA (SANTOS MERCADO),desnutricion global,desnutricion leve (l),2006-04-01,0,0,0,2,0,2,2
EXALTACION,desnutricion global,desnutricion leve (l),2006-04-01,11,5,1,4,12,9,21
FERNANDEZ ALONSO,desnutricion global,desnutricion leve (l),2006-04-01,16,10,8,15,24,25,49
FILADELFIA,desnutricion global,desnutricion leve (l),2006-04-01,2,4,1,7,3,11,14
GENERAL SAAVEDRA,desnutricion global,desnutricion leve (l),2006-04-01,30,35,32,40,62,75,137
GRAL. J.J. PEREZ (CHARAZANI),desnutricion global,desnutricion leve (l),2006-04-01,30,16,22,30,52,46,98
GUANAY,desnutricion global,desnutricion leve (l),2006-04-01,26,13,31,26,57,39,96
GUAQUI,desnutricion global,desnutricion leve (l),2006-04-01,10,5,3,4,13,9,22
GUAYARAMERIN,desnutricion global,desnutricion leve (l),2006-04-01,52,58,68,44,120,102,222
GUTIERREZ,desnutricion global,desnutricion leve (l),2006-04-01,32,30,64,88,96,118,214
HUACARETA,desnutricion global,desnutricion leve (l),2006-04-01,20,27,24,35,44,62,106
HUACAYA (VILLA DE HUACAYA),desnutricion global,desnutricion leve (l),2006-04-01,8,5,13,21,21,26,47
HUACHACALLA,desnutricion global,desnutricion leve (l),2006-04-01,0,1,0,0,0,1,1
HUANUNI,desnutricion global,desnutricion leve (l),2006-04-01,34,29,27,32,61,61,122
HUARACAJE,desnutricion global,desnutricion leve (l),2006-04-01,5,6,8,6,13,12,25
HUAYLLAMARCA,desnutricion global,desnutricion leve (l),2006-04-01,2,3,0,1,2,4,6
ICHOCA,desnutricion global,desnutricion leve (l),2006-04-01,12,14,25,13,37,27,64
ICLA,desnutricion global,desnutricion leve (l),2006-04-01,60,52,141,136,201,188,389
INCAHUASI,desnutricion global,desnutricion leve (l),2006-04-01,88,103,89,110,177,213,390
INGAVI (HUMAITA),desnutricion global,desnutricion leve (l),2006-04-01,4,0,7,0,11,0,11
INQUISIVI,desnutricion global,desnutricion leve (l),2006-04-01,40,52,48,58,88,110,198
IRUPANA (VILLA DE LANZA),desnutricion global,desnutricion leve (l),2006-04-01,27,16,30,28,57,44,101
IXIAMAS,desnutricion global,desnutricion leve (l),2006-04-01,18,16,18,9,36,25,61
JESUS DE MACHACA,desnutricion global,desnutricion leve (l),2006-04-01,21,12,15,19,36,31,67
LA ASUNTA,desnutricion global,desnutricion leve (l),2006-04-01,32,24,26,12,58,36,94
LA GUARDIA,desnutricion global,desnutricion leve (l),2006-04-01,73,54,29,44,102,98,200
LA PAZ,desnutricion global,desnutricion leve (l),2006-04-01,645,563,429,435,1074,998,2072
LA RIVERA,desnutricion global,desnutricion leve (l),2006-04-01,0,0,1,0,1,0,1
LAGUNILLAS,desnutricion global,desnutricion leve (l),2006-04-01,19,15,18,31,37,46,83
LAJA,desnutricion global,desnutricion leve (l),2006-04-01,15,15,12,9,27,24,51
LAS CARRERAS,desnutricion global,desnutricion leve (l),2006-04-01,8,7,14,25,22,32,54
LICOMA PAMPA,desnutricion global,desnutricion leve (l),2006-04-01,3,2,2,1,5,3,8
LLALLAGUA,desnutricion global,desnutricion leve (l),2006-04-01,59,52,48,47,107,99,206
LLICA,desnutricion global,desnutricion leve (l),2006-04-01,6,5,4,6,10,11,21
LORETO,desnutricion global,desnutricion leve (l),2006-04-01,5,2,2,5,7,7,14
LURIBAY,desnutricion global,desnutricion leve (l),2006-04-01,22,24,21,30,43,54,97
MACHACAMARCA,desnutricion global,desnutricion leve (l),2006-04-01,6,2,4,8,10,10,20
MACHARETI,desnutricion global,desnutricion leve (l),2006-04-01,16,10,23,28,39,38,77
MAGDALENA,desnutricion global,desnutricion leve (l),2006-04-01,17,9,16,7,33,16,49
MAIRANA,desnutricion global,desnutricion leve (l),2006-04-01,5,2,4,6,9,8,17
MALLA,desnutricion global,desnutricion leve (l),2006-04-01,13,9,22,15,35,24,59
MAPIRI,desnutricion global,desnutricion leve (l),2006-04-01,22,25,18,24,40,49,89
MECAPACA,desnutricion global,desnutricion leve (l),2006-04-01,11,21,16,11,27,32,59
MINEROS,desnutricion global,desnutricion leve (l),2006-04-01,42,34,18,25,60,59,119
MIZQUE,desnutricion global,desnutricion leve (l),2006-04-01,62,72,47,49,109,121,230
MOCOMOCO,desnutricion global,desnutricion leve (l),2006-04-01,25,24,39,34,64,58,122
MOJINETE,desnutricion global,desnutricion leve (l),2006-04-01,3,0,0,4,3,4,7
MOJOCOYA,desnutricion global,desnutricion leve (l),2006-04-01,26,21,41,40,67,61,128
MONTEAGUDO,desnutricion global,desnutricion leve (l),2006-04-01,62,48,94,109,156,157,313
MONTERO,desnutricion global,desnutricion leve (l),2006-04-01,196,188,162,146,358,334,692
MORO MORO,desnutricion global,desnutricion leve (l),2006-04-01,4,2,7,6,11,8,19
MOROCHATA,desnutricion global,desnutricion leve (l),2006-04-01,37,45,35,29,72,74,146
NACEBE (SANTA ROSA DEL ABUNA),desnutricion global,desnutricion leve (l),2006-04-01,1,0,5,3,6,3,9
NAZACARA DE PACAJES,desnutricion global,desnutricion leve (l),2006-04-01,0,0,0,2,0,2,2
NUEVO MANOA (NUEVA ESPERANZA),desnutricion global,desnutricion leve (l),2006-04-01,0,1,0,0,0,1,1
OCURI,desnutricion global,desnutricion leve (l),2006-04-01,70,60,74,72,144,132,276
OKINAWA,desnutricion global,desnutricion leve (l),2006-04-01,9,10,13,13,22,23,45
OMEREQUE,desnutricion global,desnutricion leve (l),2006-04-01,5,10,9,5,14,15,29
ORURO,desnutricion global,desnutricion leve (l),2006-04-01,328,308,269,235,597,543,1140
PADCAYA,desnutricion global,desnutricion leve (l),2006-04-01,12,15,35,49,47,64,111
PADILLA,desnutricion global,desnutricion leve (l),2006-04-01,38,37,77,93,115,130,245
PAILON,desnutricion global,desnutricion leve (l),2006-04-01,0,56,34,6,34,62,96
PALCA,desnutricion global,desnutricion leve (l),2006-04-01,5,15,3,7,8,22,30
PALOS BLANCOS,desnutricion global,desnutricion leve (l),2006-04-01,52,44,37,39,89,83,172
PAMPA AULLAGAS,desnutricion global,desnutricion leve (l),2006-04-01,3,8,5,10,8,18,26
PAMPA GRANDE,desnutricion global,desnutricion leve (l),2006-04-01,4,8,9,11,13,19,32
PAPEL PAMPA,desnutricion global,desnutricion leve (l),2006-04-01,8,3,3,1,11,4,15
PASORAPA,desnutricion global,desnutricion leve (l),2006-04-01,10,8,14,11,24,19,43
PATACAMAYA,desnutricion global,desnutricion leve (l),2006-04-01,42,82,41,49,83,131,214
PAZÑA,desnutricion global,desnutricion leve (l),2006-04-01,11,5,11,14,22,19,41
PELECHUCO,desnutricion global,desnutricion leve (l),2006-04-01,12,5,14,8,26,13,39
POCOATA,desnutricion global,desnutricion leve (l),2006-04-01,70,77,68,87,138,164,302
POCONA,desnutricion global,desnutricion leve (l),2006-04-01,25,16,25,30,50,46,96
POJO (CBBA),desnutricion global,desnutricion leve (l),2006-04-01,14,23,25,19,39,42,81
POOPO,desnutricion global,desnutricion leve (l),2006-04-01,14,12,6,7,20,19,39
PORCO,desnutricion global,desnutricion leve (l),2006-04-01,10,14,22,26,32,40,72
POROMA,desnutricion global,desnutricion leve (l),2006-04-01,35,52,75,69,110,121,231
PORONGO,desnutricion global,desnutricion leve (l),2006-04-01,5,1,2,0,7,1,8
PORTACHUELO,desnutricion global,desnutricion leve (l),2006-04-01,13,17,26,14,39,31,70
PORVENIR,desnutricion global,desnutricion leve (l),2006-04-01,7,5,9,7,16,12,28
POSTRER VALLE,desnutricion global,desnutricion leve (l),2006-04-01,1,2,6,7,7,9,16
POTOSI,desnutricion global,desnutricion leve (l),2006-04-01,336,255,218,182,554,437,991
PRESTO,desnutricion global,desnutricion leve (l),2006-04-01,38,30,44,50,82,80,162
PUCARA,desnutricion global,desnutricion leve (l),2006-04-01,2,1,8,5,10,6,16
PUCARANI,desnutricion global,desnutricion leve (l),2006-04-01,31,41,25,13,56,54,110
PUERTO ACOSTA,desnutricion global,desnutricion leve (l),2006-04-01,28,26,37,32,65,58,123
PUERTO CARABUCO,desnutricion global,desnutricion leve (l),2006-04-01,15,16,12,21,27,37,64
PUERTO GONZALO MORENO,desnutricion global,desnutricion leve (l),2006-04-01,13,5,3,11,16,16,32
PUERTO PEREZ,desnutricion global,desnutricion leve (l),2006-04-01,5,4,9,5,14,9,23
PUERTO QUIJARRO,desnutricion global,desnutricion leve (l),2006-04-01,14,14,4,9,18,23,41
PUERTO RICO,desnutricion global,desnutricion leve (l),2006-04-01,3,3,7,9,10,12,22
PUERTO SILES,desnutricion global,desnutricion leve (l),2006-04-01,10,6,4,4,14,10,24
PUERTO SUAREZ,desnutricion global,desnutricion leve (l),2006-04-01,12,20,9,8,21,28,49
PUERTO VILLARROEL,desnutricion global,desnutricion leve (l),2006-04-01,55,66,53,36,108,102,210
PUNA,desnutricion global,desnutricion leve (l),2006-04-01,77,72,103,82,180,154,334
PUNATA,desnutricion global,desnutricion leve (l),2006-04-01,29,43,16,21,45,64,109
QUIABAYA,desnutricion global,desnutricion leve (l),2006-04-01,6,3,6,2,12,5,17
QUILLACOLLO,desnutricion global,desnutricion leve (l),2006-04-01,88,75,76,71,164,146,310
QUIME,desnutricion global,desnutricion leve (l),2006-04-01,18,15,20,17,38,32,70
QUIRUSILLAS,desnutricion global,desnutricion leve (l),2006-04-01,2,0,1,3,3,3,6
RAVELO,desnutricion global,desnutricion leve (l),2006-04-01,108,118,140,151,248,269,517
REYES,desnutricion global,desnutricion leve (l),2006-04-01,19,26,27,16,46,42,88
RIBERALTA,desnutricion global,desnutricion leve (l),2006-04-01,166,215,87,100,253,315,568
ROBORE,desnutricion global,desnutricion leve (l),2006-04-01,14,17,11,17,25,34,59
RURRENABAQUE,desnutricion global,desnutricion leve (l),2006-04-01,5,9,3,10,8,19,27
SABAYA,desnutricion global,desnutricion leve (l),2006-04-01,7,2,1,3,8,5,13
SACABA,desnutricion global,desnutricion leve (l),2006-04-01,93,76,57,65,150,141,291
SACABAMBA,desnutricion global,desnutricion leve (l),2006-04-01,16,9,12,18,28,27,55
SACACA,desnutricion global,desnutricion leve (l),2006-04-01,102,89,175,192,277,281,558
SAIPINA,desnutricion global,desnutricion leve (l),2006-04-01,6,9,12,13,18,22,40
SALINAS DE GARCI MENDOZA,desnutricion global,desnutricion leve (l),2006-04-01,10,11,19,20,29,31,60
SAMAIPATA,desnutricion global,desnutricion leve (l),2006-04-01,15,14,15,16,30,30,60
SAN AGUSTIN,desnutricion global,desnutricion leve (l),2006-04-01,2,0,4,2,6,2,8
SAN ANDRES,desnutricion global,desnutricion leve (l),2006-04-01,16,12,5,18,21,30,51
SAN ANDRES DE MACHACA,desnutricion global,desnutricion leve (l),2006-04-01,1,1,5,0,6,1,7
SAN ANTONIO DE ESMORUCO,desnutricion global,desnutricion leve (l),2006-04-01,6,2,2,2,8,4,12
SAN ANTONIO DE LOMERIO,desnutricion global,desnutricion leve (l),2006-04-01,23,24,36,30,59,54,113
SAN BENITO,desnutricion global,desnutricion leve (l),2006-04-01,13,17,25,16,38,33,71
SAN BORJA,desnutricion global,desnutricion leve (l),2006-04-01,72,56,23,47,95,103,198
SAN BUENA VENTURA,desnutricion global,desnutricion leve (l),2006-04-01,10,17,8,10,18,27,45
SAN CARLOS,desnutricion global,desnutricion leve (l),2006-04-01,24,22,14,17,38,39,77
SAN IGNACIO,desnutricion global,desnutricion leve (l),2006-04-01,48,33,32,40,80,73,153
SAN IGNACIO DE VELASCO,desnutricion global,desnutricion leve (l),2006-04-01,102,125,99,121,201,246,447
SAN JAVIER(BNI),desnutricion global,desnutricion leve (l),2006-04-01,5,3,3,6,8,9,17
SAN JAVIER(STC),desnutricion global,desnutricion leve (l),2006-04-01,0,1,1,1,1,2,3
SAN JOAQUIN,desnutricion global,desnutricion leve (l),2006-04-01,3,7,1,4,4,11,15
SAN JOSE DE CHIQUITOS,desnutricion global,desnutricion leve (l),2006-04-01,15,21,16,20,31,41,72
SAN JUAN DE YAPACANI,desnutricion global,desnutricion leve (l),2006-04-01,19,7,6,9,25,16,41
SAN JULIAN,desnutricion global,desnutricion leve (l),2006-04-01,28,34,44,46,72,80,152
SAN LORENZO(PND),desnutricion global,desnutricion leve (l),2006-04-01,14,6,12,13,26,19,45
SAN LORENZO(TJA),desnutricion global,desnutricion leve (l),2006-04-01,47,44,52,74,99,118,217
SAN LUCAS,desnutricion global,desnutricion leve (l),2006-04-01,228,200,256,293,484,493,977
SAN MATIAS,desnutricion global,desnutricion leve (l),2006-04-01,7,7,20,9,27,16,43
SAN MIGUEL DE VELASCO,desnutricion global,desnutricion leve (l),2006-04-01,22,8,4,6,26,14,40
SAN PABLO DE LIPEZ,desnutricion global,desnutricion leve (l),2006-04-01,4,10,5,4,9,14,23
SAN PEDRO,desnutricion global,desnutricion leve (l),2006-04-01,15,18,21,24,36,42,78
SAN PEDRO DE BUENA VISTA,desnutricion global,desnutricion leve (l),2006-04-01,66,77,113,108,179,185,364
SAN PEDRO DE CURAHUARA,desnutricion global,desnutricion leve (l),2006-04-01,3,1,2,8,5,9,14
SAN PEDRO DE QUEMES,desnutricion global,desnutricion leve (l),2006-04-01,0,1,0,0,0,1,1
SAN PEDRO DE TIQUINA,desnutricion global,desnutricion leve (l),2006-04-01,3,2,3,6,6,8,14
SAN PEDRO(PND),desnutricion global,desnutricion leve (l),2006-04-01,4,3,10,4,14,7,21
SAN RAFAEL,desnutricion global,desnutricion leve (l),2006-04-01,11,11,9,8,20,19,39
SAN RAMON,desnutricion global,desnutricion leve (l),2006-04-01,3,4,1,4,4,8,12
SANTA ANA,desnutricion global,desnutricion leve (l),2006-04-01,6,16,4,4,10,20,30
SANTA CRUZ DE LA SIERRA,desnutricion global,desnutricion leve (l),2006-04-01,536,566,305,335,841,901,1742
SANTA ROSA,desnutricion global,desnutricion leve (l),2006-04-01,11,10,1,3,12,13,25
SANTA ROSA DEL SARA,desnutricion global,desnutricion leve (l),2006-04-01,24,17,16,28,40,45,85
SANTIAGO DE CALLAPA,desnutricion global,desnutricion leve (l),2006-04-01,11,4,8,6,19,10,29
SANTIAGO DE HUARI,desnutricion global,desnutricion leve (l),2006-04-01,9,8,18,20,27,28,55
SANTIAGO DE MACHACA,desnutricion global,desnutricion leve (l),2006-04-01,2,3,1,1,3,4,7
SANTIVAÑES,desnutricion global,desnutricion leve (l),2006-04-01,14,12,24,23,38,35,73
SANTUARIO DE QUILLACAS,desnutricion global,desnutricion leve (l),2006-04-01,4,1,4,10,8,11,19
SAPAHAQUI,desnutricion global,desnutricion leve (l),2006-04-01,29,13,20,30,49,43,92
SENA,desnutricion global,desnutricion leve (l),2006-04-01,2,7,2,2,4,9,13
SICA SICA (VILLA AROMA),desnutricion global,desnutricion leve (l),2006-04-01,29,37,18,23,47,60,107
SICAYA,desnutricion global,desnutricion leve (l),2006-04-01,14,12,8,7,22,19,41
SIPE SIPE,desnutricion global,desnutricion leve (l),2006-04-01,88,80,66,49,154,129,283
SOPACHUY,desnutricion global,desnutricion leve (l),2006-04-01,15,10,18,25,33,35,68
SORACACHI,desnutricion global,desnutricion leve (l),2006-04-01,12,14,16,20,28,34,62
SORATA,desnutricion global,desnutricion leve (l),2006-04-01,17,17,13,13,30,30,60
SUCRE,desnutricion global,desnutricion leve (l),2006-04-01,326,239,283,319,609,558,1167
TACACHI,desnutricion global,desnutricion leve (l),2006-04-01,1,1,1,2,2,3,5
TACACOMA,desnutricion global,desnutricion leve (l),2006-04-01,6,3,1,2,7,5,12
TACOBAMBA,desnutricion global,desnutricion leve (l),2006-04-01,24,30,28,18,52,48,100
TACOPAYA,desnutricion global,desnutricion leve (l),2006-04-01,42,43,65,80,107,123,230
TAHUA,desnutricion global,desnutricion leve (l),2006-04-01,3,0,1,3,4,3,7
TAPACARI,desnutricion global,desnutricion leve (l),2006-04-01,56,52,22,31,78,83,161
TARABUCO,desnutricion global,desnutricion leve (l),2006-04-01,117,102,200,243,317,345,662
TARACO,desnutricion global,desnutricion leve (l),2006-04-01,5,1,1,2,6,3,9
TARATA,desnutricion global,desnutricion leve (l),2006-04-01,19,16,6,12,25,28,53
TARIJA,desnutricion global,desnutricion leve (l),2006-04-01,153,170,130,155,283,325,608
TARVITA,desnutricion global,desnutricion leve (l),2006-04-01,17,26,42,31,59,57,116
TEOPONTE,desnutricion global,desnutricion leve (l),2006-04-01,1,7,6,3,7,10,17
TIAWANACU,desnutricion global,desnutricion leve (l),2006-04-01,10,9,7,5,17,14,31
TINGUIPAYA,desnutricion global,desnutricion leve (l),2006-04-01,62,52,45,41,107,93,200
TIPUANI,desnutricion global,desnutricion leve (l),2006-04-01,12,3,6,11,18,14,32
TIQUIPAYA,desnutricion global,desnutricion leve (l),2006-04-01,41,34,44,40,85,74,159
TIRAQUE (CBBA),desnutricion global,desnutricion leve (l),2006-04-01,88,118,64,45,152,163,315
TITO YUPANQUI (PARQUIPUJIO),desnutricion global,desnutricion leve (l),2006-04-01,0,3,4,3,4,6,10
TOCO,desnutricion global,desnutricion leve (l),2006-04-01,6,1,5,9,11,10,21
TOLATA,desnutricion global,desnutricion leve (l),2006-04-01,0,6,1,0,1,6,7
TOLEDO,desnutricion global,desnutricion leve (l),2006-04-01,5,5,5,9,10,14,24
TOMAVE,desnutricion global,desnutricion leve (l),2006-04-01,33,9,30,11,63,20,83
TOMINA,desnutricion global,desnutricion leve (l),2006-04-01,72,51,84,104,156,155,311
TORO TORO,desnutricion global,desnutricion leve (l),2006-04-01,54,47,58,80,112,127,239
TOTORA(CBBA),desnutricion global,desnutricion leve (l),2006-04-01,48,40,28,34,76,74,150
TOTORA(ORR),desnutricion global,desnutricion leve (l),2006-04-01,3,5,4,3,7,8,15
TRIGAL,desnutricion global,desnutricion leve (l),2006-04-01,1,3,1,1,2,4,6
TRINIDAD,desnutricion global,desnutricion leve (l),2006-04-01,124,81,64,49,188,130,318
TUPIZA,desnutricion global,desnutricion leve (l),2006-04-01,51,45,59,78,110,123,233
TURCO,desnutricion global,desnutricion leve (l),2006-04-01,1,0,5,2,6,2,8
UMALA,desnutricion global,desnutricion leve (l),2006-04-01,8,13,10,8,18,21,39
UNCIA,desnutricion global,desnutricion leve (l),2006-04-01,37,31,46,50,83,81,164
URIONDO (A. CONCEPCION),desnutricion global,desnutricion leve (l),2006-04-01,15,26,30,38,45,64,109
URUBICHA,desnutricion global,desnutricion leve (l),2006-04-01,61,55,80,88,141,143,284
UYUNI,desnutricion global,desnutricion leve (l),2006-04-01,41,22,30,27,71,49,120
VACAS,desnutricion global,desnutricion leve (l),2006-04-01,22,19,15,14,37,33,70
VALLEGRANDE,desnutricion global,desnutricion leve (l),2006-04-01,21,16,12,20,33,36,69
VIACHA,desnutricion global,desnutricion leve (l),2006-04-01,32,27,23,29,55,56,111
VILA VILA,desnutricion global,desnutricion leve (l),2006-04-01,7,4,13,11,20,15,35
VILLA MONTES,desnutricion global,desnutricion leve (l),2006-04-01,24,27,27,32,51,59,110
VILLA NUEVA (LOMA ALTA),desnutricion global,desnutricion leve (l),2006-04-01,2,1,0,1,2,2,4
VILLA RIVERO,desnutricion global,desnutricion leve (l),2006-04-01,10,14,23,21,33,35,68
VILLA SERRANO,desnutricion global,desnutricion leve (l),2006-04-01,49,48,87,111,136,159,295
VILLA TUNARI,desnutricion global,desnutricion leve (l),2006-04-01,117,91,108,114,225,205,430
VILLA VACA GUZMAN (MUYUPAMPA),desnutricion global,desnutricion leve (l),2006-04-01,26,30,38,49,64,79,143
VILLAZON,desnutricion global,desnutricion leve (l),2006-04-01,66,67,49,57,115,124,239
VINTO,desnutricion global,desnutricion leve (l),2006-04-01,12,24,7,13,19,37,56
VITICHI,desnutricion global,desnutricion leve (l),2006-04-01,21,44,99,61,120,105,225
WALDO BALLIVIAN,desnutricion global,desnutricion leve (l),2006-04-01,3,11,7,6,10,17,27
WARNES,desnutricion global,desnutricion leve (l),2006-04-01,81,82,32,39,113,121,234
YACO,desnutricion global,desnutricion leve (l),2006-04-01,19,22,13,25,32,47,79
YACUIBA,desnutricion global,desnutricion leve (l),2006-04-01,30,51,46,40,76,91,167
YAMPARAEZ,desnutricion global,desnutricion leve (l),2006-04-01,40,26,97,94,137,120,257
YANACACHI,desnutricion global,desnutricion leve (l),2006-04-01,3,6,7,7,10,13,23
YAPACANI,desnutricion global,desnutricion leve (l),2006-04-01,108,85,46,49,154,134,288
YOCALLA,desnutricion global,desnutricion leve (l),2006-04-01,6,4,4,6,10,10,20
YOTALA,desnutricion global,desnutricion leve (l),2006-04-01,29,23,49,51,78,74,152
YUNCHARA,desnutricion global,desnutricion leve (l),2006-04-01,36,27,58,58,94,85,179
ZUDAÑEZ,desnutricion global,desnutricion leve (l),2006-04-01,32,31,46,62,78,93,171
ACACIO,desnutricion global,desnutricion leve (l),2006-05-01,16,15,35,29,51,44,95
ACHACACHI,desnutricion global,desnutricion leve (l),2006-05-01,31,44,22,46,53,90,143
ACHOCALLA,desnutricion global,desnutricion leve (l),2006-05-01,4,7,17,13,21,20,41
AIQUILE,desnutricion global,desnutricion leve (l),2006-05-01,11,13,18,17,29,30,59
ALALAY,desnutricion global,desnutricion leve (l),2006-05-01,13,7,5,10,18,17,35
ALCALA,desnutricion global,desnutricion leve (l),2006-05-01,16,13,37,30,53,43,96
ANCORAIMES,desnutricion global,desnutricion leve (l),2006-05-01,9,5,8,15,17,20,37
ANDAMARCA,desnutricion global,desnutricion leve (l),2006-05-01,5,3,6,10,11,13,24
ANTEQUERA,desnutricion global,desnutricion leve (l),2006-05-01,7,3,4,1,11,4,15
ANZALDO,desnutricion global,desnutricion leve (l),2006-05-01,6,11,9,21,15,32,47
APOLO,desnutricion global,desnutricion leve (l),2006-05-01,33,29,46,62,79,91,170
ARAMPAMPA,desnutricion global,desnutricion leve (l),2006-05-01,29,18,21,33,50,51,101
ARANI,desnutricion global,desnutricion leve (l),2006-05-01,12,17,29,19,41,36,77
ARBIETO,desnutricion global,desnutricion leve (l),2006-05-01,10,6,14,12,24,18,42
ARQUE,desnutricion global,desnutricion leve (l),2006-05-01,22,48,30,41,52,89,141
ATOCHA,desnutricion global,desnutricion leve (l),2006-05-01,32,32,37,30,69,62,131
AUCAPATA,desnutricion global,desnutricion leve (l),2006-05-01,11,13,14,12,25,25,50
AYATA,desnutricion global,desnutricion leve (l),2006-05-01,38,45,47,37,85,82,167
AYO AYO,desnutricion global,desnutricion leve (l),2006-05-01,16,9,7,3,23,12,35
AYOPAYA (V. DE INDEPENDENCIA),desnutricion global,desnutricion leve (l),2006-05-01,53,58,74,70,127,128,255
AZURDUY,desnutricion global,desnutricion leve (l),2006-05-01,41,60,91,113,132,173,305
BATALLAS,desnutricion global,desnutricion leve (l),2006-05-01,15,12,6,3,21,15,36
BAURES,desnutricion global,desnutricion leve (l),2006-05-01,9,9,3,3,12,12,24
BELEN DE ANDAMARCA,desnutricion global,desnutricion leve (l),2006-05-01,5,2,3,2,8,4,12
BELEN DE URMIRI,desnutricion global,desnutricion leve (l),2006-05-01,5,8,11,9,16,17,33
BELLA FLOR,desnutricion global,desnutricion leve (l),2006-05-01,2,3,2,2,4,5,9
BERMEJO,desnutricion global,desnutricion leve (l),2006-05-01,14,14,21,17,35,31,66
BETANZOS,desnutricion global,desnutricion leve (l),2006-05-01,105,86,152,142,257,228,485
BOLIVAR,desnutricion global,desnutricion leve (l),2006-05-01,48,53,66,67,114,120,234
BOLPEBRA,desnutricion global,desnutricion leve (l),2006-05-01,1,2,0,3,1,5,6
BOYUIBE,desnutricion global,desnutricion leve (l),2006-05-01,8,4,11,4,19,8,27
BUENA VISTA,desnutricion global,desnutricion leve (l),2006-05-01,5,9,6,7,11,16,27
CABEZAS,desnutricion global,desnutricion leve (l),2006-05-01,23,14,26,13,49,27,76
CAIROMA,desnutricion global,desnutricion leve (l),2006-05-01,50,50,40,49,90,99,189
"CAIZA ""D""",desnutricion global,desnutricion leve (l),2006-05-01,20,18,31,29,51,47,98
CAJUATA,desnutricion global,desnutricion leve (l),2006-05-01,18,11,17,17,35,28,63
CALACOTO,desnutricion global,desnutricion leve (l),2006-05-01,19,15,16,21,35,36,71
CALAMARCA,desnutricion global,desnutricion leve (l),2006-05-01,63,64,57,54,120,118,238
CAMARGO,desnutricion global,desnutricion leve (l),2006-05-01,72,75,84,113,156,188,344
CAMATAQUI (C. VILLA ABECIA),desnutricion global,desnutricion leve (l),2006-05-01,5,6,9,11,14,17,31
CAMIRI,desnutricion global,desnutricion leve (l),2006-05-01,35,24,41,57,76,81,157
CAPINOTA,desnutricion global,desnutricion leve (l),2006-05-01,39,37,44,47,83,84,167
CAQUIAVIRI,desnutricion global,desnutricion leve (l),2006-05-01,7,14,16,22,23,36,59
CARACOLLO,desnutricion global,desnutricion leve (l),2006-05-01,15,7,11,10,26,17,43
CARANAVI,desnutricion global,desnutricion leve (l),2006-05-01,83,88,61,84,144,172,316
CARANGAS,desnutricion global,desnutricion leve (l),2006-05-01,0,1,0,0,0,1,1
CARAPARI,desnutricion global,desnutricion leve (l),2006-05-01,7,6,17,18,24,24,48
CARIPUYO,desnutricion global,desnutricion leve (l),2006-05-01,50,54,87,98,137,152,289
CARMEN RIVERO TORREZ,desnutricion global,desnutricion leve (l),2006-05-01,5,8,5,6,10,14,24
CATACORA,desnutricion global,desnutricion leve (l),2006-05-01,5,4,7,2,12,6,18
CHACARILLA,desnutricion global,desnutricion leve (l),2006-05-01,3,3,2,4,5,7,12
CHALLAPATA,desnutricion global,desnutricion leve (l),2006-05-01,76,62,65,72,141,134,275
CHAQUI,desnutricion global,desnutricion leve (l),2006-05-01,21,14,32,36,53,50,103
CHARAGUA,desnutricion global,desnutricion leve (l),2006-05-01,36,29,21,20,57,49,106
CHARAÑA,desnutricion global,desnutricion leve (l),2006-05-01,17,20,11,7,28,27,55
CHAYANTA,desnutricion global,desnutricion leve (l),2006-05-01,44,46,52,79,96,125,221
CHIMORE,desnutricion global,desnutricion leve (l),2006-05-01,31,29,26,33,57,62,119
CHIPAYA,desnutricion global,desnutricion leve (l),2006-05-01,2,7,12,3,14,10,24
CHOQUE COTA,desnutricion global,desnutricion leve (l),2006-05-01,2,1,2,2,4,3,7
CHULUMANI (V. DE LA LIBERTAD),desnutricion global,desnutricion leve (l),2006-05-01,17,16,2,8,19,24,43
CHUMA,desnutricion global,desnutricion leve (l),2006-05-01,35,30,29,36,64,66,130
CLIZA,desnutricion global,desnutricion leve (l),2006-05-01,22,17,15,18,37,35,72
COBIJA,desnutricion global,desnutricion leve (l),2006-05-01,28,26,29,38,57,64,121
COCHABAMBA,desnutricion global,desnutricion leve (l),2006-05-01,460,398,340,359,800,757,1557
COIPASA,desnutricion global,desnutricion leve (l),2006-05-01,0,0,1,1,1,1,2
COLCAPIRHUA,desnutricion global,desnutricion leve (l),2006-05-01,84,68,42,47,126,115,241
"COLCHA ""K""",desnutricion global,desnutricion leve (l),2006-05-01,24,22,26,31,50,53,103
COLLANA,desnutricion global,desnutricion leve (l),2006-05-01,1,6,4,4,5,10,15
COLOMI,desnutricion global,desnutricion leve (l),2006-05-01,49,29,27,30,76,59,135
COLPA BELGICA,desnutricion global,desnutricion leve (l),2006-05-01,7,3,4,5,11,8,19
COLQUECHACA,desnutricion global,desnutricion leve (l),2006-05-01,74,64,88,64,162,128,290
COLQUENCHA,desnutricion global,desnutricion leve (l),2006-05-01,7,11,21,24,28,35,63
COLQUIRI,desnutricion global,desnutricion leve (l),2006-05-01,36,46,28,31,64,77,141
COMANCHE,desnutricion global,desnutricion leve (l),2006-05-01,11,8,12,13,23,21,44
COMARAPA,desnutricion global,desnutricion leve (l),2006-05-01,35,25,14,19,49,44,93
COMBAYA,desnutricion global,desnutricion leve (l),2006-05-01,3,10,10,9,13,19,32
CONCEPCION,desnutricion global,desnutricion leve (l),2006-05-01,3,6,3,3,6,9,15
COPACABANA,desnutricion global,desnutricion leve (l),2006-05-01,19,20,25,16,44,36,80
CORIPATA,desnutricion global,desnutricion leve (l),2006-05-01,5,4,4,2,9,6,15
CORO CORO,desnutricion global,desnutricion leve (l),2006-05-01,27,31,23,38,50,69,119
COROICO,desnutricion global,desnutricion leve (l),2006-05-01,14,11,14,19,28,30,58
CORQUE,desnutricion global,desnutricion leve (l),2006-05-01,14,5,5,9,19,14,33
COTAGAITA,desnutricion global,desnutricion leve (l),2006-05-01,80,71,75,55,155,126,281
COTOCA,desnutricion global,desnutricion leve (l),2006-05-01,26,32,22,19,48,51,99
CUATRO CAÑADAS,desnutricion global,desnutricion leve (l),2006-05-01,6,7,9,8,15,15,30
CUCHUMUELA (V. G. VILLARROEL),desnutricion global,desnutricion leve (l),2006-05-01,7,1,2,2,9,3,12
CUEVO,desnutricion global,desnutricion leve (l),2006-05-01,4,3,3,5,7,8,15
CULPINA,desnutricion global,desnutricion leve (l),2006-05-01,104,110,114,133,218,243,461
CURAHUARA DE CARANGAS,desnutricion global,desnutricion leve (l),2006-05-01,4,11,8,6,12,17,29
CURVA,desnutricion global,desnutricion leve (l),2006-05-01,10,6,4,5,14,11,25
DESAGUADERO,desnutricion global,desnutricion leve (l),2006-05-01,18,12,6,6,24,18,42
EL ALTO,desnutricion global,desnutricion leve (l),2006-05-01,1346,1125,994,986,2340,2111,4451
EL CHORO,desnutricion global,desnutricion leve (l),2006-05-01,1,1,1,0,2,1,3
EL PUENTE(STC),desnutricion global,desnutricion leve (l),2006-05-01,13,19,12,11,25,30,55
EL PUENTE(TJA),desnutricion global,desnutricion leve (l),2006-05-01,14,20,28,32,42,52,94
EL TORNO,desnutricion global,desnutricion leve (l),2006-05-01,26,40,25,30,51,70,121
EL VILLAR,desnutricion global,desnutricion leve (l),2006-05-01,6,13,23,38,29,51,80
ENTRE RIOS,desnutricion global,desnutricion leve (l),2006-05-01,39,37,33,42,72,79,151
ENTRE RIOS,desnutricion global,desnutricion leve (l),2006-05-01,23,30,30,40,53,70,123
ESCARA,desnutricion global,desnutricion leve (l),2006-05-01,1,3,1,1,2,4,6
EUCALIPTUS,desnutricion global,desnutricion leve (l),2006-05-01,4,7,15,8,19,15,34
EUREKA (SANTOS MERCADO),desnutricion global,desnutricion leve (l),2006-05-01,4,2,1,3,5,5,10
EXALTACION,desnutricion global,desnutricion leve (l),2006-05-01,7,14,16,21,23,35,58
FERNANDEZ ALONSO,desnutricion global,desnutricion leve (l),2006-05-01,19,19,9,17,28,36,64
FILADELFIA,desnutricion global,desnutricion leve (l),2006-05-01,5,4,5,12,10,16,26
GENERAL SAAVEDRA,desnutricion global,desnutricion leve (l),2006-05-01,4,5,2,10,6,15,21
GRAL. J.J. PEREZ (CHARAZANI),desnutricion global,desnutricion leve (l),2006-05-01,37,39,46,46,83,85,168
GUANAY,desnutricion global,desnutricion leve (l),2006-05-01,21,22,40,16,61,38,99
GUAQUI,desnutricion global,desnutricion leve (l),2006-05-01,5,4,2,6,7,10,17
GUAYARAMERIN,desnutricion global,desnutricion leve (l),2006-05-01,61,55,51,60,112,115,227
GUTIERREZ,desnutricion global,desnutricion leve (l),2006-05-01,21,17,49,39,70,56,126
HUACARETA,desnutricion global,desnutricion leve (l),2006-05-01,16,17,27,41,43,58,101
HUACAYA (VILLA DE HUACAYA),desnutricion global,desnutricion leve (l),2006-05-01,12,4,13,10,25,14,39
HUACHACALLA,desnutricion global,desnutricion leve (l),2006-05-01,2,3,1,4,3,7,10
HUANUNI,desnutricion global,desnutricion leve (l),2006-05-01,49,52,33,38,82,90,172
HUARACAJE,desnutricion global,desnutricion leve (l),2006-05-01,3,1,7,3,10,4,14
HUAYLLAMARCA,desnutricion global,desnutricion leve (l),2006-05-01,2,3,2,7,4,10,14
ICHOCA,desnutricion global,desnutricion leve (l),2006-05-01,9,11,15,15,24,26,50
ICLA,desnutricion global,desnutricion leve (l),2006-05-01,86,65,182,153,268,218,486
INCAHUASI,desnutricion global,desnutricion leve (l),2006-05-01,93,109,81,176,174,285,459
INGAVI (HUMAITA),desnutricion global,desnutricion leve (l),2006-05-01,1,0,2,0,3,0,3
INQUISIVI,desnutricion global,desnutricion leve (l),2006-05-01,84,66,98,114,182,180,362
IRUPANA (VILLA DE LANZA),desnutricion global,desnutricion leve (l),2006-05-01,12,10,22,37,34,47,81
IXIAMAS,desnutricion global,desnutricion leve (l),2006-05-01,27,19,27,14,54,33,87
JESUS DE MACHACA,desnutricion global,desnutricion leve (l),2006-05-01,18,24,16,25,34,49,83
LA ASUNTA,desnutricion global,desnutricion leve (l),2006-05-01,26,34,4,10,30,44,74
LA GUARDIA,desnutricion global,desnutricion leve (l),2006-05-01,57,65,21,34,78,99,177
LA PAZ,desnutricion global,desnutricion leve (l),2006-05-01,952,866,684,696,1636,1562,3198
LA RIVERA,desnutricion global,desnutricion leve (l),2006-05-01,0,0,1,0,1,0,1
LAGUNILLAS,desnutricion global,desnutricion leve (l),2006-05-01,17,28,23,51,40,79,119
LAJA,desnutricion global,desnutricion leve (l),2006-05-01,17,18,6,6,23,24,47
LAS CARRERAS,desnutricion global,desnutricion leve (l),2006-05-01,8,7,24,29,32,36,68
LICOMA PAMPA,desnutricion global,desnutricion leve (l),2006-05-01,9,1,3,12,12,13,25
LLALLAGUA,desnutricion global,desnutricion leve (l),2006-05-01,76,65,99,114,175,179,354
LLICA,desnutricion global,desnutricion leve (l),2006-05-01,2,10,7,15,9,25,34
LORETO,desnutricion global,desnutricion leve (l),2006-05-01,3,4,2,7,5,11,16
LURIBAY,desnutricion global,desnutricion leve (l),2006-05-01,25,23,32,47,57,70,127
MACHACAMARCA,desnutricion global,desnutricion leve (l),2006-05-01,1,2,1,2,2,4,6
MACHARETI,desnutricion global,desnutricion leve (l),2006-05-01,18,6,18,27,36,33,69
MAGDALENA,desnutricion global,desnutricion leve (l),2006-05-01,13,9,6,9,19,18,37
MAIRANA,desnutricion global,desnutricion leve (l),2006-05-01,8,4,6,2,14,6,20
MALLA,desnutricion global,desnutricion leve (l),2006-05-01,13,8,6,17,19,25,44
MAPIRI,desnutricion global,desnutricion leve (l),2006-05-01,13,12,11,3,24,15,39
MECAPACA,desnutricion global,desnutricion leve (l),2006-05-01,13,8,22,21,35,29,64
MINEROS,desnutricion global,desnutricion leve (l),2006-05-01,41,47,19,17,60,64,124
MIZQUE,desnutricion global,desnutricion leve (l),2006-05-01,56,46,32,46,88,92,180
MOCOMOCO,desnutricion global,desnutricion leve (l),2006-05-01,36,36,43,29,79,65,144
MOJINETE,desnutricion global,desnutricion leve (l),2006-05-01,1,1,4,4,5,5,10
MOJOCOYA,desnutricion global,desnutricion leve (l),2006-05-01,27,25,54,60,81,85,166
MONTEAGUDO,desnutricion global,desnutricion leve (l),2006-05-01,86,72,119,124,205,196,401
MONTERO,desnutricion global,desnutricion leve (l),2006-05-01,162,169,105,126,267,295,562
MORO MORO,desnutricion global,desnutricion leve (l),2006-05-01,1,4,7,3,8,7,15
MOROCHATA,desnutricion global,desnutricion leve (l),2006-05-01,63,53,34,40,97,93,190
NACEBE (SANTA ROSA DEL ABUNA),desnutricion global,desnutricion leve (l),2006-05-01,0,0,3,0,3,0,3
NUEVO MANOA (NUEVA ESPERANZA),desnutricion global,desnutricion leve (l),2006-05-01,5,0,3,0,8,0,8
OCURI,desnutricion global,desnutricion leve (l),2006-05-01,71,72,65,69,136,141,277
OKINAWA,desnutricion global,desnutricion leve (l),2006-05-01,3,8,5,7,8,15,23
OMEREQUE,desnutricion global,desnutricion leve (l),2006-05-01,9,12,5,7,14,19,33
ORURO,desnutricion global,desnutricion leve (l),2006-05-01,374,300,273,245,647,545,1192
PADCAYA,desnutricion global,desnutricion leve (l),2006-05-01,32,33,35,46,67,79,146
PADILLA,desnutricion global,desnutricion leve (l),2006-05-01,41,30,87,94,128,124,252
PAILON,desnutricion global,desnutricion leve (l),2006-05-01,2,47,31,1,33,48,81
PALCA,desnutricion global,desnutricion leve (l),2006-05-01,25,14,15,12,40,26,66
PALOS BLANCOS,desnutricion global,desnutricion leve (l),2006-05-01,52,52,43,70,95,122,217
PAMPA AULLAGAS,desnutricion global,desnutricion leve (l),2006-05-01,4,5,13,9,17,14,31
PAMPA GRANDE,desnutricion global,desnutricion leve (l),2006-05-01,3,5,2,8,5,13,18
PAPEL PAMPA,desnutricion global,desnutricion leve (l),2006-05-01,5,6,7,6,12,12,24
PASORAPA,desnutricion global,desnutricion leve (l),2006-05-01,22,16,19,20,41,36,77
PATACAMAYA,desnutricion global,desnutricion leve (l),2006-05-01,55,72,41,48,96,120,216
PAZÑA,desnutricion global,desnutricion leve (l),2006-05-01,10,7,11,5,21,12,33
PELECHUCO,desnutricion global,desnutricion leve (l),2006-05-01,13,17,21,25,34,42,76
POCOATA,desnutricion global,desnutricion leve (l),2006-05-01,49,65,82,92,131,157,288
POCONA,desnutricion global,desnutricion leve (l),2006-05-01,41,27,37,32,78,59,137
POJO (CBBA),desnutricion global,desnutricion leve (l),2006-05-01,25,29,30,27,55,56,111
POOPO,desnutricion global,desnutricion leve (l),2006-05-01,10,6,8,11,18,17,35
PORCO,desnutricion global,desnutricion leve (l),2006-05-01,15,14,34,30,49,44,93
POROMA,desnutricion global,desnutricion leve (l),2006-05-01,91,96,139,125,230,221,451
PORONGO,desnutricion global,desnutricion leve (l),2006-05-01,1,1,0,0,1,1,2
PORTACHUELO,desnutricion global,desnutricion leve (l),2006-05-01,32,26,21,14,53,40,93
PORVENIR,desnutricion global,desnutricion leve (l),2006-05-01,8,7,6,5,14,12,26
POSTRER VALLE,desnutricion global,desnutricion leve (l),2006-05-01,1,2,1,5,2,7,9
POTOSI,desnutricion global,desnutricion leve (l),2006-05-01,395,292,225,214,620,506,1126
PRESTO,desnutricion global,desnutricion leve (l),2006-05-01,43,34,68,72,111,106,217
PUCARA,desnutricion global,desnutricion leve (l),2006-05-01,0,0,1,0,1,0,1
PUCARANI,desnutricion global,desnutricion leve (l),2006-05-01,28,33,34,15,62,48,110
PUERTO ACOSTA,desnutricion global,desnutricion leve (l),2006-05-01,35,40,25,35,60,75,135
PUERTO CARABUCO,desnutricion global,desnutricion leve (l),2006-05-01,22,26,22,30,44,56,100
PUERTO GONZALO MORENO,desnutricion global,desnutricion leve (l),2006-05-01,8,6,11,12,19,18,37
PUERTO PEREZ,desnutricion global,desnutricion leve (l),2006-05-01,7,4,9,8,16,12,28
PUERTO QUIJARRO,desnutricion global,desnutricion leve (l),2006-05-01,14,9,7,6,21,15,36
PUERTO RICO,desnutricion global,desnutricion leve (l),2006-05-01,8,6,16,13,24,19,43
PUERTO SILES,desnutricion global,desnutricion leve (l),2006-05-01,2,2,0,0,2,2,4
PUERTO SUAREZ,desnutricion global,desnutricion leve (l),2006-05-01,16,16,5,7,21,23,44
PUERTO VILLARROEL,desnutricion global,desnutricion leve (l),2006-05-01,75,66,61,46,136,112,248
PUNA,desnutricion global,desnutricion leve (l),2006-05-01,98,93,142,129,240,222,462
PUNATA,desnutricion global,desnutricion leve (l),2006-05-01,35,46,33,36,68,82,150
QUIABAYA,desnutricion global,desnutricion leve (l),2006-05-01,3,3,1,0,4,3,7
QUILLACOLLO,desnutricion global,desnutricion leve (l),2006-05-01,75,62,45,66,120,128,248
QUIME,desnutricion global,desnutricion leve (l),2006-05-01,16,19,23,27,39,46,85
QUIRUSILLAS,desnutricion global,desnutricion leve (l),2006-05-01,0,0,0,3,0,3,3
RAVELO,desnutricion global,desnutricion leve (l),2006-05-01,139,130,192,179,331,309,640
REYES,desnutricion global,desnutricion leve (l),2006-05-01,21,34,27,28,48,62,110
RIBERALTA,desnutricion global,desnutricion leve (l),2006-05-01,173,225,114,108,287,333,620
ROBORE,desnutricion global,desnutricion leve (l),2006-05-01,14,20,13,14,27,34,61
RURRENABAQUE,desnutricion global,desnutricion leve (l),2006-05-01,9,6,6,6,15,12,27
SABAYA,desnutricion global,desnutricion leve (l),2006-05-01,2,4,1,4,3,8,11
SACABA,desnutricion global,desnutricion leve (l),2006-05-01,159,131,115,124,274,255,529
SACABAMBA,desnutricion global,desnutricion leve (l),2006-05-01,19,11,7,2,26,13,39
SACACA,desnutricion global,desnutricion leve (l),2006-05-01,134,135,244,199,378,334,712
SAIPINA,desnutricion global,desnutricion leve (l),2006-05-01,10,11,12,11,22,22,44
SALINAS DE GARCI MENDOZA,desnutricion global,desnutricion leve (l),2006-05-01,29,22,37,32,66,54,120
SAMAIPATA,desnutricion global,desnutricion leve (l),2006-05-01,16,5,13,13,29,18,47
SAN AGUSTIN,desnutricion global,desnutricion leve (l),2006-05-01,8,1,8,10,16,11,27
SAN ANDRES,desnutricion global,desnutricion leve (l),2006-05-01,12,11,6,6,18,17,35
SAN ANDRES DE MACHACA,desnutricion global,desnutricion leve (l),2006-05-01,10,6,8,8,18,14,32
SAN ANTONIO DE ESMORUCO,desnutricion global,desnutricion leve (l),2006-05-01,7,12,0,12,7,24,31
SAN ANTONIO DE LOMERIO,desnutricion global,desnutricion leve (l),2006-05-01,24,32,33,41,57,73,130
SAN BENITO,desnutricion global,desnutricion leve (l),2006-05-01,14,15,19,21,33,36,69
SAN BORJA,desnutricion global,desnutricion leve (l),2006-05-01,88,84,54,60,142,144,286
SAN BUENA VENTURA,desnutricion global,desnutricion leve (l),2006-05-01,17,16,11,19,28,35,63
SAN CARLOS,desnutricion global,desnutricion leve (l),2006-05-01,21,9,16,11,37,20,57
SAN IGNACIO,desnutricion global,desnutricion leve (l),2006-05-01,80,86,83,82,163,168,331
SAN IGNACIO DE VELASCO,desnutricion global,desnutricion leve (l),2006-05-01,124,122,92,122,216,244,460
SAN JAVIER(BNI),desnutricion global,desnutricion leve (l),2006-05-01,4,4,5,1,9,5,14
SAN JAVIER(STC),desnutricion global,desnutricion leve (l),2006-05-01,6,5,0,0,6,5,11
SAN JOAQUIN,desnutricion global,desnutricion leve (l),2006-05-01,5,5,10,6,15,11,26
SAN JOSE DE CHIQUITOS,desnutricion global,desnutricion leve (l),2006-05-01,13,17,19,17,32,34,66
SAN JUAN DE YAPACANI,desnutricion global,desnutricion leve (l),2006-05-01,9,8,5,2,14,10,24
SAN JULIAN,desnutricion global,desnutricion leve (l),2006-05-01,11,7,6,13,17,20,37
SAN LORENZO(PND),desnutricion global,desnutricion leve (l),2006-05-01,4,4,7,6,11,10,21
SAN LORENZO(TJA),desnutricion global,desnutricion leve (l),2006-05-01,36,39,65,68,101,107,208
SAN LUCAS,desnutricion global,desnutricion leve (l),2006-05-01,290,239,280,371,570,610,1180
SAN MATIAS,desnutricion global,desnutricion leve (l),2006-05-01,19,15,22,18,41,33,74
SAN MIGUEL DE VELASCO,desnutricion global,desnutricion leve (l),2006-05-01,19,13,9,17,28,30,58
SAN PABLO DE LIPEZ,desnutricion global,desnutricion leve (l),2006-05-01,6,6,13,12,19,18,37
SAN PEDRO,desnutricion global,desnutricion leve (l),2006-05-01,29,27,10,16,39,43,82
SAN PEDRO DE BUENA VISTA,desnutricion global,desnutricion leve (l),2006-05-01,131,120,138,164,269,284,553
SAN PEDRO DE CURAHUARA,desnutricion global,desnutricion leve (l),2006-05-01,8,7,6,4,14,11,25
SAN PEDRO DE QUEMES,desnutricion global,desnutricion leve (l),2006-05-01,0,1,1,0,1,1,2
SAN PEDRO DE TIQUINA,desnutricion global,desnutricion leve (l),2006-05-01,12,1,4,4,16,5,21
SAN PEDRO(PND),desnutricion global,desnutricion leve (l),2006-05-01,1,0,0,0,1,0,1
SAN RAFAEL,desnutricion global,desnutricion leve (l),2006-05-01,9,9,6,6,15,15,30
SAN RAMON,desnutricion global,desnutricion leve (l),2006-05-01,1,4,1,3,2,7,9
SAN RAMON,desnutricion global,desnutricion leve (l),2006-05-01,5,3,1,6,6,9,15
SANTA ANA,desnutricion global,desnutricion leve (l),2006-05-01,9,18,12,12,21,30,51
SANTA CRUZ DE LA SIERRA,desnutricion global,desnutricion leve (l),2006-05-01,469,459,244,220,713,679,1392
SANTA ROSA,desnutricion global,desnutricion leve (l),2006-05-01,17,23,12,16,29,39,68
SANTA ROSA DEL SARA,desnutricion global,desnutricion leve (l),2006-05-01,22,24,11,18,33,42,75
SANTIAGO DE CALLAPA,desnutricion global,desnutricion leve (l),2006-05-01,8,15,16,19,24,34,58
SANTIAGO DE HUARI,desnutricion global,desnutricion leve (l),2006-05-01,16,18,21,29,37,47,84
SANTIAGO DE MACHACA,desnutricion global,desnutricion leve (l),2006-05-01,9,5,15,17,24,22,46
SANTIVAÑES,desnutricion global,desnutricion leve (l),2006-05-01,7,16,7,7,14,23,37
SANTUARIO DE QUILLACAS,desnutricion global,desnutricion leve (l),2006-05-01,3,4,7,16,10,20,30
SAPAHAQUI,desnutricion global,desnutricion leve (l),2006-05-01,46,39,46,45,92,84,176
SENA,desnutricion global,desnutricion leve (l),2006-05-01,13,10,14,8,27,18,45
SICA SICA (VILLA AROMA),desnutricion global,desnutricion leve (l),2006-05-01,31,41,31,26,62,67,129
SICAYA,desnutricion global,desnutricion leve (l),2006-05-01,20,2,7,8,27,10,37
SIPE SIPE,desnutricion global,desnutricion leve (l),2006-05-01,93,88,71,62,164,150,314
SOPACHUY,desnutricion global,desnutricion leve (l),2006-05-01,34,30,57,84,91,114,205
SORACACHI,desnutricion global,desnutricion leve (l),2006-05-01,14,22,27,29,41,51,92
SORATA,desnutricion global,desnutricion leve (l),2006-05-01,24,20,17,19,41,39,80
SUCRE,desnutricion global,desnutricion leve (l),2006-05-01,322,275,353,353,675,628,1303
TACACHI,desnutricion global,desnutricion leve (l),2006-05-01,2,1,1,3,3,4,7
TACACOMA,desnutricion global,desnutricion leve (l),2006-05-01,8,3,6,9,14,12,26
TACOBAMBA,desnutricion global,desnutricion leve (l),2006-05-01,34,47,54,41,88,88,176
TACOPAYA,desnutricion global,desnutricion leve (l),2006-05-01,23,15,23,33,46,48,94
TAHUA,desnutricion global,desnutricion leve (l),2006-05-01,1,0,3,3,4,3,7
TAPACARI,desnutricion global,desnutricion leve (l),2006-05-01,65,56,53,49,118,105,223
TARABUCO,desnutricion global,desnutricion leve (l),2006-05-01,95,85,187,203,282,288,570
TARACO,desnutricion global,desnutricion leve (l),2006-05-01,1,2,0,2,1,4,5
TARATA,desnutricion global,desnutricion leve (l),2006-05-01,20,19,14,8,34,27,61
TARIJA,desnutricion global,desnutricion leve (l),2006-05-01,228,204,211,218,439,422,861
TARVITA,desnutricion global,desnutricion leve (l),2006-05-01,69,77,143,153,212,230,442
TEOPONTE,desnutricion global,desnutricion leve (l),2006-05-01,7,9,10,11,17,20,37
TIAWANACU,desnutricion global,desnutricion leve (l),2006-05-01,24,11,26,23,50,34,84
TINGUIPAYA,desnutricion global,desnutricion leve (l),2006-05-01,98,103,114,84,212,187,399
TIPUANI,desnutricion global,desnutricion leve (l),2006-05-01,9,6,11,6,20,12,32
TIQUIPAYA,desnutricion global,desnutricion leve (l),2006-05-01,61,50,52,60,113,110,223
TIRAQUE (CBBA),desnutricion global,desnutricion leve (l),2006-05-01,99,99,75,80,174,179,353
TITO YUPANQUI (PARQUIPUJIO),desnutricion global,desnutricion leve (l),2006-05-01,2,1,3,1,5,2,7
TOCO,desnutricion global,desnutricion leve (l),2006-05-01,4,2,7,3,11,5,16
TOLATA,desnutricion global,desnutricion leve (l),2006-05-01,1,2,3,2,4,4,8
TOLEDO,desnutricion global,desnutricion leve (l),2006-05-01,10,16,12,16,22,32,54
TOMAVE,desnutricion global,desnutricion leve (l),2006-05-01,64,15,55,9,119,24,143
TOMINA,desnutricion global,desnutricion leve (l),2006-05-01,68,43,89,101,157,144,301
TORO TORO,desnutricion global,desnutricion leve (l),2006-05-01,75,73,67,100,142,173,315
TOTORA(CBBA),desnutricion global,desnutricion leve (l),2006-05-01,28,32,19,24,47,56,103
TOTORA(ORR),desnutricion global,desnutricion leve (l),2006-05-01,2,5,7,9,9,14,23
TRIGAL,desnutricion global,desnutricion leve (l),2006-05-01,1,2,0,0,1,2,3
TRINIDAD,desnutricion global,desnutricion leve (l),2006-05-01,92,101,64,82,156,183,339
TUPIZA,desnutricion global,desnutricion leve (l),2006-05-01,90,71,78,97,168,168,336
TURCO,desnutricion global,desnutricion leve (l),2006-05-01,5,1,6,5,11,6,17
UMALA,desnutricion global,desnutricion leve (l),2006-05-01,6,6,8,2,14,8,22
UNCIA,desnutricion global,desnutricion leve (l),2006-05-01,41,29,52,36,93,65,158
URIONDO (A. CONCEPCION),desnutricion global,desnutricion leve (l),2006-05-01,19,15,41,32,60,47,107
UYUNI,desnutricion global,desnutricion leve (l),2006-05-01,32,32,34,28,66,60,126
VACAS,desnutricion global,desnutricion leve (l),2006-05-01,15,8,14,10,29,18,47
VALLEGRANDE,desnutricion global,desnutricion leve (l),2006-05-01,23,16,8,17,31,33,64
VIACHA,desnutricion global,desnutricion leve (l),2006-05-01,51,42,48,29,99,71,170
VILA VILA,desnutricion global,desnutricion leve (l),2006-05-01,3,1,5,11,8,12,20
VILLA MONTES,desnutricion global,desnutricion leve (l),2006-05-01,32,33,33,43,65,76,141
VILLA NUEVA (LOMA ALTA),desnutricion global,desnutricion leve (l),2006-05-01,2,2,2,6,4,8,12
VILLA RIVERO,desnutricion global,desnutricion leve (l),2006-05-01,5,14,20,10,25,24,49
VILLA SERRANO,desnutricion global,desnutricion leve (l),2006-05-01,62,54,111,135,173,189,362
VILLA TUNARI,desnutricion global,desnutricion leve (l),2006-05-01,94,92,131,107,225,199,424
VILLA VACA GUZMAN (MUYUPAMPA),desnutricion global,desnutricion leve (l),2006-05-01,24,26,40,56,64,82,146
VILLAZON,desnutricion global,desnutricion leve (l),2006-05-01,96,73,72,81,168,154,322
VINTO,desnutricion global,desnutricion leve (l),2006-05-01,30,26,20,18,50,44,94
VITICHI,desnutricion global,desnutricion leve (l),2006-05-01,32,43,53,47,85,90,175
WALDO BALLIVIAN,desnutricion global,desnutricion leve (l),2006-05-01,4,4,3,5,7,9,16
WARNES,desnutricion global,desnutricion leve (l),2006-05-01,35,58,21,30,56,88,144
YACO,desnutricion global,desnutricion leve (l),2006-05-01,18,19,19,25,37,44,81
YACUIBA,desnutricion global,desnutricion leve (l),2006-05-01,34,33,29,27,63,60,123
YAMPARAEZ,desnutricion global,desnutricion leve (l),2006-05-01,36,30,108,106,144,136,280
YANACACHI,desnutricion global,desnutricion leve (l),2006-05-01,6,3,5,3,11,6,17
YAPACANI,desnutricion global,desnutricion leve (l),2006-05-01,104,89,47,38,151,127,278
YOCALLA,desnutricion global,desnutricion leve (l),2006-05-01,11,9,17,27,28,36,64
YOTALA,desnutricion global,desnutricion leve (l),2006-05-01,27,28,34,49,61,77,138
YUNCHARA,desnutricion global,desnutricion leve (l),2006-05-01,28,24,50,37,78,61,139
ZUDAÑEZ,desnutricion global,desnutricion leve (l),2006-05-01,35,36,64,72,99,108,207
ACACIO,desnutricion global,desnutricion leve (l),2006-06-01,29,25,31,43,60,68,128
ACHACACHI,desnutricion global,desnutricion leve (l),2006-06-01,32,28,24,37,56,65,121
ACHOCALLA,desnutricion global,desnutricion leve (l),2006-06-01,7,8,9,3,16,11,27
AIQUILE,desnutricion global,desnutricion leve (l),2006-06-01,23,19,15,25,38,44,82
ALALAY,desnutricion global,desnutricion leve (l),2006-06-01,13,7,14,22,27,29,56
ALCALA,desnutricion global,desnutricion leve (l),2006-06-01,13,12,36,35,49,47,96
ANCORAIMES,desnutricion global,desnutricion leve (l),2006-06-01,25,24,33,35,58,59,117
ANDAMARCA,desnutricion global,desnutricion leve (l),2006-06-01,6,9,9,10,15,19,34
ANTEQUERA,desnutricion global,desnutricion leve (l),2006-06-01,11,9,8,5,19,14,33
ANZALDO,desnutricion global,desnutricion leve (l),2006-06-01,3,5,10,7,13,12,25
APOLO,desnutricion global,desnutricion leve (l),2006-06-01,28,29,32,37,60,66,126
ARAMPAMPA,desnutricion global,desnutricion leve (l),2006-06-01,23,19,26,15,49,34,83
ARANI,desnutricion global,desnutricion leve (l),2006-06-01,11,6,3,10,14,16,30
ARBIETO,desnutricion global,desnutricion leve (l),2006-06-01,13,5,14,13,27,18,45
ARQUE,desnutricion global,desnutricion leve (l),2006-06-01,26,29,31,39,57,68,125
ASCENCION DE GUARAYOS,desnutricion global,desnutricion leve (l),2006-06-01,85,81,106,128,191,209,400
ATOCHA,desnutricion global,desnutricion leve (l),2006-06-01,26,20,35,27,61,47,108
AUCAPATA,desnutricion global,desnutricion leve (l),2006-06-01,22,12,13,15,35,27,62
AYATA,desnutricion global,desnutricion leve (l),2006-06-01,16,14,19,21,35,35,70
AYO AYO,desnutricion global,desnutricion leve (l),2006-06-01,11,12,12,8,23,20,43
AYOPAYA (V. DE INDEPENDENCIA),desnutricion global,desnutricion leve (l),2006-06-01,59,51,77,62,136,113,249
AZURDUY,desnutricion global,desnutricion leve (l),2006-06-01,44,66,105,129,149,195,344
BATALLAS,desnutricion global,desnutricion leve (l),2006-06-01,29,19,7,13,36,32,68
BAURES,desnutricion global,desnutricion leve (l),2006-06-01,4,8,4,6,8,14,22
BELEN DE ANDAMARCA,desnutricion global,desnutricion leve (l),2006-06-01,1,3,4,4,5,7,12
BELEN DE URMIRI,desnutricion global,desnutricion leve (l),2006-06-01,5,3,7,10,12,13,25
BELLA FLOR,desnutricion global,desnutricion leve (l),2006-06-01,1,3,3,3,4,6,10
BERMEJO,desnutricion global,desnutricion leve (l),2006-06-01,11,15,21,15,32,30,62
BETANZOS,desnutricion global,desnutricion leve (l),2006-06-01,64,83,84,94,148,177,325
BOLIVAR,desnutricion global,desnutricion leve (l),2006-06-01,37,36,18,28,55,64,119
BOLPEBRA,desnutricion global,desnutricion leve (l),2006-06-01,0,0,2,3,2,3,5
BOYUIBE,desnutricion global,desnutricion leve (l),2006-06-01,9,4,16,4,25,8,33
BUENA VISTA,desnutricion global,desnutricion leve (l),2006-06-01,14,7,10,15,24,22,46
CABEZAS,desnutricion global,desnutricion leve (l),2006-06-01,17,13,20,13,37,26,63
CAIROMA,desnutricion global,desnutricion leve (l),2006-06-01,49,47,39,55,88,102,190
"CAIZA ""D""",desnutricion global,desnutricion leve (l),2006-06-01,23,19,28,26,51,45,96
CAJUATA,desnutricion global,desnutricion leve (l),2006-06-01,18,11,6,17,24,28,52
CALACOTO,desnutricion global,desnutricion leve (l),2006-06-01,15,11,17,9,32,20,52
CALAMARCA,desnutricion global,desnutricion leve (l),2006-06-01,58,53,60,71,118,124,242
CAMARGO,desnutricion global,desnutricion leve (l),2006-06-01,56,55,71,73,127,128,255
CAMATAQUI (C. VILLA ABECIA),desnutricion global,desnutricion leve (l),2006-06-01,12,7,21,19,33,26,59
CAMIRI,desnutricion global,desnutricion leve (l),2006-06-01,36,31,32,49,68,80,148
CAPINOTA,desnutricion global,desnutricion leve (l),2006-06-01,35,29,46,49,81,78,159
CAQUIAVIRI,desnutricion global,desnutricion leve (l),2006-06-01,3,5,4,5,7,10,17
CARACOLLO,desnutricion global,desnutricion leve (l),2006-06-01,12,11,24,29,36,40,76
CARANAVI,desnutricion global,desnutricion leve (l),2006-06-01,78,81,42,69,120,150,270
CARAPARI,desnutricion global,desnutricion leve (l),2006-06-01,6,12,19,19,25,31,56
CARIPUYO,desnutricion global,desnutricion leve (l),2006-06-01,36,36,36,61,72,97,169
CARMEN RIVERO TORREZ,desnutricion global,desnutricion leve (l),2006-06-01,5,12,3,6,8,18,26
CATACORA,desnutricion global,desnutricion leve (l),2006-06-01,1,0,0,0,1,0,1
CHACARILLA,desnutricion global,desnutricion leve (l),2006-06-01,7,2,3,10,10,12,22
CHALLAPATA,desnutricion global,desnutricion leve (l),2006-06-01,48,46,28,32,76,78,154
CHAQUI,desnutricion global,desnutricion leve (l),2006-06-01,14,7,22,19,36,26,62
CHARAGUA,desnutricion global,desnutricion leve (l),2006-06-01,35,36,33,36,68,72,140
CHARAÑA,desnutricion global,desnutricion leve (l),2006-06-01,3,6,2,2,5,8,13
CHAYANTA,desnutricion global,desnutricion leve (l),2006-06-01,52,58,101,115,153,173,326
CHIMORE,desnutricion global,desnutricion leve (l),2006-06-01,20,22,15,10,35,32,67
CHIPAYA,desnutricion global,desnutricion leve (l),2006-06-01,2,5,4,6,6,11,17
CHOQUE COTA,desnutricion global,desnutricion leve (l),2006-06-01,0,3,0,0,0,3,3
CHULUMANI (V. DE LA LIBERTAD),desnutricion global,desnutricion leve (l),2006-06-01,6,9,5,2,11,11,22
CHUMA,desnutricion global,desnutricion leve (l),2006-06-01,19,13,23,23,42,36,78
CLIZA,desnutricion global,desnutricion leve (l),2006-06-01,12,14,7,7,19,21,40
COBIJA,desnutricion global,desnutricion leve (l),2006-06-01,37,34,51,78,88,112,200
COCHABAMBA,desnutricion global,desnutricion leve (l),2006-06-01,324,325,223,234,547,559,1106
COLCAPIRHUA,desnutricion global,desnutricion leve (l),2006-06-01,48,31,25,31,73,62,135
"COLCHA ""K""",desnutricion global,desnutricion leve (l),2006-06-01,22,27,26,41,48,68,116
COLLANA,desnutricion global,desnutricion leve (l),2006-06-01,5,2,4,7,9,9,18
COLOMI,desnutricion global,desnutricion leve (l),2006-06-01,42,42,37,34,79,76,155
COLPA BELGICA,desnutricion global,desnutricion leve (l),2006-06-01,4,4,8,7,12,11,23
COLQUECHACA,desnutricion global,desnutricion leve (l),2006-06-01,152,139,207,170,359,309,668
COLQUENCHA,desnutricion global,desnutricion leve (l),2006-06-01,14,11,13,15,27,26,53
COLQUIRI,desnutricion global,desnutricion leve (l),2006-06-01,35,32,24,28,59,60,119
COMANCHE,desnutricion global,desnutricion leve (l),2006-06-01,4,0,11,6,15,6,21
COMARAPA,desnutricion global,desnutricion leve (l),2006-06-01,19,16,13,17,32,33,65
COMBAYA,desnutricion global,desnutricion leve (l),2006-06-01,3,2,1,0,4,2,6
CONCEPCION,desnutricion global,desnutricion leve (l),2006-06-01,12,1,1,2,13,3,16
COPACABANA,desnutricion global,desnutricion leve (l),2006-06-01,18,24,22,24,40,48,88
CORIPATA,desnutricion global,desnutricion leve (l),2006-06-01,9,10,8,4,17,14,31
CORO CORO,desnutricion global,desnutricion leve (l),2006-06-01,28,28,27,21,55,49,104
COROICO,desnutricion global,desnutricion leve (l),2006-06-01,17,15,21,17,38,32,70
CORQUE,desnutricion global,desnutricion leve (l),2006-06-01,9,12,9,4,18,16,34
COTAGAITA,desnutricion global,desnutricion leve (l),2006-06-01,58,67,88,66,146,133,279
COTOCA,desnutricion global,desnutricion leve (l),2006-06-01,44,47,12,34,56,81,137
CUATRO CAÑADAS,desnutricion global,desnutricion leve (l),2006-06-01,11,11,16,15,27,26,53
CUCHUMUELA (V. G. VILLARROEL),desnutricion global,desnutricion leve (l),2006-06-01,1,1,2,0,3,1,4
CUEVO,desnutricion global,desnutricion leve (l),2006-06-01,12,13,7,19,19,32,51
CULPINA,desnutricion global,desnutricion leve (l),2006-06-01,99,76,109,98,208,174,382
CURAHUARA DE CARANGAS,desnutricion global,desnutricion leve (l),2006-06-01,10,7,15,10,25,17,42
CURVA,desnutricion global,desnutricion leve (l),2006-06-01,3,5,5,2,8,7,15
DESAGUADERO,desnutricion global,desnutricion leve (l),2006-06-01,11,6,8,6,19,12,31
EL ALTO,desnutricion global,desnutricion leve (l),2006-06-01,976,840,643,596,1619,1436,3055
EL CHORO,desnutricion global,desnutricion leve (l),2006-06-01,7,3,3,3,10,6,16
EL PUENTE(STC),desnutricion global,desnutricion leve (l),2006-06-01,22,23,22,17,44,40,84
EL PUENTE(TJA),desnutricion global,desnutricion leve (l),2006-06-01,18,17,29,40,47,57,104
EL TORNO,desnutricion global,desnutricion leve (l),2006-06-01,23,15,26,20,49,35,84
EL VILLAR,desnutricion global,desnutricion leve (l),2006-06-01,7,9,20,25,27,34,61
ENTRE RIOS,desnutricion global,desnutricion leve (l),2006-06-01,39,31,49,53,88,84,172
ENTRE RIOS,desnutricion global,desnutricion leve (l),2006-06-01,22,32,28,38,50,70,120
ESCARA,desnutricion global,desnutricion leve (l),2006-06-01,0,1,1,0,1,1,2
EUCALIPTUS,desnutricion global,desnutricion leve (l),2006-06-01,3,2,10,7,13,9,22
EUREKA (SANTOS MERCADO),desnutricion global,desnutricion leve (l),2006-06-01,2,0,1,0,3,0,3
EXALTACION,desnutricion global,desnutricion leve (l),2006-06-01,8,0,3,9,11,9,20
FERNANDEZ ALONSO,desnutricion global,desnutricion leve (l),2006-06-01,17,18,6,24,23,42,65
FILADELFIA,desnutricion global,desnutricion leve (l),2006-06-01,1,1,1,1,2,2,4
GENERAL SAAVEDRA,desnutricion global,desnutricion leve (l),2006-06-01,19,18,11,9,30,27,57
GRAL. J.J. PEREZ (CHARAZANI),desnutricion global,desnutricion leve (l),2006-06-01,20,31,28,25,48,56,104
GUANAY,desnutricion global,desnutricion leve (l),2006-06-01,20,24,21,26,41,50,91
GUAQUI,desnutricion global,desnutricion leve (l),2006-06-01,10,6,7,10,17,16,33
GUAYARAMERIN,desnutricion global,desnutricion leve (l),2006-06-01,56,46,40,34,96,80,176
GUTIERREZ,desnutricion global,desnutricion leve (l),2006-06-01,29,27,69,71,98,98,196
HUACARETA,desnutricion global,desnutricion leve (l),2006-06-01,18,17,16,38,34,55,89
HUACAYA (VILLA DE HUACAYA),desnutricion global,desnutricion leve (l),2006-06-01,13,6,9,15,22,21,43
HUACHACALLA,desnutricion global,desnutricion leve (l),2006-06-01,4,3,1,3,5,6,11
HUANUNI,desnutricion global,desnutricion leve (l),2006-06-01,17,24,8,14,25,38,63
HUARACAJE,desnutricion global,desnutricion leve (l),2006-06-01,6,9,6,4,12,13,25
HUAYLLAMARCA,desnutricion global,desnutricion leve (l),2006-06-01,3,4,4,2,7,6,13
ICHOCA,desnutricion global,desnutricion leve (l),2006-06-01,19,11,11,17,30,28,58
ICLA,desnutricion global,desnutricion leve (l),2006-06-01,48,49,100,95,148,144,292
INCAHUASI,desnutricion global,desnutricion leve (l),2006-06-01,95,93,99,126,194,219,413
INGAVI (HUMAITA),desnutricion global,desnutricion leve (l),2006-06-01,5,2,5,3,10,5,15
INQUISIVI,desnutricion global,desnutricion leve (l),2006-06-01,40,28,37,36,77,64,141
IRUPANA (VILLA DE LANZA),desnutricion global,desnutricion leve (l),2006-06-01,21,19,22,26,43,45,88
IXIAMAS,desnutricion global,desnutricion leve (l),2006-06-01,8,12,8,10,16,22,38
JESUS DE MACHACA,desnutricion global,desnutricion leve (l),2006-06-01,14,31,14,22,28,53,81
LA ASUNTA,desnutricion global,desnutricion leve (l),2006-06-01,44,43,15,16,59,59,118
LA GUARDIA,desnutricion global,desnutricion leve (l),2006-06-01,42,37,20,29,62,66,128
LA PAZ,desnutricion global,desnutricion leve (l),2006-06-01,668,660,425,424,1093,1084,2177
LA RIVERA,desnutricion global,desnutricion leve (l),2006-06-01,0,0,1,0,1,0,1
LAGUNILLAS,desnutricion global,desnutricion leve (l),2006-06-01,15,15,29,29,44,44,88
LAJA,desnutricion global,desnutricion leve (l),2006-06-01,17,17,6,9,23,26,49
LAS CARRERAS,desnutricion global,desnutricion leve (l),2006-06-01,4,9,22,25,26,34,60
LICOMA PAMPA,desnutricion global,desnutricion leve (l),2006-06-01,9,9,13,18,22,27,49
LLALLAGUA,desnutricion global,desnutricion leve (l),2006-06-01,133,102,172,215,305,317,622
LLICA,desnutricion global,desnutricion leve (l),2006-06-01,5,7,6,3,11,10,21
LORETO,desnutricion global,desnutricion leve (l),2006-06-01,4,2,1,17,5,19,24
LURIBAY,desnutricion global,desnutricion leve (l),2006-06-01,18,12,17,19,35,31,66
MACHACAMARCA,desnutricion global,desnutricion leve (l),2006-06-01,1,0,1,1,2,1,3
MACHARETI,desnutricion global,desnutricion leve (l),2006-06-01,19,7,28,25,47,32,79
MAGDALENA,desnutricion global,desnutricion leve (l),2006-06-01,19,10,11,7,30,17,47
MAIRANA,desnutricion global,desnutricion leve (l),2006-06-01,11,6,8,9,19,15,34
MALLA,desnutricion global,desnutricion leve (l),2006-06-01,19,8,19,21,38,29,67
MAPIRI,desnutricion global,desnutricion leve (l),2006-06-01,15,12,10,4,25,16,41
MECAPACA,desnutricion global,desnutricion leve (l),2006-06-01,20,15,21,25,41,40,81
MINEROS,desnutricion global,desnutricion leve (l),2006-06-01,38,28,12,19,50,47,97
MIZQUE,desnutricion global,desnutricion leve (l),2006-06-01,23,31,23,32,46,63,109
MOCOMOCO,desnutricion global,desnutricion leve (l),2006-06-01,36,22,29,53,65,75,140
MOJINETE,desnutricion global,desnutricion leve (l),2006-06-01,1,1,2,0,3,1,4
MOJOCOYA,desnutricion global,desnutricion leve (l),2006-06-01,33,25,48,46,81,71,152
MONTEAGUDO,desnutricion global,desnutricion leve (l),2006-06-01,49,37,95,83,144,120,264
MONTERO,desnutricion global,desnutricion leve (l),2006-06-01,113,137,77,108,190,245,435
MORO MORO,desnutricion global,desnutricion leve (l),2006-06-01,0,1,2,0,2,1,3
MOROCHATA,desnutricion global,desnutricion leve (l),2006-06-01,30,44,32,28,62,72,134
NACEBE (SANTA ROSA DEL ABUNA),desnutricion global,desnutricion leve (l),2006-06-01,4,0,4,1,8,1,9
OCURI,desnutricion global,desnutricion leve (l),2006-06-01,86,93,123,102,209,195,404
OKINAWA,desnutricion global,desnutricion leve (l),2006-06-01,5,7,4,4,9,11,20
OMEREQUE,desnutricion global,desnutricion leve (l),2006-06-01,6,5,8,7,14,12,26
ORURO,desnutricion global,desnutricion leve (l),2006-06-01,305,264,191,174,496,438,934
PADCAYA,desnutricion global,desnutricion leve (l),2006-06-01,28,20,26,49,54,69,123
PADILLA,desnutricion global,desnutricion leve (l),2006-06-01,34,29,74,84,108,113,221
PAILON,desnutricion global,desnutricion leve (l),2006-06-01,1,19,14,0,15,19,34
PALCA,desnutricion global,desnutricion leve (l),2006-06-01,3,5,10,3,13,8,21
PALOS BLANCOS,desnutricion global,desnutricion leve (l),2006-06-01,26,25,24,24,50,49,99
PAMPA AULLAGAS,desnutricion global,desnutricion leve (l),2006-06-01,4,5,7,11,11,16,27
PAMPA GRANDE,desnutricion global,desnutricion leve (l),2006-06-01,4,2,2,4,6,6,12
PAPEL PAMPA,desnutricion global,desnutricion leve (l),2006-06-01,0,3,0,3,0,6,6
PASORAPA,desnutricion global,desnutricion leve (l),2006-06-01,16,6,15,12,31,18,49
PATACAMAYA,desnutricion global,desnutricion leve (l),2006-06-01,40,53,21,38,61,91,152
PAZÑA,desnutricion global,desnutricion leve (l),2006-06-01,5,11,12,21,17,32,49
PELECHUCO,desnutricion global,desnutricion leve (l),2006-06-01,9,10,11,14,20,24,44
POCOATA,desnutricion global,desnutricion leve (l),2006-06-01,84,71,94,130,178,201,379
POCONA,desnutricion global,desnutricion leve (l),2006-06-01,29,19,15,21,44,40,84
POJO (CBBA),desnutricion global,desnutricion leve (l),2006-06-01,14,8,16,22,30,30,60
POOPO,desnutricion global,desnutricion leve (l),2006-06-01,0,6,7,8,7,14,21
PORCO,desnutricion global,desnutricion leve (l),2006-06-01,13,19,17,14,30,33,63
POROMA,desnutricion global,desnutricion leve (l),2006-06-01,60,71,74,90,134,161,295
PORONGO,desnutricion global,desnutricion leve (l),2006-06-01,4,1,1,0,5,1,6
PORTACHUELO,desnutricion global,desnutricion leve (l),2006-06-01,21,15,18,18,39,33,72
PORVENIR,desnutricion global,desnutricion leve (l),2006-06-01,3,5,5,7,8,12,20
POSTRER VALLE,desnutricion global,desnutricion leve (l),2006-06-01,5,4,6,12,11,16,27
POTOSI,desnutricion global,desnutricion leve (l),2006-06-01,300,254,154,136,454,390,844
PRESTO,desnutricion global,desnutricion leve (l),2006-06-01,24,30,37,43,61,73,134
PUCARA,desnutricion global,desnutricion leve (l),2006-06-01,2,2,4,4,6,6,12
PUCARANI,desnutricion global,desnutricion leve (l),2006-06-01,27,34,17,22,44,56,100
PUERTO ACOSTA,desnutricion global,desnutricion leve (l),2006-06-01,27,40,23,24,50,64,114
PUERTO CARABUCO,desnutricion global,desnutricion leve (l),2006-06-01,17,10,15,25,32,35,67
PUERTO GONZALO MORENO,desnutricion global,desnutricion leve (l),2006-06-01,17,15,17,16,34,31,65
PUERTO PEREZ,desnutricion global,desnutricion leve (l),2006-06-01,8,4,3,3,11,7,18
PUERTO QUIJARRO,desnutricion global,desnutricion leve (l),2006-06-01,9,11,4,7,13,18,31
PUERTO RICO,desnutricion global,desnutricion leve (l),2006-06-01,16,14,8,13,24,27,51
PUERTO SILES,desnutricion global,desnutricion leve (l),2006-06-01,1,1,0,0,1,1,2
PUERTO SUAREZ,desnutricion global,desnutricion leve (l),2006-06-01,10,7,3,8,13,15,28
PUERTO VILLARROEL,desnutricion global,desnutricion leve (l),2006-06-01,66,59,40,55,106,114,220
PUNA,desnutricion global,desnutricion leve (l),2006-06-01,81,75,111,100,192,175,367
PUNATA,desnutricion global,desnutricion leve (l),2006-06-01,30,33,19,25,49,58,107
QUIABAYA,desnutricion global,desnutricion leve (l),2006-06-01,1,1,1,2,2,3,5
QUILLACOLLO,desnutricion global,desnutricion leve (l),2006-06-01,48,44,48,56,96,100,196
QUIME,desnutricion global,desnutricion leve (l),2006-06-01,31,12,22,13,53,25,78
QUIRUSILLAS,desnutricion global,desnutricion leve (l),2006-06-01,1,1,4,2,5,3,8
RAVELO,desnutricion global,desnutricion leve (l),2006-06-01,115,130,155,145,270,275,545
REYES,desnutricion global,desnutricion leve (l),2006-06-01,22,26,19,23,41,49,90
RIBERALTA,desnutricion global,desnutricion leve (l),2006-06-01,316,278,146,179,462,457,919
ROBORE,desnutricion global,desnutricion leve (l),2006-06-01,19,23,6,15,25,38,63
RURRENABAQUE,desnutricion global,desnutricion leve (l),2006-06-01,9,14,5,10,14,24,38
SABAYA,desnutricion global,desnutricion leve (l),2006-06-01,5,6,2,7,7,13,20
SACABA,desnutricion global,desnutricion leve (l),2006-06-01,91,76,49,57,140,133,273
SACABAMBA,desnutricion global,desnutricion leve (l),2006-06-01,10,9,6,11,16,20,36
SACACA,desnutricion global,desnutricion leve (l),2006-06-01,125,133,200,204,325,337,662
SAIPINA,desnutricion global,desnutricion leve (l),2006-06-01,8,6,10,7,18,13,31
SALINAS DE GARCI MENDOZA,desnutricion global,desnutricion leve (l),2006-06-01,13,18,9,12,22,30,52
SAMAIPATA,desnutricion global,desnutricion leve (l),2006-06-01,14,13,10,16,24,29,53
SAN AGUSTIN,desnutricion global,desnutricion leve (l),2006-06-01,6,2,9,4,15,6,21
SAN ANDRES,desnutricion global,desnutricion leve (l),2006-06-01,14,16,5,6,19,22,41
SAN ANDRES DE MACHACA,desnutricion global,desnutricion leve (l),2006-06-01,6,2,7,4,13,6,19
SAN ANTONIO DE ESMORUCO,desnutricion global,desnutricion leve (l),2006-06-01,0,0,4,3,4,3,7
SAN ANTONIO DE LOMERIO,desnutricion global,desnutricion leve (l),2006-06-01,23,27,39,38,62,65,127
SAN BENITO,desnutricion global,desnutricion leve (l),2006-06-01,15,13,17,20,32,33,65
SAN BORJA,desnutricion global,desnutricion leve (l),2006-06-01,65,63,44,40,109,103,212
SAN BUENA VENTURA,desnutricion global,desnutricion leve (l),2006-06-01,11,10,12,16,23,26,49
SAN CARLOS,desnutricion global,desnutricion leve (l),2006-06-01,12,15,9,15,21,30,51
SAN IGNACIO,desnutricion global,desnutricion leve (l),2006-06-01,56,43,47,51,103,94,197
SAN IGNACIO DE VELASCO,desnutricion global,desnutricion leve (l),2006-06-01,88,109,67,107,155,216,371
SAN JAVIER(BNI),desnutricion global,desnutricion leve (l),2006-06-01,3,4,3,3,6,7,13
SAN JAVIER(STC),desnutricion global,desnutricion leve (l),2006-06-01,3,1,1,2,4,3,7
SAN JOAQUIN,desnutricion global,desnutricion leve (l),2006-06-01,2,1,4,8,6,9,15
SAN JOSE DE CHIQUITOS,desnutricion global,desnutricion leve (l),2006-06-01,19,17,8,21,27,38,65
SAN JUAN DE YAPACANI,desnutricion global,desnutricion leve (l),2006-06-01,5,8,1,4,6,12,18
SAN JULIAN,desnutricion global,desnutricion leve (l),2006-06-01,27,24,35,47,62,71,133
SAN LORENZO(PND),desnutricion global,desnutricion leve (l),2006-06-01,12,11,12,22,24,33,57
SAN LORENZO(TJA),desnutricion global,desnutricion leve (l),2006-06-01,51,53,64,74,115,127,242
SAN LUCAS,desnutricion global,desnutricion leve (l),2006-06-01,208,205,254,280,462,485,947
SAN MATIAS,desnutricion global,desnutricion leve (l),2006-06-01,13,14,10,13,23,27,50
SAN MIGUEL DE VELASCO,desnutricion global,desnutricion leve (l),2006-06-01,26,24,27,28,53,52,105
SAN PABLO DE LIPEZ,desnutricion global,desnutricion leve (l),2006-06-01,7,8,8,7,15,15,30
SAN PEDRO,desnutricion global,desnutricion leve (l),2006-06-01,17,16,10,22,27,38,65
SAN PEDRO DE BUENA VISTA,desnutricion global,desnutricion leve (l),2006-06-01,148,97,168,163,316,260,576
SAN PEDRO DE CURAHUARA,desnutricion global,desnutricion leve (l),2006-06-01,3,5,2,5,5,10,15
SAN PEDRO DE TIQUINA,desnutricion global,desnutricion leve (l),2006-06-01,2,6,5,4,7,10,17
SAN PEDRO(PND),desnutricion global,desnutricion leve (l),2006-06-01,4,7,2,11,6,18,24
SAN RAFAEL,desnutricion global,desnutricion leve (l),2006-06-01,12,9,6,14,18,23,41
SAN RAMON,desnutricion global,desnutricion leve (l),2006-06-01,7,3,4,4,11,7,18
SAN RAMON,desnutricion global,desnutricion leve (l),2006-06-01,10,6,1,1,11,7,18
SANTA ANA,desnutricion global,desnutricion leve (l),2006-06-01,8,19,8,11,16,30,46
SANTA CRUZ DE LA SIERRA,desnutricion global,desnutricion leve (l),2006-06-01,414,410,168,187,582,597,1179
SANTA ROSA,desnutricion global,desnutricion leve (l),2006-06-01,10,13,1,6,11,19,30
SANTA ROSA DEL SARA,desnutricion global,desnutricion leve (l),2006-06-01,13,12,8,12,21,24,45
SANTIAGO DE CALLAPA,desnutricion global,desnutricion leve (l),2006-06-01,8,8,8,13,16,21,37
SANTIAGO DE HUARI,desnutricion global,desnutricion leve (l),2006-06-01,12,17,21,19,33,36,69
SANTIAGO DE MACHACA,desnutricion global,desnutricion leve (l),2006-06-01,5,0,3,2,8,2,10
SANTIVAÑES,desnutricion global,desnutricion leve (l),2006-06-01,8,17,22,21,30,38,68
SANTUARIO DE QUILLACAS,desnutricion global,desnutricion leve (l),2006-06-01,5,5,7,6,12,11,23
SAPAHAQUI,desnutricion global,desnutricion leve (l),2006-06-01,29,17,13,35,42,52,94
SENA,desnutricion global,desnutricion leve (l),2006-06-01,8,3,7,6,15,9,24
SICA SICA (VILLA AROMA),desnutricion global,desnutricion leve (l),2006-06-01,51,41,32,26,83,67,150
SICAYA,desnutricion global,desnutricion leve (l),2006-06-01,12,1,0,8,12,9,21
SIPE SIPE,desnutricion global,desnutricion leve (l),2006-06-01,55,54,29,21,84,75,159
SOPACHUY,desnutricion global,desnutricion leve (l),2006-06-01,24,23,39,53,63,76,139
SORACACHI,desnutricion global,desnutricion leve (l),2006-06-01,7,10,8,7,15,17,32
SORATA,desnutricion global,desnutricion leve (l),2006-06-01,11,14,17,25,28,39,67
SUCRE,desnutricion global,desnutricion leve (l),2006-06-01,296,259,272,345,568,604,1172
TACACHI,desnutricion global,desnutricion leve (l),2006-06-01,0,1,1,0,1,1,2
TACACOMA,desnutricion global,desnutricion leve (l),2006-06-01,7,3,6,6,13,9,22
TACOBAMBA,desnutricion global,desnutricion leve (l),2006-06-01,20,19,16,17,36,36,72
TACOPAYA,desnutricion global,desnutricion leve (l),2006-06-01,23,24,42,52,65,76,141
TAHUA,desnutricion global,desnutricion leve (l),2006-06-01,0,0,0,1,0,1,1
TAPACARI,desnutricion global,desnutricion leve (l),2006-06-01,61,65,48,52,109,117,226
TARABUCO,desnutricion global,desnutricion leve (l),2006-06-01,117,108,232,237,349,345,694
TARACO,desnutricion global,desnutricion leve (l),2006-06-01,3,5,7,2,10,7,17
TARATA,desnutricion global,desnutricion leve (l),2006-06-01,9,11,10,6,19,17,36
TARIJA,desnutricion global,desnutricion leve (l),2006-06-01,140,148,159,140,299,288,587
TARVITA,desnutricion global,desnutricion leve (l),2006-06-01,31,30,33,34,64,64,128
TEOPONTE,desnutricion global,desnutricion leve (l),2006-06-01,5,5,1,5,6,10,16
TIAWANACU,desnutricion global,desnutricion leve (l),2006-06-01,13,6,5,3,18,9,27
TINGUIPAYA,desnutricion global,desnutricion leve (l),2006-06-01,39,51,85,56,124,107,231
TIPUANI,desnutricion global,desnutricion leve (l),2006-06-01,15,9,5,6,20,15,35
TIQUIPAYA,desnutricion global,desnutricion leve (l),2006-06-01,23,35,15,22,38,57,95
TIRAQUE (CBBA),desnutricion global,desnutricion leve (l),2006-06-01,50,57,70,66,120,123,243
TITO YUPANQUI (PARQUIPUJIO),desnutricion global,desnutricion leve (l),2006-06-01,0,0,3,2,3,2,5
TOCO,desnutricion global,desnutricion leve (l),2006-06-01,5,5,7,13,12,18,30
TOLATA,desnutricion global,desnutricion leve (l),2006-06-01,0,1,4,1,4,2,6
TOLEDO,desnutricion global,desnutricion leve (l),2006-06-01,9,5,2,4,11,9,20
TOMAVE,desnutricion global,desnutricion leve (l),2006-06-01,40,11,30,24,70,35,105
TOMINA,desnutricion global,desnutricion leve (l),2006-06-01,65,49,87,109,152,158,310
TORO TORO,desnutricion global,desnutricion leve (l),2006-06-01,62,69,92,100,154,169,323
TOTORA(CBBA),desnutricion global,desnutricion leve (l),2006-06-01,21,19,21,30,42,49,91
TOTORA(ORR),desnutricion global,desnutricion leve (l),2006-06-01,1,6,5,3,6,9,15
TRIGAL,desnutricion global,desnutricion leve (l),2006-06-01,0,1,1,0,1,1,2
TRINIDAD,desnutricion global,desnutricion leve (l),2006-06-01,114,90,56,61,170,151,321
TUPIZA,desnutricion global,desnutricion leve (l),2006-06-01,58,71,72,91,130,162,292
TURCO,desnutricion global,desnutricion leve (l),2006-06-01,2,3,4,3,6,6,12
UMALA,desnutricion global,desnutricion leve (l),2006-06-01,20,19,19,25,39,44,83
UNCIA,desnutricion global,desnutricion leve (l),2006-06-01,54,47,79,68,133,115,248
URIONDO (A. CONCEPCION),desnutricion global,desnutricion leve (l),2006-06-01,14,11,30,31,44,42,86
URUBICHA,desnutricion global,desnutricion leve (l),2006-06-01,41,41,61,54,102,95,197
UYUNI,desnutricion global,desnutricion leve (l),2006-06-01,43,24,35,36,78,60,138
VACAS,desnutricion global,desnutricion leve (l),2006-06-01,20,13,22,29,42,42,84
VALLEGRANDE,desnutricion global,desnutricion leve (l),2006-06-01,13,8,13,10,26,18,44
VIACHA,desnutricion global,desnutricion leve (l),2006-06-01,35,27,25,25,60,52,112
VILA VILA,desnutricion global,desnutricion leve (l),2006-06-01,14,9,27,8,41,17,58
VILLA MONTES,desnutricion global,desnutricion leve (l),2006-06-01,24,19,22,16,46,35,81
VILLA NUEVA (LOMA ALTA),desnutricion global,desnutricion leve (l),2006-06-01,1,1,2,1,3,2,5
VILLA RIVERO,desnutricion global,desnutricion leve (l),2006-06-01,7,19,17,26,24,45,69
VILLA SERRANO,desnutricion global,desnutricion leve (l),2006-06-01,43,49,94,98,137,147,284
VILLA TUNARI,desnutricion global,desnutricion leve (l),2006-06-01,104,101,103,101,207,202,409
VILLA VACA GUZMAN (MUYUPAMPA),desnutricion global,desnutricion leve (l),2006-06-01,20,16,16,34,36,50,86
VILLAZON,desnutricion global,desnutricion leve (l),2006-06-01,59,54,63,58,122,112,234
VINTO,desnutricion global,desnutricion leve (l),2006-06-01,44,52,9,16,53,68,121
VITICHI,desnutricion global,desnutricion leve (l),2006-06-01,73,27,125,61,198,88,286
WALDO BALLIVIAN,desnutricion global,desnutricion leve (l),2006-06-01,5,4,5,5,10,9,19
WARNES,desnutricion global,desnutricion leve (l),2006-06-01,100,84,41,44,141,128,269
YACO,desnutricion global,desnutricion leve (l),2006-06-01,22,24,18,36,40,60,100
YACUIBA,desnutricion global,desnutricion leve (l),2006-06-01,45,49,48,47,93,96,189
YAMPARAEZ,desnutricion global,desnutricion leve (l),2006-06-01,37,29,113,102,150,131,281
YANACACHI,desnutricion global,desnutricion leve (l),2006-06-01,4,0,0,2,4,2,6
YAPACANI,desnutricion global,desnutricion leve (l),2006-06-01,66,55,33,33,99,88,187
YOCALLA,desnutricion global,desnutricion leve (l),2006-06-01,6,8,17,16,23,24,47
YOTALA,desnutricion global,desnutricion leve (l),2006-06-01,25,26,41,59,66,85,151
YUNCHARA,desnutricion global,desnutricion leve (l),2006-06-01,29,26,65,47,94,73,167
ZUDAÑEZ,desnutricion global,desnutricion leve (l),2006-06-01,38,30,58,75,96,105,201
ACACIO,desnutricion global,desnutricion leve (l),2006-07-01,13,21,27,29,40,50,90
ACHACACHI,desnutricion global,desnutricion leve (l),2006-07-01,29,30,38,33,67,63,130
ACHOCALLA,desnutricion global,desnutricion leve (l),2006-07-01,7,8,4,5,11,13,24
AIQUILE,desnutricion global,desnutricion leve (l),2006-07-01,20,30,22,20,42,50,92
ALALAY,desnutricion global,desnutricion leve (l),2006-07-01,3,3,5,3,8,6,14
ALCALA,desnutricion global,desnutricion leve (l),2006-07-01,20,12,26,25,46,37,83
ANCORAIMES,desnutricion global,desnutricion leve (l),2006-07-01,24,26,36,41,60,67,127
ANDAMARCA,desnutricion global,desnutricion leve (l),2006-07-01,5,4,6,3,11,7,18
ANTEQUERA,desnutricion global,desnutricion leve (l),2006-07-01,7,4,4,3,11,7,18
ANZALDO,desnutricion global,desnutricion leve (l),2006-07-01,7,3,14,9,21,12,33
APOLO,desnutricion global,desnutricion leve (l),2006-07-01,20,23,26,31,46,54,100
ARAMPAMPA,desnutricion global,desnutricion leve (l),2006-07-01,21,23,25,18,46,41,87
ARANI,desnutricion global,desnutricion leve (l),2006-07-01,30,20,23,23,53,43,96
ARBIETO,desnutricion global,desnutricion leve (l),2006-07-01,6,12,6,3,12,15,27
ARQUE,desnutricion global,desnutricion leve (l),2006-07-01,69,60,30,54,99,114,213
ATOCHA,desnutricion global,desnutricion leve (l),2006-07-01,15,20,29,24,44,44,88
AUCAPATA,desnutricion global,desnutricion leve (l),2006-07-01,4,3,6,2,10,5,15
AYATA,desnutricion global,desnutricion leve (l),2006-07-01,7,20,9,11,16,31,47
AYO AYO,desnutricion global,desnutricion leve (l),2006-07-01,9,14,5,1,14,15,29
AYOPAYA (V. DE INDEPENDENCIA),desnutricion global,desnutricion leve (l),2006-07-01,51,50,46,41,97,91,188
AZURDUY,desnutricion global,desnutricion leve (l),2006-07-01,50,56,88,99,138,155,293
BATALLAS,desnutricion global,desnutricion leve (l),2006-07-01,16,15,10,10,26,25,51
BAURES,desnutricion global,desnutricion leve (l),2006-07-01,10,6,9,14,19,20,39
BELEN DE URMIRI,desnutricion global,desnutricion leve (l),2006-07-01,5,1,5,6,10,7,17
BELLA FLOR,desnutricion global,desnutricion leve (l),2006-07-01,0,4,6,3,6,7,13
BERMEJO,desnutricion global,desnutricion leve (l),2006-07-01,6,11,12,7,18,18,36
BETANZOS,desnutricion global,desnutricion leve (l),2006-07-01,83,93,132,136,215,229,444
BOLIVAR,desnutricion global,desnutricion leve (l),2006-07-01,43,33,35,40,78,73,151
BOLPEBRA,desnutricion global,desnutricion leve (l),2006-07-01,3,3,4,3,7,6,13
BOYUIBE,desnutricion global,desnutricion leve (l),2006-07-01,6,6,7,9,13,15,28
BUENA VISTA,desnutricion global,desnutricion leve (l),2006-07-01,7,7,8,9,15,16,31
CABEZAS,desnutricion global,desnutricion leve (l),2006-07-01,22,10,8,10,30,20,50
CAIROMA,desnutricion global,desnutricion leve (l),2006-07-01,46,26,28,47,74,73,147
"CAIZA ""D""",desnutricion global,desnutricion leve (l),2006-07-01,24,23,29,27,53,50,103
CAJUATA,desnutricion global,desnutricion leve (l),2006-07-01,26,14,23,12,49,26,75
CALACOTO,desnutricion global,desnutricion leve (l),2006-07-01,8,12,9,13,17,25,42
CALAMARCA,desnutricion global,desnutricion leve (l),2006-07-01,72,50,53,63,125,113,238
CAMARGO,desnutricion global,desnutricion leve (l),2006-07-01,75,87,81,95,156,182,338
CAMATAQUI (C. VILLA ABECIA),desnutricion global,desnutricion leve (l),2006-07-01,10,10,10,14,20,24,44
CAMIRI,desnutricion global,desnutricion leve (l),2006-07-01,38,58,43,60,81,118,199
CAPINOTA,desnutricion global,desnutricion leve (l),2006-07-01,48,52,33,22,81,74,155
CAQUIAVIRI,desnutricion global,desnutricion leve (l),2006-07-01,7,6,4,7,11,13,24
CARACOLLO,desnutricion global,desnutricion leve (l),2006-07-01,17,19,8,11,25,30,55
CARANAVI,desnutricion global,desnutricion leve (l),2006-07-01,56,63,47,64,103,127,230
CARANGAS,desnutricion global,desnutricion leve (l),2006-07-01,0,2,0,0,0,2,2
CARAPARI,desnutricion global,desnutricion leve (l),2006-07-01,5,6,17,8,22,14,36
CARIPUYO,desnutricion global,desnutricion leve (l),2006-07-01,35,41,64,90,99,131,230
CARMEN RIVERO TORREZ,desnutricion global,desnutricion leve (l),2006-07-01,11,2,4,9,15,11,26
CATACORA,desnutricion global,desnutricion leve (l),2006-07-01,9,8,12,3,21,11,32
CHACARILLA,desnutricion global,desnutricion leve (l),2006-07-01,1,2,3,7,4,9,13
CHALLAPATA,desnutricion global,desnutricion leve (l),2006-07-01,26,24,25,31,51,55,106
CHAQUI,desnutricion global,desnutricion leve (l),2006-07-01,17,9,20,28,37,37,74
CHARAGUA,desnutricion global,desnutricion leve (l),2006-07-01,32,44,39,41,71,85,156
CHARAÑA,desnutricion global,desnutricion leve (l),2006-07-01,4,6,8,2,12,8,20
CHAYANTA,desnutricion global,desnutricion leve (l),2006-07-01,53,46,67,87,120,133,253
CHIMORE,desnutricion global,desnutricion leve (l),2006-07-01,18,22,14,19,32,41,73
CHOQUE COTA,desnutricion global,desnutricion leve (l),2006-07-01,1,1,2,6,3,7,10
CHULUMANI (V. DE LA LIBERTAD),desnutricion global,desnutricion leve (l),2006-07-01,11,9,1,2,12,11,23
CHUMA,desnutricion global,desnutricion leve (l),2006-07-01,23,19,34,34,57,53,110
CLIZA,desnutricion global,desnutricion leve (l),2006-07-01,23,18,21,24,44,42,86
COBIJA,desnutricion global,desnutricion leve (l),2006-07-01,49,53,40,48,89,101,190
COCHABAMBA,desnutricion global,desnutricion leve (l),2006-07-01,307,255,186,153,493,408,901
COIPASA,desnutricion global,desnutricion leve (l),2006-07-01,0,0,0,2,0,2,2
COLCAPIRHUA,desnutricion global,desnutricion leve (l),2006-07-01,45,55,40,26,85,81,166
"COLCHA ""K""",desnutricion global,desnutricion leve (l),2006-07-01,13,21,15,15,28,36,64
COLLANA,desnutricion global,desnutricion leve (l),2006-07-01,1,1,2,3,3,4,7
COLOMI,desnutricion global,desnutricion leve (l),2006-07-01,36,28,23,34,59,62,121
COLPA BELGICA,desnutricion global,desnutricion leve (l),2006-07-01,7,4,7,10,14,14,28
COLQUECHACA,desnutricion global,desnutricion leve (l),2006-07-01,65,71,51,37,116,108,224
COLQUENCHA,desnutricion global,desnutricion leve (l),2006-07-01,19,10,18,15,37,25,62
COLQUIRI,desnutricion global,desnutricion leve (l),2006-07-01,40,37,34,41,74,78,152
COMANCHE,desnutricion global,desnutricion leve (l),2006-07-01,6,3,4,4,10,7,17
COMARAPA,desnutricion global,desnutricion leve (l),2006-07-01,10,15,9,21,19,36,55
COMBAYA,desnutricion global,desnutricion leve (l),2006-07-01,3,3,11,4,14,7,21
CONCEPCION,desnutricion global,desnutricion leve (l),2006-07-01,9,4,3,5,12,9,21
COPACABANA,desnutricion global,desnutricion leve (l),2006-07-01,24,9,15,26,39,35,74
CORIPATA,desnutricion global,desnutricion leve (l),2006-07-01,7,14,4,8,11,22,33
CORO CORO,desnutricion global,desnutricion leve (l),2006-07-01,16,16,33,17,49,33,82
COROICO,desnutricion global,desnutricion leve (l),2006-07-01,14,13,6,8,20,21,41
CORQUE,desnutricion global,desnutricion leve (l),2006-07-01,1,5,6,8,7,13,20
COTAGAITA,desnutricion global,desnutricion leve (l),2006-07-01,65,34,61,63,126,97,223
COTOCA,desnutricion global,desnutricion leve (l),2006-07-01,28,40,22,28,50,68,118
CUATRO CAÑADAS,desnutricion global,desnutricion leve (l),2006-07-01,11,4,5,12,16,16,32
CUCHUMUELA (V. G. VILLARROEL),desnutricion global,desnutricion leve (l),2006-07-01,8,1,2,4,10,5,15
CUEVO,desnutricion global,desnutricion leve (l),2006-07-01,11,9,7,12,18,21,39
CULPINA,desnutricion global,desnutricion leve (l),2006-07-01,96,86,95,100,191,186,377
CURAHUARA DE CARANGAS,desnutricion global,desnutricion leve (l),2006-07-01,5,3,6,4,11,7,18
CURVA,desnutricion global,desnutricion leve (l),2006-07-01,3,4,5,1,8,5,13
DESAGUADERO,desnutricion global,desnutricion leve (l),2006-07-01,3,1,5,1,8,2,10
EL ALTO,desnutricion global,desnutricion leve (l),2006-07-01,815,751,506,498,1321,1249,2570
EL CHORO,desnutricion global,desnutricion leve (l),2006-07-01,1,4,1,0,2,4,6
EL PUENTE(STC),desnutricion global,desnutricion leve (l),2006-07-01,10,20,9,11,19,31,50
EL PUENTE(TJA),desnutricion global,desnutricion leve (l),2006-07-01,17,15,25,48,42,63,105
EL TORNO,desnutricion global,desnutricion leve (l),2006-07-01,48,25,26,24,74,49,123
EL VILLAR,desnutricion global,desnutricion leve (l),2006-07-01,3,10,26,29,29,39,68
ENTRE RIOS,desnutricion global,desnutricion leve (l),2006-07-01,38,27,27,38,65,65,130
ENTRE RIOS,desnutricion global,desnutricion leve (l),2006-07-01,24,22,26,39,50,61,111
ESCARA,desnutricion global,desnutricion leve (l),2006-07-01,0,1,0,1,0,2,2
EUCALIPTUS,desnutricion global,desnutricion leve (l),2006-07-01,4,4,14,5,18,9,27
EUREKA (SANTOS MERCADO),desnutricion global,desnutricion leve (l),2006-07-01,0,1,1,2,1,3,4
EXALTACION,desnutricion global,desnutricion leve (l),2006-07-01,0,3,4,4,4,7,11
FERNANDEZ ALONSO,desnutricion global,desnutricion leve (l),2006-07-01,23,27,15,21,38,48,86
FILADELFIA,desnutricion global,desnutricion leve (l),2006-07-01,3,4,5,8,8,12,20
GENERAL SAAVEDRA,desnutricion global,desnutricion leve (l),2006-07-01,24,22,10,8,34,30,64
GRAL. J.J. PEREZ (CHARAZANI),desnutricion global,desnutricion leve (l),2006-07-01,30,35,30,25,60,60,120
GUANAY,desnutricion global,desnutricion leve (l),2006-07-01,26,32,19,20,45,52,97
GUAQUI,desnutricion global,desnutricion leve (l),2006-07-01,6,10,5,4,11,14,25
GUAYARAMERIN,desnutricion global,desnutricion leve (l),2006-07-01,42,55,42,40,84,95,179
GUTIERREZ,desnutricion global,desnutricion leve (l),2006-07-01,33,31,58,69,91,100,191
HUACARETA,desnutricion global,desnutricion leve (l),2006-07-01,16,12,20,30,36,42,78
HUACAYA (VILLA DE HUACAYA),desnutricion global,desnutricion leve (l),2006-07-01,11,7,10,16,21,23,44
HUACHACALLA,desnutricion global,desnutricion leve (l),2006-07-01,2,0,2,0,4,0,4
HUANUNI,desnutricion global,desnutricion leve (l),2006-07-01,16,14,16,20,32,34,66
HUARACAJE,desnutricion global,desnutricion leve (l),2006-07-01,3,4,4,2,7,6,13
HUAYLLAMARCA,desnutricion global,desnutricion leve (l),2006-07-01,2,2,0,3,2,5,7
ICHOCA,desnutricion global,desnutricion leve (l),2006-07-01,11,9,15,26,26,35,61
ICLA,desnutricion global,desnutricion leve (l),2006-07-01,60,66,114,114,174,180,354
INCAHUASI,desnutricion global,desnutricion leve (l),2006-07-01,74,62,80,91,154,153,307
INQUISIVI,desnutricion global,desnutricion leve (l),2006-07-01,37,28,38,51,75,79,154
IRUPANA (VILLA DE LANZA),desnutricion global,desnutricion leve (l),2006-07-01,17,23,19,31,36,54,90
IXIAMAS,desnutricion global,desnutricion leve (l),2006-07-01,13,17,18,22,31,39,70
JESUS DE MACHACA,desnutricion global,desnutricion leve (l),2006-07-01,24,13,11,20,35,33,68
LA ASUNTA,desnutricion global,desnutricion leve (l),2006-07-01,31,18,8,5,39,23,62
LA GUARDIA,desnutricion global,desnutricion leve (l),2006-07-01,55,51,32,30,87,81,168
LA PAZ,desnutricion global,desnutricion leve (l),2006-07-01,545,566,363,363,908,929,1837
LAGUNILLAS,desnutricion global,desnutricion leve (l),2006-07-01,7,10,23,29,30,39,69
LAJA,desnutricion global,desnutricion leve (l),2006-07-01,19,17,15,5,34,22,56
LAS CARRERAS,desnutricion global,desnutricion leve (l),2006-07-01,7,2,13,10,20,12,32
LICOMA PAMPA,desnutricion global,desnutricion leve (l),2006-07-01,3,1,1,2,4,3,7
LLALLAGUA,desnutricion global,desnutricion leve (l),2006-07-01,91,93,173,125,264,218,482
LLICA,desnutricion global,desnutricion leve (l),2006-07-01,5,8,10,6,15,14,29
LORETO,desnutricion global,desnutricion leve (l),2006-07-01,2,4,0,7,2,11,13
LURIBAY,desnutricion global,desnutricion leve (l),2006-07-01,21,17,30,28,51,45,96
MACHACAMARCA,desnutricion global,desnutricion leve (l),2006-07-01,0,1,2,1,2,2,4
MACHARETI,desnutricion global,desnutricion leve (l),2006-07-01,8,9,23,24,31,33,64
MAGDALENA,desnutricion global,desnutricion leve (l),2006-07-01,3,10,8,2,11,12,23
MAIRANA,desnutricion global,desnutricion leve (l),2006-07-01,6,7,5,2,11,9,20
MALLA,desnutricion global,desnutricion leve (l),2006-07-01,12,11,20,15,32,26,58
MAPIRI,desnutricion global,desnutricion leve (l),2006-07-01,9,20,18,29,27,49,76
MECAPACA,desnutricion global,desnutricion leve (l),2006-07-01,15,14,18,16,33,30,63
MINEROS,desnutricion global,desnutricion leve (l),2006-07-01,29,26,13,20,42,46,88
MIZQUE,desnutricion global,desnutricion leve (l),2006-07-01,47,60,45,64,92,124,216
MOCOMOCO,desnutricion global,desnutricion leve (l),2006-07-01,27,27,29,25,56,52,108
MOJINETE,desnutricion global,desnutricion leve (l),2006-07-01,2,3,2,2,4,5,9
MOJOCOYA,desnutricion global,desnutricion leve (l),2006-07-01,21,17,32,27,53,44,97
MONTEAGUDO,desnutricion global,desnutricion leve (l),2006-07-01,57,56,98,112,155,168,323
MONTERO,desnutricion global,desnutricion leve (l),2006-07-01,144,136,147,130,291,266,557
MORO MORO,desnutricion global,desnutricion leve (l),2006-07-01,1,1,4,1,5,2,7
MOROCHATA,desnutricion global,desnutricion leve (l),2006-07-01,64,50,43,53,107,103,210
NUEVO MANOA (NUEVA ESPERANZA),desnutricion global,desnutricion leve (l),2006-07-01,2,1,0,1,2,2,4
OCURI,desnutricion global,desnutricion leve (l),2006-07-01,75,80,69,80,144,160,304
OKINAWA,desnutricion global,desnutricion leve (l),2006-07-01,10,22,7,12,17,34,51
OMEREQUE,desnutricion global,desnutricion leve (l),2006-07-01,4,9,10,4,14,13,27
ORURO,desnutricion global,desnutricion leve (l),2006-07-01,296,261,168,174,464,435,899
PADCAYA,desnutricion global,desnutricion leve (l),2006-07-01,30,35,43,49,73,84,157
PADILLA,desnutricion global,desnutricion leve (l),2006-07-01,32,27,63,90,95,117,212
PALCA,desnutricion global,desnutricion leve (l),2006-07-01,19,21,6,8,25,29,54
PALOS BLANCOS,desnutricion global,desnutricion leve (l),2006-07-01,28,26,21,29,49,55,104
PAMPA AULLAGAS,desnutricion global,desnutricion leve (l),2006-07-01,6,5,10,13,16,18,34
PAMPA GRANDE,desnutricion global,desnutricion leve (l),2006-07-01,6,9,7,8,13,17,30
PAPEL PAMPA,desnutricion global,desnutricion leve (l),2006-07-01,4,8,2,2,6,10,16
PASORAPA,desnutricion global,desnutricion leve (l),2006-07-01,25,11,17,21,42,32,74
PATACAMAYA,desnutricion global,desnutricion leve (l),2006-07-01,74,78,42,53,116,131,247
PAZÑA,desnutricion global,desnutricion leve (l),2006-07-01,5,6,9,10,14,16,30
PELECHUCO,desnutricion global,desnutricion leve (l),2006-07-01,3,7,6,2,9,9,18
POCOATA,desnutricion global,desnutricion leve (l),2006-07-01,58,63,49,62,107,125,232
POCONA,desnutricion global,desnutricion leve (l),2006-07-01,24,22,50,40,74,62,136
POJO (CBBA),desnutricion global,desnutricion leve (l),2006-07-01,36,41,46,38,82,79,161
POOPO,desnutricion global,desnutricion leve (l),2006-07-01,8,8,5,9,13,17,30
PORCO,desnutricion global,desnutricion leve (l),2006-07-01,18,19,9,12,27,31,58
POROMA,desnutricion global,desnutricion leve (l),2006-07-01,64,67,86,64,150,131,281
PORONGO,desnutricion global,desnutricion leve (l),2006-07-01,3,0,2,1,5,1,6
PORTACHUELO,desnutricion global,desnutricion leve (l),2006-07-01,17,13,17,19,34,32,66
PORVENIR,desnutricion global,desnutricion leve (l),2006-07-01,9,12,11,11,20,23,43
POSTRER VALLE,desnutricion global,desnutricion leve (l),2006-07-01,2,3,6,8,8,11,19
POTOSI,desnutricion global,desnutricion leve (l),2006-07-01,316,230,164,122,480,352,832
PRESTO,desnutricion global,desnutricion leve (l),2006-07-01,29,39,46,48,75,87,162
PUCARA,desnutricion global,desnutricion leve (l),2006-07-01,1,1,0,0,1,1,2
PUCARANI,desnutricion global,desnutricion leve (l),2006-07-01,25,37,11,14,36,51,87
PUERTO ACOSTA,desnutricion global,desnutricion leve (l),2006-07-01,35,39,46,48,81,87,168
PUERTO CARABUCO,desnutricion global,desnutricion leve (l),2006-07-01,32,29,19,34,51,63,114
PUERTO GONZALO MORENO,desnutricion global,desnutricion leve (l),2006-07-01,14,12,8,7,22,19,41
PUERTO PEREZ,desnutricion global,desnutricion leve (l),2006-07-01,9,5,3,17,12,22,34
PUERTO QUIJARRO,desnutricion global,desnutricion leve (l),2006-07-01,16,8,4,9,20,17,37
PUERTO RICO,desnutricion global,desnutricion leve (l),2006-07-01,5,8,8,14,13,22,35
PUERTO SILES,desnutricion global,desnutricion leve (l),2006-07-01,4,5,6,5,10,10,20
PUERTO SUAREZ,desnutricion global,desnutricion leve (l),2006-07-01,13,15,8,8,21,23,44
PUERTO VILLARROEL,desnutricion global,desnutricion leve (l),2006-07-01,50,63,45,40,95,103,198
PUNA,desnutricion global,desnutricion leve (l),2006-07-01,107,102,149,141,256,243,499
PUNATA,desnutricion global,desnutricion leve (l),2006-07-01,29,29,33,19,62,48,110
QUIABAYA,desnutricion global,desnutricion leve (l),2006-07-01,4,5,6,8,10,13,23
QUILLACOLLO,desnutricion global,desnutricion leve (l),2006-07-01,51,45,36,41,87,86,173
QUIME,desnutricion global,desnutricion leve (l),2006-07-01,13,11,31,15,44,26,70
QUIRUSILLAS,desnutricion global,desnutricion leve (l),2006-07-01,0,0,2,3,2,3,5
RAVELO,desnutricion global,desnutricion leve (l),2006-07-01,95,96,96,134,191,230,421
REYES,desnutricion global,desnutricion leve (l),2006-07-01,11,19,19,22,30,41,71
RIBERALTA,desnutricion global,desnutricion leve (l),2006-07-01,204,308,139,177,343,485,828
RURRENABAQUE,desnutricion global,desnutricion leve (l),2006-07-01,18,9,11,9,29,18,47
SABAYA,desnutricion global,desnutricion leve (l),2006-07-01,4,4,1,5,5,9,14
SACABA,desnutricion global,desnutricion leve (l),2006-07-01,132,83,94,82,226,165,391
SACABAMBA,desnutricion global,desnutricion leve (l),2006-07-01,5,6,4,9,9,15,24
SACACA,desnutricion global,desnutricion leve (l),2006-07-01,107,121,160,165,267,286,553
SAIPINA,desnutricion global,desnutricion leve (l),2006-07-01,7,11,7,12,14,23,37
SALINAS DE GARCI MENDOZA,desnutricion global,desnutricion leve (l),2006-07-01,15,18,16,7,31,25,56
SAMAIPATA,desnutricion global,desnutricion leve (l),2006-07-01,6,4,2,6,8,10,18
SAN AGUSTIN,desnutricion global,desnutricion leve (l),2006-07-01,5,3,1,3,6,6,12
SAN ANDRES,desnutricion global,desnutricion leve (l),2006-07-01,14,21,7,12,21,33,54
SAN ANDRES DE MACHACA,desnutricion global,desnutricion leve (l),2006-07-01,5,3,3,7,8,10,18
SAN ANTONIO DE ESMORUCO,desnutricion global,desnutricion leve (l),2006-07-01,3,4,6,3,9,7,16
SAN ANTONIO DE LOMERIO,desnutricion global,desnutricion leve (l),2006-07-01,26,50,45,48,71,98,169
SAN BENITO,desnutricion global,desnutricion leve (l),2006-07-01,5,9,7,6,12,15,27
SAN BORJA,desnutricion global,desnutricion leve (l),2006-07-01,58,55,50,63,108,118,226
SAN BUENA VENTURA,desnutricion global,desnutricion leve (l),2006-07-01,17,17,10,14,27,31,58
SAN CARLOS,desnutricion global,desnutricion leve (l),2006-07-01,27,13,8,21,35,34,69
SAN IGNACIO,desnutricion global,desnutricion leve (l),2006-07-01,57,37,54,63,111,100,211
SAN IGNACIO DE VELASCO,desnutricion global,desnutricion leve (l),2006-07-01,67,86,67,80,134,166,300
SAN JAVIER(BNI),desnutricion global,desnutricion leve (l),2006-07-01,2,2,1,1,3,3,6
SAN JOAQUIN,desnutricion global,desnutricion leve (l),2006-07-01,5,1,6,5,11,6,17
SAN JUAN DE YAPACANI,desnutricion global,desnutricion leve (l),2006-07-01,17,14,9,9,26,23,49
SAN JULIAN,desnutricion global,desnutricion leve (l),2006-07-01,19,22,29,34,48,56,104
SAN LORENZO(TJA),desnutricion global,desnutricion leve (l),2006-07-01,48,33,49,48,97,81,178
SAN LUCAS,desnutricion global,desnutricion leve (l),2006-07-01,193,179,203,215,396,394,790
SAN MATIAS,desnutricion global,desnutricion leve (l),2006-07-01,8,9,17,20,25,29,54
SAN MIGUEL DE VELASCO,desnutricion global,desnutricion leve (l),2006-07-01,23,11,10,14,33,25,58
SAN PABLO DE LIPEZ,desnutricion global,desnutricion leve (l),2006-07-01,2,7,4,2,6,9,15
SAN PEDRO,desnutricion global,desnutricion leve (l),2006-07-01,18,18,11,19,29,37,66
SAN PEDRO DE BUENA VISTA,desnutricion global,desnutricion leve (l),2006-07-01,49,63,63,55,112,118,230
SAN PEDRO DE CURAHUARA,desnutricion global,desnutricion leve (l),2006-07-01,7,7,10,7,17,14,31
SAN PEDRO DE QUEMES,desnutricion global,desnutricion leve (l),2006-07-01,1,0,0,1,1,1,2
SAN PEDRO DE TIQUINA,desnutricion global,desnutricion leve (l),2006-07-01,5,8,5,7,10,15,25
SAN PEDRO(PND),desnutricion global,desnutricion leve (l),2006-07-01,1,0,0,0,1,0,1
SAN RAFAEL,desnutricion global,desnutricion leve (l),2006-07-01,16,8,7,7,23,15,38
SAN RAMON,desnutricion global,desnutricion leve (l),2006-07-01,7,7,1,7,8,14,22
SANTA ANA,desnutricion global,desnutricion leve (l),2006-07-01,6,14,8,8,14,22,36
SANTA CRUZ DE LA SIERRA,desnutricion global,desnutricion leve (l),2006-07-01,424,398,229,223,653,621,1274
SANTA ROSA,desnutricion global,desnutricion leve (l),2006-07-01,7,11,3,0,10,11,21
SANTA ROSA DEL SARA,desnutricion global,desnutricion leve (l),2006-07-01,18,12,21,19,39,31,70
SANTIAGO DE CALLAPA,desnutricion global,desnutricion leve (l),2006-07-01,10,9,5,4,15,13,28
SANTIAGO DE HUARI,desnutricion global,desnutricion leve (l),2006-07-01,16,8,14,14,30,22,52
SANTIAGO DE MACHACA,desnutricion global,desnutricion leve (l),2006-07-01,2,1,0,0,2,1,3
SANTIVAÑES,desnutricion global,desnutricion leve (l),2006-07-01,4,6,7,5,11,11,22
SANTUARIO DE QUILLACAS,desnutricion global,desnutricion leve (l),2006-07-01,3,6,8,8,11,14,25
SAPAHAQUI,desnutricion global,desnutricion leve (l),2006-07-01,34,34,26,39,60,73,133
SICA SICA (VILLA AROMA),desnutricion global,desnutricion leve (l),2006-07-01,52,41,42,34,94,75,169
SICAYA,desnutricion global,desnutricion leve (l),2006-07-01,9,6,8,5,17,11,28
SIPE SIPE,desnutricion global,desnutricion leve (l),2006-07-01,52,54,31,41,83,95,178
SOPACHUY,desnutricion global,desnutricion leve (l),2006-07-01,29,32,51,70,80,102,182
SORACACHI,desnutricion global,desnutricion leve (l),2006-07-01,22,17,14,12,36,29,65
SORATA,desnutricion global,desnutricion leve (l),2006-07-01,21,20,26,24,47,44,91
SUCRE,desnutricion global,desnutricion leve (l),2006-07-01,318,269,218,322,536,591,1127
TACACHI,desnutricion global,desnutricion leve (l),2006-07-01,1,2,0,0,1,2,3
TACACOMA,desnutricion global,desnutricion leve (l),2006-07-01,1,3,3,0,4,3,7
TACOBAMBA,desnutricion global,desnutricion leve (l),2006-07-01,19,29,22,17,41,46,87
TACOPAYA,desnutricion global,desnutricion leve (l),2006-07-01,28,31,39,52,67,83,150
TAHUA,desnutricion global,desnutricion leve (l),2006-07-01,1,0,1,1,2,1,3
TAPACARI,desnutricion global,desnutricion leve (l),2006-07-01,122,112,84,81,206,193,399
TARABUCO,desnutricion global,desnutricion leve (l),2006-07-01,112,87,182,199,294,286,580
TARACO,desnutricion global,desnutricion leve (l),2006-07-01,0,0,4,4,4,4,8
TARATA,desnutricion global,desnutricion leve (l),2006-07-01,11,11,2,9,13,20,33
TARIJA,desnutricion global,desnutricion leve (l),2006-07-01,124,134,107,143,231,277,508
TARVITA,desnutricion global,desnutricion leve (l),2006-07-01,69,81,140,171,209,252,461
TEOPONTE,desnutricion global,desnutricion leve (l),2006-07-01,12,16,11,10,23,26,49
TIAWANACU,desnutricion global,desnutricion leve (l),2006-07-01,14,6,2,6,16,12,28
TINGUIPAYA,desnutricion global,desnutricion leve (l),2006-07-01,86,105,95,101,181,206,387
TIPUANI,desnutricion global,desnutricion leve (l),2006-07-01,3,5,3,4,6,9,15
TIQUIPAYA,desnutricion global,desnutricion leve (l),2006-07-01,26,19,16,20,42,39,81
TIRAQUE (CBBA),desnutricion global,desnutricion leve (l),2006-07-01,69,87,47,58,116,145,261
TITO YUPANQUI (PARQUIPUJIO),desnutricion global,desnutricion leve (l),2006-07-01,1,5,4,3,5,8,13
TOCO,desnutricion global,desnutricion leve (l),2006-07-01,9,4,6,2,15,6,21
TOLATA,desnutricion global,desnutricion leve (l),2006-07-01,0,1,1,2,1,3,4
TOLEDO,desnutricion global,desnutricion leve (l),2006-07-01,10,7,7,15,17,22,39
TOMAVE,desnutricion global,desnutricion leve (l),2006-07-01,29,4,19,12,48,16,64
TOMINA,desnutricion global,desnutricion leve (l),2006-07-01,63,47,80,95,143,142,285
TORO TORO,desnutricion global,desnutricion leve (l),2006-07-01,59,40,41,42,100,82,182
TOTORA(CBBA),desnutricion global,desnutricion leve (l),2006-07-01,29,24,19,15,48,39,87
TOTORA(ORR),desnutricion global,desnutricion leve (l),2006-07-01,7,14,11,8,18,22,40
TRIGAL,desnutricion global,desnutricion leve (l),2006-07-01,1,1,1,1,2,2,4
TRINIDAD,desnutricion global,desnutricion leve (l),2006-07-01,96,91,81,43,177,134,311
TUPIZA,desnutricion global,desnutricion leve (l),2006-07-01,73,72,74,102,147,174,321
TURCO,desnutricion global,desnutricion leve (l),2006-07-01,1,3,3,6,4,9,13
UMALA,desnutricion global,desnutricion leve (l),2006-07-01,6,8,8,6,14,14,28
UNCIA,desnutricion global,desnutricion leve (l),2006-07-01,58,46,66,57,124,103,227
URIONDO (A. CONCEPCION),desnutricion global,desnutricion leve (l),2006-07-01,22,25,32,39,54,64,118
URUBICHA,desnutricion global,desnutricion leve (l),2006-07-01,2,0,6,4,8,4,12
UYUNI,desnutricion global,desnutricion leve (l),2006-07-01,18,14,13,16,31,30,61
VACAS,desnutricion global,desnutricion leve (l),2006-07-01,18,19,11,8,29,27,56
VALLEGRANDE,desnutricion global,desnutricion leve (l),2006-07-01,12,24,16,18,28,42,70
VIACHA,desnutricion global,desnutricion leve (l),2006-07-01,23,32,16,14,39,46,85
VILA VILA,desnutricion global,desnutricion leve (l),2006-07-01,7,6,5,4,12,10,22
VILLA MONTES,desnutricion global,desnutricion leve (l),2006-07-01,14,19,24,17,38,36,74
VILLA NUEVA (LOMA ALTA),desnutricion global,desnutricion leve (l),2006-07-01,6,1,4,7,10,8,18
VILLA RIVERO,desnutricion global,desnutricion leve (l),2006-07-01,4,5,16,14,20,19,39
VILLA SERRANO,desnutricion global,desnutricion leve (l),2006-07-01,56,47,92,89,148,136,284
VILLA TUNARI,desnutricion global,desnutricion leve (l),2006-07-01,69,71,67,66,136,137,273
VILLA VACA GUZMAN (MUYUPAMPA),desnutricion global,desnutricion leve (l),2006-07-01,21,26,27,42,48,68,116
VILLAZON,desnutricion global,desnutricion leve (l),2006-07-01,46,51,36,50,82,101,183
VINTO,desnutricion global,desnutricion leve (l),2006-07-01,45,20,5,16,50,36,86
VITICHI,desnutricion global,desnutricion leve (l),2006-07-01,20,23,42,41,62,64,126
WALDO BALLIVIAN,desnutricion global,desnutricion leve (l),2006-07-01,2,10,4,2,6,12,18
WARNES,desnutricion global,desnutricion leve (l),2006-07-01,41,63,42,46,83,109,192
YACO,desnutricion global,desnutricion leve (l),2006-07-01,20,25,15,29,35,54,89
YACUIBA,desnutricion global,desnutricion leve (l),2006-07-01,23,22,21,23,44,45,89
YAMPARAEZ,desnutricion global,desnutricion leve (l),2006-07-01,42,34,100,93,142,127,269
YANACACHI,desnutricion global,desnutricion leve (l),2006-07-01,3,1,1,3,4,4,8
YAPACANI,desnutricion global,desnutricion leve (l),2006-07-01,38,39,12,28,50,67,117
YOCALLA,desnutricion global,desnutricion leve (l),2006-07-01,2,3,7,16,9,19,28
YOTALA,desnutricion global,desnutricion leve (l),2006-07-01,28,21,54,44,82,65,147
YUNCHARA,desnutricion global,desnutricion leve (l),2006-07-01,18,19,43,34,61,53,114
ZUDAÑEZ,desnutricion global,desnutricion leve (l),2006-07-01,36,30,40,64,76,94,170
ACACIO,desnutricion global,desnutricion leve (l),2006-08-01,32,32,43,57,75,89,164
ACHACACHI,desnutricion global,desnutricion leve (l),2006-08-01,39,47,33,36,72,83,155
ACHOCALLA,desnutricion global,desnutricion leve (l),2006-08-01,6,3,5,9,11,12,23
AIQUILE,desnutricion global,desnutricion leve (l),2006-08-01,35,34,28,36,63,70,133
ALCALA,desnutricion global,desnutricion leve (l),2006-08-01,14,15,30,28,44,43,87
ANCORAIMES,desnutricion global,desnutricion leve (l),2006-08-01,25,25,44,50,69,75,144
ANDAMARCA,desnutricion global,desnutricion leve (l),2006-08-01,7,7,10,21,17,28,45
ANTEQUERA,desnutricion global,desnutricion leve (l),2006-08-01,4,4,8,13,12,17,29
ANZALDO,desnutricion global,desnutricion leve (l),2006-08-01,12,5,38,14,50,19,69
APOLO,desnutricion global,desnutricion leve (l),2006-08-01,21,16,38,32,59,48,107
ARAMPAMPA,desnutricion global,desnutricion leve (l),2006-08-01,46,27,36,36,82,63,145
ARANI,desnutricion global,desnutricion leve (l),2006-08-01,9,13,9,8,18,21,39
ARBIETO,desnutricion global,desnutricion leve (l),2006-08-01,18,14,12,10,30,24,54
ARQUE,desnutricion global,desnutricion leve (l),2006-08-01,34,33,33,42,67,75,142
ASCENCION DE GUARAYOS,desnutricion global,desnutricion leve (l),2006-08-01,61,63,103,128,164,191,355
ATOCHA,desnutricion global,desnutricion leve (l),2006-08-01,27,15,27,22,54,37,91
AUCAPATA,desnutricion global,desnutricion leve (l),2006-08-01,9,12,10,9,19,21,40
AYATA,desnutricion global,desnutricion leve (l),2006-08-01,25,26,21,16,46,42,88
AYO AYO,desnutricion global,desnutricion leve (l),2006-08-01,19,17,5,3,24,20,44
AYOPAYA (V. DE INDEPENDENCIA),desnutricion global,desnutricion leve (l),2006-08-01,59,45,62,63,121,108,229
AZURDUY,desnutricion global,desnutricion leve (l),2006-08-01,63,61,81,110,144,171,315
BATALLAS,desnutricion global,desnutricion leve (l),2006-08-01,25,20,14,17,39,37,76
BAURES,desnutricion global,desnutricion leve (l),2006-08-01,11,8,11,13,22,21,43
BELEN DE ANDAMARCA,desnutricion global,desnutricion leve (l),2006-08-01,2,3,9,4,11,7,18
BELEN DE URMIRI,desnutricion global,desnutricion leve (l),2006-08-01,7,7,9,8,16,15,31
BELLA FLOR,desnutricion global,desnutricion leve (l),2006-08-01,6,13,9,13,15,26,41
BERMEJO,desnutricion global,desnutricion leve (l),2006-08-01,6,7,4,6,10,13,23
BETANZOS,desnutricion global,desnutricion leve (l),2006-08-01,81,87,102,142,183,229,412
BOLIVAR,desnutricion global,desnutricion leve (l),2006-08-01,41,30,20,28,61,58,119
BOLPEBRA,desnutricion global,desnutricion leve (l),2006-08-01,2,3,6,5,8,8,16
BOYUIBE,desnutricion global,desnutricion leve (l),2006-08-01,13,7,15,11,28,18,46
BUENA VISTA,desnutricion global,desnutricion leve (l),2006-08-01,20,5,10,6,30,11,41
CABEZAS,desnutricion global,desnutricion leve (l),2006-08-01,22,17,17,13,39,30,69
CAIROMA,desnutricion global,desnutricion leve (l),2006-08-01,46,33,46,67,92,100,192
"CAIZA ""D""",desnutricion global,desnutricion leve (l),2006-08-01,16,29,25,29,41,58,99
CAJUATA,desnutricion global,desnutricion leve (l),2006-08-01,15,21,7,11,22,32,54
CALACOTO,desnutricion global,desnutricion leve (l),2006-08-01,9,9,16,17,25,26,51
CALAMARCA,desnutricion global,desnutricion leve (l),2006-08-01,65,60,68,64,133,124,257
CAMARGO,desnutricion global,desnutricion leve (l),2006-08-01,60,73,77,98,137,171,308
CAMATAQUI (C. VILLA ABECIA),desnutricion global,desnutricion leve (l),2006-08-01,12,12,13,17,25,29,54
CAMIRI,desnutricion global,desnutricion leve (l),2006-08-01,31,62,46,49,77,111,188
CAPINOTA,desnutricion global,desnutricion leve (l),2006-08-01,33,42,48,48,81,90,171
CAQUIAVIRI,desnutricion global,desnutricion leve (l),2006-08-01,9,12,6,8,15,20,35
CARACOLLO,desnutricion global,desnutricion leve (l),2006-08-01,21,17,27,21,48,38,86
CARANAVI,desnutricion global,desnutricion leve (l),2006-08-01,68,79,47,65,115,144,259
CARANGAS,desnutricion global,desnutricion leve (l),2006-08-01,2,3,1,1,3,4,7
CARAPARI,desnutricion global,desnutricion leve (l),2006-08-01,10,11,8,7,18,18,36
CARIPUYO,desnutricion global,desnutricion leve (l),2006-08-01,40,53,58,89,98,142,240
CARMEN RIVERO TORREZ,desnutricion global,desnutricion leve (l),2006-08-01,5,8,4,1,9,9,18
CATACORA,desnutricion global,desnutricion leve (l),2006-08-01,0,2,2,1,2,3,5
CHACARILLA,desnutricion global,desnutricion leve (l),2006-08-01,5,4,6,9,11,13,24
CHALLAPATA,desnutricion global,desnutricion leve (l),2006-08-01,59,45,43,52,102,97,199
CHAQUI,desnutricion global,desnutricion leve (l),2006-08-01,22,17,19,29,41,46,87
CHARAGUA,desnutricion global,desnutricion leve (l),2006-08-01,28,28,21,33,49,61,110
CHARAÑA,desnutricion global,desnutricion leve (l),2006-08-01,1,0,0,0,1,0,1
CHAYANTA,desnutricion global,desnutricion leve (l),2006-08-01,40,43,60,70,100,113,213
CHIMORE,desnutricion global,desnutricion leve (l),2006-08-01,29,5,12,20,41,25,66
CHIPAYA,desnutricion global,desnutricion leve (l),2006-08-01,4,0,2,3,6,3,9
CHOQUE COTA,desnutricion global,desnutricion leve (l),2006-08-01,1,4,1,2,2,6,8
CHULUMANI (V. DE LA LIBERTAD),desnutricion global,desnutricion leve (l),2006-08-01,9,14,2,2,11,16,27
CHUMA,desnutricion global,desnutricion leve (l),2006-08-01,28,31,26,31,54,62,116
CLIZA,desnutricion global,desnutricion leve (l),2006-08-01,23,31,10,32,33,63,96
COBIJA,desnutricion global,desnutricion leve (l),2006-08-01,40,35,29,38,69,73,142
COCHABAMBA,desnutricion global,desnutricion leve (l),2006-08-01,373,421,248,252,621,673,1294
COIPASA,desnutricion global,desnutricion leve (l),2006-08-01,0,0,0,1,0,1,1
COLCAPIRHUA,desnutricion global,desnutricion leve (l),2006-08-01,47,46,22,29,69,75,144
"COLCHA ""K""",desnutricion global,desnutricion leve (l),2006-08-01,20,29,15,20,35,49,84
COLLANA,desnutricion global,desnutricion leve (l),2006-08-01,6,2,2,3,8,5,13
COLOMI,desnutricion global,desnutricion leve (l),2006-08-01,42,45,30,31,72,76,148
COLPA BELGICA,desnutricion global,desnutricion leve (l),2006-08-01,2,7,4,5,6,12,18
COLQUECHACA,desnutricion global,desnutricion leve (l),2006-08-01,69,73,86,72,155,145,300
COLQUENCHA,desnutricion global,desnutricion leve (l),2006-08-01,10,17,30,24,40,41,81
COLQUIRI,desnutricion global,desnutricion leve (l),2006-08-01,42,29,31,29,73,58,131
COMANCHE,desnutricion global,desnutricion leve (l),2006-08-01,5,3,6,10,11,13,24
COMARAPA,desnutricion global,desnutricion leve (l),2006-08-01,23,20,15,26,38,46,84
COMBAYA,desnutricion global,desnutricion leve (l),2006-08-01,5,4,6,3,11,7,18
CONCEPCION,desnutricion global,desnutricion leve (l),2006-08-01,21,16,23,21,44,37,81
COPACABANA,desnutricion global,desnutricion leve (l),2006-08-01,16,16,16,8,32,24,56
CORIPATA,desnutricion global,desnutricion leve (l),2006-08-01,9,14,11,7,20,21,41
CORO CORO,desnutricion global,desnutricion leve (l),2006-08-01,21,25,24,17,45,42,87
COROICO,desnutricion global,desnutricion leve (l),2006-08-01,27,17,21,20,48,37,85
CORQUE,desnutricion global,desnutricion leve (l),2006-08-01,11,13,10,10,21,23,44
COTAGAITA,desnutricion global,desnutricion leve (l),2006-08-01,85,89,109,88,194,177,371
COTOCA,desnutricion global,desnutricion leve (l),2006-08-01,58,30,33,16,91,46,137
CUATRO CAÑADAS,desnutricion global,desnutricion leve (l),2006-08-01,11,9,6,11,17,20,37
CUCHUMUELA (V. G. VILLARROEL),desnutricion global,desnutricion leve (l),2006-08-01,16,12,7,6,23,18,41
CUEVO,desnutricion global,desnutricion leve (l),2006-08-01,8,5,3,7,11,12,23
CULPINA,desnutricion global,desnutricion leve (l),2006-08-01,91,81,104,107,195,188,383
CURAHUARA DE CARANGAS,desnutricion global,desnutricion leve (l),2006-08-01,14,13,15,18,29,31,60
CURVA,desnutricion global,desnutricion leve (l),2006-08-01,7,11,9,9,16,20,36
DESAGUADERO,desnutricion global,desnutricion leve (l),2006-08-01,9,8,9,8,18,16,34
EL ALTO,desnutricion global,desnutricion leve (l),2006-08-01,1071,919,567,651,1638,1570,3208
EL CHORO,desnutricion global,desnutricion leve (l),2006-08-01,5,1,2,4,7,5,12
EL PUENTE(STC),desnutricion global,desnutricion leve (l),2006-08-01,6,6,10,4,16,10,26
EL PUENTE(TJA),desnutricion global,desnutricion leve (l),2006-08-01,18,16,42,46,60,62,122
EL TORNO,desnutricion global,desnutricion leve (l),2006-08-01,26,17,35,25,61,42,103
EL VILLAR,desnutricion global,desnutricion leve (l),2006-08-01,8,10,23,31,31,41,72
ENTRE RIOS,desnutricion global,desnutricion leve (l),2006-08-01,27,31,24,29,51,60,111
ENTRE RIOS,desnutricion global,desnutricion leve (l),2006-08-01,38,55,44,55,82,110,192
EUCALIPTUS,desnutricion global,desnutricion leve (l),2006-08-01,5,6,11,4,16,10,26
EUREKA (SANTOS MERCADO),desnutricion global,desnutricion leve (l),2006-08-01,4,4,4,0,8,4,12
EXALTACION,desnutricion global,desnutricion leve (l),2006-08-01,4,6,4,2,8,8,16
FERNANDEZ ALONSO,desnutricion global,desnutricion leve (l),2006-08-01,22,15,16,25,38,40,78
FILADELFIA,desnutricion global,desnutricion leve (l),2006-08-01,10,13,4,13,14,26,40
GENERAL SAAVEDRA,desnutricion global,desnutricion leve (l),2006-08-01,45,36,27,24,72,60,132
GRAL. J.J. PEREZ (CHARAZANI),desnutricion global,desnutricion leve (l),2006-08-01,42,30,18,20,60,50,110
GUANAY,desnutricion global,desnutricion leve (l),2006-08-01,23,14,20,27,43,41,84
GUAQUI,desnutricion global,desnutricion leve (l),2006-08-01,8,9,9,6,17,15,32
GUAYARAMERIN,desnutricion global,desnutricion leve (l),2006-08-01,62,58,35,42,97,100,197
GUTIERREZ,desnutricion global,desnutricion leve (l),2006-08-01,31,32,64,47,95,79,174
HUACARETA,desnutricion global,desnutricion leve (l),2006-08-01,35,42,26,33,61,75,136
HUACAYA (VILLA DE HUACAYA),desnutricion global,desnutricion leve (l),2006-08-01,9,5,8,7,17,12,29
HUANUNI,desnutricion global,desnutricion leve (l),2006-08-01,45,28,28,30,73,58,131
HUARACAJE,desnutricion global,desnutricion leve (l),2006-08-01,5,5,3,4,8,9,17
HUAYLLAMARCA,desnutricion global,desnutricion leve (l),2006-08-01,4,5,2,4,6,9,15
ICHOCA,desnutricion global,desnutricion leve (l),2006-08-01,9,11,16,13,25,24,49
ICLA,desnutricion global,desnutricion leve (l),2006-08-01,70,66,129,119,199,185,384
INCAHUASI,desnutricion global,desnutricion leve (l),2006-08-01,117,120,137,152,254,272,526
INGAVI (HUMAITA),desnutricion global,desnutricion leve (l),2006-08-01,1,2,4,3,5,5,10
INQUISIVI,desnutricion global,desnutricion leve (l),2006-08-01,43,26,37,48,80,74,154
IRUPANA (VILLA DE LANZA),desnutricion global,desnutricion leve (l),2006-08-01,19,22,26,32,45,54,99
IXIAMAS,desnutricion global,desnutricion leve (l),2006-08-01,21,10,16,16,37,26,63
JESUS DE MACHACA,desnutricion global,desnutricion leve (l),2006-08-01,28,17,20,28,48,45,93
LA ASUNTA,desnutricion global,desnutricion leve (l),2006-08-01,25,26,7,13,32,39,71
LA GUARDIA,desnutricion global,desnutricion leve (l),2006-08-01,56,43,20,20,76,63,139
LA PAZ,desnutricion global,desnutricion leve (l),2006-08-01,756,729,478,480,1234,1209,2443
LAGUNILLAS,desnutricion global,desnutricion leve (l),2006-08-01,14,18,21,22,35,40,75
LAJA,desnutricion global,desnutricion leve (l),2006-08-01,24,14,11,12,35,26,61
LAS CARRERAS,desnutricion global,desnutricion leve (l),2006-08-01,6,3,15,22,21,25,46
LICOMA PAMPA,desnutricion global,desnutricion leve (l),2006-08-01,3,4,4,3,7,7,14
LLALLAGUA,desnutricion global,desnutricion leve (l),2006-08-01,83,88,100,122,183,210,393
LLICA,desnutricion global,desnutricion leve (l),2006-08-01,4,5,4,4,8,9,17
LORETO,desnutricion global,desnutricion leve (l),2006-08-01,2,6,0,1,2,7,9
LURIBAY,desnutricion global,desnutricion leve (l),2006-08-01,33,34,23,41,56,75,131
MACHACAMARCA,desnutricion global,desnutricion leve (l),2006-08-01,0,0,2,1,2,1,3
MACHARETI,desnutricion global,desnutricion leve (l),2006-08-01,14,12,22,29,36,41,77
MAGDALENA,desnutricion global,desnutricion leve (l),2006-08-01,17,9,19,9,36,18,54
MAIRANA,desnutricion global,desnutricion leve (l),2006-08-01,6,7,5,8,11,15,26
MALLA,desnutricion global,desnutricion leve (l),2006-08-01,21,11,29,31,50,42,92
MAPIRI,desnutricion global,desnutricion leve (l),2006-08-01,11,24,14,19,25,43,68
MECAPACA,desnutricion global,desnutricion leve (l),2006-08-01,13,10,26,17,39,27,66
MINEROS,desnutricion global,desnutricion leve (l),2006-08-01,33,32,11,14,44,46,90
MIZQUE,desnutricion global,desnutricion leve (l),2006-08-01,67,50,48,52,115,102,217
MOCOMOCO,desnutricion global,desnutricion leve (l),2006-08-01,44,27,52,60,96,87,183
MOJINETE,desnutricion global,desnutricion leve (l),2006-08-01,2,4,5,7,7,11,18
MOJOCOYA,desnutricion global,desnutricion leve (l),2006-08-01,21,25,42,50,63,75,138
MONTEAGUDO,desnutricion global,desnutricion leve (l),2006-08-01,66,52,88,84,154,136,290
MONTERO,desnutricion global,desnutricion leve (l),2006-08-01,150,142,121,108,271,250,521
MORO MORO,desnutricion global,desnutricion leve (l),2006-08-01,5,4,1,7,6,11,17
MOROCHATA,desnutricion global,desnutricion leve (l),2006-08-01,48,36,34,37,82,73,155
OCURI,desnutricion global,desnutricion leve (l),2006-08-01,75,84,93,89,168,173,341
OKINAWA,desnutricion global,desnutricion leve (l),2006-08-01,5,9,5,9,10,18,28
OMEREQUE,desnutricion global,desnutricion leve (l),2006-08-01,10,14,11,20,21,34,55
ORURO,desnutricion global,desnutricion leve (l),2006-08-01,337,334,239,228,576,562,1138
PADCAYA,desnutricion global,desnutricion leve (l),2006-08-01,23,17,25,34,48,51,99
PADILLA,desnutricion global,desnutricion leve (l),2006-08-01,47,27,81,99,128,126,254
PAILON,desnutricion global,desnutricion leve (l),2006-08-01,0,42,19,1,19,43,62
PALCA,desnutricion global,desnutricion leve (l),2006-08-01,10,7,21,15,31,22,53
PALOS BLANCOS,desnutricion global,desnutricion leve (l),2006-08-01,34,27,41,41,75,68,143
PAMPA AULLAGAS,desnutricion global,desnutricion leve (l),2006-08-01,8,9,13,13,21,22,43
PAMPA GRANDE,desnutricion global,desnutricion leve (l),2006-08-01,9,7,8,8,17,15,32
PAPEL PAMPA,desnutricion global,desnutricion leve (l),2006-08-01,3,10,5,9,8,19,27
PASORAPA,desnutricion global,desnutricion leve (l),2006-08-01,16,12,11,23,27,35,62
PATACAMAYA,desnutricion global,desnutricion leve (l),2006-08-01,52,65,22,48,74,113,187
PAZÑA,desnutricion global,desnutricion leve (l),2006-08-01,8,7,7,18,15,25,40
PELECHUCO,desnutricion global,desnutricion leve (l),2006-08-01,17,10,13,14,30,24,54
POCOATA,desnutricion global,desnutricion leve (l),2006-08-01,61,86,41,62,102,148,250
POCONA,desnutricion global,desnutricion leve (l),2006-08-01,18,13,31,11,49,24,73
POJO (CBBA),desnutricion global,desnutricion leve (l),2006-08-01,20,11,10,12,30,23,53
POOPO,desnutricion global,desnutricion leve (l),2006-08-01,7,5,1,5,8,10,18
PORCO,desnutricion global,desnutricion leve (l),2006-08-01,17,17,6,14,23,31,54
POROMA,desnutricion global,desnutricion leve (l),2006-08-01,83,104,79,93,162,197,359
PORONGO,desnutricion global,desnutricion leve (l),2006-08-01,5,3,6,5,11,8,19
PORTACHUELO,desnutricion global,desnutricion leve (l),2006-08-01,16,18,21,20,37,38,75
PORVENIR,desnutricion global,desnutricion leve (l),2006-08-01,9,25,33,31,42,56,98
POSTRER VALLE,desnutricion global,desnutricion leve (l),2006-08-01,4,5,2,7,6,12,18
POTOSI,desnutricion global,desnutricion leve (l),2006-08-01,346,285,202,173,548,458,1006
PRESTO,desnutricion global,desnutricion leve (l),2006-08-01,44,40,53,58,97,98,195
PUCARA,desnutricion global,desnutricion leve (l),2006-08-01,3,3,6,9,9,12,21
PUCARANI,desnutricion global,desnutricion leve (l),2006-08-01,48,57,26,30,74,87,161
PUERTO ACOSTA,desnutricion global,desnutricion leve (l),2006-08-01,56,56,48,60,104,116,220
PUERTO CARABUCO,desnutricion global,desnutricion leve (l),2006-08-01,26,20,17,20,43,40,83
PUERTO GONZALO MORENO,desnutricion global,desnutricion leve (l),2006-08-01,20,15,8,8,28,23,51
PUERTO PEREZ,desnutricion global,desnutricion leve (l),2006-08-01,2,8,4,6,6,14,20
PUERTO QUIJARRO,desnutricion global,desnutricion leve (l),2006-08-01,14,2,4,4,18,6,24
PUERTO RICO,desnutricion global,desnutricion leve (l),2006-08-01,2,9,0,3,2,12,14
PUERTO SUAREZ,desnutricion global,desnutricion leve (l),2006-08-01,9,15,4,11,13,26,39
PUERTO VILLARROEL,desnutricion global,desnutricion leve (l),2006-08-01,89,87,105,107,194,194,388
PUNA,desnutricion global,desnutricion leve (l),2006-08-01,94,91,121,145,215,236,451
PUNATA,desnutricion global,desnutricion leve (l),2006-08-01,39,37,29,26,68,63,131
QUIABAYA,desnutricion global,desnutricion leve (l),2006-08-01,4,0,0,1,4,1,5
QUILLACOLLO,desnutricion global,desnutricion leve (l),2006-08-01,63,49,46,50,109,99,208
QUIME,desnutricion global,desnutricion leve (l),2006-08-01,18,11,20,13,38,24,62
QUIRUSILLAS,desnutricion global,desnutricion leve (l),2006-08-01,2,0,4,9,6,9,15
RAVELO,desnutricion global,desnutricion leve (l),2006-08-01,139,160,154,162,293,322,615
REYES,desnutricion global,desnutricion leve (l),2006-08-01,32,11,13,12,45,23,68
RIBERALTA,desnutricion global,desnutricion leve (l),2006-08-01,280,311,101,115,381,426,807
ROBORE,desnutricion global,desnutricion leve (l),2006-08-01,10,14,7,13,17,27,44
RURRENABAQUE,desnutricion global,desnutricion leve (l),2006-08-01,5,27,1,5,6,32,38
SABAYA,desnutricion global,desnutricion leve (l),2006-08-01,6,8,1,4,7,12,19
SACABA,desnutricion global,desnutricion leve (l),2006-08-01,110,103,47,61,157,164,321
SACABAMBA,desnutricion global,desnutricion leve (l),2006-08-01,11,8,5,6,16,14,30
SACACA,desnutricion global,desnutricion leve (l),2006-08-01,185,192,341,287,526,479,1005
SAIPINA,desnutricion global,desnutricion leve (l),2006-08-01,7,9,16,13,23,22,45
SALINAS DE GARCI MENDOZA,desnutricion global,desnutricion leve (l),2006-08-01,18,13,22,17,40,30,70
SAMAIPATA,desnutricion global,desnutricion leve (l),2006-08-01,8,5,8,6,16,11,27
SAN AGUSTIN,desnutricion global,desnutricion leve (l),2006-08-01,4,4,3,10,7,14,21
SAN ANDRES,desnutricion global,desnutricion leve (l),2006-08-01,20,6,15,27,35,33,68
SAN ANDRES DE MACHACA,desnutricion global,desnutricion leve (l),2006-08-01,8,3,6,6,14,9,23
SAN ANTONIO DE ESMORUCO,desnutricion global,desnutricion leve (l),2006-08-01,3,3,3,1,6,4,10
SAN ANTONIO DE LOMERIO,desnutricion global,desnutricion leve (l),2006-08-01,29,37,52,48,81,85,166
SAN BENITO,desnutricion global,desnutricion leve (l),2006-08-01,8,21,14,14,22,35,57
SAN BORJA,desnutricion global,desnutricion leve (l),2006-08-01,84,69,66,74,150,143,293
SAN BUENA VENTURA,desnutricion global,desnutricion leve (l),2006-08-01,7,12,13,14,20,26,46
SAN CARLOS,desnutricion global,desnutricion leve (l),2006-08-01,31,30,9,17,40,47,87
SAN IGNACIO,desnutricion global,desnutricion leve (l),2006-08-01,37,39,58,56,95,95,190
SAN IGNACIO DE VELASCO,desnutricion global,desnutricion leve (l),2006-08-01,97,113,104,87,201,200,401
SAN JAVIER(BNI),desnutricion global,desnutricion leve (l),2006-08-01,5,5,7,2,12,7,19
SAN JOAQUIN,desnutricion global,desnutricion leve (l),2006-08-01,2,2,5,7,7,9,16
SAN JOSE DE CHIQUITOS,desnutricion global,desnutricion leve (l),2006-08-01,13,19,10,10,23,29,52
SAN JUAN DE YAPACANI,desnutricion global,desnutricion leve (l),2006-08-01,11,10,12,10,23,20,43
SAN JULIAN,desnutricion global,desnutricion leve (l),2006-08-01,22,15,32,35,54,50,104
SAN LORENZO(PND),desnutricion global,desnutricion leve (l),2006-08-01,7,5,9,9,16,14,30
SAN LORENZO(TJA),desnutricion global,desnutricion leve (l),2006-08-01,33,23,62,61,95,84,179
SAN LUCAS,desnutricion global,desnutricion leve (l),2006-08-01,225,203,233,287,458,490,948
SAN MATIAS,desnutricion global,desnutricion leve (l),2006-08-01,5,14,16,10,21,24,45
SAN MIGUEL DE VELASCO,desnutricion global,desnutricion leve (l),2006-08-01,22,16,15,23,37,39,76
SAN PABLO DE LIPEZ,desnutricion global,desnutricion leve (l),2006-08-01,6,7,6,13,12,20,32
SAN PEDRO,desnutricion global,desnutricion leve (l),2006-08-01,9,17,13,22,22,39,61
SAN PEDRO DE BUENA VISTA,desnutricion global,desnutricion leve (l),2006-08-01,118,104,173,163,291,267,558
SAN PEDRO DE CURAHUARA,desnutricion global,desnutricion leve (l),2006-08-01,5,6,6,8,11,14,25
SAN PEDRO DE TIQUINA,desnutricion global,desnutricion leve (l),2006-08-01,1,8,7,3,8,11,19
SAN PEDRO(PND),desnutricion global,desnutricion leve (l),2006-08-01,2,6,5,4,7,10,17
SAN RAFAEL,desnutricion global,desnutricion leve (l),2006-08-01,17,9,9,3,26,12,38
SAN RAMON,desnutricion global,desnutricion leve (l),2006-08-01,9,4,4,4,13,8,21
SANTA ANA,desnutricion global,desnutricion leve (l),2006-08-01,9,19,4,12,13,31,44
SANTA CRUZ DE LA SIERRA,desnutricion global,desnutricion leve (l),2006-08-01,456,444,187,215,643,659,1302
SANTA ROSA,desnutricion global,desnutricion leve (l),2006-08-01,16,11,4,4,20,15,35
SANTA ROSA DEL SARA,desnutricion global,desnutricion leve (l),2006-08-01,13,14,13,16,26,30,56
SANTIAGO DE CALLAPA,desnutricion global,desnutricion leve (l),2006-08-01,6,11,10,7,16,18,34
SANTIAGO DE HUARI,desnutricion global,desnutricion leve (l),2006-08-01,21,13,23,22,44,35,79
SANTIAGO DE MACHACA,desnutricion global,desnutricion leve (l),2006-08-01,5,3,3,7,8,10,18
SANTIVAÑES,desnutricion global,desnutricion leve (l),2006-08-01,6,14,19,19,25,33,58
SANTUARIO DE QUILLACAS,desnutricion global,desnutricion leve (l),2006-08-01,4,4,1,5,5,9,14
SAPAHAQUI,desnutricion global,desnutricion leve (l),2006-08-01,35,33,24,34,59,67,126
SENA,desnutricion global,desnutricion leve (l),2006-08-01,12,4,12,13,24,17,41
SICA SICA (VILLA AROMA),desnutricion global,desnutricion leve (l),2006-08-01,56,52,44,41,100,93,193
SICAYA,desnutricion global,desnutricion leve (l),2006-08-01,9,7,10,3,19,10,29
SIPE SIPE,desnutricion global,desnutricion leve (l),2006-08-01,80,76,66,50,146,126,272
SOPACHUY,desnutricion global,desnutricion leve (l),2006-08-01,30,27,56,68,86,95,181
SORACACHI,desnutricion global,desnutricion leve (l),2006-08-01,17,21,24,23,41,44,85
SORATA,desnutricion global,desnutricion leve (l),2006-08-01,27,16,21,21,48,37,85
SUCRE,desnutricion global,desnutricion leve (l),2006-08-01,352,299,288,286,640,585,1225
TACACHI,desnutricion global,desnutricion leve (l),2006-08-01,1,3,1,1,2,4,6
TACACOMA,desnutricion global,desnutricion leve (l),2006-08-01,5,5,8,4,13,9,22
TACOBAMBA,desnutricion global,desnutricion leve (l),2006-08-01,29,29,21,21,50,50,100
TACOPAYA,desnutricion global,desnutricion leve (l),2006-08-01,27,15,31,38,58,53,111
TAHUA,desnutricion global,desnutricion leve (l),2006-08-01,1,0,0,0,1,0,1
TAPACARI,desnutricion global,desnutricion leve (l),2006-08-01,82,57,59,44,141,101,242
TARABUCO,desnutricion global,desnutricion leve (l),2006-08-01,126,120,199,202,325,322,647
TARACO,desnutricion global,desnutricion leve (l),2006-08-01,0,1,4,2,4,3,7
TARATA,desnutricion global,desnutricion leve (l),2006-08-01,38,36,14,13,52,49,101
TARIJA,desnutricion global,desnutricion leve (l),2006-08-01,134,144,115,141,249,285,534
TARVITA,desnutricion global,desnutricion leve (l),2006-08-01,42,57,69,40,111,97,208
TEOPONTE,desnutricion global,desnutricion leve (l),2006-08-01,11,6,15,14,26,20,46
TIAWANACU,desnutricion global,desnutricion leve (l),2006-08-01,10,13,4,4,14,17,31
TINGUIPAYA,desnutricion global,desnutricion leve (l),2006-08-01,63,84,78,86,141,170,311
TIPUANI,desnutricion global,desnutricion leve (l),2006-08-01,6,9,7,6,13,15,28
TIQUIPAYA,desnutricion global,desnutricion leve (l),2006-08-01,30,28,26,23,56,51,107
TIRAQUE (CBBA),desnutricion global,desnutricion leve (l),2006-08-01,107,83,77,86,184,169,353
TITO YUPANQUI (PARQUIPUJIO),desnutricion global,desnutricion leve (l),2006-08-01,0,1,3,2,3,3,6
TOCO,desnutricion global,desnutricion leve (l),2006-08-01,14,5,10,7,24,12,36
TOLATA,desnutricion global,desnutricion leve (l),2006-08-01,4,4,1,1,5,5,10
TOLEDO,desnutricion global,desnutricion leve (l),2006-08-01,7,4,9,6,16,10,26
TOMAVE,desnutricion global,desnutricion leve (l),2006-08-01,20,50,16,41,36,91,127
TOMINA,desnutricion global,desnutricion leve (l),2006-08-01,70,44,73,112,143,156,299
TORO TORO,desnutricion global,desnutricion leve (l),2006-08-01,72,67,42,53,114,120,234
TOTORA(CBBA),desnutricion global,desnutricion leve (l),2006-08-01,33,25,24,28,57,53,110
TOTORA(ORR),desnutricion global,desnutricion leve (l),2006-08-01,6,7,11,6,17,13,30
TRIGAL,desnutricion global,desnutricion leve (l),2006-08-01,2,0,2,3,4,3,7
TRINIDAD,desnutricion global,desnutricion leve (l),2006-08-01,99,66,38,29,137,95,232
TUPIZA,desnutricion global,desnutricion leve (l),2006-08-01,100,65,72,89,172,154,326
TURCO,desnutricion global,desnutricion leve (l),2006-08-01,3,5,7,4,10,9,19
UMALA,desnutricion global,desnutricion leve (l),2006-08-01,15,13,5,12,20,25,45
UNCIA,desnutricion global,desnutricion leve (l),2006-08-01,59,60,58,62,117,122,239
URIONDO (A. CONCEPCION),desnutricion global,desnutricion leve (l),2006-08-01,24,12,48,47,72,59,131
URUBICHA,desnutricion global,desnutricion leve (l),2006-08-01,16,23,33,37,49,60,109
UYUNI,desnutricion global,desnutricion leve (l),2006-08-01,29,21,28,31,57,52,109
VACAS,desnutricion global,desnutricion leve (l),2006-08-01,34,25,16,18,50,43,93
VALLEGRANDE,desnutricion global,desnutricion leve (l),2006-08-01,23,18,26,15,49,33,82
VIACHA,desnutricion global,desnutricion leve (l),2006-08-01,35,25,22,27,57,52,109
VILA VILA,desnutricion global,desnutricion leve (l),2006-08-01,17,9,16,23,33,32,65
VILLA MONTES,desnutricion global,desnutricion leve (l),2006-08-01,14,17,18,18,32,35,67
VILLA NUEVA (LOMA ALTA),desnutricion global,desnutricion leve (l),2006-08-01,3,5,3,3,6,8,14
VILLA RIVERO,desnutricion global,desnutricion leve (l),2006-08-01,15,19,29,23,44,42,86
VILLA SERRANO,desnutricion global,desnutricion leve (l),2006-08-01,46,49,84,96,130,145,275
VILLA TUNARI,desnutricion global,desnutricion leve (l),2006-08-01,136,103,111,134,247,237,484
VILLA VACA GUZMAN (MUYUPAMPA),desnutricion global,desnutricion leve (l),2006-08-01,17,30,24,33,41,63,104
VILLAZON,desnutricion global,desnutricion leve (l),2006-08-01,64,48,46,74,110,122,232
VINTO,desnutricion global,desnutricion leve (l),2006-08-01,50,21,11,12,61,33,94
VITICHI,desnutricion global,desnutricion leve (l),2006-08-01,70,45,92,65,162,110,272
WALDO BALLIVIAN,desnutricion global,desnutricion leve (l),2006-08-01,3,11,5,3,8,14,22
WARNES,desnutricion global,desnutricion leve (l),2006-08-01,68,77,52,43,120,120,240
YACO,desnutricion global,desnutricion leve (l),2006-08-01,18,28,24,32,42,60,102
YACUIBA,desnutricion global,desnutricion leve (l),2006-08-01,39,29,40,43,79,72,151
YAMPARAEZ,desnutricion global,desnutricion leve (l),2006-08-01,42,29,94,93,136,122,258
YANACACHI,desnutricion global,desnutricion leve (l),2006-08-01,4,1,4,1,8,2,10
YAPACANI,desnutricion global,desnutricion leve (l),2006-08-01,41,51,33,24,74,75,149
YOCALLA,desnutricion global,desnutricion leve (l),2006-08-01,5,6,7,8,12,14,26
YOTALA,desnutricion global,desnutricion leve (l),2006-08-01,24,21,45,55,69,76,145
YUNCHARA,desnutricion global,desnutricion leve (l),2006-08-01,30,19,67,58,97,77,174
ZUDAÑEZ,desnutricion global,desnutricion leve (l),2006-08-01,27,31,35,70,62,101,163
ACACIO,desnutricion global,desnutricion leve (l),2006-09-01,10,20,25,26,35,46,81
ACHACACHI,desnutricion global,desnutricion leve (l),2006-09-01,37,51,41,53,78,104,182
ACHOCALLA,desnutricion global,desnutricion leve (l),2006-09-01,6,5,7,5,13,10,23
AIQUILE,desnutricion global,desnutricion leve (l),2006-09-01,24,32,27,33,51,65,116
ALCALA,desnutricion global,desnutricion leve (l),2006-09-01,10,15,31,24,41,39,80
ANCORAIMES,desnutricion global,desnutricion leve (l),2006-09-01,23,19,18,29,41,48,89
ANDAMARCA,desnutricion global,desnutricion leve (l),2006-09-01,4,9,9,11,13,20,33
ANTEQUERA,desnutricion global,desnutricion leve (l),2006-09-01,3,3,3,3,6,6,12
ANZALDO,desnutricion global,desnutricion leve (l),2006-09-01,8,12,23,14,31,26,57
APOLO,desnutricion global,desnutricion leve (l),2006-09-01,28,29,32,38,60,67,127
ARAMPAMPA,desnutricion global,desnutricion leve (l),2006-09-01,27,20,23,30,50,50,100
ARANI,desnutricion global,desnutricion leve (l),2006-09-01,15,13,6,10,21,23,44
ARBIETO,desnutricion global,desnutricion leve (l),2006-09-01,8,8,5,4,13,12,25
ARQUE,desnutricion global,desnutricion leve (l),2006-09-01,35,41,31,61,66,102,168
ATOCHA,desnutricion global,desnutricion leve (l),2006-09-01,17,24,22,13,39,37,76
AUCAPATA,desnutricion global,desnutricion leve (l),2006-09-01,10,7,7,14,17,21,38
AYATA,desnutricion global,desnutricion leve (l),2006-09-01,29,24,20,26,49,50,99
AYO AYO,desnutricion global,desnutricion leve (l),2006-09-01,13,15,4,3,17,18,35
AYOPAYA (V. DE INDEPENDENCIA),desnutricion global,desnutricion leve (l),2006-09-01,60,51,63,66,123,117,240
AZURDUY,desnutricion global,desnutricion leve (l),2006-09-01,47,74,94,104,141,178,319
BATALLAS,desnutricion global,desnutricion leve (l),2006-09-01,17,23,6,15,23,38,61
BAURES,desnutricion global,desnutricion leve (l),2006-09-01,5,9,7,12,12,21,33
BELEN DE ANDAMARCA,desnutricion global,desnutricion leve (l),2006-09-01,2,2,1,4,3,6,9
BELEN DE URMIRI,desnutricion global,desnutricion leve (l),2006-09-01,6,4,9,7,15,11,26
BELLA FLOR,desnutricion global,desnutricion leve (l),2006-09-01,2,10,7,6,9,16,25
BERMEJO,desnutricion global,desnutricion leve (l),2006-09-01,8,8,9,11,17,19,36
BETANZOS,desnutricion global,desnutricion leve (l),2006-09-01,87,109,120,122,207,231,438
BOLIVAR,desnutricion global,desnutricion leve (l),2006-09-01,64,69,70,78,134,147,281
BOLPEBRA,desnutricion global,desnutricion leve (l),2006-09-01,0,5,1,8,1,13,14
BOYUIBE,desnutricion global,desnutricion leve (l),2006-09-01,3,3,4,7,7,10,17
BUENA VISTA,desnutricion global,desnutricion leve (l),2006-09-01,7,6,4,11,11,17,28
CABEZAS,desnutricion global,desnutricion leve (l),2006-09-01,18,14,11,6,29,20,49
CAIROMA,desnutricion global,desnutricion leve (l),2006-09-01,57,39,43,55,100,94,194
"CAIZA ""D""",desnutricion global,desnutricion leve (l),2006-09-01,22,21,34,35,56,56,112
CAJUATA,desnutricion global,desnutricion leve (l),2006-09-01,23,23,19,22,42,45,87
CALACOTO,desnutricion global,desnutricion leve (l),2006-09-01,7,6,9,10,16,16,32
CALAMARCA,desnutricion global,desnutricion leve (l),2006-09-01,52,47,49,48,101,95,196
CAMARGO,desnutricion global,desnutricion leve (l),2006-09-01,54,70,76,90,130,160,290
CAMATAQUI (C. VILLA ABECIA),desnutricion global,desnutricion leve (l),2006-09-01,13,5,16,11,29,16,45
CAMIRI,desnutricion global,desnutricion leve (l),2006-09-01,51,60,50,63,101,123,224
CAPINOTA,desnutricion global,desnutricion leve (l),2006-09-01,37,43,53,58,90,101,191
CAQUIAVIRI,desnutricion global,desnutricion leve (l),2006-09-01,2,9,8,12,10,21,31
CARACOLLO,desnutricion global,desnutricion leve (l),2006-09-01,14,17,23,10,37,27,64
CARANAVI,desnutricion global,desnutricion leve (l),2006-09-01,84,80,69,78,153,158,311
CARANGAS,desnutricion global,desnutricion leve (l),2006-09-01,1,3,2,1,3,4,7
CARAPARI,desnutricion global,desnutricion leve (l),2006-09-01,7,8,21,6,28,14,42
CARIPUYO,desnutricion global,desnutricion leve (l),2006-09-01,42,29,54,70,96,99,195
CARMEN RIVERO TORREZ,desnutricion global,desnutricion leve (l),2006-09-01,10,4,1,4,11,8,19
CATACORA,desnutricion global,desnutricion leve (l),2006-09-01,6,4,5,6,11,10,21
CHACARILLA,desnutricion global,desnutricion leve (l),2006-09-01,4,3,7,7,11,10,21
CHALLAPATA,desnutricion global,desnutricion leve (l),2006-09-01,48,37,28,52,76,89,165
CHAQUI,desnutricion global,desnutricion leve (l),2006-09-01,31,22,19,33,50,55,105
CHARAGUA,desnutricion global,desnutricion leve (l),2006-09-01,32,30,48,43,80,73,153
CHARAÑA,desnutricion global,desnutricion leve (l),2006-09-01,2,3,2,2,4,5,9
CHAYANTA,desnutricion global,desnutricion leve (l),2006-09-01,45,42,70,62,115,104,219
CHIMORE,desnutricion global,desnutricion leve (l),2006-09-01,19,30,18,28,37,58,95
CHIPAYA,desnutricion global,desnutricion leve (l),2006-09-01,2,6,7,6,9,12,21
CHOQUE COTA,desnutricion global,desnutricion leve (l),2006-09-01,1,2,7,7,8,9,17
CHULUMANI (V. DE LA LIBERTAD),desnutricion global,desnutricion leve (l),2006-09-01,7,9,3,3,10,12,22
CHUMA,desnutricion global,desnutricion leve (l),2006-09-01,35,28,28,27,63,55,118
CLIZA,desnutricion global,desnutricion leve (l),2006-09-01,11,21,9,12,20,33,53
COBIJA,desnutricion global,desnutricion leve (l),2006-09-01,45,26,39,44,84,70,154
COCHABAMBA,desnutricion global,desnutricion leve (l),2006-09-01,318,333,227,223,545,556,1101
COIPASA,desnutricion global,desnutricion leve (l),2006-09-01,1,1,2,3,3,4,7
COLCAPIRHUA,desnutricion global,desnutricion leve (l),2006-09-01,30,37,33,24,63,61,124
"COLCHA ""K""",desnutricion global,desnutricion leve (l),2006-09-01,10,11,12,13,22,24,46
COLLANA,desnutricion global,desnutricion leve (l),2006-09-01,6,3,5,4,11,7,18
COLOMI,desnutricion global,desnutricion leve (l),2006-09-01,49,49,33,36,82,85,167
COLPA BELGICA,desnutricion global,desnutricion leve (l),2006-09-01,6,7,1,2,7,9,16
COLQUECHACA,desnutricion global,desnutricion leve (l),2006-09-01,94,92,76,83,170,175,345
COLQUENCHA,desnutricion global,desnutricion leve (l),2006-09-01,18,13,17,15,35,28,63
COLQUIRI,desnutricion global,desnutricion leve (l),2006-09-01,50,54,27,31,77,85,162
COMANCHE,desnutricion global,desnutricion leve (l),2006-09-01,3,1,2,7,5,8,13
COMARAPA,desnutricion global,desnutricion leve (l),2006-09-01,18,24,13,19,31,43,74
COMBAYA,desnutricion global,desnutricion leve (l),2006-09-01,8,7,2,7,10,14,24
CONCEPCION,desnutricion global,desnutricion leve (l),2006-09-01,10,11,7,10,17,21,38
COPACABANA,desnutricion global,desnutricion leve (l),2006-09-01,12,15,17,13,29,28,57
CORIPATA,desnutricion global,desnutricion leve (l),2006-09-01,10,7,12,5,22,12,34
CORO CORO,desnutricion global,desnutricion leve (l),2006-09-01,21,17,14,23,35,40,75
COROICO,desnutricion global,desnutricion leve (l),2006-09-01,21,21,25,24,46,45,91
CORQUE,desnutricion global,desnutricion leve (l),2006-09-01,7,11,14,12,21,23,44
COTAGAITA,desnutricion global,desnutricion leve (l),2006-09-01,60,52,45,42,105,94,199
COTOCA,desnutricion global,desnutricion leve (l),2006-09-01,28,40,16,10,44,50,94
CUATRO CAÑADAS,desnutricion global,desnutricion leve (l),2006-09-01,12,14,18,16,30,30,60
CUCHUMUELA (V. G. VILLARROEL),desnutricion global,desnutricion leve (l),2006-09-01,1,1,5,1,6,2,8
CUEVO,desnutricion global,desnutricion leve (l),2006-09-01,12,9,12,17,24,26,50
CULPINA,desnutricion global,desnutricion leve (l),2006-09-01,110,82,114,119,224,201,425
CURAHUARA DE CARANGAS,desnutricion global,desnutricion leve (l),2006-09-01,6,9,8,3,14,12,26
CURVA,desnutricion global,desnutricion leve (l),2006-09-01,4,7,9,7,13,14,27
DESAGUADERO,desnutricion global,desnutricion leve (l),2006-09-01,9,4,2,2,11,6,17
EL ALTO,desnutricion global,desnutricion leve (l),2006-09-01,961,764,611,615,1572,1379,2951
EL CHORO,desnutricion global,desnutricion leve (l),2006-09-01,9,1,4,3,13,4,17
EL PUENTE(STC),desnutricion global,desnutricion leve (l),2006-09-01,17,22,6,9,23,31,54
EL PUENTE(TJA),desnutricion global,desnutricion leve (l),2006-09-01,15,18,32,47,47,65,112
EL TORNO,desnutricion global,desnutricion leve (l),2006-09-01,34,21,28,36,62,57,119
EL VILLAR,desnutricion global,desnutricion leve (l),2006-09-01,5,15,20,33,25,48,73
ENTRE RIOS,desnutricion global,desnutricion leve (l),2006-09-01,35,25,29,38,64,63,127
ENTRE RIOS,desnutricion global,desnutricion leve (l),2006-09-01,29,28,37,41,66,69,135
ESCARA,desnutricion global,desnutricion leve (l),2006-09-01,1,0,0,0,1,0,1
ESMERALDA,desnutricion global,desnutricion leve (l),2006-09-01,0,0,1,1,1,1,2
EUCALIPTUS,desnutricion global,desnutricion leve (l),2006-09-01,7,7,20,6,27,13,40
EUREKA (SANTOS MERCADO),desnutricion global,desnutricion leve (l),2006-09-01,2,8,3,3,5,11,16
EXALTACION,desnutricion global,desnutricion leve (l),2006-09-01,12,8,6,7,18,15,33
FERNANDEZ ALONSO,desnutricion global,desnutricion leve (l),2006-09-01,19,10,28,24,47,34,81
FILADELFIA,desnutricion global,desnutricion leve (l),2006-09-01,1,1,1,4,2,5,7
GENERAL SAAVEDRA,desnutricion global,desnutricion leve (l),2006-09-01,24,28,17,12,41,40,81
GRAL. J.J. PEREZ (CHARAZANI),desnutricion global,desnutricion leve (l),2006-09-01,39,33,40,42,79,75,154
GUANAY,desnutricion global,desnutricion leve (l),2006-09-01,22,20,19,19,41,39,80
GUAQUI,desnutricion global,desnutricion leve (l),2006-09-01,6,8,7,4,13,12,25
GUAYARAMERIN,desnutricion global,desnutricion leve (l),2006-09-01,44,32,35,36,79,68,147
GUTIERREZ,desnutricion global,desnutricion leve (l),2006-09-01,32,35,62,76,94,111,205
HUACARETA,desnutricion global,desnutricion leve (l),2006-09-01,24,19,19,40,43,59,102
HUACAYA (VILLA DE HUACAYA),desnutricion global,desnutricion leve (l),2006-09-01,8,4,16,12,24,16,40
HUACHACALLA,desnutricion global,desnutricion leve (l),2006-09-01,1,0,1,1,2,1,3
HUANUNI,desnutricion global,desnutricion leve (l),2006-09-01,38,31,33,28,71,59,130
HUARACAJE,desnutricion global,desnutricion leve (l),2006-09-01,6,2,7,2,13,4,17
HUAYLLAMARCA,desnutricion global,desnutricion leve (l),2006-09-01,8,7,4,9,12,16,28
ICHOCA,desnutricion global,desnutricion leve (l),2006-09-01,28,15,21,29,49,44,93
ICLA,desnutricion global,desnutricion leve (l),2006-09-01,57,60,121,104,178,164,342
INCAHUASI,desnutricion global,desnutricion leve (l),2006-09-01,106,103,117,121,223,224,447
INQUISIVI,desnutricion global,desnutricion leve (l),2006-09-01,42,37,41,39,83,76,159
IRUPANA (VILLA DE LANZA),desnutricion global,desnutricion leve (l),2006-09-01,22,18,29,42,51,60,111
IXIAMAS,desnutricion global,desnutricion leve (l),2006-09-01,9,19,13,14,22,33,55
JESUS DE MACHACA,desnutricion global,desnutricion leve (l),2006-09-01,33,21,26,24,59,45,104
LA ASUNTA,desnutricion global,desnutricion leve (l),2006-09-01,17,25,14,12,31,37,68
LA GUARDIA,desnutricion global,desnutricion leve (l),2006-09-01,41,32,24,29,65,61,126
LA PAZ,desnutricion global,desnutricion leve (l),2006-09-01,658,593,390,441,1048,1034,2082
LAGUNILLAS,desnutricion global,desnutricion leve (l),2006-09-01,11,19,32,33,43,52,95
LAJA,desnutricion global,desnutricion leve (l),2006-09-01,19,11,9,12,28,23,51
LAS CARRERAS,desnutricion global,desnutricion leve (l),2006-09-01,4,7,17,20,21,27,48
LICOMA PAMPA,desnutricion global,desnutricion leve (l),2006-09-01,8,5,9,4,17,9,26
LLALLAGUA,desnutricion global,desnutricion leve (l),2006-09-01,78,80,113,96,191,176,367
LLICA,desnutricion global,desnutricion leve (l),2006-09-01,2,3,8,3,10,6,16
LORETO,desnutricion global,desnutricion leve (l),2006-09-01,1,1,0,0,1,1,2
LURIBAY,desnutricion global,desnutricion leve (l),2006-09-01,23,33,21,35,44,68,112
MACHACAMARCA,desnutricion global,desnutricion leve (l),2006-09-01,2,2,0,2,2,4,6
MACHARETI,desnutricion global,desnutricion leve (l),2006-09-01,19,10,30,29,49,39,88
MAGDALENA,desnutricion global,desnutricion leve (l),2006-09-01,8,11,6,8,14,19,33
MAIRANA,desnutricion global,desnutricion leve (l),2006-09-01,3,9,5,7,8,16,24
MALLA,desnutricion global,desnutricion leve (l),2006-09-01,14,4,26,17,40,21,61
MAPIRI,desnutricion global,desnutricion leve (l),2006-09-01,6,3,6,7,12,10,22
MECAPACA,desnutricion global,desnutricion leve (l),2006-09-01,16,14,12,20,28,34,62
MINEROS,desnutricion global,desnutricion leve (l),2006-09-01,22,22,5,11,27,33,60
MIZQUE,desnutricion global,desnutricion leve (l),2006-09-01,55,54,38,47,93,101,194
MOCOMOCO,desnutricion global,desnutricion leve (l),2006-09-01,35,33,29,31,64,64,128
MOJINETE,desnutricion global,desnutricion leve (l),2006-09-01,4,3,3,2,7,5,12
MOJOCOYA,desnutricion global,desnutricion leve (l),2006-09-01,31,28,46,50,77,78,155
MONTEAGUDO,desnutricion global,desnutricion leve (l),2006-09-01,57,63,101,103,158,166,324
MONTERO,desnutricion global,desnutricion leve (l),2006-09-01,127,106,111,112,238,218,456
MORO MORO,desnutricion global,desnutricion leve (l),2006-09-01,3,2,3,2,6,4,10
MOROCHATA,desnutricion global,desnutricion leve (l),2006-09-01,44,41,56,54,100,95,195
NACEBE (SANTA ROSA DEL ABUNA),desnutricion global,desnutricion leve (l),2006-09-01,0,2,1,2,1,4,5
NUEVO MANOA (NUEVA ESPERANZA),desnutricion global,desnutricion leve (l),2006-09-01,4,3,1,1,5,4,9
OCURI,desnutricion global,desnutricion leve (l),2006-09-01,83,87,75,76,158,163,321
OKINAWA,desnutricion global,desnutricion leve (l),2006-09-01,12,12,6,14,18,26,44
OMEREQUE,desnutricion global,desnutricion leve (l),2006-09-01,8,7,4,6,12,13,25
ORURO,desnutricion global,desnutricion leve (l),2006-09-01,292,293,195,160,487,453,940
PADCAYA,desnutricion global,desnutricion leve (l),2006-09-01,30,32,41,41,71,73,144
PADILLA,desnutricion global,desnutricion leve (l),2006-09-01,35,21,58,66,93,87,180
PAILON,desnutricion global,desnutricion leve (l),2006-09-01,0,20,17,0,17,20,37
PALCA,desnutricion global,desnutricion leve (l),2006-09-01,23,23,7,14,30,37,67
PALOS BLANCOS,desnutricion global,desnutricion leve (l),2006-09-01,24,20,26,40,50,60,110
PAMPA AULLAGAS,desnutricion global,desnutricion leve (l),2006-09-01,6,6,8,10,14,16,30
PAMPA GRANDE,desnutricion global,desnutricion leve (l),2006-09-01,5,5,3,9,8,14,22
PAPEL PAMPA,desnutricion global,desnutricion leve (l),2006-09-01,8,4,4,3,12,7,19
PASORAPA,desnutricion global,desnutricion leve (l),2006-09-01,6,2,9,12,15,14,29
PATACAMAYA,desnutricion global,desnutricion leve (l),2006-09-01,35,35,24,18,59,53,112
PAZÑA,desnutricion global,desnutricion leve (l),2006-09-01,9,8,10,8,19,16,35
PELECHUCO,desnutricion global,desnutricion leve (l),2006-09-01,7,16,11,11,18,27,45
POCOATA,desnutricion global,desnutricion leve (l),2006-09-01,71,77,80,96,151,173,324
POCONA,desnutricion global,desnutricion leve (l),2006-09-01,30,32,28,37,58,69,127
POJO (CBBA),desnutricion global,desnutricion leve (l),2006-09-01,27,37,33,36,60,73,133
POOPO,desnutricion global,desnutricion leve (l),2006-09-01,5,5,2,2,7,7,14
PORCO,desnutricion global,desnutricion leve (l),2006-09-01,23,25,7,13,30,38,68
POROMA,desnutricion global,desnutricion leve (l),2006-09-01,81,89,86,101,167,190,357
PORONGO,desnutricion global,desnutricion leve (l),2006-09-01,3,3,1,5,4,8,12
PORTACHUELO,desnutricion global,desnutricion leve (l),2006-09-01,9,8,13,12,22,20,42
PORVENIR,desnutricion global,desnutricion leve (l),2006-09-01,3,5,11,16,14,21,35
POSTRER VALLE,desnutricion global,desnutricion leve (l),2006-09-01,5,1,1,9,6,10,16
POTOSI,desnutricion global,desnutricion leve (l),2006-09-01,360,256,232,183,592,439,1031
PRESTO,desnutricion global,desnutricion leve (l),2006-09-01,36,33,39,44,75,77,152
PUCARA,desnutricion global,desnutricion leve (l),2006-09-01,3,0,2,0,5,0,5
PUCARANI,desnutricion global,desnutricion leve (l),2006-09-01,38,51,21,21,59,72,131
PUERTO ACOSTA,desnutricion global,desnutricion leve (l),2006-09-01,45,52,59,67,104,119,223
PUERTO CARABUCO,desnutricion global,desnutricion leve (l),2006-09-01,31,32,23,41,54,73,127
PUERTO GONZALO MORENO,desnutricion global,desnutricion leve (l),2006-09-01,14,14,8,9,22,23,45
PUERTO PEREZ,desnutricion global,desnutricion leve (l),2006-09-01,7,8,6,3,13,11,24
PUERTO QUIJARRO,desnutricion global,desnutricion leve (l),2006-09-01,12,6,4,5,16,11,27
PUERTO RICO,desnutricion global,desnutricion leve (l),2006-09-01,2,6,0,2,2,8,10
PUERTO SILES,desnutricion global,desnutricion leve (l),2006-09-01,7,9,13,5,20,14,34
PUERTO SUAREZ,desnutricion global,desnutricion leve (l),2006-09-01,8,14,3,8,11,22,33
PUERTO VILLARROEL,desnutricion global,desnutricion leve (l),2006-09-01,80,76,77,88,157,164,321
PUNA,desnutricion global,desnutricion leve (l),2006-09-01,108,103,127,136,235,239,474
PUNATA,desnutricion global,desnutricion leve (l),2006-09-01,28,40,17,27,45,67,112
QUIABAYA,desnutricion global,desnutricion leve (l),2006-09-01,4,1,4,1,8,2,10
QUILLACOLLO,desnutricion global,desnutricion leve (l),2006-09-01,40,37,33,38,73,75,148
QUIME,desnutricion global,desnutricion leve (l),2006-09-01,15,13,15,13,30,26,56
QUIRUSILLAS,desnutricion global,desnutricion leve (l),2006-09-01,2,1,2,1,4,2,6
RAVELO,desnutricion global,desnutricion leve (l),2006-09-01,141,133,176,167,317,300,617
REYES,desnutricion global,desnutricion leve (l),2006-09-01,18,16,30,20,48,36,84
RIBERALTA,desnutricion global,desnutricion leve (l),2006-09-01,211,279,96,118,307,397,704
ROBORE,desnutricion global,desnutricion leve (l),2006-09-01,18,35,10,16,28,51,79
RURRENABAQUE,desnutricion global,desnutricion leve (l),2006-09-01,15,19,8,9,23,28,51
SABAYA,desnutricion global,desnutricion leve (l),2006-09-01,6,9,3,12,9,21,30
SACABA,desnutricion global,desnutricion leve (l),2006-09-01,126,99,87,89,213,188,401
SACABAMBA,desnutricion global,desnutricion leve (l),2006-09-01,7,14,23,21,30,35,65
SACACA,desnutricion global,desnutricion leve (l),2006-09-01,169,159,196,215,365,374,739
SAIPINA,desnutricion global,desnutricion leve (l),2006-09-01,5,5,11,8,16,13,29
SALINAS DE GARCI MENDOZA,desnutricion global,desnutricion leve (l),2006-09-01,18,20,24,16,42,36,78
SAMAIPATA,desnutricion global,desnutricion leve (l),2006-09-01,13,5,4,6,17,11,28
SAN AGUSTIN,desnutricion global,desnutricion leve (l),2006-09-01,4,4,8,6,12,10,22
SAN ANDRES,desnutricion global,desnutricion leve (l),2006-09-01,2,7,4,6,6,13,19
SAN ANDRES DE MACHACA,desnutricion global,desnutricion leve (l),2006-09-01,10,3,3,10,13,13,26
SAN ANTONIO DE ESMORUCO,desnutricion global,desnutricion leve (l),2006-09-01,4,3,4,2,8,5,13
SAN ANTONIO DE LOMERIO,desnutricion global,desnutricion leve (l),2006-09-01,31,29,40,43,71,72,143
SAN BENITO,desnutricion global,desnutricion leve (l),2006-09-01,28,38,13,12,41,50,91
SAN BORJA,desnutricion global,desnutricion leve (l),2006-09-01,40,65,33,40,73,105,178
SAN BUENA VENTURA,desnutricion global,desnutricion leve (l),2006-09-01,12,6,6,10,18,16,34
SAN CARLOS,desnutricion global,desnutricion leve (l),2006-09-01,25,24,14,12,39,36,75
SAN IGNACIO,desnutricion global,desnutricion leve (l),2006-09-01,65,46,56,33,121,79,200
SAN IGNACIO DE VELASCO,desnutricion global,desnutricion leve (l),2006-09-01,102,118,102,137,204,255,459
SAN JAVIER(BNI),desnutricion global,desnutricion leve (l),2006-09-01,3,6,10,2,13,8,21
SAN JAVIER(STC),desnutricion global,desnutricion leve (l),2006-09-01,1,5,0,3,1,8,9
SAN JOAQUIN,desnutricion global,desnutricion leve (l),2006-09-01,1,1,6,5,7,6,13
SAN JOSE DE CHIQUITOS,desnutricion global,desnutricion leve (l),2006-09-01,8,19,11,10,19,29,48
SAN JUAN DE YAPACANI,desnutricion global,desnutricion leve (l),2006-09-01,7,14,5,3,12,17,29
SAN JULIAN,desnutricion global,desnutricion leve (l),2006-09-01,26,18,27,33,53,51,104
SAN LORENZO(PND),desnutricion global,desnutricion leve (l),2006-09-01,3,0,5,1,8,1,9
SAN LORENZO(TJA),desnutricion global,desnutricion leve (l),2006-09-01,42,31,60,67,102,98,200
SAN LUCAS,desnutricion global,desnutricion leve (l),2006-09-01,209,202,273,265,482,467,949
SAN MATIAS,desnutricion global,desnutricion leve (l),2006-09-01,14,8,16,18,30,26,56
SAN MIGUEL DE VELASCO,desnutricion global,desnutricion leve (l),2006-09-01,6,5,12,13,18,18,36
SAN PABLO DE LIPEZ,desnutricion global,desnutricion leve (l),2006-09-01,6,10,20,25,26,35,61
SAN PEDRO,desnutricion global,desnutricion leve (l),2006-09-01,17,13,5,10,22,23,45
SAN PEDRO DE BUENA VISTA,desnutricion global,desnutricion leve (l),2006-09-01,110,118,146,145,256,263,519
SAN PEDRO DE CURAHUARA,desnutricion global,desnutricion leve (l),2006-09-01,2,4,2,7,4,11,15
SAN PEDRO DE QUEMES,desnutricion global,desnutricion leve (l),2006-09-01,0,1,1,1,1,2,3
SAN PEDRO DE TIQUINA,desnutricion global,desnutricion leve (l),2006-09-01,2,3,2,1,4,4,8
SAN PEDRO(PND),desnutricion global,desnutricion leve (l),2006-09-01,2,0,0,0,2,0,2
SAN RAFAEL,desnutricion global,desnutricion leve (l),2006-09-01,17,16,9,18,26,34,60
SAN RAMON,desnutricion global,desnutricion leve (l),2006-09-01,6,7,6,3,12,10,22
SANTA ANA,desnutricion global,desnutricion leve (l),2006-09-01,12,12,15,18,27,30,57
SANTA CRUZ DE LA SIERRA,desnutricion global,desnutricion leve (l),2006-09-01,415,398,159,195,574,593,1167
SANTA ROSA,desnutricion global,desnutricion leve (l),2006-09-01,12,17,5,7,17,24,41
SANTA ROSA DEL SARA,desnutricion global,desnutricion leve (l),2006-09-01,19,13,13,15,32,28,60
SANTIAGO DE CALLAPA,desnutricion global,desnutricion leve (l),2006-09-01,8,8,10,7,18,15,33
SANTIAGO DE HUARI,desnutricion global,desnutricion leve (l),2006-09-01,23,16,21,22,44,38,82
SANTIAGO DE MACHACA,desnutricion global,desnutricion leve (l),2006-09-01,0,0,1,1,1,1,2
SANTIVAÑES,desnutricion global,desnutricion leve (l),2006-09-01,10,22,37,35,47,57,104
SANTUARIO DE QUILLACAS,desnutricion global,desnutricion leve (l),2006-09-01,7,5,9,8,16,13,29
SAPAHAQUI,desnutricion global,desnutricion leve (l),2006-09-01,43,33,18,34,61,67,128
SENA,desnutricion global,desnutricion leve (l),2006-09-01,13,6,9,3,22,9,31
SICA SICA (VILLA AROMA),desnutricion global,desnutricion leve (l),2006-09-01,63,60,40,39,103,99,202
SICAYA,desnutricion global,desnutricion leve (l),2006-09-01,19,11,12,6,31,17,48
SIPE SIPE,desnutricion global,desnutricion leve (l),2006-09-01,74,65,45,53,119,118,237
SOPACHUY,desnutricion global,desnutricion leve (l),2006-09-01,33,49,57,80,90,129,219
SORACACHI,desnutricion global,desnutricion leve (l),2006-09-01,27,33,17,25,44,58,102
SORATA,desnutricion global,desnutricion leve (l),2006-09-01,13,20,17,15,30,35,65
SUCRE,desnutricion global,desnutricion leve (l),2006-09-01,336,293,260,327,596,620,1216
TACACHI,desnutricion global,desnutricion leve (l),2006-09-01,1,1,1,4,2,5,7
TACACOMA,desnutricion global,desnutricion leve (l),2006-09-01,2,6,4,4,6,10,16
TACOBAMBA,desnutricion global,desnutricion leve (l),2006-09-01,31,21,36,34,67,55,122
TACOPAYA,desnutricion global,desnutricion leve (l),2006-09-01,29,35,30,55,59,90,149
TAHUA,desnutricion global,desnutricion leve (l),2006-09-01,0,0,3,2,3,2,5
TAPACARI,desnutricion global,desnutricion leve (l),2006-09-01,117,118,118,115,235,233,468
TARABUCO,desnutricion global,desnutricion leve (l),2006-09-01,112,95,160,180,272,275,547
TARACO,desnutricion global,desnutricion leve (l),2006-09-01,2,1,3,1,5,2,7
TARATA,desnutricion global,desnutricion leve (l),2006-09-01,7,12,8,3,15,15,30
TARIJA,desnutricion global,desnutricion leve (l),2006-09-01,146,114,123,130,269,244,513
TARVITA,desnutricion global,desnutricion leve (l),2006-09-01,78,74,113,143,191,217,408
TEOPONTE,desnutricion global,desnutricion leve (l),2006-09-01,6,9,9,10,15,19,34
TIAWANACU,desnutricion global,desnutricion leve (l),2006-09-01,18,10,14,5,32,15,47
TINGUIPAYA,desnutricion global,desnutricion leve (l),2006-09-01,66,60,56,74,122,134,256
TIPUANI,desnutricion global,desnutricion leve (l),2006-09-01,9,10,4,9,13,19,32
TIQUIPAYA,desnutricion global,desnutricion leve (l),2006-09-01,24,16,20,23,44,39,83
TIRAQUE (CBBA),desnutricion global,desnutricion leve (l),2006-09-01,78,83,81,66,159,149,308
TITO YUPANQUI (PARQUIPUJIO),desnutricion global,desnutricion leve (l),2006-09-01,1,3,3,4,4,7,11
TOCO,desnutricion global,desnutricion leve (l),2006-09-01,9,5,5,3,14,8,22
TOLATA,desnutricion global,desnutricion leve (l),2006-09-01,9,4,2,4,11,8,19
TOLEDO,desnutricion global,desnutricion leve (l),2006-09-01,11,7,9,3,20,10,30
TOMAVE,desnutricion global,desnutricion leve (l),2006-09-01,32,10,30,7,62,17,79
TOMINA,desnutricion global,desnutricion leve (l),2006-09-01,67,48,85,109,152,157,309
TORO TORO,desnutricion global,desnutricion leve (l),2006-09-01,86,78,96,105,182,183,365
TOTORA(CBBA),desnutricion global,desnutricion leve (l),2006-09-01,44,34,28,23,72,57,129
TOTORA(ORR),desnutricion global,desnutricion leve (l),2006-09-01,7,8,4,3,11,11,22
TRIGAL,desnutricion global,desnutricion leve (l),2006-09-01,1,1,2,1,3,2,5
TRINIDAD,desnutricion global,desnutricion leve (l),2006-09-01,86,69,62,57,148,126,274
TUPIZA,desnutricion global,desnutricion leve (l),2006-09-01,60,69,47,91,107,160,267
TURCO,desnutricion global,desnutricion leve (l),2006-09-01,6,2,9,5,15,7,22
UMALA,desnutricion global,desnutricion leve (l),2006-09-01,10,11,8,10,18,21,39
UNCIA,desnutricion global,desnutricion leve (l),2006-09-01,49,49,62,62,111,111,222
URIONDO (A. CONCEPCION),desnutricion global,desnutricion leve (l),2006-09-01,20,18,37,50,57,68,125
URUBICHA,desnutricion global,desnutricion leve (l),2006-09-01,7,2,2,8,9,10,19
UYUNI,desnutricion global,desnutricion leve (l),2006-09-01,23,23,32,32,55,55,110
VACAS,desnutricion global,desnutricion leve (l),2006-09-01,17,21,13,13,30,34,64
VALLEGRANDE,desnutricion global,desnutricion leve (l),2006-09-01,14,24,11,29,25,53,78
VIACHA,desnutricion global,desnutricion leve (l),2006-09-01,27,25,19,20,46,45,91
VILA VILA,desnutricion global,desnutricion leve (l),2006-09-01,2,11,6,7,8,18,26
VILLA MONTES,desnutricion global,desnutricion leve (l),2006-09-01,20,19,21,24,41,43,84
VILLA NUEVA (LOMA ALTA),desnutricion global,desnutricion leve (l),2006-09-01,5,12,6,5,11,17,28
VILLA RIVERO,desnutricion global,desnutricion leve (l),2006-09-01,0,7,5,4,5,11,16
VILLA SERRANO,desnutricion global,desnutricion leve (l),2006-09-01,43,38,94,111,137,149,286
VILLA TUNARI,desnutricion global,desnutricion leve (l),2006-09-01,78,85,63,74,141,159,300
VILLA VACA GUZMAN (MUYUPAMPA),desnutricion global,desnutricion leve (l),2006-09-01,37,24,43,48,80,72,152
VILLAZON,desnutricion global,desnutricion leve (l),2006-09-01,71,67,47,54,118,121,239
VINTO,desnutricion global,desnutricion leve (l),2006-09-01,8,19,8,8,16,27,43
VITICHI,desnutricion global,desnutricion leve (l),2006-09-01,31,41,38,39,69,80,149
WALDO BALLIVIAN,desnutricion global,desnutricion leve (l),2006-09-01,4,8,1,5,5,13,18
WARNES,desnutricion global,desnutricion leve (l),2006-09-01,46,50,25,36,71,86,157
YACO,desnutricion global,desnutricion leve (l),2006-09-01,28,34,24,29,52,63,115
YACUIBA,desnutricion global,desnutricion leve (l),2006-09-01,63,60,46,57,109,117,226
YAMPARAEZ,desnutricion global,desnutricion leve (l),2006-09-01,41,32,92,102,133,134,267
YANACACHI,desnutricion global,desnutricion leve (l),2006-09-01,4,1,5,4,9,5,14
YAPACANI,desnutricion global,desnutricion leve (l),2006-09-01,40,38,25,24,65,62,127
YOCALLA,desnutricion global,desnutricion leve (l),2006-09-01,5,4,5,8,10,12,22
YOTALA,desnutricion global,desnutricion leve (l),2006-09-01,29,32,41,47,70,79,149
YUNCHARA,desnutricion global,desnutricion leve (l),2006-09-01,10,13,24,19,34,32,66
ZUDAÑEZ,desnutricion global,desnutricion leve (l),2006-09-01,33,28,46,71,79,99,178
ACACIO,desnutricion global,desnutricion leve (l),2006-10-01,42,29,48,52,90,81,171
ACHACACHI,desnutricion global,desnutricion leve (l),2006-10-01,53,57,27,49,80,106,186
ACHOCALLA,desnutricion global,desnutricion leve (l),2006-10-01,13,12,5,7,18,19,37
AIQUILE,desnutricion global,desnutricion leve (l),2006-10-01,20,14,17,20,37,34,71
ALCALA,desnutricion global,desnutricion leve (l),2006-10-01,15,17,32,27,47,44,91
ANCORAIMES,desnutricion global,desnutricion leve (l),2006-10-01,27,23,27,29,54,52,106
ANDAMARCA,desnutricion global,desnutricion leve (l),2006-10-01,5,2,5,11,10,13,23
ANTEQUERA,desnutricion global,desnutricion leve (l),2006-10-01,6,3,3,5,9,8,17
ANZALDO,desnutricion global,desnutricion leve (l),2006-10-01,5,8,14,19,19,27,46
APOLO,desnutricion global,desnutricion leve (l),2006-10-01,26,23,32,38,58,61,119
ARAMPAMPA,desnutricion global,desnutricion leve (l),2006-10-01,24,16,26,35,50,51,101
ARANI,desnutricion global,desnutricion leve (l),2006-10-01,11,23,16,23,27,46,73
ARBIETO,desnutricion global,desnutricion leve (l),2006-10-01,8,4,3,8,11,12,23
ARQUE,desnutricion global,desnutricion leve (l),2006-10-01,37,41,53,72,90,113,203
ASCENCION DE GUARAYOS,desnutricion global,desnutricion leve (l),2006-10-01,64,68,86,94,150,162,312
ATOCHA,desnutricion global,desnutricion leve (l),2006-10-01,22,14,22,21,44,35,79
AUCAPATA,desnutricion global,desnutricion leve (l),2006-10-01,11,2,23,14,34,16,50
AYATA,desnutricion global,desnutricion leve (l),2006-10-01,32,31,23,18,55,49,104
AYO AYO,desnutricion global,desnutricion leve (l),2006-10-01,13,10,5,4,18,14,32
AYOPAYA (V. DE INDEPENDENCIA),desnutricion global,desnutricion leve (l),2006-10-01,58,83,93,109,151,192,343
AZURDUY,desnutricion global,desnutricion leve (l),2006-10-01,50,63,72,95,122,158,280
BATALLAS,desnutricion global,desnutricion leve (l),2006-10-01,21,22,15,8,36,30,66
BAURES,desnutricion global,desnutricion leve (l),2006-10-01,8,4,9,6,17,10,27
BELEN DE ANDAMARCA,desnutricion global,desnutricion leve (l),2006-10-01,4,3,5,3,9,6,15
BELEN DE URMIRI,desnutricion global,desnutricion leve (l),2006-10-01,4,7,4,4,8,11,19
BELLA FLOR,desnutricion global,desnutricion leve (l),2006-10-01,10,7,2,7,12,14,26
BERMEJO,desnutricion global,desnutricion leve (l),2006-10-01,3,11,6,5,9,16,25
BETANZOS,desnutricion global,desnutricion leve (l),2006-10-01,79,91,115,115,194,206,400
BOLIVAR,desnutricion global,desnutricion leve (l),2006-10-01,58,60,59,77,117,137,254
BOLPEBRA,desnutricion global,desnutricion leve (l),2006-10-01,9,6,9,8,18,14,32
BOYUIBE,desnutricion global,desnutricion leve (l),2006-10-01,5,3,10,6,15,9,24
BUENA VISTA,desnutricion global,desnutricion leve (l),2006-10-01,8,14,4,7,12,21,33
CABEZAS,desnutricion global,desnutricion leve (l),2006-10-01,20,17,16,19,36,36,72
CAIROMA,desnutricion global,desnutricion leve (l),2006-10-01,48,39,45,61,93,100,193
"CAIZA ""D""",desnutricion global,desnutricion leve (l),2006-10-01,27,13,40,33,67,46,113
CAJUATA,desnutricion global,desnutricion leve (l),2006-10-01,24,20,17,17,41,37,78
CALACOTO,desnutricion global,desnutricion leve (l),2006-10-01,10,10,17,29,27,39,66
CALAMARCA,desnutricion global,desnutricion leve (l),2006-10-01,59,64,61,68,120,132,252
CAMARGO,desnutricion global,desnutricion leve (l),2006-10-01,42,64,54,86,96,150,246
CAMATAQUI (C. VILLA ABECIA),desnutricion global,desnutricion leve (l),2006-10-01,7,12,10,12,17,24,41
CAMIRI,desnutricion global,desnutricion leve (l),2006-10-01,34,44,48,69,82,113,195
CAPINOTA,desnutricion global,desnutricion leve (l),2006-10-01,21,38,53,52,74,90,164
CAQUIAVIRI,desnutricion global,desnutricion leve (l),2006-10-01,6,16,5,7,11,23,34
CARACOLLO,desnutricion global,desnutricion leve (l),2006-10-01,23,24,35,34,58,58,116
CARANAVI,desnutricion global,desnutricion leve (l),2006-10-01,88,101,71,76,159,177,336
CARANGAS,desnutricion global,desnutricion leve (l),2006-10-01,2,1,1,4,3,5,8
CARAPARI,desnutricion global,desnutricion leve (l),2006-10-01,7,6,17,13,24,19,43
CARIPUYO,desnutricion global,desnutricion leve (l),2006-10-01,44,31,50,72,94,103,197
CARMEN RIVERO TORREZ,desnutricion global,desnutricion leve (l),2006-10-01,1,2,2,1,3,3,6
CHACARILLA,desnutricion global,desnutricion leve (l),2006-10-01,6,4,4,5,10,9,19
CHALLAPATA,desnutricion global,desnutricion leve (l),2006-10-01,50,55,49,54,99,109,208
CHAQUI,desnutricion global,desnutricion leve (l),2006-10-01,14,18,24,41,38,59,97
CHARAGUA,desnutricion global,desnutricion leve (l),2006-10-01,36,45,42,49,78,94,172
CHARAÑA,desnutricion global,desnutricion leve (l),2006-10-01,3,7,0,5,3,12,15
CHAYANTA,desnutricion global,desnutricion leve (l),2006-10-01,47,50,107,98,154,148,302
CHIMORE,desnutricion global,desnutricion leve (l),2006-10-01,27,39,20,19,47,58,105
CHIPAYA,desnutricion global,desnutricion leve (l),2006-10-01,0,3,1,10,1,13,14
CHULUMANI (V. DE LA LIBERTAD),desnutricion global,desnutricion leve (l),2006-10-01,6,10,5,3,11,13,24
CHUMA,desnutricion global,desnutricion leve (l),2006-10-01,19,12,15,21,34,33,67
CLIZA,desnutricion global,desnutricion leve (l),2006-10-01,20,23,17,29,37,52,89
COBIJA,desnutricion global,desnutricion leve (l),2006-10-01,35,36,28,28,63,64,127
COCHABAMBA,desnutricion global,desnutricion leve (l),2006-10-01,312,342,249,235,561,577,1138
COIPASA,desnutricion global,desnutricion leve (l),2006-10-01,1,0,0,2,1,2,3
COLCAPIRHUA,desnutricion global,desnutricion leve (l),2006-10-01,54,57,40,53,94,110,204
"COLCHA ""K""",desnutricion global,desnutricion leve (l),2006-10-01,11,15,23,9,34,24,58
COLLANA,desnutricion global,desnutricion leve (l),2006-10-01,2,4,2,1,4,5,9
COLOMI,desnutricion global,desnutricion leve (l),2006-10-01,47,30,32,25,79,55,134
COLPA BELGICA,desnutricion global,desnutricion leve (l),2006-10-01,5,6,4,5,9,11,20
COLQUECHACA,desnutricion global,desnutricion leve (l),2006-10-01,90,85,97,104,187,189,376
COLQUENCHA,desnutricion global,desnutricion leve (l),2006-10-01,23,25,21,20,44,45,89
COLQUIRI,desnutricion global,desnutricion leve (l),2006-10-01,51,44,27,47,78,91,169
COMANCHE,desnutricion global,desnutricion leve (l),2006-10-01,2,0,1,3,3,3,6
COMARAPA,desnutricion global,desnutricion leve (l),2006-10-01,26,30,16,30,42,60,102
COMBAYA,desnutricion global,desnutricion leve (l),2006-10-01,7,5,4,5,11,10,21
CONCEPCION,desnutricion global,desnutricion leve (l),2006-10-01,18,12,8,2,26,14,40
COPACABANA,desnutricion global,desnutricion leve (l),2006-10-01,19,25,18,17,37,42,79
CORIPATA,desnutricion global,desnutricion leve (l),2006-10-01,8,5,5,3,13,8,21
CORO CORO,desnutricion global,desnutricion leve (l),2006-10-01,16,21,31,28,47,49,96
COROICO,desnutricion global,desnutricion leve (l),2006-10-01,23,15,22,21,45,36,81
CORQUE,desnutricion global,desnutricion leve (l),2006-10-01,10,8,6,21,16,29,45
COTAGAITA,desnutricion global,desnutricion leve (l),2006-10-01,80,67,90,75,170,142,312
COTOCA,desnutricion global,desnutricion leve (l),2006-10-01,29,47,19,19,48,66,114
CUATRO CAÑADAS,desnutricion global,desnutricion leve (l),2006-10-01,5,10,4,4,9,14,23
CUCHUMUELA (V. G. VILLARROEL),desnutricion global,desnutricion leve (l),2006-10-01,8,5,4,5,12,10,22
CUEVO,desnutricion global,desnutricion leve (l),2006-10-01,11,12,7,10,18,22,40
CULPINA,desnutricion global,desnutricion leve (l),2006-10-01,100,97,102,118,202,215,417
CURAHUARA DE CARANGAS,desnutricion global,desnutricion leve (l),2006-10-01,10,10,18,16,28,26,54
CURVA,desnutricion global,desnutricion leve (l),2006-10-01,4,4,12,7,16,11,27
DESAGUADERO,desnutricion global,desnutricion leve (l),2006-10-01,4,6,3,1,7,7,14
EL ALTO,desnutricion global,desnutricion leve (l),2006-10-01,988,801,641,640,1629,1441,3070
EL CHORO,desnutricion global,desnutricion leve (l),2006-10-01,4,5,6,9,10,14,24
EL PUENTE(STC),desnutricion global,desnutricion leve (l),2006-10-01,6,13,6,14,12,27,39
EL PUENTE(TJA),desnutricion global,desnutricion leve (l),2006-10-01,14,13,34,55,48,68,116
EL TORNO,desnutricion global,desnutricion leve (l),2006-10-01,31,25,25,23,56,48,104
EL VILLAR,desnutricion global,desnutricion leve (l),2006-10-01,12,12,24,36,36,48,84
ENTRE RIOS,desnutricion global,desnutricion leve (l),2006-10-01,25,33,38,41,63,74,137
ENTRE RIOS,desnutricion global,desnutricion leve (l),2006-10-01,34,30,41,64,75,94,169
ESCARA,desnutricion global,desnutricion leve (l),2006-10-01,0,0,1,1,1,1,2
ESMERALDA,desnutricion global,desnutricion leve (l),2006-10-01,0,0,1,1,1,1,2
EUCALIPTUS,desnutricion global,desnutricion leve (l),2006-10-01,2,3,4,6,6,9,15
EUREKA (SANTOS MERCADO),desnutricion global,desnutricion leve (l),2006-10-01,0,1,0,0,0,1,1
EXALTACION,desnutricion global,desnutricion leve (l),2006-10-01,3,3,4,3,7,6,13
FERNANDEZ ALONSO,desnutricion global,desnutricion leve (l),2006-10-01,21,20,15,14,36,34,70
FILADELFIA,desnutricion global,desnutricion leve (l),2006-10-01,9,3,9,13,18,16,34
GENERAL SAAVEDRA,desnutricion global,desnutricion leve (l),2006-10-01,30,34,11,17,41,51,92
GRAL. J.J. PEREZ (CHARAZANI),desnutricion global,desnutricion leve (l),2006-10-01,31,17,8,21,39,38,77
GUANAY,desnutricion global,desnutricion leve (l),2006-10-01,18,9,15,26,33,35,68
GUAQUI,desnutricion global,desnutricion leve (l),2006-10-01,12,5,5,4,17,9,26
GUAYARAMERIN,desnutricion global,desnutricion leve (l),2006-10-01,51,52,48,76,99,128,227
GUTIERREZ,desnutricion global,desnutricion leve (l),2006-10-01,25,24,58,57,83,81,164
HUACARETA,desnutricion global,desnutricion leve (l),2006-10-01,18,18,25,43,43,61,104
HUACAYA (VILLA DE HUACAYA),desnutricion global,desnutricion leve (l),2006-10-01,14,11,16,10,30,21,51
HUACHACALLA,desnutricion global,desnutricion leve (l),2006-10-01,0,0,1,2,1,2,3
HUANUNI,desnutricion global,desnutricion leve (l),2006-10-01,32,29,25,18,57,47,104
HUARACAJE,desnutricion global,desnutricion leve (l),2006-10-01,4,9,3,4,7,13,20
HUAYLLAMARCA,desnutricion global,desnutricion leve (l),2006-10-01,2,3,5,2,7,5,12
ICHOCA,desnutricion global,desnutricion leve (l),2006-10-01,19,17,21,34,40,51,91
ICLA,desnutricion global,desnutricion leve (l),2006-10-01,45,49,106,117,151,166,317
INCAHUASI,desnutricion global,desnutricion leve (l),2006-10-01,111,112,122,138,233,250,483
INGAVI (HUMAITA),desnutricion global,desnutricion leve (l),2006-10-01,1,1,4,3,5,4,9
INQUISIVI,desnutricion global,desnutricion leve (l),2006-10-01,47,43,48,47,95,90,185
IRUPANA (VILLA DE LANZA),desnutricion global,desnutricion leve (l),2006-10-01,22,18,15,15,37,33,70
IXIAMAS,desnutricion global,desnutricion leve (l),2006-10-01,19,21,15,24,34,45,79
JESUS DE MACHACA,desnutricion global,desnutricion leve (l),2006-10-01,25,15,15,21,40,36,76
LA ASUNTA,desnutricion global,desnutricion leve (l),2006-10-01,25,19,6,9,31,28,59
LA GUARDIA,desnutricion global,desnutricion leve (l),2006-10-01,44,39,32,40,76,79,155
LA PAZ,desnutricion global,desnutricion leve (l),2006-10-01,638,642,423,437,1061,1079,2140
LAGUNILLAS,desnutricion global,desnutricion leve (l),2006-10-01,10,14,18,20,28,34,62
LAJA,desnutricion global,desnutricion leve (l),2006-10-01,13,13,10,6,23,19,42
LAS CARRERAS,desnutricion global,desnutricion leve (l),2006-10-01,12,7,22,18,34,25,59
LICOMA PAMPA,desnutricion global,desnutricion leve (l),2006-10-01,5,4,2,4,7,8,15
LLALLAGUA,desnutricion global,desnutricion leve (l),2006-10-01,107,89,102,88,209,177,386
LLICA,desnutricion global,desnutricion leve (l),2006-10-01,7,7,6,4,13,11,24
LORETO,desnutricion global,desnutricion leve (l),2006-10-01,5,4,1,4,6,8,14
LURIBAY,desnutricion global,desnutricion leve (l),2006-10-01,20,21,14,20,34,41,75
MACHACAMARCA,desnutricion global,desnutricion leve (l),2006-10-01,4,3,1,3,5,6,11
MACHARETI,desnutricion global,desnutricion leve (l),2006-10-01,27,12,39,40,66,52,118
MAGDALENA,desnutricion global,desnutricion leve (l),2006-10-01,10,9,11,7,21,16,37
MAIRANA,desnutricion global,desnutricion leve (l),2006-10-01,9,4,12,10,21,14,35
MALLA,desnutricion global,desnutricion leve (l),2006-10-01,16,9,24,15,40,24,64
MAPIRI,desnutricion global,desnutricion leve (l),2006-10-01,24,38,11,16,35,54,89
MECAPACA,desnutricion global,desnutricion leve (l),2006-10-01,22,11,21,20,43,31,74
MINEROS,desnutricion global,desnutricion leve (l),2006-10-01,30,34,8,14,38,48,86
MIZQUE,desnutricion global,desnutricion leve (l),2006-10-01,88,70,37,57,125,127,252
MOCOMOCO,desnutricion global,desnutricion leve (l),2006-10-01,38,26,44,47,82,73,155
MOJINETE,desnutricion global,desnutricion leve (l),2006-10-01,0,3,1,2,1,5,6
MOJOCOYA,desnutricion global,desnutricion leve (l),2006-10-01,29,21,49,37,78,58,136
MONTEAGUDO,desnutricion global,desnutricion leve (l),2006-10-01,78,62,118,128,196,190,386
MONTERO,desnutricion global,desnutricion leve (l),2006-10-01,151,162,114,136,265,298,563
MORO MORO,desnutricion global,desnutricion leve (l),2006-10-01,9,4,3,6,12,10,22
MOROCHATA,desnutricion global,desnutricion leve (l),2006-10-01,61,47,56,50,117,97,214
NUEVO MANOA (NUEVA ESPERANZA),desnutricion global,desnutricion leve (l),2006-10-01,3,2,6,7,9,9,18
OCURI,desnutricion global,desnutricion leve (l),2006-10-01,65,45,45,56,110,101,211
OKINAWA,desnutricion global,desnutricion leve (l),2006-10-01,12,13,5,13,17,26,43
OMEREQUE,desnutricion global,desnutricion leve (l),2006-10-01,7,8,13,12,20,20,40
ORURO,desnutricion global,desnutricion leve (l),2006-10-01,336,279,191,174,527,453,980
PADCAYA,desnutricion global,desnutricion leve (l),2006-10-01,37,31,37,46,74,77,151
PADILLA,desnutricion global,desnutricion leve (l),2006-10-01,35,27,55,75,90,102,192
PAILON,desnutricion global,desnutricion leve (l),2006-10-01,0,28,32,0,32,28,60
PALCA,desnutricion global,desnutricion leve (l),2006-10-01,19,13,9,6,28,19,47
PALOS BLANCOS,desnutricion global,desnutricion leve (l),2006-10-01,31,46,38,58,69,104,173
PAMPA AULLAGAS,desnutricion global,desnutricion leve (l),2006-10-01,10,6,12,13,22,19,41
PAMPA GRANDE,desnutricion global,desnutricion leve (l),2006-10-01,5,10,10,15,15,25,40
PAPEL PAMPA,desnutricion global,desnutricion leve (l),2006-10-01,2,6,4,7,6,13,19
PASORAPA,desnutricion global,desnutricion leve (l),2006-10-01,11,13,21,15,32,28,60
PATACAMAYA,desnutricion global,desnutricion leve (l),2006-10-01,65,63,30,37,95,100,195
PAZÑA,desnutricion global,desnutricion leve (l),2006-10-01,12,9,6,9,18,18,36
PELECHUCO,desnutricion global,desnutricion leve (l),2006-10-01,20,12,8,10,28,22,50
POCOATA,desnutricion global,desnutricion leve (l),2006-10-01,71,89,62,88,133,177,310
POCONA,desnutricion global,desnutricion leve (l),2006-10-01,21,20,26,31,47,51,98
POJO (CBBA),desnutricion global,desnutricion leve (l),2006-10-01,9,3,5,10,14,13,27
POOPO,desnutricion global,desnutricion leve (l),2006-10-01,7,3,4,5,11,8,19
PORCO,desnutricion global,desnutricion leve (l),2006-10-01,22,18,6,14,28,32,60
POROMA,desnutricion global,desnutricion leve (l),2006-10-01,59,74,66,72,125,146,271
PORONGO,desnutricion global,desnutricion leve (l),2006-10-01,1,6,4,3,5,9,14
PORTACHUELO,desnutricion global,desnutricion leve (l),2006-10-01,19,13,13,16,32,29,61
PORVENIR,desnutricion global,desnutricion leve (l),2006-10-01,10,15,8,7,18,22,40
POSTRER VALLE,desnutricion global,desnutricion leve (l),2006-10-01,5,2,4,10,9,12,21
POTOSI,desnutricion global,desnutricion leve (l),2006-10-01,327,303,225,180,552,483,1035
PRESTO,desnutricion global,desnutricion leve (l),2006-10-01,41,35,63,55,104,90,194
PUCARA,desnutricion global,desnutricion leve (l),2006-10-01,2,4,3,4,5,8,13
PUCARANI,desnutricion global,desnutricion leve (l),2006-10-01,43,64,36,35,79,99,178
PUERTO ACOSTA,desnutricion global,desnutricion leve (l),2006-10-01,41,34,29,41,70,75,145
PUERTO CARABUCO,desnutricion global,desnutricion leve (l),2006-10-01,26,28,14,24,40,52,92
PUERTO GONZALO MORENO,desnutricion global,desnutricion leve (l),2006-10-01,21,24,28,31,49,55,104
PUERTO PEREZ,desnutricion global,desnutricion leve (l),2006-10-01,4,6,12,5,16,11,27
PUERTO QUIJARRO,desnutricion global,desnutricion leve (l),2006-10-01,11,9,6,3,17,12,29
PUERTO RICO,desnutricion global,desnutricion leve (l),2006-10-01,2,0,0,3,2,3,5
PUERTO SILES,desnutricion global,desnutricion leve (l),2006-10-01,0,3,2,1,2,4,6
PUERTO SUAREZ,desnutricion global,desnutricion leve (l),2006-10-01,15,11,3,11,18,22,40
PUERTO VILLARROEL,desnutricion global,desnutricion leve (l),2006-10-01,109,89,84,72,193,161,354
PUNA,desnutricion global,desnutricion leve (l),2006-10-01,63,84,96,95,159,179,338
PUNATA,desnutricion global,desnutricion leve (l),2006-10-01,28,35,24,28,52,63,115
QUIABAYA,desnutricion global,desnutricion leve (l),2006-10-01,3,5,8,1,11,6,17
QUILLACOLLO,desnutricion global,desnutricion leve (l),2006-10-01,26,33,26,43,52,76,128
QUIME,desnutricion global,desnutricion leve (l),2006-10-01,26,19,29,31,55,50,105
QUIRUSILLAS,desnutricion global,desnutricion leve (l),2006-10-01,2,0,3,5,5,5,10
RAVELO,desnutricion global,desnutricion leve (l),2006-10-01,134,134,166,185,300,319,619
REYES,desnutricion global,desnutricion leve (l),2006-10-01,14,22,25,27,39,49,88
RIBERALTA,desnutricion global,desnutricion leve (l),2006-10-01,236,329,118,144,354,473,827
ROBORE,desnutricion global,desnutricion leve (l),2006-10-01,11,16,6,9,17,25,42
RURRENABAQUE,desnutricion global,desnutricion leve (l),2006-10-01,10,10,5,9,15,19,34
SABAYA,desnutricion global,desnutricion leve (l),2006-10-01,5,7,3,6,8,13,21
SACABA,desnutricion global,desnutricion leve (l),2006-10-01,119,93,71,68,190,161,351
SACABAMBA,desnutricion global,desnutricion leve (l),2006-10-01,10,9,12,14,22,23,45
SACACA,desnutricion global,desnutricion leve (l),2006-10-01,110,131,178,165,288,296,584
SAIPINA,desnutricion global,desnutricion leve (l),2006-10-01,11,8,13,11,24,19,43
SALINAS DE GARCI MENDOZA,desnutricion global,desnutricion leve (l),2006-10-01,15,12,14,13,29,25,54
SAMAIPATA,desnutricion global,desnutricion leve (l),2006-10-01,11,9,6,5,17,14,31
SAN AGUSTIN,desnutricion global,desnutricion leve (l),2006-10-01,4,3,2,6,6,9,15
SAN ANDRES,desnutricion global,desnutricion leve (l),2006-10-01,17,9,12,9,29,18,47
SAN ANDRES DE MACHACA,desnutricion global,desnutricion leve (l),2006-10-01,9,6,3,6,12,12,24
SAN ANTONIO DE ESMORUCO,desnutricion global,desnutricion leve (l),2006-10-01,7,8,2,2,9,10,19
SAN ANTONIO DE LOMERIO,desnutricion global,desnutricion leve (l),2006-10-01,25,34,57,40,82,74,156
SAN BENITO,desnutricion global,desnutricion leve (l),2006-10-01,28,15,20,18,48,33,81
SAN BORJA,desnutricion global,desnutricion leve (l),2006-10-01,62,61,48,69,110,130,240
SAN BUENA VENTURA,desnutricion global,desnutricion leve (l),2006-10-01,16,15,10,8,26,23,49
SAN CARLOS,desnutricion global,desnutricion leve (l),2006-10-01,25,22,19,14,44,36,80
SAN IGNACIO,desnutricion global,desnutricion leve (l),2006-10-01,28,20,38,50,66,70,136
SAN IGNACIO DE VELASCO,desnutricion global,desnutricion leve (l),2006-10-01,74,82,64,61,138,143,281
SAN JAVIER(BNI),desnutricion global,desnutricion leve (l),2006-10-01,4,2,1,1,5,3,8
SAN JAVIER(STC),desnutricion global,desnutricion leve (l),2006-10-01,2,4,0,2,2,6,8
SAN JOAQUIN,desnutricion global,desnutricion leve (l),2006-10-01,5,5,4,3,9,8,17
SAN JOSE DE CHIQUITOS,desnutricion global,desnutricion leve (l),2006-10-01,9,19,10,11,19,30,49
SAN JUAN DE YAPACANI,desnutricion global,desnutricion leve (l),2006-10-01,12,6,8,2,20,8,28
SAN JULIAN,desnutricion global,desnutricion leve (l),2006-10-01,11,12,13,23,24,35,59
SAN LORENZO(PND),desnutricion global,desnutricion leve (l),2006-10-01,23,13,27,23,50,36,86
SAN LORENZO(TJA),desnutricion global,desnutricion leve (l),2006-10-01,29,47,59,60,88,107,195
SAN LUCAS,desnutricion global,desnutricion leve (l),2006-10-01,192,206,228,263,420,469,889
SAN MATIAS,desnutricion global,desnutricion leve (l),2006-10-01,12,9,10,8,22,17,39
SAN MIGUEL DE VELASCO,desnutricion global,desnutricion leve (l),2006-10-01,13,7,11,15,24,22,46
SAN PABLO DE LIPEZ,desnutricion global,desnutricion leve (l),2006-10-01,1,2,1,3,2,5,7
SAN PEDRO,desnutricion global,desnutricion leve (l),2006-10-01,13,24,13,18,26,42,68
SAN PEDRO DE BUENA VISTA,desnutricion global,desnutricion leve (l),2006-10-01,85,92,135,116,220,208,428
SAN PEDRO DE CURAHUARA,desnutricion global,desnutricion leve (l),2006-10-01,11,4,5,10,16,14,30
SAN PEDRO DE QUEMES,desnutricion global,desnutricion leve (l),2006-10-01,0,0,0,2,0,2,2
SAN PEDRO DE TIQUINA,desnutricion global,desnutricion leve (l),2006-10-01,3,4,13,6,16,10,26
SAN PEDRO(PND),desnutricion global,desnutricion leve (l),2006-10-01,2,2,2,12,4,14,18
SAN RAFAEL,desnutricion global,desnutricion leve (l),2006-10-01,11,13,9,8,20,21,41
SAN RAMON,desnutricion global,desnutricion leve (l),2006-10-01,4,8,4,5,8,13,21
SANTA ANA,desnutricion global,desnutricion leve (l),2006-10-01,20,12,7,11,27,23,50
SANTA CRUZ DE LA SIERRA,desnutricion global,desnutricion leve (l),2006-10-01,459,431,254,268,713,699,1412
SANTA ROSA,desnutricion global,desnutricion leve (l),2006-10-01,14,8,12,10,26,18,44
SANTA ROSA DEL SARA,desnutricion global,desnutricion leve (l),2006-10-01,29,19,27,22,56,41,97
SANTIAGO DE CALLAPA,desnutricion global,desnutricion leve (l),2006-10-01,5,8,4,9,9,17,26
SANTIAGO DE HUARI,desnutricion global,desnutricion leve (l),2006-10-01,15,5,15,19,30,24,54
SANTIAGO DE MACHACA,desnutricion global,desnutricion leve (l),2006-10-01,4,2,8,5,12,7,19
SANTIVAÑES,desnutricion global,desnutricion leve (l),2006-10-01,9,4,10,11,19,15,34
SANTUARIO DE QUILLACAS,desnutricion global,desnutricion leve (l),2006-10-01,5,2,5,5,10,7,17
SAPAHAQUI,desnutricion global,desnutricion leve (l),2006-10-01,34,21,24,35,58,56,114
SENA,desnutricion global,desnutricion leve (l),2006-10-01,4,4,0,1,4,5,9
SICA SICA (VILLA AROMA),desnutricion global,desnutricion leve (l),2006-10-01,47,42,35,36,82,78,160
SICAYA,desnutricion global,desnutricion leve (l),2006-10-01,14,11,11,5,25,16,41
SIPE SIPE,desnutricion global,desnutricion leve (l),2006-10-01,108,80,74,75,182,155,337
SOPACHUY,desnutricion global,desnutricion leve (l),2006-10-01,35,52,65,87,100,139,239
SORACACHI,desnutricion global,desnutricion leve (l),2006-10-01,8,14,11,8,19,22,41
SORATA,desnutricion global,desnutricion leve (l),2006-10-01,24,26,13,18,37,44,81
SUCRE,desnutricion global,desnutricion leve (l),2006-10-01,316,269,365,370,681,639,1320
TACACHI,desnutricion global,desnutricion leve (l),2006-10-01,2,2,0,4,2,6,8
TACACOMA,desnutricion global,desnutricion leve (l),2006-10-01,6,5,5,4,11,9,20
TACOBAMBA,desnutricion global,desnutricion leve (l),2006-10-01,27,19,19,19,46,38,84
TACOPAYA,desnutricion global,desnutricion leve (l),2006-10-01,49,39,43,86,92,125,217
TAHUA,desnutricion global,desnutricion leve (l),2006-10-01,0,0,1,0,1,0,1
TAPACARI,desnutricion global,desnutricion leve (l),2006-10-01,98,94,79,81,177,175,352
TARABUCO,desnutricion global,desnutricion leve (l),2006-10-01,131,109,240,212,371,321,692
TARACO,desnutricion global,desnutricion leve (l),2006-10-01,1,0,6,0,7,0,7
TARATA,desnutricion global,desnutricion leve (l),2006-10-01,9,14,15,9,24,23,47
TARIJA,desnutricion global,desnutricion leve (l),2006-10-01,147,136,131,136,278,272,550
TARVITA,desnutricion global,desnutricion leve (l),2006-10-01,38,47,84,103,122,150,272
TEOPONTE,desnutricion global,desnutricion leve (l),2006-10-01,10,16,12,11,22,27,49
TIAWANACU,desnutricion global,desnutricion leve (l),2006-10-01,9,8,8,4,17,12,29
TINGUIPAYA,desnutricion global,desnutricion leve (l),2006-10-01,119,56,55,55,174,111,285
TIPUANI,desnutricion global,desnutricion leve (l),2006-10-01,7,10,11,15,18,25,43
TIQUIPAYA,desnutricion global,desnutricion leve (l),2006-10-01,41,39,24,31,65,70,135
TIRAQUE (CBBA),desnutricion global,desnutricion leve (l),2006-10-01,64,55,67,40,131,95,226
TITO YUPANQUI (PARQUIPUJIO),desnutricion global,desnutricion leve (l),2006-10-01,2,6,2,4,4,10,14
TOCO,desnutricion global,desnutricion leve (l),2006-10-01,7,2,17,11,24,13,37
TOLATA,desnutricion global,desnutricion leve (l),2006-10-01,2,5,1,2,3,7,10
TOLEDO,desnutricion global,desnutricion leve (l),2006-10-01,13,10,7,7,20,17,37
TOMAVE,desnutricion global,desnutricion leve (l),2006-10-01,7,28,6,28,13,56,69
TOMINA,desnutricion global,desnutricion leve (l),2006-10-01,56,49,68,98,124,147,271
TORO TORO,desnutricion global,desnutricion leve (l),2006-10-01,63,50,58,53,121,103,224
TOTORA(CBBA),desnutricion global,desnutricion leve (l),2006-10-01,29,25,35,14,64,39,103
TOTORA(ORR),desnutricion global,desnutricion leve (l),2006-10-01,6,12,8,7,14,19,33
TRINIDAD,desnutricion global,desnutricion leve (l),2006-10-01,89,77,39,42,128,119,247
TUPIZA,desnutricion global,desnutricion leve (l),2006-10-01,50,57,67,77,117,134,251
TURCO,desnutricion global,desnutricion leve (l),2006-10-01,4,1,6,2,10,3,13
UMALA,desnutricion global,desnutricion leve (l),2006-10-01,7,4,9,7,16,11,27
UNCIA,desnutricion global,desnutricion leve (l),2006-10-01,32,35,66,67,98,102,200
URIONDO (A. CONCEPCION),desnutricion global,desnutricion leve (l),2006-10-01,12,9,24,33,36,42,78
URUBICHA,desnutricion global,desnutricion leve (l),2006-10-01,26,46,46,64,72,110,182
UYUNI,desnutricion global,desnutricion leve (l),2006-10-01,14,12,17,24,31,36,67
VACAS,desnutricion global,desnutricion leve (l),2006-10-01,18,27,14,18,32,45,77
VALLEGRANDE,desnutricion global,desnutricion leve (l),2006-10-01,17,13,21,17,38,30,68
VIACHA,desnutricion global,desnutricion leve (l),2006-10-01,28,41,28,26,56,67,123
VILA VILA,desnutricion global,desnutricion leve (l),2006-10-01,13,8,18,14,31,22,53
VILLA MONTES,desnutricion global,desnutricion leve (l),2006-10-01,10,17,17,18,27,35,62
VILLA NUEVA (LOMA ALTA),desnutricion global,desnutricion leve (l),2006-10-01,3,2,0,3,3,5,8
VILLA RIVERO,desnutricion global,desnutricion leve (l),2006-10-01,10,15,18,9,28,24,52
VILLA SERRANO,desnutricion global,desnutricion leve (l),2006-10-01,56,41,66,93,122,134,256
VILLA TUNARI,desnutricion global,desnutricion leve (l),2006-10-01,107,111,99,123,206,234,440
VILLA VACA GUZMAN (MUYUPAMPA),desnutricion global,desnutricion leve (l),2006-10-01,20,24,37,40,57,64,121
VILLAZON,desnutricion global,desnutricion leve (l),2006-10-01,63,47,50,64,113,111,224
VINTO,desnutricion global,desnutricion leve (l),2006-10-01,23,20,11,9,34,29,63
VITICHI,desnutricion global,desnutricion leve (l),2006-10-01,72,53,92,117,164,170,334
WALDO BALLIVIAN,desnutricion global,desnutricion leve (l),2006-10-01,11,8,15,10,26,18,44
WARNES,desnutricion global,desnutricion leve (l),2006-10-01,60,82,34,33,94,115,209
YACO,desnutricion global,desnutricion leve (l),2006-10-01,31,30,23,26,54,56,110
YACUIBA,desnutricion global,desnutricion leve (l),2006-10-01,69,53,55,58,124,111,235
YAMPARAEZ,desnutricion global,desnutricion leve (l),2006-10-01,49,43,87,98,136,141,277
YANACACHI,desnutricion global,desnutricion leve (l),2006-10-01,4,1,2,3,6,4,10
YAPACANI,desnutricion global,desnutricion leve (l),2006-10-01,59,39,30,29,89,68,157
YOCALLA,desnutricion global,desnutricion leve (l),2006-10-01,12,8,26,30,38,38,76
YOTALA,desnutricion global,desnutricion leve (l),2006-10-01,20,17,30,28,50,45,95
YUNCHARA,desnutricion global,desnutricion leve (l),2006-10-01,35,15,66,61,101,76,177
ZUDAÑEZ,desnutricion global,desnutricion leve (l),2006-10-01,33,26,41,82,74,108,182
ACACIO,desnutricion global,desnutricion leve (l),2006-11-01,35,35,40,43,75,78,153
ACHACACHI,desnutricion global,desnutricion leve (l),2006-11-01,43,57,30,52,73,109,182
ACHOCALLA,desnutricion global,desnutricion leve (l),2006-11-01,7,11,8,6,15,17,32
AIQUILE,desnutricion global,desnutricion leve (l),2006-11-01,31,30,35,31,66,61,127
ALCALA,desnutricion global,desnutricion leve (l),2006-11-01,18,15,29,25,47,40,87
ANCORAIMES,desnutricion global,desnutricion leve (l),2006-11-01,26,20,35,32,61,52,113
ANDAMARCA,desnutricion global,desnutricion leve (l),2006-11-01,10,5,12,18,22,23,45
ANTEQUERA,desnutricion global,desnutricion leve (l),2006-11-01,7,12,9,5,16,17,33
ANZALDO,desnutricion global,desnutricion leve (l),2006-11-01,20,22,23,45,43,67,110
APOLO,desnutricion global,desnutricion leve (l),2006-11-01,23,28,34,38,57,66,123
ARAMPAMPA,desnutricion global,desnutricion leve (l),2006-11-01,29,18,21,22,50,40,90
ARANI,desnutricion global,desnutricion leve (l),2006-11-01,20,32,39,31,59,63,122
ARBIETO,desnutricion global,desnutricion leve (l),2006-11-01,8,8,11,8,19,16,35
ARQUE,desnutricion global,desnutricion leve (l),2006-11-01,44,46,55,75,99,121,220
ASCENCION DE GUARAYOS,desnutricion global,desnutricion leve (l),2006-11-01,11,10,20,29,31,39,70
ATOCHA,desnutricion global,desnutricion leve (l),2006-11-01,49,42,45,40,94,82,176
AUCAPATA,desnutricion global,desnutricion leve (l),2006-11-01,10,10,26,13,36,23,59
AYATA,desnutricion global,desnutricion leve (l),2006-11-01,14,33,13,10,27,43,70
AYO AYO,desnutricion global,desnutricion leve (l),2006-11-01,17,22,8,9,25,31,56
AYOPAYA (V. DE INDEPENDENCIA),desnutricion global,desnutricion leve (l),2006-11-01,56,58,72,57,128,115,243
AZURDUY,desnutricion global,desnutricion leve (l),2006-11-01,39,51,103,88,142,139,281
BATALLAS,desnutricion global,desnutricion leve (l),2006-11-01,16,15,11,9,27,24,51
BAURES,desnutricion global,desnutricion leve (l),2006-11-01,9,11,7,8,16,19,35
BELEN DE ANDAMARCA,desnutricion global,desnutricion leve (l),2006-11-01,4,0,2,1,6,1,7
BELEN DE URMIRI,desnutricion global,desnutricion leve (l),2006-11-01,4,4,4,3,8,7,15
BELLA FLOR,desnutricion global,desnutricion leve (l),2006-11-01,9,9,10,14,19,23,42
BERMEJO,desnutricion global,desnutricion leve (l),2006-11-01,6,8,6,8,12,16,28
BETANZOS,desnutricion global,desnutricion leve (l),2006-11-01,117,123,135,159,252,282,534
BOLIVAR,desnutricion global,desnutricion leve (l),2006-11-01,46,50,49,55,95,105,200
BOLPEBRA,desnutricion global,desnutricion leve (l),2006-11-01,7,2,2,3,9,5,14
BOYUIBE,desnutricion global,desnutricion leve (l),2006-11-01,9,5,10,6,19,11,30
BUENA VISTA,desnutricion global,desnutricion leve (l),2006-11-01,3,7,3,4,6,11,17
CABEZAS,desnutricion global,desnutricion leve (l),2006-11-01,18,14,23,23,41,37,78
CAIROMA,desnutricion global,desnutricion leve (l),2006-11-01,30,28,29,38,59,66,125
"CAIZA ""D""",desnutricion global,desnutricion leve (l),2006-11-01,37,30,39,45,76,75,151
CAJUATA,desnutricion global,desnutricion leve (l),2006-11-01,23,18,11,11,34,29,63
CALACOTO,desnutricion global,desnutricion leve (l),2006-11-01,12,14,13,13,25,27,52
CALAMARCA,desnutricion global,desnutricion leve (l),2006-11-01,54,58,56,67,110,125,235
CAMARGO,desnutricion global,desnutricion leve (l),2006-11-01,71,72,101,113,172,185,357
CAMATAQUI (C. VILLA ABECIA),desnutricion global,desnutricion leve (l),2006-11-01,12,8,22,24,34,32,66
CAMIRI,desnutricion global,desnutricion leve (l),2006-11-01,48,60,49,56,97,116,213
CAPINOTA,desnutricion global,desnutricion leve (l),2006-11-01,26,34,45,47,71,81,152
CAQUIAVIRI,desnutricion global,desnutricion leve (l),2006-11-01,9,13,8,5,17,18,35
CARACOLLO,desnutricion global,desnutricion leve (l),2006-11-01,12,8,8,13,20,21,41
CARANAVI,desnutricion global,desnutricion leve (l),2006-11-01,108,92,59,83,167,175,342
CARANGAS,desnutricion global,desnutricion leve (l),2006-11-01,0,2,1,0,1,2,3
CARAPARI,desnutricion global,desnutricion leve (l),2006-11-01,8,7,15,19,23,26,49
CARIPUYO,desnutricion global,desnutricion leve (l),2006-11-01,39,28,48,59,87,87,174
CARMEN RIVERO TORREZ,desnutricion global,desnutricion leve (l),2006-11-01,0,3,1,1,1,4,5
CATACORA,desnutricion global,desnutricion leve (l),2006-11-01,0,0,2,1,2,1,3
CHACARILLA,desnutricion global,desnutricion leve (l),2006-11-01,4,2,4,2,8,4,12
CHALLAPATA,desnutricion global,desnutricion leve (l),2006-11-01,65,57,52,59,117,116,233
CHAQUI,desnutricion global,desnutricion leve (l),2006-11-01,23,16,32,35,55,51,106
CHARAGUA,desnutricion global,desnutricion leve (l),2006-11-01,41,48,45,61,86,109,195
CHARAÑA,desnutricion global,desnutricion leve (l),2006-11-01,6,6,3,6,9,12,21
CHAYANTA,desnutricion global,desnutricion leve (l),2006-11-01,44,35,75,64,119,99,218
CHIMORE,desnutricion global,desnutricion leve (l),2006-11-01,37,39,27,39,64,78,142
CHIPAYA,desnutricion global,desnutricion leve (l),2006-11-01,4,6,3,6,7,12,19
CHOQUE COTA,desnutricion global,desnutricion leve (l),2006-11-01,3,3,2,5,5,8,13
CHULUMANI (V. DE LA LIBERTAD),desnutricion global,desnutricion leve (l),2006-11-01,13,25,3,14,16,39,55
CHUMA,desnutricion global,desnutricion leve (l),2006-11-01,29,30,37,59,66,89,155
CLIZA,desnutricion global,desnutricion leve (l),2006-11-01,28,24,10,23,38,47,85
COBIJA,desnutricion global,desnutricion leve (l),2006-11-01,47,36,33,31,80,67,147
COCHABAMBA,desnutricion global,desnutricion leve (l),2006-11-01,415,422,292,288,707,710,1417
COIPASA,desnutricion global,desnutricion leve (l),2006-11-01,1,0,0,2,1,2,3
COLCAPIRHUA,desnutricion global,desnutricion leve (l),2006-11-01,78,55,45,40,123,95,218
"COLCHA ""K""",desnutricion global,desnutricion leve (l),2006-11-01,20,19,21,31,41,50,91
COLLANA,desnutricion global,desnutricion leve (l),2006-11-01,6,2,7,5,13,7,20
COLOMI,desnutricion global,desnutricion leve (l),2006-11-01,51,42,35,42,86,84,170
COLPA BELGICA,desnutricion global,desnutricion leve (l),2006-11-01,7,5,8,5,15,10,25
COLQUECHACA,desnutricion global,desnutricion leve (l),2006-11-01,80,50,59,62,139,112,251
COLQUENCHA,desnutricion global,desnutricion leve (l),2006-11-01,24,14,18,16,42,30,72
COLQUIRI,desnutricion global,desnutricion leve (l),2006-11-01,31,41,46,50,77,91,168
COMANCHE,desnutricion global,desnutricion leve (l),2006-11-01,2,2,5,5,7,7,14
COMARAPA,desnutricion global,desnutricion leve (l),2006-11-01,23,28,21,19,44,47,91
COMBAYA,desnutricion global,desnutricion leve (l),2006-11-01,4,8,9,9,13,17,30
CONCEPCION,desnutricion global,desnutricion leve (l),2006-11-01,16,19,8,5,24,24,48
COPACABANA,desnutricion global,desnutricion leve (l),2006-11-01,20,28,32,19,52,47,99
CORIPATA,desnutricion global,desnutricion leve (l),2006-11-01,8,8,9,6,17,14,31
CORO CORO,desnutricion global,desnutricion leve (l),2006-11-01,24,10,37,40,61,50,111
COROICO,desnutricion global,desnutricion leve (l),2006-11-01,34,27,39,48,73,75,148
CORQUE,desnutricion global,desnutricion leve (l),2006-11-01,15,10,14,9,29,19,48
COTAGAITA,desnutricion global,desnutricion leve (l),2006-11-01,66,64,92,90,158,154,312
COTOCA,desnutricion global,desnutricion leve (l),2006-11-01,53,45,33,35,86,80,166
CUATRO CAÑADAS,desnutricion global,desnutricion leve (l),2006-11-01,8,17,14,13,22,30,52
CUCHUMUELA (V. G. VILLARROEL),desnutricion global,desnutricion leve (l),2006-11-01,1,4,9,7,10,11,21
CUEVO,desnutricion global,desnutricion leve (l),2006-11-01,6,9,7,13,13,22,35
CULPINA,desnutricion global,desnutricion leve (l),2006-11-01,130,86,140,137,270,223,493
CURAHUARA DE CARANGAS,desnutricion global,desnutricion leve (l),2006-11-01,11,21,17,15,28,36,64
CURVA,desnutricion global,desnutricion leve (l),2006-11-01,9,5,8,4,17,9,26
DESAGUADERO,desnutricion global,desnutricion leve (l),2006-11-01,9,4,7,4,16,8,24
EL ALTO,desnutricion global,desnutricion leve (l),2006-11-01,1079,905,762,784,1841,1689,3530
EL CHORO,desnutricion global,desnutricion leve (l),2006-11-01,5,7,1,4,6,11,17
EL PUENTE(STC),desnutricion global,desnutricion leve (l),2006-11-01,18,17,5,8,23,25,48
EL PUENTE(TJA),desnutricion global,desnutricion leve (l),2006-11-01,12,17,21,37,33,54,87
EL TORNO,desnutricion global,desnutricion leve (l),2006-11-01,25,38,31,36,56,74,130
EL VILLAR,desnutricion global,desnutricion leve (l),2006-11-01,9,16,28,36,37,52,89
ENTRE RIOS,desnutricion global,desnutricion leve (l),2006-11-01,64,36,58,74,122,110,232
ENTRE RIOS,desnutricion global,desnutricion leve (l),2006-11-01,29,30,36,51,65,81,146
ESCARA,desnutricion global,desnutricion leve (l),2006-11-01,0,0,0,1,0,1,1
ESMERALDA,desnutricion global,desnutricion leve (l),2006-11-01,0,0,2,2,2,2,4
EUCALIPTUS,desnutricion global,desnutricion leve (l),2006-11-01,6,13,18,20,24,33,57
EXALTACION,desnutricion global,desnutricion leve (l),2006-11-01,2,3,8,3,10,6,16
FERNANDEZ ALONSO,desnutricion global,desnutricion leve (l),2006-11-01,14,23,17,21,31,44,75
FILADELFIA,desnutricion global,desnutricion leve (l),2006-11-01,6,11,10,6,16,17,33
GENERAL SAAVEDRA,desnutricion global,desnutricion leve (l),2006-11-01,26,26,24,27,50,53,103
GRAL. J.J. PEREZ (CHARAZANI),desnutricion global,desnutricion leve (l),2006-11-01,50,29,23,43,73,72,145
GUANAY,desnutricion global,desnutricion leve (l),2006-11-01,31,36,30,50,61,86,147
GUAQUI,desnutricion global,desnutricion leve (l),2006-11-01,15,5,5,4,20,9,29
GUAYARAMERIN,desnutricion global,desnutricion leve (l),2006-11-01,91,75,52,62,143,137,280
GUTIERREZ,desnutricion global,desnutricion leve (l),2006-11-01,26,24,51,54,77,78,155
HUACARETA,desnutricion global,desnutricion leve (l),2006-11-01,26,42,27,23,53,65,118
HUACAYA (VILLA DE HUACAYA),desnutricion global,desnutricion leve (l),2006-11-01,13,10,21,12,34,22,56
HUACHACALLA,desnutricion global,desnutricion leve (l),2006-11-01,2,2,2,2,4,4,8
HUANUNI,desnutricion global,desnutricion leve (l),2006-11-01,42,31,40,20,82,51,133
HUARACAJE,desnutricion global,desnutricion leve (l),2006-11-01,1,5,4,3,5,8,13
HUAYLLAMARCA,desnutricion global,desnutricion leve (l),2006-11-01,4,7,2,5,6,12,18
ICHOCA,desnutricion global,desnutricion leve (l),2006-11-01,22,24,31,40,53,64,117
ICLA,desnutricion global,desnutricion leve (l),2006-11-01,52,45,112,110,164,155,319
INCAHUASI,desnutricion global,desnutricion leve (l),2006-11-01,105,105,117,132,222,237,459
INGAVI (HUMAITA),desnutricion global,desnutricion leve (l),2006-11-01,0,0,2,1,2,1,3
INQUISIVI,desnutricion global,desnutricion leve (l),2006-11-01,42,40,38,42,80,82,162
IRUPANA (VILLA DE LANZA),desnutricion global,desnutricion leve (l),2006-11-01,26,26,35,26,61,52,113
IXIAMAS,desnutricion global,desnutricion leve (l),2006-11-01,22,15,21,21,43,36,79
JESUS DE MACHACA,desnutricion global,desnutricion leve (l),2006-11-01,17,10,11,24,28,34,62
LA ASUNTA,desnutricion global,desnutricion leve (l),2006-11-01,35,39,10,12,45,51,96
LA GUARDIA,desnutricion global,desnutricion leve (l),2006-11-01,58,55,35,47,93,102,195
LA PAZ,desnutricion global,desnutricion leve (l),2006-11-01,754,719,524,511,1278,1230,2508
LAGUNILLAS,desnutricion global,desnutricion leve (l),2006-11-01,23,19,34,40,57,59,116
LAJA,desnutricion global,desnutricion leve (l),2006-11-01,21,11,9,12,30,23,53
LAS CARRERAS,desnutricion global,desnutricion leve (l),2006-11-01,7,5,20,23,27,28,55
LICOMA PAMPA,desnutricion global,desnutricion leve (l),2006-11-01,5,6,10,4,15,10,25
LLALLAGUA,desnutricion global,desnutricion leve (l),2006-11-01,71,71,99,105,170,176,346
LLICA,desnutricion global,desnutricion leve (l),2006-11-01,7,6,7,9,14,15,29
LORETO,desnutricion global,desnutricion leve (l),2006-11-01,9,4,5,5,14,9,23
LURIBAY,desnutricion global,desnutricion leve (l),2006-11-01,20,16,24,33,44,49,93
MACHACAMARCA,desnutricion global,desnutricion leve (l),2006-11-01,7,5,11,8,18,13,31
MACHARETI,desnutricion global,desnutricion leve (l),2006-11-01,21,11,23,35,44,46,90
MAGDALENA,desnutricion global,desnutricion leve (l),2006-11-01,9,11,3,13,12,24,36
MAIRANA,desnutricion global,desnutricion leve (l),2006-11-01,7,7,4,7,11,14,25
MALLA,desnutricion global,desnutricion leve (l),2006-11-01,18,6,36,24,54,30,84
MAPIRI,desnutricion global,desnutricion leve (l),2006-11-01,14,21,9,18,23,39,62
MECAPACA,desnutricion global,desnutricion leve (l),2006-11-01,13,10,8,8,21,18,39
MINEROS,desnutricion global,desnutricion leve (l),2006-11-01,30,41,19,17,49,58,107
MIZQUE,desnutricion global,desnutricion leve (l),2006-11-01,54,64,58,54,112,118,230
MOCOMOCO,desnutricion global,desnutricion leve (l),2006-11-01,38,20,44,32,82,52,134
MOJINETE,desnutricion global,desnutricion leve (l),2006-11-01,3,4,3,9,6,13,19
MOJOCOYA,desnutricion global,desnutricion leve (l),2006-11-01,23,26,46,41,69,67,136
MONTEAGUDO,desnutricion global,desnutricion leve (l),2006-11-01,66,79,124,148,190,227,417
MONTERO,desnutricion global,desnutricion leve (l),2006-11-01,227,161,162,168,389,329,718
MORO MORO,desnutricion global,desnutricion leve (l),2006-11-01,7,7,9,3,16,10,26
MOROCHATA,desnutricion global,desnutricion leve (l),2006-11-01,60,54,58,61,118,115,233
NACEBE (SANTA ROSA DEL ABUNA),desnutricion global,desnutricion leve (l),2006-11-01,0,4,0,5,0,9,9
OCURI,desnutricion global,desnutricion leve (l),2006-11-01,79,99,90,111,169,210,379
OKINAWA,desnutricion global,desnutricion leve (l),2006-11-01,13,22,6,13,19,35,54
OMEREQUE,desnutricion global,desnutricion leve (l),2006-11-01,5,2,15,13,20,15,35
ORURO,desnutricion global,desnutricion leve (l),2006-11-01,425,382,280,272,705,654,1359
PADCAYA,desnutricion global,desnutricion leve (l),2006-11-01,19,22,26,35,45,57,102
PADILLA,desnutricion global,desnutricion leve (l),2006-11-01,35,28,65,74,100,102,202
PAILON,desnutricion global,desnutricion leve (l),2006-11-01,2,58,37,3,39,61,100
PALCA,desnutricion global,desnutricion leve (l),2006-11-01,51,56,28,23,79,79,158
PALOS BLANCOS,desnutricion global,desnutricion leve (l),2006-11-01,31,30,25,47,56,77,133
PAMPA AULLAGAS,desnutricion global,desnutricion leve (l),2006-11-01,12,10,8,7,20,17,37
PAMPA GRANDE,desnutricion global,desnutricion leve (l),2006-11-01,3,7,5,7,8,14,22
PAPEL PAMPA,desnutricion global,desnutricion leve (l),2006-11-01,6,6,2,10,8,16,24
PASORAPA,desnutricion global,desnutricion leve (l),2006-11-01,10,3,8,5,18,8,26
PATACAMAYA,desnutricion global,desnutricion leve (l),2006-11-01,50,42,33,38,83,80,163
PAZÑA,desnutricion global,desnutricion leve (l),2006-11-01,14,4,8,15,22,19,41
PELECHUCO,desnutricion global,desnutricion leve (l),2006-11-01,21,16,13,10,34,26,60
POCOATA,desnutricion global,desnutricion leve (l),2006-11-01,75,75,88,102,163,177,340
POCONA,desnutricion global,desnutricion leve (l),2006-11-01,26,12,32,38,58,50,108
POJO (CBBA),desnutricion global,desnutricion leve (l),2006-11-01,35,33,50,48,85,81,166
POOPO,desnutricion global,desnutricion leve (l),2006-11-01,15,7,4,7,19,14,33
PORCO,desnutricion global,desnutricion leve (l),2006-11-01,18,17,10,7,28,24,52
POROMA,desnutricion global,desnutricion leve (l),2006-11-01,88,122,140,141,228,263,491
PORONGO,desnutricion global,desnutricion leve (l),2006-11-01,6,4,6,5,12,9,21
PORTACHUELO,desnutricion global,desnutricion leve (l),2006-11-01,56,38,29,28,85,66,151
PORVENIR,desnutricion global,desnutricion leve (l),2006-11-01,6,5,4,7,10,12,22
POSTRER VALLE,desnutricion global,desnutricion leve (l),2006-11-01,2,8,5,3,7,11,18
POTOSI,desnutricion global,desnutricion leve (l),2006-11-01,362,354,226,208,588,562,1150
PRESTO,desnutricion global,desnutricion leve (l),2006-11-01,35,29,56,45,91,74,165
PUCARA,desnutricion global,desnutricion leve (l),2006-11-01,2,2,2,1,4,3,7
PUCARANI,desnutricion global,desnutricion leve (l),2006-11-01,44,57,29,51,73,108,181
PUERTO ACOSTA,desnutricion global,desnutricion leve (l),2006-11-01,49,58,49,73,98,131,229
PUERTO CARABUCO,desnutricion global,desnutricion leve (l),2006-11-01,39,34,31,40,70,74,144
PUERTO GONZALO MORENO,desnutricion global,desnutricion leve (l),2006-11-01,21,16,11,14,32,30,62
PUERTO PEREZ,desnutricion global,desnutricion leve (l),2006-11-01,6,9,12,5,18,14,32
PUERTO QUIJARRO,desnutricion global,desnutricion leve (l),2006-11-01,23,12,4,6,27,18,45
PUERTO RICO,desnutricion global,desnutricion leve (l),2006-11-01,1,1,0,1,1,2,3
PUERTO SILES,desnutricion global,desnutricion leve (l),2006-11-01,12,15,10,8,22,23,45
PUERTO SUAREZ,desnutricion global,desnutricion leve (l),2006-11-01,16,17,5,8,21,25,46
PUERTO VILLARROEL,desnutricion global,desnutricion leve (l),2006-11-01,74,67,90,85,164,152,316
PUNA,desnutricion global,desnutricion leve (l),2006-11-01,106,110,122,106,228,216,444
PUNATA,desnutricion global,desnutricion leve (l),2006-11-01,42,49,33,34,75,83,158
QUIABAYA,desnutricion global,desnutricion leve (l),2006-11-01,3,3,1,4,4,7,11
QUILLACOLLO,desnutricion global,desnutricion leve (l),2006-11-01,110,108,71,83,181,191,372
QUIME,desnutricion global,desnutricion leve (l),2006-11-01,21,18,20,21,41,39,80
QUIRUSILLAS,desnutricion global,desnutricion leve (l),2006-11-01,1,1,1,4,2,5,7
RAVELO,desnutricion global,desnutricion leve (l),2006-11-01,120,119,161,168,281,287,568
REYES,desnutricion global,desnutricion leve (l),2006-11-01,16,12,23,18,39,30,69
RIBERALTA,desnutricion global,desnutricion leve (l),2006-11-01,249,388,125,173,374,561,935
ROBORE,desnutricion global,desnutricion leve (l),2006-11-01,23,18,10,9,33,27,60
RURRENABAQUE,desnutricion global,desnutricion leve (l),2006-11-01,12,18,7,5,19,23,42
SABAYA,desnutricion global,desnutricion leve (l),2006-11-01,6,9,4,8,10,17,27
SACABA,desnutricion global,desnutricion leve (l),2006-11-01,155,122,113,106,268,228,496
SACABAMBA,desnutricion global,desnutricion leve (l),2006-11-01,6,11,5,9,11,20,31
SACACA,desnutricion global,desnutricion leve (l),2006-11-01,171,151,274,217,445,368,813
SAIPINA,desnutricion global,desnutricion leve (l),2006-11-01,8,5,20,11,28,16,44
SALINAS DE GARCI MENDOZA,desnutricion global,desnutricion leve (l),2006-11-01,14,17,19,24,33,41,74
SAMAIPATA,desnutricion global,desnutricion leve (l),2006-11-01,10,8,6,9,16,17,33
SAN AGUSTIN,desnutricion global,desnutricion leve (l),2006-11-01,7,2,5,6,12,8,20
SAN ANDRES,desnutricion global,desnutricion leve (l),2006-11-01,20,25,17,33,37,58,95
SAN ANDRES DE MACHACA,desnutricion global,desnutricion leve (l),2006-11-01,10,9,3,7,13,16,29
SAN ANTONIO DE ESMORUCO,desnutricion global,desnutricion leve (l),2006-11-01,4,3,4,6,8,9,17
SAN ANTONIO DE LOMERIO,desnutricion global,desnutricion leve (l),2006-11-01,49,31,48,45,97,76,173
SAN BENITO,desnutricion global,desnutricion leve (l),2006-11-01,21,17,16,28,37,45,82
SAN BORJA,desnutricion global,desnutricion leve (l),2006-11-01,87,97,96,85,183,182,365
SAN BUENA VENTURA,desnutricion global,desnutricion leve (l),2006-11-01,30,19,14,14,44,33,77
SAN CARLOS,desnutricion global,desnutricion leve (l),2006-11-01,44,35,22,24,66,59,125
SAN IGNACIO,desnutricion global,desnutricion leve (l),2006-11-01,63,44,70,60,133,104,237
SAN IGNACIO DE VELASCO,desnutricion global,desnutricion leve (l),2006-11-01,143,145,128,148,271,293,564
SAN JAVIER(BNI),desnutricion global,desnutricion leve (l),2006-11-01,6,3,6,10,12,13,25
SAN JOAQUIN,desnutricion global,desnutricion leve (l),2006-11-01,3,0,5,13,8,13,21
SAN JOSE DE CHIQUITOS,desnutricion global,desnutricion leve (l),2006-11-01,23,27,14,14,37,41,78
SAN JUAN DE YAPACANI,desnutricion global,desnutricion leve (l),2006-11-01,20,6,9,13,29,19,48
SAN JULIAN,desnutricion global,desnutricion leve (l),2006-11-01,23,27,58,55,81,82,163
SAN LORENZO(PND),desnutricion global,desnutricion leve (l),2006-11-01,8,6,9,17,17,23,40
SAN LORENZO(TJA),desnutricion global,desnutricion leve (l),2006-11-01,28,30,52,63,80,93,173
SAN LUCAS,desnutricion global,desnutricion leve (l),2006-11-01,240,221,247,283,487,504,991
SAN MATIAS,desnutricion global,desnutricion leve (l),2006-11-01,22,13,20,19,42,32,74
SAN MIGUEL DE VELASCO,desnutricion global,desnutricion leve (l),2006-11-01,22,17,11,17,33,34,67
SAN PABLO DE LIPEZ,desnutricion global,desnutricion leve (l),2006-11-01,10,5,8,6,18,11,29
SAN PEDRO,desnutricion global,desnutricion leve (l),2006-11-01,15,24,14,13,29,37,66
SAN PEDRO DE BUENA VISTA,desnutricion global,desnutricion leve (l),2006-11-01,122,106,139,135,261,241,502
SAN PEDRO DE CURAHUARA,desnutricion global,desnutricion leve (l),2006-11-01,7,6,4,5,11,11,22
SAN PEDRO DE QUEMES,desnutricion global,desnutricion leve (l),2006-11-01,0,2,0,2,0,4,4
SAN PEDRO DE TIQUINA,desnutricion global,desnutricion leve (l),2006-11-01,2,2,3,9,5,11,16
SAN PEDRO(PND),desnutricion global,desnutricion leve (l),2006-11-01,0,1,2,2,2,3,5
SAN RAFAEL,desnutricion global,desnutricion leve (l),2006-11-01,19,25,7,7,26,32,58
SAN RAMON,desnutricion global,desnutricion leve (l),2006-11-01,11,14,7,10,18,24,42
SANTA ANA,desnutricion global,desnutricion leve (l),2006-11-01,26,14,11,12,37,26,63
SANTA CRUZ DE LA SIERRA,desnutricion global,desnutricion leve (l),2006-11-01,590,609,339,413,929,1022,1951
SANTA ROSA,desnutricion global,desnutricion leve (l),2006-11-01,7,8,1,7,8,15,23
SANTA ROSA DEL SARA,desnutricion global,desnutricion leve (l),2006-11-01,20,22,28,38,48,60,108
SANTIAGO DE CALLAPA,desnutricion global,desnutricion leve (l),2006-11-01,6,12,4,9,10,21,31
SANTIAGO DE HUARI,desnutricion global,desnutricion leve (l),2006-11-01,17,18,25,24,42,42,84
SANTIAGO DE MACHACA,desnutricion global,desnutricion leve (l),2006-11-01,5,4,7,8,12,12,24
SANTIVAÑES,desnutricion global,desnutricion leve (l),2006-11-01,12,5,4,11,16,16,32
SANTUARIO DE QUILLACAS,desnutricion global,desnutricion leve (l),2006-11-01,3,6,7,4,10,10,20
SAPAHAQUI,desnutricion global,desnutricion leve (l),2006-11-01,42,40,35,34,77,74,151
SENA,desnutricion global,desnutricion leve (l),2006-11-01,14,9,16,9,30,18,48
SICA SICA (VILLA AROMA),desnutricion global,desnutricion leve (l),2006-11-01,52,33,38,36,90,69,159
SICAYA,desnutricion global,desnutricion leve (l),2006-11-01,12,15,18,15,30,30,60
SIPE SIPE,desnutricion global,desnutricion leve (l),2006-11-01,104,79,92,65,196,144,340
SOPACHUY,desnutricion global,desnutricion leve (l),2006-11-01,29,38,55,80,84,118,202
SORACACHI,desnutricion global,desnutricion leve (l),2006-11-01,29,34,31,27,60,61,121
SORATA,desnutricion global,desnutricion leve (l),2006-11-01,17,18,15,19,32,37,69
SUCRE,desnutricion global,desnutricion leve (l),2006-11-01,351,329,349,384,700,713,1413
TACACHI,desnutricion global,desnutricion leve (l),2006-11-01,1,0,0,3,1,3,4
TACACOMA,desnutricion global,desnutricion leve (l),2006-11-01,6,8,3,1,9,9,18
TACOBAMBA,desnutricion global,desnutricion leve (l),2006-11-01,25,36,23,18,48,54,102
TACOPAYA,desnutricion global,desnutricion leve (l),2006-11-01,26,24,29,32,55,56,111
TAHUA,desnutricion global,desnutricion leve (l),2006-11-01,2,0,3,2,5,2,7
TAPACARI,desnutricion global,desnutricion leve (l),2006-11-01,132,131,110,110,242,241,483
TARABUCO,desnutricion global,desnutricion leve (l),2006-11-01,87,113,181,166,268,279,547
TARACO,desnutricion global,desnutricion leve (l),2006-11-01,3,6,3,2,6,8,14
TARATA,desnutricion global,desnutricion leve (l),2006-11-01,24,21,5,6,29,27,56
TARIJA,desnutricion global,desnutricion leve (l),2006-11-01,184,170,170,154,354,324,678
TARVITA,desnutricion global,desnutricion leve (l),2006-11-01,64,46,93,128,157,174,331
TEOPONTE,desnutricion global,desnutricion leve (l),2006-11-01,11,24,17,15,28,39,67
TIAWANACU,desnutricion global,desnutricion leve (l),2006-11-01,6,9,5,10,11,19,30
TINGUIPAYA,desnutricion global,desnutricion leve (l),2006-11-01,59,72,93,106,152,178,330
TIPUANI,desnutricion global,desnutricion leve (l),2006-11-01,7,7,7,11,14,18,32
TIQUIPAYA,desnutricion global,desnutricion leve (l),2006-11-01,38,44,14,30,52,74,126
TIRAQUE (CBBA),desnutricion global,desnutricion leve (l),2006-11-01,64,79,77,93,141,172,313
TITO YUPANQUI (PARQUIPUJIO),desnutricion global,desnutricion leve (l),2006-11-01,1,3,1,1,2,4,6
TOCO,desnutricion global,desnutricion leve (l),2006-11-01,1,0,1,1,2,1,3
TOLATA,desnutricion global,desnutricion leve (l),2006-11-01,0,1,0,0,0,1,1
TOLEDO,desnutricion global,desnutricion leve (l),2006-11-01,6,7,14,18,20,25,45
TOMAVE,desnutricion global,desnutricion leve (l),2006-11-01,20,31,7,55,27,86,113
TOMINA,desnutricion global,desnutricion leve (l),2006-11-01,43,34,52,90,95,124,219
TORO TORO,desnutricion global,desnutricion leve (l),2006-11-01,68,63,56,71,124,134,258
TOTORA(CBBA),desnutricion global,desnutricion leve (l),2006-11-01,24,21,30,33,54,54,108
TOTORA(ORR),desnutricion global,desnutricion leve (l),2006-11-01,10,3,5,6,15,9,24
TRIGAL,desnutricion global,desnutricion leve (l),2006-11-01,0,0,1,3,1,3,4
TRINIDAD,desnutricion global,desnutricion leve (l),2006-11-01,96,58,64,83,160,141,301
TUPIZA,desnutricion global,desnutricion leve (l),2006-11-01,68,67,96,111,164,178,342
TURCO,desnutricion global,desnutricion leve (l),2006-11-01,6,9,12,9,18,18,36
UMALA,desnutricion global,desnutricion leve (l),2006-11-01,13,8,6,7,19,15,34
UNCIA,desnutricion global,desnutricion leve (l),2006-11-01,58,42,45,54,103,96,199
URIONDO (A. CONCEPCION),desnutricion global,desnutricion leve (l),2006-11-01,29,25,50,54,79,79,158
URUBICHA,desnutricion global,desnutricion leve (l),2006-11-01,2,0,7,3,9,3,12
UYUNI,desnutricion global,desnutricion leve (l),2006-11-01,49,52,54,61,103,113,216
VACAS,desnutricion global,desnutricion leve (l),2006-11-01,21,15,15,22,36,37,73
VALLEGRANDE,desnutricion global,desnutricion leve (l),2006-11-01,22,27,11,15,33,42,75
VIACHA,desnutricion global,desnutricion leve (l),2006-11-01,36,35,31,27,67,62,129
VILA VILA,desnutricion global,desnutricion leve (l),2006-11-01,7,7,11,8,18,15,33
VILLA MONTES,desnutricion global,desnutricion leve (l),2006-11-01,13,16,19,29,32,45,77
VILLA NUEVA (LOMA ALTA),desnutricion global,desnutricion leve (l),2006-11-01,0,1,0,0,0,1,1
VILLA RIVERO,desnutricion global,desnutricion leve (l),2006-11-01,11,22,19,22,30,44,74
VILLA SERRANO,desnutricion global,desnutricion leve (l),2006-11-01,47,46,86,92,133,138,271
VILLA TUNARI,desnutricion global,desnutricion leve (l),2006-11-01,114,133,96,87,210,220,430
VILLA VACA GUZMAN (MUYUPAMPA),desnutricion global,desnutricion leve (l),2006-11-01,30,29,41,51,71,80,151
VILLAZON,desnutricion global,desnutricion leve (l),2006-11-01,81,70,65,84,146,154,300
VINTO,desnutricion global,desnutricion leve (l),2006-11-01,12,28,7,14,19,42,61
VITICHI,desnutricion global,desnutricion leve (l),2006-11-01,50,48,82,53,132,101,233
WALDO BALLIVIAN,desnutricion global,desnutricion leve (l),2006-11-01,6,10,3,7,9,17,26
WARNES,desnutricion global,desnutricion leve (l),2006-11-01,63,66,50,45,113,111,224
YACO,desnutricion global,desnutricion leve (l),2006-11-01,23,30,24,40,47,70,117
YACUIBA,desnutricion global,desnutricion leve (l),2006-11-01,56,56,47,73,103,129,232
YAMPARAEZ,desnutricion global,desnutricion leve (l),2006-11-01,53,42,99,102,152,144,296
YANACACHI,desnutricion global,desnutricion leve (l),2006-11-01,5,3,5,3,10,6,16
YAPACANI,desnutricion global,desnutricion leve (l),2006-11-01,69,45,20,22,89,67,156
YOCALLA,desnutricion global,desnutricion leve (l),2006-11-01,7,6,14,17,21,23,44
YOTALA,desnutricion global,desnutricion leve (l),2006-11-01,31,26,46,54,77,80,157
YUNCHARA,desnutricion global,desnutricion leve (l),2006-11-01,17,14,30,36,47,50,97
ZUDAÑEZ,desnutricion global,desnutricion leve (l),2006-11-01,35,35,52,73,87,108,195
ACACIO,desnutricion global,desnutricion leve (l),2006-12-01,39,30,42,45,81,75,156
ACHACACHI,desnutricion global,desnutricion leve (l),2006-12-01,31,24,20,30,51,54,105
ACHOCALLA,desnutricion global,desnutricion leve (l),2006-12-01,6,3,4,3,10,6,16
AIQUILE,desnutricion global,desnutricion leve (l),2006-12-01,17,15,13,9,30,24,54
ALALAY,desnutricion global,desnutricion leve (l),2006-12-01,1,0,0,1,1,1,2
ALCALA,desnutricion global,desnutricion leve (l),2006-12-01,15,13,22,24,37,37,74
ANCORAIMES,desnutricion global,desnutricion leve (l),2006-12-01,13,8,12,20,25,28,53
ANDAMARCA,desnutricion global,desnutricion leve (l),2006-12-01,6,5,12,13,18,18,36
ANTEQUERA,desnutricion global,desnutricion leve (l),2006-12-01,9,5,8,8,17,13,30
ANZALDO,desnutricion global,desnutricion leve (l),2006-12-01,3,4,11,21,14,25,39
APOLO,desnutricion global,desnutricion leve (l),2006-12-01,28,22,24,35,52,57,109
ARAMPAMPA,desnutricion global,desnutricion leve (l),2006-12-01,40,24,47,23,87,47,134
ARANI,desnutricion global,desnutricion leve (l),2006-12-01,21,26,2,10,23,36,59
ARBIETO,desnutricion global,desnutricion leve (l),2006-12-01,4,7,9,9,13,16,29
ARQUE,desnutricion global,desnutricion leve (l),2006-12-01,27,26,40,44,67,70,137
ASCENCION DE GUARAYOS,desnutricion global,desnutricion leve (l),2006-12-01,66,57,73,102,139,159,298
ATOCHA,desnutricion global,desnutricion leve (l),2006-12-01,23,19,37,25,60,44,104
AUCAPATA,desnutricion global,desnutricion leve (l),2006-12-01,9,9,11,11,20,20,40
AYATA,desnutricion global,desnutricion leve (l),2006-12-01,21,20,23,9,44,29,73
AYO AYO,desnutricion global,desnutricion leve (l),2006-12-01,12,6,6,7,18,13,31
AYOPAYA (V. DE INDEPENDENCIA),desnutricion global,desnutricion leve (l),2006-12-01,49,54,55,66,104,120,224
AZURDUY,desnutricion global,desnutricion leve (l),2006-12-01,39,49,73,93,112,142,254
BATALLAS,desnutricion global,desnutricion leve (l),2006-12-01,17,14,13,14,30,28,58
BAURES,desnutricion global,desnutricion leve (l),2006-12-01,4,5,4,3,8,8,16
BELEN DE ANDAMARCA,desnutricion global,desnutricion leve (l),2006-12-01,4,2,3,2,7,4,11
BELEN DE URMIRI,desnutricion global,desnutricion leve (l),2006-12-01,4,6,4,7,8,13,21
BELLA FLOR,desnutricion global,desnutricion leve (l),2006-12-01,3,9,5,8,8,17,25
BERMEJO,desnutricion global,desnutricion leve (l),2006-12-01,1,4,2,1,3,5,8
BETANZOS,desnutricion global,desnutricion leve (l),2006-12-01,69,88,118,109,187,197,384
BOLIVAR,desnutricion global,desnutricion leve (l),2006-12-01,40,44,48,48,88,92,180
BOLPEBRA,desnutricion global,desnutricion leve (l),2006-12-01,3,3,3,4,6,7,13
BOYUIBE,desnutricion global,desnutricion leve (l),2006-12-01,18,8,24,13,42,21,63
BUENA VISTA,desnutricion global,desnutricion leve (l),2006-12-01,8,5,5,5,13,10,23
CABEZAS,desnutricion global,desnutricion leve (l),2006-12-01,15,17,15,19,30,36,66
CAIROMA,desnutricion global,desnutricion leve (l),2006-12-01,37,27,32,37,69,64,133
"CAIZA ""D""",desnutricion global,desnutricion leve (l),2006-12-01,24,23,40,37,64,60,124
CAJUATA,desnutricion global,desnutricion leve (l),2006-12-01,14,10,8,7,22,17,39
CALACOTO,desnutricion global,desnutricion leve (l),2006-12-01,8,6,9,11,17,17,34
CALAMARCA,desnutricion global,desnutricion leve (l),2006-12-01,53,42,46,70,99,112,211
CAMARGO,desnutricion global,desnutricion leve (l),2006-12-01,44,52,78,80,122,132,254
CAMATAQUI (C. VILLA ABECIA),desnutricion global,desnutricion leve (l),2006-12-01,7,7,16,17,23,24,47
CAMIRI,desnutricion global,desnutricion leve (l),2006-12-01,35,51,29,41,64,92,156
CAPINOTA,desnutricion global,desnutricion leve (l),2006-12-01,31,27,36,26,67,53,120
CAQUIAVIRI,desnutricion global,desnutricion leve (l),2006-12-01,2,4,4,5,6,9,15
CARACOLLO,desnutricion global,desnutricion leve (l),2006-12-01,26,32,28,28,54,60,114
CARANAVI,desnutricion global,desnutricion leve (l),2006-12-01,56,76,51,67,107,143,250
CARANGAS,desnutricion global,desnutricion leve (l),2006-12-01,0,0,0,1,0,1,1
CARAPARI,desnutricion global,desnutricion leve (l),2006-12-01,10,9,4,20,14,29,43
CARIPUYO,desnutricion global,desnutricion leve (l),2006-12-01,40,27,54,80,94,107,201
CARMEN RIVERO TORREZ,desnutricion global,desnutricion leve (l),2006-12-01,4,7,1,0,5,7,12
CATACORA,desnutricion global,desnutricion leve (l),2006-12-01,0,0,1,0,1,0,1
CHACARILLA,desnutricion global,desnutricion leve (l),2006-12-01,3,4,3,4,6,8,14
CHALLAPATA,desnutricion global,desnutricion leve (l),2006-12-01,65,68,67,65,132,133,265
CHAQUI,desnutricion global,desnutricion leve (l),2006-12-01,21,14,19,33,40,47,87
CHARAGUA,desnutricion global,desnutricion leve (l),2006-12-01,34,37,36,34,70,71,141
CHARAÑA,desnutricion global,desnutricion leve (l),2006-12-01,7,3,0,5,7,8,15
CHAYANTA,desnutricion global,desnutricion leve (l),2006-12-01,59,54,98,106,157,160,317
CHIMORE,desnutricion global,desnutricion leve (l),2006-12-01,40,36,19,24,59,60,119
CHIPAYA,desnutricion global,desnutricion leve (l),2006-12-01,5,7,7,7,12,14,26
CHOQUE COTA,desnutricion global,desnutricion leve (l),2006-12-01,3,1,4,1,7,2,9
CHULUMANI (V. DE LA LIBERTAD),desnutricion global,desnutricion leve (l),2006-12-01,7,11,3,7,10,18,28
CHUMA,desnutricion global,desnutricion leve (l),2006-12-01,18,21,27,25,45,46,91
CLIZA,desnutricion global,desnutricion leve (l),2006-12-01,21,16,12,17,33,33,66
COBIJA,desnutricion global,desnutricion leve (l),2006-12-01,41,28,35,37,76,65,141
COCHABAMBA,desnutricion global,desnutricion leve (l),2006-12-01,257,262,214,198,471,460,931
COIPASA,desnutricion global,desnutricion leve (l),2006-12-01,0,0,0,1,0,1,1
COLCAPIRHUA,desnutricion global,desnutricion leve (l),2006-12-01,37,49,24,19,61,68,129
"COLCHA ""K""",desnutricion global,desnutricion leve (l),2006-12-01,20,17,21,30,41,47,88
COLLANA,desnutricion global,desnutricion leve (l),2006-12-01,2,10,1,5,3,15,18
COLOMI,desnutricion global,desnutricion leve (l),2006-12-01,34,26,21,18,55,44,99
COLPA BELGICA,desnutricion global,desnutricion leve (l),2006-12-01,3,7,5,6,8,13,21
COLQUECHACA,desnutricion global,desnutricion leve (l),2006-12-01,114,82,87,182,201,264,465
COLQUENCHA,desnutricion global,desnutricion leve (l),2006-12-01,18,13,38,29,56,42,98
COLQUIRI,desnutricion global,desnutricion leve (l),2006-12-01,33,33,31,35,64,68,132
COMANCHE,desnutricion global,desnutricion leve (l),2006-12-01,5,2,9,5,14,7,21
COMARAPA,desnutricion global,desnutricion leve (l),2006-12-01,19,24,13,15,32,39,71
COMBAYA,desnutricion global,desnutricion leve (l),2006-12-01,5,4,0,1,5,5,10
CONCEPCION,desnutricion global,desnutricion leve (l),2006-12-01,10,10,9,7,19,17,36
COPACABANA,desnutricion global,desnutricion leve (l),2006-12-01,17,19,19,17,36,36,72
CORIPATA,desnutricion global,desnutricion leve (l),2006-12-01,9,3,8,7,17,10,27
CORO CORO,desnutricion global,desnutricion leve (l),2006-12-01,8,16,15,20,23,36,59
COROICO,desnutricion global,desnutricion leve (l),2006-12-01,16,16,20,14,36,30,66
CORQUE,desnutricion global,desnutricion leve (l),2006-12-01,10,12,34,9,44,21,65
COTAGAITA,desnutricion global,desnutricion leve (l),2006-12-01,71,78,83,79,154,157,311
COTOCA,desnutricion global,desnutricion leve (l),2006-12-01,39,39,19,38,58,77,135
CUATRO CAÑADAS,desnutricion global,desnutricion leve (l),2006-12-01,7,7,5,7,12,14,26
CUCHUMUELA (V. G. VILLARROEL),desnutricion global,desnutricion leve (l),2006-12-01,0,1,9,5,9,6,15
CULPINA,desnutricion global,desnutricion leve (l),2006-12-01,89,78,75,84,164,162,326
CURAHUARA DE CARANGAS,desnutricion global,desnutricion leve (l),2006-12-01,15,13,21,14,36,27,63
CURVA,desnutricion global,desnutricion leve (l),2006-12-01,6,4,7,2,13,6,19
DESAGUADERO,desnutricion global,desnutricion leve (l),2006-12-01,13,2,5,1,18,3,21
EL ALTO,desnutricion global,desnutricion leve (l),2006-12-01,761,730,489,528,1250,1258,2508
EL CHORO,desnutricion global,desnutricion leve (l),2006-12-01,7,3,5,1,12,4,16
EL PUENTE(STC),desnutricion global,desnutricion leve (l),2006-12-01,2,8,13,6,15,14,29
EL PUENTE(TJA),desnutricion global,desnutricion leve (l),2006-12-01,8,16,20,32,28,48,76
EL TORNO,desnutricion global,desnutricion leve (l),2006-12-01,27,24,20,28,47,52,99
EL VILLAR,desnutricion global,desnutricion leve (l),2006-12-01,6,7,20,27,26,34,60
ENTRE RIOS,desnutricion global,desnutricion leve (l),2006-12-01,29,23,39,33,68,56,124
ENTRE RIOS,desnutricion global,desnutricion leve (l),2006-12-01,38,40,53,52,91,92,183
ESMERALDA,desnutricion global,desnutricion leve (l),2006-12-01,0,1,2,3,2,4,6
EUCALIPTUS,desnutricion global,desnutricion leve (l),2006-12-01,1,2,1,0,2,2,4
EUREKA (SANTOS MERCADO),desnutricion global,desnutricion leve (l),2006-12-01,2,0,0,0,2,0,2
EXALTACION,desnutricion global,desnutricion leve (l),2006-12-01,2,5,5,4,7,9,16
FERNANDEZ ALONSO,desnutricion global,desnutricion leve (l),2006-12-01,13,12,4,14,17,26,43
FILADELFIA,desnutricion global,desnutricion leve (l),2006-12-01,1,1,0,0,1,1,2
GENERAL SAAVEDRA,desnutricion global,desnutricion leve (l),2006-12-01,20,25,16,17,36,42,78
GRAL. J.J. PEREZ (CHARAZANI),desnutricion global,desnutricion leve (l),2006-12-01,18,11,15,15,33,26,59
GUANAY,desnutricion global,desnutricion leve (l),2006-12-01,19,27,25,21,44,48,92
GUAQUI,desnutricion global,desnutricion leve (l),2006-12-01,8,6,4,1,12,7,19
GUAYARAMERIN,desnutricion global,desnutricion leve (l),2006-12-01,70,52,42,48,112,100,212
GUTIERREZ,desnutricion global,desnutricion leve (l),2006-12-01,49,46,63,62,112,108,220
HUACARETA,desnutricion global,desnutricion leve (l),2006-12-01,21,22,18,22,39,44,83
HUACAYA (VILLA DE HUACAYA),desnutricion global,desnutricion leve (l),2006-12-01,5,6,14,6,19,12,31
HUACHACALLA,desnutricion global,desnutricion leve (l),2006-12-01,3,0,1,8,4,8,12
HUANUNI,desnutricion global,desnutricion leve (l),2006-12-01,46,29,52,26,98,55,153
HUARACAJE,desnutricion global,desnutricion leve (l),2006-12-01,1,1,0,1,1,2,3
HUAYLLAMARCA,desnutricion global,desnutricion leve (l),2006-12-01,3,2,4,3,7,5,12
ICHOCA,desnutricion global,desnutricion leve (l),2006-12-01,18,15,13,11,31,26,57
ICLA,desnutricion global,desnutricion leve (l),2006-12-01,28,30,63,82,91,112,203
INCAHUASI,desnutricion global,desnutricion leve (l),2006-12-01,105,103,129,140,234,243,477
INGAVI (HUMAITA),desnutricion global,desnutricion leve (l),2006-12-01,2,0,2,0,4,0,4
INQUISIVI,desnutricion global,desnutricion leve (l),2006-12-01,27,28,37,32,64,60,124
IRUPANA (VILLA DE LANZA),desnutricion global,desnutricion leve (l),2006-12-01,26,28,18,23,44,51,95
IXIAMAS,desnutricion global,desnutricion leve (l),2006-12-01,13,5,9,14,22,19,41
JESUS DE MACHACA,desnutricion global,desnutricion leve (l),2006-12-01,13,18,17,20,30,38,68
LA ASUNTA,desnutricion global,desnutricion leve (l),2006-12-01,21,20,2,4,23,24,47
LA GUARDIA,desnutricion global,desnutricion leve (l),2006-12-01,42,49,38,32,80,81,161
LA PAZ,desnutricion global,desnutricion leve (l),2006-12-01,547,505,349,295,896,800,1696
LA RIVERA,desnutricion global,desnutricion leve (l),2006-12-01,0,0,1,0,1,0,1
LAGUNILLAS,desnutricion global,desnutricion leve (l),2006-12-01,13,12,19,14,32,26,58
LAJA,desnutricion global,desnutricion leve (l),2006-12-01,19,9,9,16,28,25,53
LAS CARRERAS,desnutricion global,desnutricion leve (l),2006-12-01,6,7,19,22,25,29,54
LICOMA PAMPA,desnutricion global,desnutricion leve (l),2006-12-01,4,3,0,1,4,4,8
LLALLAGUA,desnutricion global,desnutricion leve (l),2006-12-01,59,55,44,38,103,93,196
LLICA,desnutricion global,desnutricion leve (l),2006-12-01,7,5,6,5,13,10,23
LORETO,desnutricion global,desnutricion leve (l),2006-12-01,2,2,1,1,3,3,6
LURIBAY,desnutricion global,desnutricion leve (l),2006-12-01,23,30,13,17,36,47,83
MACHACAMARCA,desnutricion global,desnutricion leve (l),2006-12-01,13,19,10,7,23,26,49
MACHARETI,desnutricion global,desnutricion leve (l),2006-12-01,24,15,31,32,55,47,102
MAGDALENA,desnutricion global,desnutricion leve (l),2006-12-01,12,0,6,8,18,8,26
MAIRANA,desnutricion global,desnutricion leve (l),2006-12-01,6,8,8,9,14,17,31
MALLA,desnutricion global,desnutricion leve (l),2006-12-01,11,8,25,17,36,25,61
MAPIRI,desnutricion global,desnutricion leve (l),2006-12-01,12,2,3,3,15,5,20
MECAPACA,desnutricion global,desnutricion leve (l),2006-12-01,9,10,15,15,24,25,49
MINEROS,desnutricion global,desnutricion leve (l),2006-12-01,21,30,5,14,26,44,70
MIZQUE,desnutricion global,desnutricion leve (l),2006-12-01,22,34,19,39,41,73,114
MOCOMOCO,desnutricion global,desnutricion leve (l),2006-12-01,23,13,32,40,55,53,108
MOJINETE,desnutricion global,desnutricion leve (l),2006-12-01,1,0,1,1,2,1,3
MOJOCOYA,desnutricion global,desnutricion leve (l),2006-12-01,29,18,45,36,74,54,128
MONTEAGUDO,desnutricion global,desnutricion leve (l),2006-12-01,56,49,105,90,161,139,300
MONTERO,desnutricion global,desnutricion leve (l),2006-12-01,134,127,112,118,246,245,491
MORO MORO,desnutricion global,desnutricion leve (l),2006-12-01,1,3,11,5,12,8,20
MOROCHATA,desnutricion global,desnutricion leve (l),2006-12-01,47,45,43,54,90,99,189
NACEBE (SANTA ROSA DEL ABUNA),desnutricion global,desnutricion leve (l),2006-12-01,1,1,1,0,2,1,3
NAZACARA DE PACAJES,desnutricion global,desnutricion leve (l),2006-12-01,0,2,1,0,1,2,3
NUEVO MANOA (NUEVA ESPERANZA),desnutricion global,desnutricion leve (l),2006-12-01,0,0,0,3,0,3,3
OCURI,desnutricion global,desnutricion leve (l),2006-12-01,82,87,66,103,148,190,338
OKINAWA,desnutricion global,desnutricion leve (l),2006-12-01,13,21,10,26,23,47,70
OMEREQUE,desnutricion global,desnutricion leve (l),2006-12-01,7,12,4,2,11,14,25
ORURO,desnutricion global,desnutricion leve (l),2006-12-01,324,285,182,184,506,469,975
PADCAYA,desnutricion global,desnutricion leve (l),2006-12-01,25,16,25,14,50,30,80
PADILLA,desnutricion global,desnutricion leve (l),2006-12-01,26,26,69,90,95,116,211
PAILON,desnutricion global,desnutricion leve (l),2006-12-01,9,34,17,6,26,40,66
PALCA,desnutricion global,desnutricion leve (l),2006-12-01,17,14,20,14,37,28,65
PALOS BLANCOS,desnutricion global,desnutricion leve (l),2006-12-01,11,18,10,15,21,33,54
PAMPA AULLAGAS,desnutricion global,desnutricion leve (l),2006-12-01,15,19,11,22,26,41,67
PAMPA GRANDE,desnutricion global,desnutricion leve (l),2006-12-01,2,4,6,5,8,9,17
PAPEL PAMPA,desnutricion global,desnutricion leve (l),2006-12-01,2,3,5,6,7,9,16
PASORAPA,desnutricion global,desnutricion leve (l),2006-12-01,2,5,5,3,7,8,15
PATACAMAYA,desnutricion global,desnutricion leve (l),2006-12-01,40,41,25,27,65,68,133
PAZÑA,desnutricion global,desnutricion leve (l),2006-12-01,6,6,10,11,16,17,33
PELECHUCO,desnutricion global,desnutricion leve (l),2006-12-01,18,8,15,13,33,21,54
POCOATA,desnutricion global,desnutricion leve (l),2006-12-01,85,94,104,129,189,223,412
POCONA,desnutricion global,desnutricion leve (l),2006-12-01,12,10,4,7,16,17,33
POJO (CBBA),desnutricion global,desnutricion leve (l),2006-12-01,13,7,5,7,18,14,32
POOPO,desnutricion global,desnutricion leve (l),2006-12-01,2,1,5,1,7,2,9
PORCO,desnutricion global,desnutricion leve (l),2006-12-01,17,25,19,23,36,48,84
POROMA,desnutricion global,desnutricion leve (l),2006-12-01,84,72,74,71,158,143,301
PORONGO,desnutricion global,desnutricion leve (l),2006-12-01,3,11,4,6,7,17,24
PORTACHUELO,desnutricion global,desnutricion leve (l),2006-12-01,15,14,29,22,44,36,80
PORVENIR,desnutricion global,desnutricion leve (l),2006-12-01,5,5,3,2,8,7,15
POSTRER VALLE,desnutricion global,desnutricion leve (l),2006-12-01,2,3,1,3,3,6,9
POTOSI,desnutricion global,desnutricion leve (l),2006-12-01,249,206,178,146,427,352,779
PRESTO,desnutricion global,desnutricion leve (l),2006-12-01,3,2,8,7,11,9,20
PUCARA,desnutricion global,desnutricion leve (l),2006-12-01,2,3,2,3,4,6,10
PUCARANI,desnutricion global,desnutricion leve (l),2006-12-01,31,30,45,34,76,64,140
PUERTO ACOSTA,desnutricion global,desnutricion leve (l),2006-12-01,36,42,48,39,84,81,165
PUERTO CARABUCO,desnutricion global,desnutricion leve (l),2006-12-01,11,8,11,7,22,15,37
PUERTO GONZALO MORENO,desnutricion global,desnutricion leve (l),2006-12-01,11,7,9,9,20,16,36
PUERTO PEREZ,desnutricion global,desnutricion leve (l),2006-12-01,2,8,10,3,12,11,23
PUERTO QUIJARRO,desnutricion global,desnutricion leve (l),2006-12-01,9,11,0,4,9,15,24
PUERTO RICO,desnutricion global,desnutricion leve (l),2006-12-01,2,0,0,3,2,3,5
PUERTO SILES,desnutricion global,desnutricion leve (l),2006-12-01,5,1,0,1,5,2,7
PUERTO SUAREZ,desnutricion global,desnutricion leve (l),2006-12-01,9,10,2,5,11,15,26
PUERTO VILLARROEL,desnutricion global,desnutricion leve (l),2006-12-01,57,74,58,67,115,141,256
PUNA,desnutricion global,desnutricion leve (l),2006-12-01,85,74,149,120,234,194,428
PUNATA,desnutricion global,desnutricion leve (l),2006-12-01,28,28,27,19,55,47,102
QUIABAYA,desnutricion global,desnutricion leve (l),2006-12-01,6,6,10,9,16,15,31
QUILLACOLLO,desnutricion global,desnutricion leve (l),2006-12-01,70,50,44,48,114,98,212
QUIME,desnutricion global,desnutricion leve (l),2006-12-01,11,16,24,19,35,35,70
QUIRUSILLAS,desnutricion global,desnutricion leve (l),2006-12-01,2,1,2,2,4,3,7
RAVELO,desnutricion global,desnutricion leve (l),2006-12-01,108,99,128,134,236,233,469
REYES,desnutricion global,desnutricion leve (l),2006-12-01,12,14,11,17,23,31,54
RIBERALTA,desnutricion global,desnutricion leve (l),2006-12-01,201,276,105,122,306,398,704
ROBORE,desnutricion global,desnutricion leve (l),2006-12-01,14,20,8,8,22,28,50
RURRENABAQUE,desnutricion global,desnutricion leve (l),2006-12-01,7,7,1,4,8,11,19
SABAYA,desnutricion global,desnutricion leve (l),2006-12-01,8,7,3,3,11,10,21
SACABA,desnutricion global,desnutricion leve (l),2006-12-01,88,72,68,70,156,142,298
SACABAMBA,desnutricion global,desnutricion leve (l),2006-12-01,3,5,5,4,8,9,17
SACACA,desnutricion global,desnutricion leve (l),2006-12-01,129,131,202,212,331,343,674
SAIPINA,desnutricion global,desnutricion leve (l),2006-12-01,3,6,9,8,12,14,26
SALINAS DE GARCI MENDOZA,desnutricion global,desnutricion leve (l),2006-12-01,16,16,17,22,33,38,71
SAMAIPATA,desnutricion global,desnutricion leve (l),2006-12-01,10,5,5,7,15,12,27
SAN AGUSTIN,desnutricion global,desnutricion leve (l),2006-12-01,2,2,4,3,6,5,11
SAN ANDRES,desnutricion global,desnutricion leve (l),2006-12-01,9,9,4,6,13,15,28
SAN ANDRES DE MACHACA,desnutricion global,desnutricion leve (l),2006-12-01,3,2,1,5,4,7,11
SAN ANTONIO DE ESMORUCO,desnutricion global,desnutricion leve (l),2006-12-01,9,9,9,19,18,28,46
SAN ANTONIO DE LOMERIO,desnutricion global,desnutricion leve (l),2006-12-01,33,31,63,51,96,82,178
SAN BENITO,desnutricion global,desnutricion leve (l),2006-12-01,12,10,3,7,15,17,32
SAN BORJA,desnutricion global,desnutricion leve (l),2006-12-01,87,102,79,114,166,216,382
SAN BUENA VENTURA,desnutricion global,desnutricion leve (l),2006-12-01,10,9,10,6,20,15,35
SAN CARLOS,desnutricion global,desnutricion leve (l),2006-12-01,25,23,16,22,41,45,86
SAN IGNACIO,desnutricion global,desnutricion leve (l),2006-12-01,50,34,46,37,96,71,167
SAN IGNACIO DE VELASCO,desnutricion global,desnutricion leve (l),2006-12-01,82,107,80,76,162,183,345
SAN JAVIER(BNI),desnutricion global,desnutricion leve (l),2006-12-01,1,1,8,5,9,6,15
SAN JOAQUIN,desnutricion global,desnutricion leve (l),2006-12-01,1,2,4,7,5,9,14
SAN JOSE DE CHIQUITOS,desnutricion global,desnutricion leve (l),2006-12-01,14,12,14,13,28,25,53
SAN JUAN DE YAPACANI,desnutricion global,desnutricion leve (l),2006-12-01,10,8,4,8,14,16,30
SAN JULIAN,desnutricion global,desnutricion leve (l),2006-12-01,6,3,9,11,15,14,29
SAN LORENZO(PND),desnutricion global,desnutricion leve (l),2006-12-01,9,8,2,7,11,15,26
SAN LORENZO(TJA),desnutricion global,desnutricion leve (l),2006-12-01,32,36,49,59,81,95,176
SAN LUCAS,desnutricion global,desnutricion leve (l),2006-12-01,184,170,207,214,391,384,775
SAN MATIAS,desnutricion global,desnutricion leve (l),2006-12-01,9,12,8,5,17,17,34
SAN MIGUEL DE VELASCO,desnutricion global,desnutricion leve (l),2006-12-01,16,7,22,14,38,21,59
SAN PABLO DE LIPEZ,desnutricion global,desnutricion leve (l),2006-12-01,3,6,8,6,11,12,23
SAN PEDRO,desnutricion global,desnutricion leve (l),2006-12-01,7,21,13,25,20,46,66
SAN PEDRO DE BUENA VISTA,desnutricion global,desnutricion leve (l),2006-12-01,72,76,165,149,237,225,462
SAN PEDRO DE CURAHUARA,desnutricion global,desnutricion leve (l),2006-12-01,1,4,4,1,5,5,10
SAN PEDRO DE QUEMES,desnutricion global,desnutricion leve (l),2006-12-01,3,7,4,2,7,9,16
SAN PEDRO DE TIQUINA,desnutricion global,desnutricion leve (l),2006-12-01,8,3,8,8,16,11,27
SAN PEDRO(PND),desnutricion global,desnutricion leve (l),2006-12-01,2,1,6,2,8,3,11
SAN RAFAEL,desnutricion global,desnutricion leve (l),2006-12-01,16,17,8,7,24,24,48
SAN RAMON,desnutricion global,desnutricion leve (l),2006-12-01,10,11,6,4,16,15,31
SANTA ANA,desnutricion global,desnutricion leve (l),2006-12-01,9,17,12,5,21,22,43
SANTA CRUZ DE LA SIERRA,desnutricion global,desnutricion leve (l),2006-12-01,458,480,214,270,672,750,1422
SANTA ROSA,desnutricion global,desnutricion leve (l),2006-12-01,19,15,8,9,27,24,51
SANTA ROSA DEL SARA,desnutricion global,desnutricion leve (l),2006-12-01,18,18,22,14,40,32,72
SANTIAGO DE CALLAPA,desnutricion global,desnutricion leve (l),2006-12-01,5,7,4,3,9,10,19
SANTIAGO DE HUARI,desnutricion global,desnutricion leve (l),2006-12-01,18,15,22,19,40,34,74
SANTIAGO DE MACHACA,desnutricion global,desnutricion leve (l),2006-12-01,5,6,3,2,8,8,16
SANTIVAÑES,desnutricion global,desnutricion leve (l),2006-12-01,3,9,12,12,15,21,36
SANTUARIO DE QUILLACAS,desnutricion global,desnutricion leve (l),2006-12-01,0,3,7,2,7,5,12
SAPAHAQUI,desnutricion global,desnutricion leve (l),2006-12-01,29,23,27,34,56,57,113
SENA,desnutricion global,desnutricion leve (l),2006-12-01,5,8,6,4,11,12,23
SICA SICA (VILLA AROMA),desnutricion global,desnutricion leve (l),2006-12-01,25,23,21,14,46,37,83
SICAYA,desnutricion global,desnutricion leve (l),2006-12-01,6,13,4,6,10,19,29
SIPE SIPE,desnutricion global,desnutricion leve (l),2006-12-01,80,60,51,42,131,102,233
SOPACHUY,desnutricion global,desnutricion leve (l),2006-12-01,26,26,37,81,63,107,170
SORACACHI,desnutricion global,desnutricion leve (l),2006-12-01,17,11,13,15,30,26,56
SORATA,desnutricion global,desnutricion leve (l),2006-12-01,18,23,18,22,36,45,81
SUCRE,desnutricion global,desnutricion leve (l),2006-12-01,207,156,181,236,388,392,780
TACACHI,desnutricion global,desnutricion leve (l),2006-12-01,2,3,2,0,4,3,7
TACACOMA,desnutricion global,desnutricion leve (l),2006-12-01,3,5,2,3,5,8,13
TACOBAMBA,desnutricion global,desnutricion leve (l),2006-12-01,26,22,32,18,58,40,98
TACOPAYA,desnutricion global,desnutricion leve (l),2006-12-01,40,39,55,79,95,118,213
TAHUA,desnutricion global,desnutricion leve (l),2006-12-01,3,0,2,0,5,0,5
TAPACARI,desnutricion global,desnutricion leve (l),2006-12-01,77,59,80,71,157,130,287
TARABUCO,desnutricion global,desnutricion leve (l),2006-12-01,120,113,186,226,306,339,645
TARACO,desnutricion global,desnutricion leve (l),2006-12-01,4,0,1,3,5,3,8
TARATA,desnutricion global,desnutricion leve (l),2006-12-01,10,11,2,5,12,16,28
TARIJA,desnutricion global,desnutricion leve (l),2006-12-01,133,121,119,98,252,219,471
TARVITA,desnutricion global,desnutricion leve (l),2006-12-01,24,24,40,28,64,52,116
TEOPONTE,desnutricion global,desnutricion leve (l),2006-12-01,18,16,18,13,36,29,65
TIAWANACU,desnutricion global,desnutricion leve (l),2006-12-01,7,4,4,3,11,7,18
TINGUIPAYA,desnutricion global,desnutricion leve (l),2006-12-01,45,43,63,70,108,113,221
TIPUANI,desnutricion global,desnutricion leve (l),2006-12-01,7,13,3,3,10,16,26
TIQUIPAYA,desnutricion global,desnutricion leve (l),2006-12-01,56,32,19,18,75,50,125
TIRAQUE (CBBA),desnutricion global,desnutricion leve (l),2006-12-01,51,47,45,50,96,97,193
TITO YUPANQUI (PARQUIPUJIO),desnutricion global,desnutricion leve (l),2006-12-01,2,3,2,1,4,4,8
TOCO,desnutricion global,desnutricion leve (l),2006-12-01,7,2,8,3,15,5,20
TOLATA,desnutricion global,desnutricion leve (l),2006-12-01,1,5,0,2,1,7,8
TOLEDO,desnutricion global,desnutricion leve (l),2006-12-01,8,8,10,9,18,17,35
TOMAVE,desnutricion global,desnutricion leve (l),2006-12-01,6,56,8,77,14,133,147
TOMINA,desnutricion global,desnutricion leve (l),2006-12-01,52,27,57,79,109,106,215
TORO TORO,desnutricion global,desnutricion leve (l),2006-12-01,66,51,85,64,151,115,266
TOTORA(CBBA),desnutricion global,desnutricion leve (l),2006-12-01,26,16,15,14,41,30,71
TOTORA(ORR),desnutricion global,desnutricion leve (l),2006-12-01,9,9,16,16,25,25,50
TRIGAL,desnutricion global,desnutricion leve (l),2006-12-01,0,2,1,4,1,6,7
TRINIDAD,desnutricion global,desnutricion leve (l),2006-12-01,85,62,43,33,128,95,223
TUPIZA,desnutricion global,desnutricion leve (l),2006-12-01,64,72,91,106,155,178,333
TURCO,desnutricion global,desnutricion leve (l),2006-12-01,4,3,3,6,7,9,16
UMALA,desnutricion global,desnutricion leve (l),2006-12-01,8,11,2,6,10,17,27
UNCIA,desnutricion global,desnutricion leve (l),2006-12-01,56,53,87,73,143,126,269
URIONDO (A. CONCEPCION),desnutricion global,desnutricion leve (l),2006-12-01,18,17,24,24,42,41,83
URUBICHA,desnutricion global,desnutricion leve (l),2006-12-01,35,45,42,75,77,120,197
UYUNI,desnutricion global,desnutricion leve (l),2006-12-01,44,26,35,41,79,67,146
VACAS,desnutricion global,desnutricion leve (l),2006-12-01,30,39,42,31,72,70,142
VALLEGRANDE,desnutricion global,desnutricion leve (l),2006-12-01,14,12,14,14,28,26,54
VIACHA,desnutricion global,desnutricion leve (l),2006-12-01,38,22,26,25,64,47,111
VILA VILA,desnutricion global,desnutricion leve (l),2006-12-01,4,2,7,11,11,13,24
VILLA MONTES,desnutricion global,desnutricion leve (l),2006-12-01,27,22,18,18,45,40,85
VILLA NUEVA (LOMA ALTA),desnutricion global,desnutricion leve (l),2006-12-01,5,8,11,6,16,14,30
VILLA RIVERO,desnutricion global,desnutricion leve (l),2006-12-01,12,12,6,10,18,22,40
VILLA SERRANO,desnutricion global,desnutricion leve (l),2006-12-01,37,44,74,98,111,142,253
VILLA TUNARI,desnutricion global,desnutricion leve (l),2006-12-01,105,112,102,112,207,224,431
VILLA VACA GUZMAN (MUYUPAMPA),desnutricion global,desnutricion leve (l),2006-12-01,20,24,27,30,47,54,101
VILLAZON,desnutricion global,desnutricion leve (l),2006-12-01,60,48,63,63,123,111,234
VINTO,desnutricion global,desnutricion leve (l),2006-12-01,23,18,6,7,29,25,54
VITICHI,desnutricion global,desnutricion leve (l),2006-12-01,33,34,71,39,104,73,177
WALDO BALLIVIAN,desnutricion global,desnutricion leve (l),2006-12-01,5,6,3,12,8,18,26
WARNES,desnutricion global,desnutricion leve (l),2006-12-01,31,41,28,27,59,68,127
YACO,desnutricion global,desnutricion leve (l),2006-12-01,8,15,15,23,23,38,61
YACUIBA,desnutricion global,desnutricion leve (l),2006-12-01,49,44,38,37,87,81,168
YAMPARAEZ,desnutricion global,desnutricion leve (l),2006-12-01,56,36,90,116,146,152,298
YANACACHI,desnutricion global,desnutricion leve (l),2006-12-01,4,0,2,1,6,1,7
YAPACANI,desnutricion global,desnutricion leve (l),2006-12-01,45,44,23,20,68,64,132
YOCALLA,desnutricion global,desnutricion leve (l),2006-12-01,8,5,6,13,14,18,32
YOTALA,desnutricion global,desnutricion leve (l),2006-12-01,21,21,23,40,44,61,105
YUNCHARA,desnutricion global,desnutricion leve (l),2006-12-01,28,12,45,41,73,53,126
ZUDAÑEZ,desnutricion global,desnutricion leve (l),2006-12-01,25,29,40,78,65,107,172
