municipality,group,variable,month,< de 2 años-H,< de 2 años-M,2 a 4 años-H,2 a 4 años-M,TOTAL-H,TOTAL-M,TOTAL
ACACIO,desnutricion global,desnutricion moderada (m),2006-01-01,2,3,9,3,11,6,17
ACHACACHI,desnutricion global,desnutricion moderada (m),2006-01-01,2,4,4,7,6,11,17
AIQUILE,desnutricion global,desnutricion moderada (m),2006-01-01,6,6,2,3,8,9,17
ALALAY,desnutricion global,desnutricion moderada (m),2006-01-01,1,0,0,1,1,1,2
ALCALA,desnutricion global,desnutricion moderada (m),2006-01-01,3,9,4,6,7,15,22
ANCORAIMES,desnutricion global,desnutricion moderada (m),2006-01-01,9,2,1,3,10,5,15
ANDAMARCA,desnutricion global,desnutricion moderada (m),2006-01-01,1,0,0,0,1,0,1
ANZALDO,desnutricion global,desnutricion moderada (m),2006-01-01,1,3,3,2,4,5,9
APOLO,desnutricion global,desnutricion moderada (m),2006-01-01,4,0,3,3,7,3,10
ARAMPAMPA,desnutricion global,desnutricion moderada (m),2006-01-01,7,5,6,5,13,10,23
ARANI,desnutricion global,desnutricion moderada (m),2006-01-01,1,1,3,1,4,2,6
ARBIETO,desnutricion global,desnutricion moderada (m),2006-01-01,2,1,0,1,2,2,4
ARQUE,desnutricion global,desnutricion moderada (m),2006-01-01,8,8,4,11,12,19,31
ATOCHA,desnutricion global,desnutricion moderada (m),2006-01-01,8,7,3,5,11,12,23
AUCAPATA,desnutricion global,desnutricion moderada (m),2006-01-01,5,3,4,3,9,6,15
AYATA,desnutricion global,desnutricion moderada (m),2006-01-01,6,4,4,3,10,7,17
AYO AYO,desnutricion global,desnutricion moderada (m),2006-01-01,9,0,0,0,9,0,9
AYOPAYA (V. DE INDEPENDENCIA),desnutricion global,desnutricion moderada (m),2006-01-01,7,7,6,5,13,12,25
AZURDUY,desnutricion global,desnutricion moderada (m),2006-01-01,7,13,11,21,18,34,52
BATALLAS,desnutricion global,desnutricion moderada (m),2006-01-01,1,4,1,0,2,4,6
BAURES,desnutricion global,desnutricion moderada (m),2006-01-01,0,0,0,1,0,1,1
BELEN DE URMIRI,desnutricion global,desnutricion moderada (m),2006-01-01,0,2,0,0,0,2,2
BELLA FLOR,desnutricion global,desnutricion moderada (m),2006-01-01,0,1,0,1,0,2,2
BERMEJO,desnutricion global,desnutricion moderada (m),2006-01-01,7,3,1,4,8,7,15
BETANZOS,desnutricion global,desnutricion moderada (m),2006-01-01,32,23,32,39,64,62,126
BOLIVAR,desnutricion global,desnutricion moderada (m),2006-01-01,17,17,10,10,27,27,54
BOYUIBE,desnutricion global,desnutricion moderada (m),2006-01-01,0,4,0,1,0,5,5
BUENA VISTA,desnutricion global,desnutricion moderada (m),2006-01-01,4,2,0,2,4,4,8
CABEZAS,desnutricion global,desnutricion moderada (m),2006-01-01,2,2,4,2,6,4,10
CAIROMA,desnutricion global,desnutricion moderada (m),2006-01-01,19,18,9,8,28,26,54
"CAIZA ""D""",desnutricion global,desnutricion moderada (m),2006-01-01,3,3,3,3,6,6,12
CAJUATA,desnutricion global,desnutricion moderada (m),2006-01-01,4,1,3,0,7,1,8
CALACOTO,desnutricion global,desnutricion moderada (m),2006-01-01,0,0,1,1,1,1,2
CALAMARCA,desnutricion global,desnutricion moderada (m),2006-01-01,14,14,13,15,27,29,56
CAMARGO,desnutricion global,desnutricion moderada (m),2006-01-01,8,16,9,7,17,23,40
CAMATAQUI (C. VILLA ABECIA),desnutricion global,desnutricion moderada (m),2006-01-01,3,1,2,1,5,2,7
CAMIRI,desnutricion global,desnutricion moderada (m),2006-01-01,7,10,10,14,17,24,41
CAPINOTA,desnutricion global,desnutricion moderada (m),2006-01-01,10,6,2,4,12,10,22
CAQUIAVIRI,desnutricion global,desnutricion moderada (m),2006-01-01,1,2,0,1,1,3,4
CARACOLLO,desnutricion global,desnutricion moderada (m),2006-01-01,4,0,1,0,5,0,5
CARANAVI,desnutricion global,desnutricion moderada (m),2006-01-01,10,11,7,10,17,21,38
CARAPARI,desnutricion global,desnutricion moderada (m),2006-01-01,1,2,0,2,1,4,5
CARIPUYO,desnutricion global,desnutricion moderada (m),2006-01-01,11,5,2,6,13,11,24
CARMEN RIVERO TORREZ,desnutricion global,desnutricion moderada (m),2006-01-01,0,1,0,0,0,1,1
CHACARILLA,desnutricion global,desnutricion moderada (m),2006-01-01,0,0,1,0,1,0,1
CHALLAPATA,desnutricion global,desnutricion moderada (m),2006-01-01,6,5,7,12,13,17,30
CHAQUI,desnutricion global,desnutricion moderada (m),2006-01-01,2,3,0,1,2,4,6
CHARAGUA,desnutricion global,desnutricion moderada (m),2006-01-01,16,10,5,8,21,18,39
CHARAÑA,desnutricion global,desnutricion moderada (m),2006-01-01,1,1,1,0,2,1,3
CHAYANTA,desnutricion global,desnutricion moderada (m),2006-01-01,14,12,6,13,20,25,45
CHIMORE,desnutricion global,desnutricion moderada (m),2006-01-01,9,7,10,5,19,12,31
CHIPAYA,desnutricion global,desnutricion moderada (m),2006-01-01,0,0,2,0,2,0,2
CHOQUE COTA,desnutricion global,desnutricion moderada (m),2006-01-01,0,0,0,1,0,1,1
CHULUMANI (V. DE LA LIBERTAD),desnutricion global,desnutricion moderada (m),2006-01-01,0,2,1,1,1,3,4
CHUMA,desnutricion global,desnutricion moderada (m),2006-01-01,8,5,5,5,13,10,23
CLIZA,desnutricion global,desnutricion moderada (m),2006-01-01,5,1,3,3,8,4,12
COBIJA,desnutricion global,desnutricion moderada (m),2006-01-01,6,5,4,3,10,8,18
COCHABAMBA,desnutricion global,desnutricion moderada (m),2006-01-01,61,60,28,37,89,97,186
COLCAPIRHUA,desnutricion global,desnutricion moderada (m),2006-01-01,9,1,2,7,11,8,19
"COLCHA ""K""",desnutricion global,desnutricion moderada (m),2006-01-01,1,1,1,0,2,1,3
COLLANA,desnutricion global,desnutricion moderada (m),2006-01-01,0,2,0,0,0,2,2
COLOMI,desnutricion global,desnutricion moderada (m),2006-01-01,8,2,3,4,11,6,17
COLPA BELGICA,desnutricion global,desnutricion moderada (m),2006-01-01,2,0,0,1,2,1,3
COLQUECHACA,desnutricion global,desnutricion moderada (m),2006-01-01,24,17,16,14,40,31,71
COLQUENCHA,desnutricion global,desnutricion moderada (m),2006-01-01,2,2,6,6,8,8,16
COLQUIRI,desnutricion global,desnutricion moderada (m),2006-01-01,2,7,5,4,7,11,18
COMANCHE,desnutricion global,desnutricion moderada (m),2006-01-01,0,0,1,0,1,0,1
COMARAPA,desnutricion global,desnutricion moderada (m),2006-01-01,2,5,6,3,8,8,16
COMBAYA,desnutricion global,desnutricion moderada (m),2006-01-01,1,0,0,1,1,1,2
CONCEPCION,desnutricion global,desnutricion moderada (m),2006-01-01,1,0,0,0,1,0,1
COPACABANA,desnutricion global,desnutricion moderada (m),2006-01-01,1,2,1,0,2,2,4
CORIPATA,desnutricion global,desnutricion moderada (m),2006-01-01,2,1,0,0,2,1,3
CORO CORO,desnutricion global,desnutricion moderada (m),2006-01-01,1,2,9,3,10,5,15
COROICO,desnutricion global,desnutricion moderada (m),2006-01-01,4,1,2,2,6,3,9
CORQUE,desnutricion global,desnutricion moderada (m),2006-01-01,4,0,1,0,5,0,5
COTAGAITA,desnutricion global,desnutricion moderada (m),2006-01-01,13,10,11,24,24,34,58
COTOCA,desnutricion global,desnutricion moderada (m),2006-01-01,9,9,3,10,12,19,31
CUATRO CAÑADAS,desnutricion global,desnutricion moderada (m),2006-01-01,6,11,4,8,10,19,29
CUEVO,desnutricion global,desnutricion moderada (m),2006-01-01,1,0,0,0,1,0,1
CULPINA,desnutricion global,desnutricion moderada (m),2006-01-01,18,6,15,23,33,29,62
CURVA,desnutricion global,desnutricion moderada (m),2006-01-01,0,0,2,0,2,0,2
DESAGUADERO,desnutricion global,desnutricion moderada (m),2006-01-01,1,0,5,0,6,0,6
EL ALTO,desnutricion global,desnutricion moderada (m),2006-01-01,202,180,122,121,324,301,625
EL PUENTE(STC),desnutricion global,desnutricion moderada (m),2006-01-01,1,4,0,2,1,6,7
EL PUENTE(TJA),desnutricion global,desnutricion moderada (m),2006-01-01,1,3,3,5,4,8,12
EL TORNO,desnutricion global,desnutricion moderada (m),2006-01-01,6,3,4,4,10,7,17
EL VILLAR,desnutricion global,desnutricion moderada (m),2006-01-01,2,4,3,11,5,15,20
ENTRE RIOS,desnutricion global,desnutricion moderada (m),2006-01-01,13,14,14,6,27,20,47
ENTRE RIOS,desnutricion global,desnutricion moderada (m),2006-01-01,3,5,2,4,5,9,14
EUCALIPTUS,desnutricion global,desnutricion moderada (m),2006-01-01,2,0,1,0,3,0,3
EUREKA (SANTOS MERCADO),desnutricion global,desnutricion moderada (m),2006-01-01,0,1,0,0,0,1,1
EXALTACION,desnutricion global,desnutricion moderada (m),2006-01-01,1,1,0,0,1,1,2
FERNANDEZ ALONSO,desnutricion global,desnutricion moderada (m),2006-01-01,0,4,4,1,4,5,9
GENERAL SAAVEDRA,desnutricion global,desnutricion moderada (m),2006-01-01,9,4,3,1,12,5,17
GRAL. J.J. PEREZ (CHARAZANI),desnutricion global,desnutricion moderada (m),2006-01-01,9,9,7,10,16,19,35
GUANAY,desnutricion global,desnutricion moderada (m),2006-01-01,1,4,3,3,4,7,11
GUAQUI,desnutricion global,desnutricion moderada (m),2006-01-01,0,0,1,0,1,0,1
GUAYARAMERIN,desnutricion global,desnutricion moderada (m),2006-01-01,14,13,2,14,16,27,43
GUTIERREZ,desnutricion global,desnutricion moderada (m),2006-01-01,12,15,20,27,32,42,74
HUACARETA,desnutricion global,desnutricion moderada (m),2006-01-01,1,3,4,6,5,9,14
HUACAYA (VILLA DE HUACAYA),desnutricion global,desnutricion moderada (m),2006-01-01,0,1,1,0,1,1,2
HUANUNI,desnutricion global,desnutricion moderada (m),2006-01-01,3,7,4,4,7,11,18
HUARACAJE,desnutricion global,desnutricion moderada (m),2006-01-01,0,1,0,0,0,1,1
ICHOCA,desnutricion global,desnutricion moderada (m),2006-01-01,3,2,3,4,6,6,12
ICLA,desnutricion global,desnutricion moderada (m),2006-01-01,24,18,30,29,54,47,101
INCAHUASI,desnutricion global,desnutricion moderada (m),2006-01-01,29,23,11,30,40,53,93
INGAVI (HUMAITA),desnutricion global,desnutricion moderada (m),2006-01-01,0,0,1,0,1,0,1
INQUISIVI,desnutricion global,desnutricion moderada (m),2006-01-01,12,5,4,9,16,14,30
IRUPANA (VILLA DE LANZA),desnutricion global,desnutricion moderada (m),2006-01-01,0,2,0,0,0,2,2
IXIAMAS,desnutricion global,desnutricion moderada (m),2006-01-01,5,6,1,0,6,6,12
JESUS DE MACHACA,desnutricion global,desnutricion moderada (m),2006-01-01,1,6,2,3,3,9,12
LA ASUNTA,desnutricion global,desnutricion moderada (m),2006-01-01,6,0,1,5,7,5,12
LA GUARDIA,desnutricion global,desnutricion moderada (m),2006-01-01,17,13,9,8,26,21,47
LA PAZ,desnutricion global,desnutricion moderada (m),2006-01-01,142,123,66,49,208,172,380
LAGUNILLAS,desnutricion global,desnutricion moderada (m),2006-01-01,1,2,1,0,2,2,4
LAJA,desnutricion global,desnutricion moderada (m),2006-01-01,2,1,3,4,5,5,10
LAS CARRERAS,desnutricion global,desnutricion moderada (m),2006-01-01,2,1,1,8,3,9,12
LLALLAGUA,desnutricion global,desnutricion moderada (m),2006-01-01,12,17,18,23,30,40,70
LLICA,desnutricion global,desnutricion moderada (m),2006-01-01,0,0,1,0,1,0,1
LORETO,desnutricion global,desnutricion moderada (m),2006-01-01,0,4,0,0,0,4,4
LURIBAY,desnutricion global,desnutricion moderada (m),2006-01-01,5,4,1,2,6,6,12
MACHACAMARCA,desnutricion global,desnutricion moderada (m),2006-01-01,2,1,0,1,2,2,4
MACHARETI,desnutricion global,desnutricion moderada (m),2006-01-01,2,1,7,6,9,7,16
MAGDALENA,desnutricion global,desnutricion moderada (m),2006-01-01,2,1,0,0,2,1,3
MAIRANA,desnutricion global,desnutricion moderada (m),2006-01-01,0,1,3,0,3,1,4
MALLA,desnutricion global,desnutricion moderada (m),2006-01-01,3,1,0,2,3,3,6
MAPIRI,desnutricion global,desnutricion moderada (m),2006-01-01,0,0,0,2,0,2,2
MECAPACA,desnutricion global,desnutricion moderada (m),2006-01-01,2,2,1,4,3,6,9
MINEROS,desnutricion global,desnutricion moderada (m),2006-01-01,10,6,0,1,10,7,17
MIZQUE,desnutricion global,desnutricion moderada (m),2006-01-01,7,6,6,7,13,13,26
MOCOMOCO,desnutricion global,desnutricion moderada (m),2006-01-01,3,5,5,2,8,7,15
MOJOCOYA,desnutricion global,desnutricion moderada (m),2006-01-01,3,3,4,7,7,10,17
MONTEAGUDO,desnutricion global,desnutricion moderada (m),2006-01-01,16,10,6,11,22,21,43
MONTERO,desnutricion global,desnutricion moderada (m),2006-01-01,41,46,12,22,53,68,121
MOROCHATA,desnutricion global,desnutricion moderada (m),2006-01-01,8,9,8,13,16,22,38
NACEBE (SANTA ROSA DEL ABUNA),desnutricion global,desnutricion moderada (m),2006-01-01,0,0,0,1,0,1,1
NUEVO MANOA (NUEVA ESPERANZA),desnutricion global,desnutricion moderada (m),2006-01-01,2,0,0,2,2,2,4
OCURI,desnutricion global,desnutricion moderada (m),2006-01-01,24,16,15,13,39,29,68
OKINAWA,desnutricion global,desnutricion moderada (m),2006-01-01,0,2,0,0,0,2,2
OMEREQUE,desnutricion global,desnutricion moderada (m),2006-01-01,1,1,0,3,1,4,5
ORURO,desnutricion global,desnutricion moderada (m),2006-01-01,70,45,20,25,90,70,160
PADCAYA,desnutricion global,desnutricion moderada (m),2006-01-01,1,6,0,1,1,7,8
PADILLA,desnutricion global,desnutricion moderada (m),2006-01-01,5,6,8,17,13,23,36
PAILON,desnutricion global,desnutricion moderada (m),2006-01-01,0,4,7,0,7,4,11
PALCA,desnutricion global,desnutricion moderada (m),2006-01-01,1,1,0,0,1,1,2
PALOS BLANCOS,desnutricion global,desnutricion moderada (m),2006-01-01,10,4,2,8,12,12,24
PAMPA AULLAGAS,desnutricion global,desnutricion moderada (m),2006-01-01,1,0,0,1,1,1,2
PAMPA GRANDE,desnutricion global,desnutricion moderada (m),2006-01-01,2,3,5,0,7,3,10
PASORAPA,desnutricion global,desnutricion moderada (m),2006-01-01,3,1,3,1,6,2,8
PATACAMAYA,desnutricion global,desnutricion moderada (m),2006-01-01,6,16,10,7,16,23,39
PAZÑA,desnutricion global,desnutricion moderada (m),2006-01-01,3,0,1,0,4,0,4
PELECHUCO,desnutricion global,desnutricion moderada (m),2006-01-01,0,2,1,0,1,2,3
POCOATA,desnutricion global,desnutricion moderada (m),2006-01-01,14,11,12,14,26,25,51
POCONA,desnutricion global,desnutricion moderada (m),2006-01-01,6,4,3,2,9,6,15
POJO (CBBA),desnutricion global,desnutricion moderada (m),2006-01-01,1,2,1,3,2,5,7
POOPO,desnutricion global,desnutricion moderada (m),2006-01-01,1,1,0,0,1,1,2
PORCO,desnutricion global,desnutricion moderada (m),2006-01-01,3,0,3,2,6,2,8
POROMA,desnutricion global,desnutricion moderada (m),2006-01-01,10,7,8,8,18,15,33
PORONGO,desnutricion global,desnutricion moderada (m),2006-01-01,1,1,0,0,1,1,2
PORTACHUELO,desnutricion global,desnutricion moderada (m),2006-01-01,2,3,1,2,3,5,8
PORVENIR,desnutricion global,desnutricion moderada (m),2006-01-01,1,0,0,0,1,0,1
POSTRER VALLE,desnutricion global,desnutricion moderada (m),2006-01-01,0,2,1,0,1,2,3
POTOSI,desnutricion global,desnutricion moderada (m),2006-01-01,83,58,28,22,111,80,191
PRESTO,desnutricion global,desnutricion moderada (m),2006-01-01,15,10,15,13,30,23,53
PUCARANI,desnutricion global,desnutricion moderada (m),2006-01-01,2,5,1,1,3,6,9
PUERTO ACOSTA,desnutricion global,desnutricion moderada (m),2006-01-01,4,1,0,0,4,1,5
PUERTO CARABUCO,desnutricion global,desnutricion moderada (m),2006-01-01,3,4,2,4,5,8,13
PUERTO GONZALO MORENO,desnutricion global,desnutricion moderada (m),2006-01-01,2,0,1,3,3,3,6
PUERTO QUIJARRO,desnutricion global,desnutricion moderada (m),2006-01-01,0,2,0,1,0,3,3
PUERTO RICO,desnutricion global,desnutricion moderada (m),2006-01-01,1,1,2,2,3,3,6
PUERTO SUAREZ,desnutricion global,desnutricion moderada (m),2006-01-01,5,2,2,4,7,6,13
PUERTO VILLARROEL,desnutricion global,desnutricion moderada (m),2006-01-01,23,36,12,17,35,53,88
PUNA,desnutricion global,desnutricion moderada (m),2006-01-01,20,17,19,24,39,41,80
PUNATA,desnutricion global,desnutricion moderada (m),2006-01-01,4,5,3,1,7,6,13
QUILLACOLLO,desnutricion global,desnutricion moderada (m),2006-01-01,14,8,10,16,24,24,48
QUIME,desnutricion global,desnutricion moderada (m),2006-01-01,3,7,3,5,6,12,18
RAVELO,desnutricion global,desnutricion moderada (m),2006-01-01,23,15,17,16,40,31,71
REYES,desnutricion global,desnutricion moderada (m),2006-01-01,4,4,1,1,5,5,10
RIBERALTA,desnutricion global,desnutricion moderada (m),2006-01-01,45,56,23,23,68,79,147
ROBORE,desnutricion global,desnutricion moderada (m),2006-01-01,4,3,1,4,5,7,12
RURRENABAQUE,desnutricion global,desnutricion moderada (m),2006-01-01,1,1,0,0,1,1,2
SABAYA,desnutricion global,desnutricion moderada (m),2006-01-01,1,0,0,0,1,0,1
SACABA,desnutricion global,desnutricion moderada (m),2006-01-01,25,23,12,19,37,42,79
SACABAMBA,desnutricion global,desnutricion moderada (m),2006-01-01,6,5,1,4,7,9,16
SACACA,desnutricion global,desnutricion moderada (m),2006-01-01,19,18,34,17,53,35,88
SAIPINA,desnutricion global,desnutricion moderada (m),2006-01-01,1,1,1,1,2,2,4
SALINAS DE GARCI MENDOZA,desnutricion global,desnutricion moderada (m),2006-01-01,2,1,1,0,3,1,4
SAMAIPATA,desnutricion global,desnutricion moderada (m),2006-01-01,0,1,1,1,1,2,3
SAN ANDRES,desnutricion global,desnutricion moderada (m),2006-01-01,2,1,1,4,3,5,8
SAN ANDRES DE MACHACA,desnutricion global,desnutricion moderada (m),2006-01-01,1,0,1,0,2,0,2
SAN ANTONIO DE ESMORUCO,desnutricion global,desnutricion moderada (m),2006-01-01,0,0,1,0,1,0,1
SAN ANTONIO DE LOMERIO,desnutricion global,desnutricion moderada (m),2006-01-01,5,4,4,7,9,11,20
SAN BENITO,desnutricion global,desnutricion moderada (m),2006-01-01,4,2,3,4,7,6,13
SAN BORJA,desnutricion global,desnutricion moderada (m),2006-01-01,11,6,7,8,18,14,32
SAN BUENA VENTURA,desnutricion global,desnutricion moderada (m),2006-01-01,3,1,1,0,4,1,5
SAN CARLOS,desnutricion global,desnutricion moderada (m),2006-01-01,1,5,2,2,3,7,10
SAN IGNACIO,desnutricion global,desnutricion moderada (m),2006-01-01,6,3,3,6,9,9,18
SAN IGNACIO DE VELASCO,desnutricion global,desnutricion moderada (m),2006-01-01,29,38,20,25,49,63,112
SAN JAVIER(BNI),desnutricion global,desnutricion moderada (m),2006-01-01,0,1,1,0,1,1,2
SAN JOAQUIN,desnutricion global,desnutricion moderada (m),2006-01-01,0,0,1,0,1,0,1
SAN JOSE DE CHIQUITOS,desnutricion global,desnutricion moderada (m),2006-01-01,5,3,3,7,8,10,18
SAN JUAN DE YAPACANI,desnutricion global,desnutricion moderada (m),2006-01-01,1,2,0,0,1,2,3
SAN JULIAN,desnutricion global,desnutricion moderada (m),2006-01-01,0,3,0,2,0,5,5
SAN LORENZO(PND),desnutricion global,desnutricion moderada (m),2006-01-01,0,3,0,0,0,3,3
SAN LORENZO(TJA),desnutricion global,desnutricion moderada (m),2006-01-01,7,4,3,10,10,14,24
SAN LUCAS,desnutricion global,desnutricion moderada (m),2006-01-01,48,50,33,62,81,112,193
SAN MATIAS,desnutricion global,desnutricion moderada (m),2006-01-01,2,3,2,1,4,4,8
SAN MIGUEL DE VELASCO,desnutricion global,desnutricion moderada (m),2006-01-01,2,3,4,1,6,4,10
SAN PABLO DE LIPEZ,desnutricion global,desnutricion moderada (m),2006-01-01,0,0,1,0,1,0,1
SAN PEDRO,desnutricion global,desnutricion moderada (m),2006-01-01,1,2,0,2,1,4,5
SAN PEDRO DE BUENA VISTA,desnutricion global,desnutricion moderada (m),2006-01-01,11,11,14,12,25,23,48
SAN PEDRO DE CURAHUARA,desnutricion global,desnutricion moderada (m),2006-01-01,0,0,0,1,0,1,1
SAN PEDRO DE TIQUINA,desnutricion global,desnutricion moderada (m),2006-01-01,3,0,0,0,3,0,3
SAN PEDRO(PND),desnutricion global,desnutricion moderada (m),2006-01-01,2,0,1,0,3,0,3
SAN RAFAEL,desnutricion global,desnutricion moderada (m),2006-01-01,1,8,6,5,7,13,20
SANTA ANA,desnutricion global,desnutricion moderada (m),2006-01-01,2,3,0,1,2,4,6
SANTA CRUZ DE LA SIERRA,desnutricion global,desnutricion moderada (m),2006-01-01,92,96,45,52,137,148,285
SANTA ROSA,desnutricion global,desnutricion moderada (m),2006-01-01,4,12,0,2,4,14,18
SANTA ROSA DEL SARA,desnutricion global,desnutricion moderada (m),2006-01-01,4,5,2,3,6,8,14
SANTIAGO DE CALLAPA,desnutricion global,desnutricion moderada (m),2006-01-01,3,5,6,4,9,9,18
SANTIAGO DE HUARI,desnutricion global,desnutricion moderada (m),2006-01-01,1,2,1,0,2,2,4
SANTIAGO DE MACHACA,desnutricion global,desnutricion moderada (m),2006-01-01,1,0,0,1,1,1,2
SANTIVAÑES,desnutricion global,desnutricion moderada (m),2006-01-01,4,6,3,0,7,6,13
SANTUARIO DE QUILLACAS,desnutricion global,desnutricion moderada (m),2006-01-01,1,1,0,1,1,2,3
SAPAHAQUI,desnutricion global,desnutricion moderada (m),2006-01-01,3,3,5,2,8,5,13
SENA,desnutricion global,desnutricion moderada (m),2006-01-01,0,3,1,3,1,6,7
SICA SICA (VILLA AROMA),desnutricion global,desnutricion moderada (m),2006-01-01,11,7,9,3,20,10,30
SICAYA,desnutricion global,desnutricion moderada (m),2006-01-01,6,1,4,8,10,9,19
SIPE SIPE,desnutricion global,desnutricion moderada (m),2006-01-01,17,16,5,12,22,28,50
SOPACHUY,desnutricion global,desnutricion moderada (m),2006-01-01,4,15,4,20,8,35,43
SORACACHI,desnutricion global,desnutricion moderada (m),2006-01-01,2,2,2,1,4,3,7
SORATA,desnutricion global,desnutricion moderada (m),2006-01-01,1,2,0,2,1,4,5
SUCRE,desnutricion global,desnutricion moderada (m),2006-01-01,39,33,26,35,65,68,133
TACOBAMBA,desnutricion global,desnutricion moderada (m),2006-01-01,6,5,12,3,18,8,26
TACOPAYA,desnutricion global,desnutricion moderada (m),2006-01-01,8,11,6,9,14,20,34
TAPACARI,desnutricion global,desnutricion moderada (m),2006-01-01,10,18,8,11,18,29,47
TARABUCO,desnutricion global,desnutricion moderada (m),2006-01-01,53,37,43,67,96,104,200
TARATA,desnutricion global,desnutricion moderada (m),2006-01-01,1,1,2,2,3,3,6
TARIJA,desnutricion global,desnutricion moderada (m),2006-01-01,20,32,17,10,37,42,79
TARVITA,desnutricion global,desnutricion moderada (m),2006-01-01,6,14,12,26,18,40,58
TEOPONTE,desnutricion global,desnutricion moderada (m),2006-01-01,1,4,2,3,3,7,10
TIAWANACU,desnutricion global,desnutricion moderada (m),2006-01-01,0,1,0,0,0,1,1
TINGUIPAYA,desnutricion global,desnutricion moderada (m),2006-01-01,20,14,15,19,35,33,68
TIPUANI,desnutricion global,desnutricion moderada (m),2006-01-01,2,6,2,2,4,8,12
TIQUIPAYA,desnutricion global,desnutricion moderada (m),2006-01-01,4,7,0,2,4,9,13
TIRAQUE (CBBA),desnutricion global,desnutricion moderada (m),2006-01-01,21,14,12,8,33,22,55
TITO YUPANQUI (PARQUIPUJIO),desnutricion global,desnutricion moderada (m),2006-01-01,0,1,0,0,0,1,1
TOCO,desnutricion global,desnutricion moderada (m),2006-01-01,0,0,1,0,1,0,1
TOLATA,desnutricion global,desnutricion moderada (m),2006-01-01,0,1,0,0,0,1,1
TOMAVE,desnutricion global,desnutricion moderada (m),2006-01-01,0,0,2,2,2,2,4
TOMINA,desnutricion global,desnutricion moderada (m),2006-01-01,13,13,7,10,20,23,43
TORO TORO,desnutricion global,desnutricion moderada (m),2006-01-01,15,18,10,17,25,35,60
TOTORA(CBBA),desnutricion global,desnutricion moderada (m),2006-01-01,3,0,0,1,3,1,4
TOTORA(ORR),desnutricion global,desnutricion moderada (m),2006-01-01,1,1,0,0,1,1,2
TRINIDAD,desnutricion global,desnutricion moderada (m),2006-01-01,35,13,13,11,48,24,72
TUPIZA,desnutricion global,desnutricion moderada (m),2006-01-01,13,5,12,12,25,17,42
TURCO,desnutricion global,desnutricion moderada (m),2006-01-01,0,1,1,0,1,1,2
UMALA,desnutricion global,desnutricion moderada (m),2006-01-01,5,1,0,1,5,2,7
UNCIA,desnutricion global,desnutricion moderada (m),2006-01-01,6,0,3,4,9,4,13
URIONDO (A. CONCEPCION),desnutricion global,desnutricion moderada (m),2006-01-01,4,3,3,4,7,7,14
UYUNI,desnutricion global,desnutricion moderada (m),2006-01-01,2,2,0,1,2,3,5
VACAS,desnutricion global,desnutricion moderada (m),2006-01-01,1,2,1,2,2,4,6
VALLEGRANDE,desnutricion global,desnutricion moderada (m),2006-01-01,5,1,0,5,5,6,11
VIACHA,desnutricion global,desnutricion moderada (m),2006-01-01,5,6,2,7,7,13,20
VILA VILA,desnutricion global,desnutricion moderada (m),2006-01-01,2,2,0,0,2,2,4
VILLA MONTES,desnutricion global,desnutricion moderada (m),2006-01-01,5,4,8,6,13,10,23
VILLA NUEVA (LOMA ALTA),desnutricion global,desnutricion moderada (m),2006-01-01,0,1,0,0,0,1,1
VILLA RIVERO,desnutricion global,desnutricion moderada (m),2006-01-01,2,2,0,1,2,3,5
VILLA SERRANO,desnutricion global,desnutricion moderada (m),2006-01-01,12,13,10,17,22,30,52
VILLA TUNARI,desnutricion global,desnutricion moderada (m),2006-01-01,14,16,13,15,27,31,58
VILLA VACA GUZMAN (MUYUPAMPA),desnutricion global,desnutricion moderada (m),2006-01-01,3,2,6,2,9,4,13
VILLAZON,desnutricion global,desnutricion moderada (m),2006-01-01,21,14,7,7,28,21,49
VINTO,desnutricion global,desnutricion moderada (m),2006-01-01,2,1,0,1,2,2,4
VITICHI,desnutricion global,desnutricion moderada (m),2006-01-01,15,10,8,17,23,27,50
WALDO BALLIVIAN,desnutricion global,desnutricion moderada (m),2006-01-01,0,0,0,1,0,1,1
WARNES,desnutricion global,desnutricion moderada (m),2006-01-01,13,13,4,8,17,21,38
YACO,desnutricion global,desnutricion moderada (m),2006-01-01,3,5,1,4,4,9,13
YACUIBA,desnutricion global,desnutricion moderada (m),2006-01-01,6,6,1,3,7,9,16
YAMPARAEZ,desnutricion global,desnutricion moderada (m),2006-01-01,16,14,11,11,27,25,52
YAPACANI,desnutricion global,desnutricion moderada (m),2006-01-01,13,18,6,10,19,28,47
YOCALLA,desnutricion global,desnutricion moderada (m),2006-01-01,2,0,1,1,3,1,4
YOTALA,desnutricion global,desnutricion moderada (m),2006-01-01,6,4,2,9,8,13,21
YUNCHARA,desnutricion global,desnutricion moderada (m),2006-01-01,7,6,8,3,15,9,24
ZUDAÑEZ,desnutricion global,desnutricion moderada (m),2006-01-01,13,9,10,15,23,24,47
ACACIO,desnutricion global,desnutricion moderada (m),2006-02-01,3,9,8,6,11,15,26
ACHACACHI,desnutricion global,desnutricion moderada (m),2006-02-01,4,9,4,4,8,13,21
ACHOCALLA,desnutricion global,desnutricion moderada (m),2006-02-01,1,0,0,0,1,0,1
AIQUILE,desnutricion global,desnutricion moderada (m),2006-02-01,5,3,2,10,7,13,20
ALALAY,desnutricion global,desnutricion moderada (m),2006-02-01,0,0,0,1,0,1,1
ALCALA,desnutricion global,desnutricion moderada (m),2006-02-01,5,6,6,8,11,14,25
ANCORAIMES,desnutricion global,desnutricion moderada (m),2006-02-01,3,1,4,1,7,2,9
ANDAMARCA,desnutricion global,desnutricion moderada (m),2006-02-01,7,2,2,3,9,5,14
ANZALDO,desnutricion global,desnutricion moderada (m),2006-02-01,0,1,4,3,4,4,8
APOLO,desnutricion global,desnutricion moderada (m),2006-02-01,18,9,3,20,21,29,50
ARAMPAMPA,desnutricion global,desnutricion moderada (m),2006-02-01,3,0,5,9,8,9,17
ARANI,desnutricion global,desnutricion moderada (m),2006-02-01,1,4,0,1,1,5,6
ARBIETO,desnutricion global,desnutricion moderada (m),2006-02-01,3,3,0,0,3,3,6
ARQUE,desnutricion global,desnutricion moderada (m),2006-02-01,7,12,6,11,13,23,36
ASCENCION DE GUARAYOS,desnutricion global,desnutricion moderada (m),2006-02-01,29,14,26,29,55,43,98
ATOCHA,desnutricion global,desnutricion moderada (m),2006-02-01,25,14,8,10,33,24,57
AUCAPATA,desnutricion global,desnutricion moderada (m),2006-02-01,3,3,2,3,5,6,11
AYATA,desnutricion global,desnutricion moderada (m),2006-02-01,3,3,8,6,11,9,20
AYO AYO,desnutricion global,desnutricion moderada (m),2006-02-01,2,3,0,3,2,6,8
AYOPAYA (V. DE INDEPENDENCIA),desnutricion global,desnutricion moderada (m),2006-02-01,10,15,10,19,20,34,54
AZURDUY,desnutricion global,desnutricion moderada (m),2006-02-01,5,8,12,12,17,20,37
BATALLAS,desnutricion global,desnutricion moderada (m),2006-02-01,4,2,2,2,6,4,10
BELEN DE ANDAMARCA,desnutricion global,desnutricion moderada (m),2006-02-01,0,0,0,1,0,1,1
BELEN DE URMIRI,desnutricion global,desnutricion moderada (m),2006-02-01,1,0,1,1,2,1,3
BELLA FLOR,desnutricion global,desnutricion moderada (m),2006-02-01,1,0,0,4,1,4,5
BERMEJO,desnutricion global,desnutricion moderada (m),2006-02-01,1,1,1,0,2,1,3
BETANZOS,desnutricion global,desnutricion moderada (m),2006-02-01,19,21,21,21,40,42,82
BOLIVAR,desnutricion global,desnutricion moderada (m),2006-02-01,13,9,3,8,16,17,33
BOLPEBRA,desnutricion global,desnutricion moderada (m),2006-02-01,0,1,0,0,0,1,1
BOYUIBE,desnutricion global,desnutricion moderada (m),2006-02-01,1,2,0,2,1,4,5
BUENA VISTA,desnutricion global,desnutricion moderada (m),2006-02-01,0,1,2,1,2,2,4
CABEZAS,desnutricion global,desnutricion moderada (m),2006-02-01,2,3,8,6,10,9,19
CAIROMA,desnutricion global,desnutricion moderada (m),2006-02-01,22,15,7,11,29,26,55
"CAIZA ""D""",desnutricion global,desnutricion moderada (m),2006-02-01,3,3,6,3,9,6,15
CAJUATA,desnutricion global,desnutricion moderada (m),2006-02-01,1,0,1,2,2,2,4
CALACOTO,desnutricion global,desnutricion moderada (m),2006-02-01,4,1,3,2,7,3,10
CALAMARCA,desnutricion global,desnutricion moderada (m),2006-02-01,15,15,9,10,24,25,49
CAMARGO,desnutricion global,desnutricion moderada (m),2006-02-01,22,10,14,17,36,27,63
CAMATAQUI (C. VILLA ABECIA),desnutricion global,desnutricion moderada (m),2006-02-01,1,2,4,3,5,5,10
CAMIRI,desnutricion global,desnutricion moderada (m),2006-02-01,11,12,8,16,19,28,47
CAPINOTA,desnutricion global,desnutricion moderada (m),2006-02-01,21,9,11,3,32,12,44
CAQUIAVIRI,desnutricion global,desnutricion moderada (m),2006-02-01,1,0,0,0,1,0,1
CARACOLLO,desnutricion global,desnutricion moderada (m),2006-02-01,2,5,2,2,4,7,11
CARANAVI,desnutricion global,desnutricion moderada (m),2006-02-01,18,15,7,10,25,25,50
CARAPARI,desnutricion global,desnutricion moderada (m),2006-02-01,0,0,2,2,2,2,4
CARIPUYO,desnutricion global,desnutricion moderada (m),2006-02-01,5,2,3,7,8,9,17
CARMEN RIVERO TORREZ,desnutricion global,desnutricion moderada (m),2006-02-01,0,1,2,3,2,4,6
CHACARILLA,desnutricion global,desnutricion moderada (m),2006-02-01,1,3,0,0,1,3,4
CHALLAPATA,desnutricion global,desnutricion moderada (m),2006-02-01,12,7,7,7,19,14,33
CHAQUI,desnutricion global,desnutricion moderada (m),2006-02-01,5,2,3,2,8,4,12
CHARAGUA,desnutricion global,desnutricion moderada (m),2006-02-01,12,15,6,9,18,24,42
CHARAÑA,desnutricion global,desnutricion moderada (m),2006-02-01,0,1,0,0,0,1,1
CHAYANTA,desnutricion global,desnutricion moderada (m),2006-02-01,16,17,13,21,29,38,67
CHIMORE,desnutricion global,desnutricion moderada (m),2006-02-01,5,6,1,2,6,8,14
CHOQUE COTA,desnutricion global,desnutricion moderada (m),2006-02-01,1,0,1,0,2,0,2
CHULUMANI (V. DE LA LIBERTAD),desnutricion global,desnutricion moderada (m),2006-02-01,0,1,0,0,0,1,1
CHUMA,desnutricion global,desnutricion moderada (m),2006-02-01,6,6,1,4,7,10,17
CLIZA,desnutricion global,desnutricion moderada (m),2006-02-01,13,6,0,2,13,8,21
COBIJA,desnutricion global,desnutricion moderada (m),2006-02-01,7,5,9,4,16,9,25
COCHABAMBA,desnutricion global,desnutricion moderada (m),2006-02-01,81,72,31,46,112,118,230
COLCAPIRHUA,desnutricion global,desnutricion moderada (m),2006-02-01,8,2,1,2,9,4,13
"COLCHA ""K""",desnutricion global,desnutricion moderada (m),2006-02-01,0,1,2,3,2,4,6
COLOMI,desnutricion global,desnutricion moderada (m),2006-02-01,4,8,4,6,8,14,22
COLPA BELGICA,desnutricion global,desnutricion moderada (m),2006-02-01,1,0,1,0,2,0,2
COLQUECHACA,desnutricion global,desnutricion moderada (m),2006-02-01,42,28,35,36,77,64,141
COLQUENCHA,desnutricion global,desnutricion moderada (m),2006-02-01,7,0,4,4,11,4,15
COLQUIRI,desnutricion global,desnutricion moderada (m),2006-02-01,11,8,9,6,20,14,34
COMANCHE,desnutricion global,desnutricion moderada (m),2006-02-01,0,0,0,1,0,1,1
COMARAPA,desnutricion global,desnutricion moderada (m),2006-02-01,6,3,5,6,11,9,20
CONCEPCION,desnutricion global,desnutricion moderada (m),2006-02-01,1,2,1,1,2,3,5
COPACABANA,desnutricion global,desnutricion moderada (m),2006-02-01,6,5,4,2,10,7,17
CORIPATA,desnutricion global,desnutricion moderada (m),2006-02-01,3,2,0,0,3,2,5
CORO CORO,desnutricion global,desnutricion moderada (m),2006-02-01,6,3,6,1,12,4,16
COROICO,desnutricion global,desnutricion moderada (m),2006-02-01,2,0,4,2,6,2,8
CORQUE,desnutricion global,desnutricion moderada (m),2006-02-01,4,2,0,0,4,2,6
COTAGAITA,desnutricion global,desnutricion moderada (m),2006-02-01,20,21,24,26,44,47,91
COTOCA,desnutricion global,desnutricion moderada (m),2006-02-01,7,6,1,1,8,7,15
CUATRO CAÑADAS,desnutricion global,desnutricion moderada (m),2006-02-01,1,2,1,2,2,4,6
CUCHUMUELA (V. G. VILLARROEL),desnutricion global,desnutricion moderada (m),2006-02-01,1,2,0,0,1,2,3
CUEVO,desnutricion global,desnutricion moderada (m),2006-02-01,3,3,0,1,3,4,7
CULPINA,desnutricion global,desnutricion moderada (m),2006-02-01,20,20,20,21,40,41,81
CURAHUARA DE CARANGAS,desnutricion global,desnutricion moderada (m),2006-02-01,2,1,0,1,2,2,4
CURVA,desnutricion global,desnutricion moderada (m),2006-02-01,0,2,0,0,0,2,2
DESAGUADERO,desnutricion global,desnutricion moderada (m),2006-02-01,1,0,0,0,1,0,1
EL ALTO,desnutricion global,desnutricion moderada (m),2006-02-01,239,192,115,124,354,316,670
EL PUENTE(STC),desnutricion global,desnutricion moderada (m),2006-02-01,3,3,4,2,7,5,12
EL PUENTE(TJA),desnutricion global,desnutricion moderada (m),2006-02-01,0,1,2,2,2,3,5
EL TORNO,desnutricion global,desnutricion moderada (m),2006-02-01,3,4,6,5,9,9,18
EL VILLAR,desnutricion global,desnutricion moderada (m),2006-02-01,3,2,1,11,4,13,17
ENTRE RIOS,desnutricion global,desnutricion moderada (m),2006-02-01,12,8,5,9,17,17,34
ENTRE RIOS,desnutricion global,desnutricion moderada (m),2006-02-01,5,6,3,8,8,14,22
EUCALIPTUS,desnutricion global,desnutricion moderada (m),2006-02-01,0,1,0,0,0,1,1
EXALTACION,desnutricion global,desnutricion moderada (m),2006-02-01,2,2,1,1,3,3,6
FERNANDEZ ALONSO,desnutricion global,desnutricion moderada (m),2006-02-01,1,3,1,2,2,5,7
GENERAL SAAVEDRA,desnutricion global,desnutricion moderada (m),2006-02-01,9,6,9,6,18,12,30
GRAL. J.J. PEREZ (CHARAZANI),desnutricion global,desnutricion moderada (m),2006-02-01,8,8,7,8,15,16,31
GUANAY,desnutricion global,desnutricion moderada (m),2006-02-01,4,3,4,7,8,10,18
GUAQUI,desnutricion global,desnutricion moderada (m),2006-02-01,0,0,1,1,1,1,2
GUAYARAMERIN,desnutricion global,desnutricion moderada (m),2006-02-01,19,14,6,2,25,16,41
GUTIERREZ,desnutricion global,desnutricion moderada (m),2006-02-01,17,19,19,22,36,41,77
HUACARETA,desnutricion global,desnutricion moderada (m),2006-02-01,3,2,7,3,10,5,15
HUACAYA (VILLA DE HUACAYA),desnutricion global,desnutricion moderada (m),2006-02-01,0,1,1,0,1,1,2
HUACHACALLA,desnutricion global,desnutricion moderada (m),2006-02-01,0,2,2,1,2,3,5
HUANUNI,desnutricion global,desnutricion moderada (m),2006-02-01,7,3,1,10,8,13,21
HUARACAJE,desnutricion global,desnutricion moderada (m),2006-02-01,1,0,1,1,2,1,3
HUAYLLAMARCA,desnutricion global,desnutricion moderada (m),2006-02-01,1,0,0,0,1,0,1
ICHOCA,desnutricion global,desnutricion moderada (m),2006-02-01,2,1,2,3,4,4,8
ICLA,desnutricion global,desnutricion moderada (m),2006-02-01,17,30,32,39,49,69,118
INCAHUASI,desnutricion global,desnutricion moderada (m),2006-02-01,30,33,15,37,45,70,115
INGAVI (HUMAITA),desnutricion global,desnutricion moderada (m),2006-02-01,0,2,2,0,2,2,4
INQUISIVI,desnutricion global,desnutricion moderada (m),2006-02-01,10,12,7,5,17,17,34
IRUPANA (VILLA DE LANZA),desnutricion global,desnutricion moderada (m),2006-02-01,4,3,2,0,6,3,9
IXIAMAS,desnutricion global,desnutricion moderada (m),2006-02-01,0,8,4,3,4,11,15
JESUS DE MACHACA,desnutricion global,desnutricion moderada (m),2006-02-01,5,4,1,0,6,4,10
LA ASUNTA,desnutricion global,desnutricion moderada (m),2006-02-01,6,15,6,7,12,22,34
LA GUARDIA,desnutricion global,desnutricion moderada (m),2006-02-01,14,17,3,11,17,28,45
LA PAZ,desnutricion global,desnutricion moderada (m),2006-02-01,148,118,63,80,211,198,409
LAGUNILLAS,desnutricion global,desnutricion moderada (m),2006-02-01,2,1,1,3,3,4,7
LAJA,desnutricion global,desnutricion moderada (m),2006-02-01,3,3,2,4,5,7,12
LAS CARRERAS,desnutricion global,desnutricion moderada (m),2006-02-01,1,1,0,4,1,5,6
LLALLAGUA,desnutricion global,desnutricion moderada (m),2006-02-01,17,19,17,18,34,37,71
LORETO,desnutricion global,desnutricion moderada (m),2006-02-01,1,0,0,0,1,0,1
LURIBAY,desnutricion global,desnutricion moderada (m),2006-02-01,6,7,7,6,13,13,26
MACHARETI,desnutricion global,desnutricion moderada (m),2006-02-01,6,5,5,4,11,9,20
MAGDALENA,desnutricion global,desnutricion moderada (m),2006-02-01,1,6,0,1,1,7,8
MAIRANA,desnutricion global,desnutricion moderada (m),2006-02-01,3,4,0,1,3,5,8
MALLA,desnutricion global,desnutricion moderada (m),2006-02-01,3,2,0,2,3,4,7
MAPIRI,desnutricion global,desnutricion moderada (m),2006-02-01,2,1,1,1,3,2,5
MECAPACA,desnutricion global,desnutricion moderada (m),2006-02-01,0,2,0,2,0,4,4
MINEROS,desnutricion global,desnutricion moderada (m),2006-02-01,2,8,0,3,2,11,13
MIZQUE,desnutricion global,desnutricion moderada (m),2006-02-01,7,23,4,17,11,40,51
MOCOMOCO,desnutricion global,desnutricion moderada (m),2006-02-01,7,3,5,4,12,7,19
MOJINETE,desnutricion global,desnutricion moderada (m),2006-02-01,1,0,0,0,1,0,1
MOJOCOYA,desnutricion global,desnutricion moderada (m),2006-02-01,2,1,5,2,7,3,10
MONTEAGUDO,desnutricion global,desnutricion moderada (m),2006-02-01,16,3,5,16,21,19,40
MONTERO,desnutricion global,desnutricion moderada (m),2006-02-01,35,35,21,24,56,59,115
MORO MORO,desnutricion global,desnutricion moderada (m),2006-02-01,0,0,1,0,1,0,1
MOROCHATA,desnutricion global,desnutricion moderada (m),2006-02-01,4,11,10,8,14,19,33
OCURI,desnutricion global,desnutricion moderada (m),2006-02-01,24,18,8,12,32,30,62
OKINAWA,desnutricion global,desnutricion moderada (m),2006-02-01,1,0,1,0,2,0,2
OMEREQUE,desnutricion global,desnutricion moderada (m),2006-02-01,0,3,0,2,0,5,5
ORURO,desnutricion global,desnutricion moderada (m),2006-02-01,39,45,35,31,74,76,150
PADCAYA,desnutricion global,desnutricion moderada (m),2006-02-01,1,2,2,3,3,5,8
PADILLA,desnutricion global,desnutricion moderada (m),2006-02-01,6,3,13,14,19,17,36
PAILON,desnutricion global,desnutricion moderada (m),2006-02-01,0,6,2,1,2,7,9
PALCA,desnutricion global,desnutricion moderada (m),2006-02-01,2,1,6,3,8,4,12
PALOS BLANCOS,desnutricion global,desnutricion moderada (m),2006-02-01,15,17,10,19,25,36,61
PAMPA AULLAGAS,desnutricion global,desnutricion moderada (m),2006-02-01,0,3,0,1,0,4,4
PAMPA GRANDE,desnutricion global,desnutricion moderada (m),2006-02-01,1,1,1,0,2,1,3
PAPEL PAMPA,desnutricion global,desnutricion moderada (m),2006-02-01,2,0,0,0,2,0,2
PASORAPA,desnutricion global,desnutricion moderada (m),2006-02-01,2,6,1,2,3,8,11
PATACAMAYA,desnutricion global,desnutricion moderada (m),2006-02-01,17,8,12,11,29,19,48
PAZÑA,desnutricion global,desnutricion moderada (m),2006-02-01,1,1,1,0,2,1,3
PELECHUCO,desnutricion global,desnutricion moderada (m),2006-02-01,6,3,2,1,8,4,12
POCOATA,desnutricion global,desnutricion moderada (m),2006-02-01,9,21,11,12,20,33,53
POCONA,desnutricion global,desnutricion moderada (m),2006-02-01,8,7,8,10,16,17,33
POJO (CBBA),desnutricion global,desnutricion moderada (m),2006-02-01,5,1,2,4,7,5,12
POOPO,desnutricion global,desnutricion moderada (m),2006-02-01,0,1,2,0,2,1,3
PORCO,desnutricion global,desnutricion moderada (m),2006-02-01,2,1,3,1,5,2,7
POROMA,desnutricion global,desnutricion moderada (m),2006-02-01,16,18,9,11,25,29,54
PORONGO,desnutricion global,desnutricion moderada (m),2006-02-01,0,1,0,0,0,1,1
PORTACHUELO,desnutricion global,desnutricion moderada (m),2006-02-01,4,1,1,5,5,6,11
PORVENIR,desnutricion global,desnutricion moderada (m),2006-02-01,1,0,0,2,1,2,3
POTOSI,desnutricion global,desnutricion moderada (m),2006-02-01,86,59,39,27,125,86,211
PRESTO,desnutricion global,desnutricion moderada (m),2006-02-01,13,9,5,10,18,19,37
PUCARANI,desnutricion global,desnutricion moderada (m),2006-02-01,2,9,1,0,3,9,12
PUERTO ACOSTA,desnutricion global,desnutricion moderada (m),2006-02-01,3,4,0,0,3,4,7
PUERTO CARABUCO,desnutricion global,desnutricion moderada (m),2006-02-01,3,0,2,3,5,3,8
PUERTO GONZALO MORENO,desnutricion global,desnutricion moderada (m),2006-02-01,3,5,1,4,4,9,13
PUERTO QUIJARRO,desnutricion global,desnutricion moderada (m),2006-02-01,3,5,0,1,3,6,9
PUERTO RICO,desnutricion global,desnutricion moderada (m),2006-02-01,0,0,3,0,3,0,3
PUERTO SILES,desnutricion global,desnutricion moderada (m),2006-02-01,0,1,0,1,0,2,2
PUERTO SUAREZ,desnutricion global,desnutricion moderada (m),2006-02-01,4,4,1,1,5,5,10
PUERTO VILLARROEL,desnutricion global,desnutricion moderada (m),2006-02-01,30,32,24,27,54,59,113
PUNA,desnutricion global,desnutricion moderada (m),2006-02-01,17,26,19,14,36,40,76
PUNATA,desnutricion global,desnutricion moderada (m),2006-02-01,4,4,2,6,6,10,16
QUIABAYA,desnutricion global,desnutricion moderada (m),2006-02-01,2,1,1,0,3,1,4
QUILLACOLLO,desnutricion global,desnutricion moderada (m),2006-02-01,11,5,21,13,32,18,50
QUIME,desnutricion global,desnutricion moderada (m),2006-02-01,3,3,2,4,5,7,12
QUIRUSILLAS,desnutricion global,desnutricion moderada (m),2006-02-01,1,0,0,2,1,2,3
RAVELO,desnutricion global,desnutricion moderada (m),2006-02-01,31,31,20,43,51,74,125
REYES,desnutricion global,desnutricion moderada (m),2006-02-01,2,2,1,2,3,4,7
RIBERALTA,desnutricion global,desnutricion moderada (m),2006-02-01,19,49,14,17,33,66,99
ROBORE,desnutricion global,desnutricion moderada (m),2006-02-01,4,8,1,5,5,13,18
RURRENABAQUE,desnutricion global,desnutricion moderada (m),2006-02-01,0,1,0,1,0,2,2
SACABA,desnutricion global,desnutricion moderada (m),2006-02-01,24,33,7,11,31,44,75
SACABAMBA,desnutricion global,desnutricion moderada (m),2006-02-01,5,6,2,2,7,8,15
SACACA,desnutricion global,desnutricion moderada (m),2006-02-01,28,34,64,47,92,81,173
SAIPINA,desnutricion global,desnutricion moderada (m),2006-02-01,1,1,3,4,4,5,9
SALINAS DE GARCI MENDOZA,desnutricion global,desnutricion moderada (m),2006-02-01,2,0,4,0,6,0,6
SAMAIPATA,desnutricion global,desnutricion moderada (m),2006-02-01,3,3,1,1,4,4,8
SAN ANDRES,desnutricion global,desnutricion moderada (m),2006-02-01,6,2,1,1,7,3,10
SAN ANDRES DE MACHACA,desnutricion global,desnutricion moderada (m),2006-02-01,0,1,0,0,0,1,1
SAN ANTONIO DE LOMERIO,desnutricion global,desnutricion moderada (m),2006-02-01,2,0,5,8,7,8,15
SAN BENITO,desnutricion global,desnutricion moderada (m),2006-02-01,3,0,4,5,7,5,12
SAN BORJA,desnutricion global,desnutricion moderada (m),2006-02-01,14,10,5,7,19,17,36
SAN BUENA VENTURA,desnutricion global,desnutricion moderada (m),2006-02-01,5,6,3,2,8,8,16
SAN CARLOS,desnutricion global,desnutricion moderada (m),2006-02-01,1,8,5,3,6,11,17
SAN IGNACIO,desnutricion global,desnutricion moderada (m),2006-02-01,6,7,5,3,11,10,21
SAN IGNACIO DE VELASCO,desnutricion global,desnutricion moderada (m),2006-02-01,23,38,24,40,47,78,125
SAN JAVIER(BNI),desnutricion global,desnutricion moderada (m),2006-02-01,0,0,0,1,0,1,1
SAN JAVIER(STC),desnutricion global,desnutricion moderada (m),2006-02-01,3,1,0,0,3,1,4
SAN JOAQUIN,desnutricion global,desnutricion moderada (m),2006-02-01,3,1,1,1,4,2,6
SAN JOSE DE CHIQUITOS,desnutricion global,desnutricion moderada (m),2006-02-01,3,4,1,2,4,6,10
SAN JUAN DE YAPACANI,desnutricion global,desnutricion moderada (m),2006-02-01,0,2,0,0,0,2,2
SAN JULIAN,desnutricion global,desnutricion moderada (m),2006-02-01,1,2,0,2,1,4,5
SAN LORENZO(PND),desnutricion global,desnutricion moderada (m),2006-02-01,1,1,2,3,3,4,7
SAN LORENZO(TJA),desnutricion global,desnutricion moderada (m),2006-02-01,4,3,3,9,7,12,19
SAN LUCAS,desnutricion global,desnutricion moderada (m),2006-02-01,49,46,40,47,89,93,182
SAN MATIAS,desnutricion global,desnutricion moderada (m),2006-02-01,3,3,2,0,5,3,8
SAN MIGUEL DE VELASCO,desnutricion global,desnutricion moderada (m),2006-02-01,2,2,2,3,4,5,9
SAN PABLO DE LIPEZ,desnutricion global,desnutricion moderada (m),2006-02-01,0,0,1,0,1,0,1
SAN PEDRO,desnutricion global,desnutricion moderada (m),2006-02-01,2,4,0,0,2,4,6
SAN PEDRO DE BUENA VISTA,desnutricion global,desnutricion moderada (m),2006-02-01,6,16,5,13,11,29,40
SAN PEDRO DE CURAHUARA,desnutricion global,desnutricion moderada (m),2006-02-01,0,0,0,1,0,1,1
SAN PEDRO DE TIQUINA,desnutricion global,desnutricion moderada (m),2006-02-01,4,0,0,1,4,1,5
SAN RAFAEL,desnutricion global,desnutricion moderada (m),2006-02-01,4,0,0,0,4,0,4
SAN RAMON,desnutricion global,desnutricion moderada (m),2006-02-01,2,0,1,0,3,0,3
SANTA ANA,desnutricion global,desnutricion moderada (m),2006-02-01,3,1,0,2,3,3,6
SANTA CRUZ DE LA SIERRA,desnutricion global,desnutricion moderada (m),2006-02-01,93,91,40,46,133,137,270
SANTA ROSA DEL SARA,desnutricion global,desnutricion moderada (m),2006-02-01,4,1,1,2,5,3,8
SANTIAGO DE CALLAPA,desnutricion global,desnutricion moderada (m),2006-02-01,1,7,3,4,4,11,15
SANTIAGO DE HUARI,desnutricion global,desnutricion moderada (m),2006-02-01,4,4,5,4,9,8,17
SANTIAGO DE MACHACA,desnutricion global,desnutricion moderada (m),2006-02-01,0,0,1,0,1,0,1
SANTIVAÑES,desnutricion global,desnutricion moderada (m),2006-02-01,1,4,0,0,1,4,5
SANTUARIO DE QUILLACAS,desnutricion global,desnutricion moderada (m),2006-02-01,1,0,1,0,2,0,2
SAPAHAQUI,desnutricion global,desnutricion moderada (m),2006-02-01,8,1,1,4,9,5,14
SENA,desnutricion global,desnutricion moderada (m),2006-02-01,0,1,0,1,0,2,2
SICA SICA (VILLA AROMA),desnutricion global,desnutricion moderada (m),2006-02-01,10,3,3,5,13,8,21
SICAYA,desnutricion global,desnutricion moderada (m),2006-02-01,1,1,0,0,1,1,2
SIPE SIPE,desnutricion global,desnutricion moderada (m),2006-02-01,21,17,6,13,27,30,57
SOPACHUY,desnutricion global,desnutricion moderada (m),2006-02-01,2,4,4,6,6,10,16
SORACACHI,desnutricion global,desnutricion moderada (m),2006-02-01,3,2,3,1,6,3,9
SORATA,desnutricion global,desnutricion moderada (m),2006-02-01,0,3,2,2,2,5,7
SUCRE,desnutricion global,desnutricion moderada (m),2006-02-01,58,47,35,49,93,96,189
TACACHI,desnutricion global,desnutricion moderada (m),2006-02-01,2,2,0,0,2,2,4
TACOBAMBA,desnutricion global,desnutricion moderada (m),2006-02-01,9,8,14,3,23,11,34
TACOPAYA,desnutricion global,desnutricion moderada (m),2006-02-01,6,16,6,11,12,27,39
TAPACARI,desnutricion global,desnutricion moderada (m),2006-02-01,23,21,14,11,37,32,69
TARABUCO,desnutricion global,desnutricion moderada (m),2006-02-01,44,43,32,54,76,97,173
TARACO,desnutricion global,desnutricion moderada (m),2006-02-01,1,0,0,0,1,0,1
TARATA,desnutricion global,desnutricion moderada (m),2006-02-01,1,5,3,1,4,6,10
TARIJA,desnutricion global,desnutricion moderada (m),2006-02-01,22,22,16,17,38,39,77
TARVITA,desnutricion global,desnutricion moderada (m),2006-02-01,6,4,7,8,13,12,25
TEOPONTE,desnutricion global,desnutricion moderada (m),2006-02-01,2,6,4,0,6,6,12
TIAWANACU,desnutricion global,desnutricion moderada (m),2006-02-01,1,0,0,0,1,0,1
TINGUIPAYA,desnutricion global,desnutricion moderada (m),2006-02-01,17,20,17,19,34,39,73
TIPUANI,desnutricion global,desnutricion moderada (m),2006-02-01,7,5,3,1,10,6,16
TIQUIPAYA,desnutricion global,desnutricion moderada (m),2006-02-01,2,6,4,4,6,10,16
TIRAQUE (CBBA),desnutricion global,desnutricion moderada (m),2006-02-01,29,21,6,9,35,30,65
TITO YUPANQUI (PARQUIPUJIO),desnutricion global,desnutricion moderada (m),2006-02-01,0,1,0,1,0,2,2
TOCO,desnutricion global,desnutricion moderada (m),2006-02-01,2,1,1,1,3,2,5
TOLATA,desnutricion global,desnutricion moderada (m),2006-02-01,0,1,0,0,0,1,1
TOMAVE,desnutricion global,desnutricion moderada (m),2006-02-01,5,9,8,3,13,12,25
TOMINA,desnutricion global,desnutricion moderada (m),2006-02-01,17,23,14,21,31,44,75
TORO TORO,desnutricion global,desnutricion moderada (m),2006-02-01,26,21,13,13,39,34,73
TOTORA(CBBA),desnutricion global,desnutricion moderada (m),2006-02-01,1,2,0,1,1,3,4
TOTORA(ORR),desnutricion global,desnutricion moderada (m),2006-02-01,0,1,0,0,0,1,1
TRINIDAD,desnutricion global,desnutricion moderada (m),2006-02-01,36,19,15,18,51,37,88
TUPIZA,desnutricion global,desnutricion moderada (m),2006-02-01,15,8,6,13,21,21,42
TURCO,desnutricion global,desnutricion moderada (m),2006-02-01,1,1,2,3,3,4,7
UMALA,desnutricion global,desnutricion moderada (m),2006-02-01,4,3,2,2,6,5,11
UNCIA,desnutricion global,desnutricion moderada (m),2006-02-01,9,6,3,3,12,9,21
URIONDO (A. CONCEPCION),desnutricion global,desnutricion moderada (m),2006-02-01,8,6,4,3,12,9,21
URUBICHA,desnutricion global,desnutricion moderada (m),2006-02-01,12,14,11,26,23,40,63
UYUNI,desnutricion global,desnutricion moderada (m),2006-02-01,6,1,3,3,9,4,13
VACAS,desnutricion global,desnutricion moderada (m),2006-02-01,2,5,1,3,3,8,11
VALLEGRANDE,desnutricion global,desnutricion moderada (m),2006-02-01,7,2,2,1,9,3,12
VIACHA,desnutricion global,desnutricion moderada (m),2006-02-01,7,14,4,8,11,22,33
VILA VILA,desnutricion global,desnutricion moderada (m),2006-02-01,1,2,1,1,2,3,5
VILLA MONTES,desnutricion global,desnutricion moderada (m),2006-02-01,6,14,4,10,10,24,34
VILLA NUEVA (LOMA ALTA),desnutricion global,desnutricion moderada (m),2006-02-01,1,0,0,0,1,0,1
VILLA RIVERO,desnutricion global,desnutricion moderada (m),2006-02-01,2,3,4,2,6,5,11
VILLA SERRANO,desnutricion global,desnutricion moderada (m),2006-02-01,8,12,8,14,16,26,42
VILLA TUNARI,desnutricion global,desnutricion moderada (m),2006-02-01,28,25,23,18,51,43,94
VILLA VACA GUZMAN (MUYUPAMPA),desnutricion global,desnutricion moderada (m),2006-02-01,2,2,2,3,4,5,9
VILLAZON,desnutricion global,desnutricion moderada (m),2006-02-01,8,9,8,12,16,21,37
VITICHI,desnutricion global,desnutricion moderada (m),2006-02-01,12,20,28,26,40,46,86
WALDO BALLIVIAN,desnutricion global,desnutricion moderada (m),2006-02-01,1,2,1,1,2,3,5
WARNES,desnutricion global,desnutricion moderada (m),2006-02-01,16,12,6,6,22,18,40
YACO,desnutricion global,desnutricion moderada (m),2006-02-01,6,6,3,3,9,9,18
YACUIBA,desnutricion global,desnutricion moderada (m),2006-02-01,9,8,12,7,21,15,36
YAMPARAEZ,desnutricion global,desnutricion moderada (m),2006-02-01,14,10,14,19,28,29,57
YAPACANI,desnutricion global,desnutricion moderada (m),2006-02-01,26,6,12,8,38,14,52
YOCALLA,desnutricion global,desnutricion moderada (m),2006-02-01,3,2,2,2,5,4,9
YOTALA,desnutricion global,desnutricion moderada (m),2006-02-01,4,3,3,12,7,15,22
YUNCHARA,desnutricion global,desnutricion moderada (m),2006-02-01,4,4,13,10,17,14,31
ZUDAÑEZ,desnutricion global,desnutricion moderada (m),2006-02-01,12,7,3,8,15,15,30
ACACIO,desnutricion global,desnutricion moderada (m),2006-03-01,7,6,7,11,14,17,31
ACHACACHI,desnutricion global,desnutricion moderada (m),2006-03-01,7,6,3,5,10,11,21
ACHOCALLA,desnutricion global,desnutricion moderada (m),2006-03-01,1,6,6,8,7,14,21
AIQUILE,desnutricion global,desnutricion moderada (m),2006-03-01,5,7,7,7,12,14,26
ALALAY,desnutricion global,desnutricion moderada (m),2006-03-01,3,4,4,4,7,8,15
ALCALA,desnutricion global,desnutricion moderada (m),2006-03-01,4,2,2,2,6,4,10
ANCORAIMES,desnutricion global,desnutricion moderada (m),2006-03-01,4,2,1,2,5,4,9
ANDAMARCA,desnutricion global,desnutricion moderada (m),2006-03-01,2,2,1,0,3,2,5
ANZALDO,desnutricion global,desnutricion moderada (m),2006-03-01,1,0,0,0,1,0,1
APOLO,desnutricion global,desnutricion moderada (m),2006-03-01,7,6,3,11,10,17,27
ARAMPAMPA,desnutricion global,desnutricion moderada (m),2006-03-01,9,8,14,13,23,21,44
ARANI,desnutricion global,desnutricion moderada (m),2006-03-01,2,2,5,8,7,10,17
ARBIETO,desnutricion global,desnutricion moderada (m),2006-03-01,0,2,0,1,0,3,3
ARQUE,desnutricion global,desnutricion moderada (m),2006-03-01,16,9,5,5,21,14,35
ASCENCION DE GUARAYOS,desnutricion global,desnutricion moderada (m),2006-03-01,0,0,2,1,2,1,3
ATOCHA,desnutricion global,desnutricion moderada (m),2006-03-01,13,11,12,9,25,20,45
AUCAPATA,desnutricion global,desnutricion moderada (m),2006-03-01,1,1,2,1,3,2,5
AYATA,desnutricion global,desnutricion moderada (m),2006-03-01,4,3,9,4,13,7,20
AYO AYO,desnutricion global,desnutricion moderada (m),2006-03-01,7,1,2,1,9,2,11
AYOPAYA (V. DE INDEPENDENCIA),desnutricion global,desnutricion moderada (m),2006-03-01,7,8,9,17,16,25,41
AZURDUY,desnutricion global,desnutricion moderada (m),2006-03-01,17,27,22,34,39,61,100
BATALLAS,desnutricion global,desnutricion moderada (m),2006-03-01,2,1,0,2,2,3,5
BAURES,desnutricion global,desnutricion moderada (m),2006-03-01,0,1,0,0,0,1,1
BELEN DE ANDAMARCA,desnutricion global,desnutricion moderada (m),2006-03-01,1,0,0,1,1,1,2
BELEN DE URMIRI,desnutricion global,desnutricion moderada (m),2006-03-01,0,0,0,2,0,2,2
BELLA FLOR,desnutricion global,desnutricion moderada (m),2006-03-01,1,2,3,2,4,4,8
BERMEJO,desnutricion global,desnutricion moderada (m),2006-03-01,4,2,0,0,4,2,6
BETANZOS,desnutricion global,desnutricion moderada (m),2006-03-01,38,32,31,46,69,78,147
BOLIVAR,desnutricion global,desnutricion moderada (m),2006-03-01,23,14,9,11,32,25,57
BOYUIBE,desnutricion global,desnutricion moderada (m),2006-03-01,1,2,1,2,2,4,6
BUENA VISTA,desnutricion global,desnutricion moderada (m),2006-03-01,2,2,0,3,2,5,7
CABEZAS,desnutricion global,desnutricion moderada (m),2006-03-01,3,8,10,6,13,14,27
CAIROMA,desnutricion global,desnutricion moderada (m),2006-03-01,20,14,13,12,33,26,59
"CAIZA ""D""",desnutricion global,desnutricion moderada (m),2006-03-01,3,2,5,6,8,8,16
CAJUATA,desnutricion global,desnutricion moderada (m),2006-03-01,6,4,2,0,8,4,12
CALACOTO,desnutricion global,desnutricion moderada (m),2006-03-01,3,0,6,2,9,2,11
CALAMARCA,desnutricion global,desnutricion moderada (m),2006-03-01,22,22,9,13,31,35,66
CAMARGO,desnutricion global,desnutricion moderada (m),2006-03-01,16,11,5,17,21,28,49
CAMATAQUI (C. VILLA ABECIA),desnutricion global,desnutricion moderada (m),2006-03-01,4,6,2,7,6,13,19
CAMIRI,desnutricion global,desnutricion moderada (m),2006-03-01,11,11,8,9,19,20,39
CAPINOTA,desnutricion global,desnutricion moderada (m),2006-03-01,13,11,6,6,19,17,36
CAQUIAVIRI,desnutricion global,desnutricion moderada (m),2006-03-01,5,2,1,1,6,3,9
CARACOLLO,desnutricion global,desnutricion moderada (m),2006-03-01,4,1,1,0,5,1,6
CARANAVI,desnutricion global,desnutricion moderada (m),2006-03-01,27,27,6,13,33,40,73
CARAPARI,desnutricion global,desnutricion moderada (m),2006-03-01,0,1,2,3,2,4,6
CARIPUYO,desnutricion global,desnutricion moderada (m),2006-03-01,13,9,12,19,25,28,53
CARMEN RIVERO TORREZ,desnutricion global,desnutricion moderada (m),2006-03-01,0,1,1,0,1,1,2
CATACORA,desnutricion global,desnutricion moderada (m),2006-03-01,1,0,0,1,1,1,2
CHACARILLA,desnutricion global,desnutricion moderada (m),2006-03-01,0,1,0,0,0,1,1
CHALLAPATA,desnutricion global,desnutricion moderada (m),2006-03-01,15,7,11,11,26,18,44
CHAQUI,desnutricion global,desnutricion moderada (m),2006-03-01,3,1,0,1,3,2,5
CHARAGUA,desnutricion global,desnutricion moderada (m),2006-03-01,19,20,9,7,28,27,55
CHARAÑA,desnutricion global,desnutricion moderada (m),2006-03-01,2,1,0,0,2,1,3
CHAYANTA,desnutricion global,desnutricion moderada (m),2006-03-01,11,10,8,22,19,32,51
CHIMORE,desnutricion global,desnutricion moderada (m),2006-03-01,9,8,1,5,10,13,23
CHIPAYA,desnutricion global,desnutricion moderada (m),2006-03-01,0,1,2,0,2,1,3
CHOQUE COTA,desnutricion global,desnutricion moderada (m),2006-03-01,1,0,2,0,3,0,3
CHULUMANI (V. DE LA LIBERTAD),desnutricion global,desnutricion moderada (m),2006-03-01,2,4,0,1,2,5,7
CHUMA,desnutricion global,desnutricion moderada (m),2006-03-01,6,8,3,8,9,16,25
CLIZA,desnutricion global,desnutricion moderada (m),2006-03-01,9,11,2,5,11,16,27
COBIJA,desnutricion global,desnutricion moderada (m),2006-03-01,7,5,3,7,10,12,22
COCHABAMBA,desnutricion global,desnutricion moderada (m),2006-03-01,118,119,73,82,191,201,392
COLCAPIRHUA,desnutricion global,desnutricion moderada (m),2006-03-01,13,14,12,14,25,28,53
"COLCHA ""K""",desnutricion global,desnutricion moderada (m),2006-03-01,1,4,2,0,3,4,7
COLOMI,desnutricion global,desnutricion moderada (m),2006-03-01,11,9,6,6,17,15,32
COLPA BELGICA,desnutricion global,desnutricion moderada (m),2006-03-01,4,1,1,4,5,5,10
COLQUECHACA,desnutricion global,desnutricion moderada (m),2006-03-01,32,41,62,49,94,90,184
COLQUENCHA,desnutricion global,desnutricion moderada (m),2006-03-01,5,2,7,2,12,4,16
COLQUIRI,desnutricion global,desnutricion moderada (m),2006-03-01,7,12,5,3,12,15,27
COMANCHE,desnutricion global,desnutricion moderada (m),2006-03-01,0,0,1,2,1,2,3
COMARAPA,desnutricion global,desnutricion moderada (m),2006-03-01,11,5,3,3,14,8,22
COMBAYA,desnutricion global,desnutricion moderada (m),2006-03-01,0,1,2,1,2,2,4
CONCEPCION,desnutricion global,desnutricion moderada (m),2006-03-01,19,9,10,13,29,22,51
COPACABANA,desnutricion global,desnutricion moderada (m),2006-03-01,3,2,0,2,3,4,7
CORIPATA,desnutricion global,desnutricion moderada (m),2006-03-01,1,1,1,0,2,1,3
CORO CORO,desnutricion global,desnutricion moderada (m),2006-03-01,5,1,5,1,10,2,12
COROICO,desnutricion global,desnutricion moderada (m),2006-03-01,3,0,3,5,6,5,11
CORQUE,desnutricion global,desnutricion moderada (m),2006-03-01,3,3,1,2,4,5,9
COTAGAITA,desnutricion global,desnutricion moderada (m),2006-03-01,25,21,23,21,48,42,90
COTOCA,desnutricion global,desnutricion moderada (m),2006-03-01,7,7,3,4,10,11,21
CUATRO CAÑADAS,desnutricion global,desnutricion moderada (m),2006-03-01,2,2,0,3,2,5,7
CUCHUMUELA (V. G. VILLARROEL),desnutricion global,desnutricion moderada (m),2006-03-01,4,0,0,1,4,1,5
CUEVO,desnutricion global,desnutricion moderada (m),2006-03-01,0,1,0,4,0,5,5
CULPINA,desnutricion global,desnutricion moderada (m),2006-03-01,26,21,15,27,41,48,89
CURAHUARA DE CARANGAS,desnutricion global,desnutricion moderada (m),2006-03-01,1,3,1,2,2,5,7
CURVA,desnutricion global,desnutricion moderada (m),2006-03-01,8,3,9,8,17,11,28
DESAGUADERO,desnutricion global,desnutricion moderada (m),2006-03-01,2,2,0,1,2,3,5
EL ALTO,desnutricion global,desnutricion moderada (m),2006-03-01,352,233,163,179,515,412,927
EL CHORO,desnutricion global,desnutricion moderada (m),2006-03-01,1,2,0,1,1,3,4
EL PUENTE(STC),desnutricion global,desnutricion moderada (m),2006-03-01,2,9,22,11,24,20,44
EL PUENTE(TJA),desnutricion global,desnutricion moderada (m),2006-03-01,3,2,2,5,5,7,12
EL TORNO,desnutricion global,desnutricion moderada (m),2006-03-01,5,5,8,10,13,15,28
EL VILLAR,desnutricion global,desnutricion moderada (m),2006-03-01,1,4,2,15,3,19,22
ENTRE RIOS,desnutricion global,desnutricion moderada (m),2006-03-01,15,7,11,18,26,25,51
ENTRE RIOS,desnutricion global,desnutricion moderada (m),2006-03-01,7,5,3,10,10,15,25
EUCALIPTUS,desnutricion global,desnutricion moderada (m),2006-03-01,2,0,1,1,3,1,4
EXALTACION,desnutricion global,desnutricion moderada (m),2006-03-01,0,0,0,1,0,1,1
FERNANDEZ ALONSO,desnutricion global,desnutricion moderada (m),2006-03-01,8,3,2,4,10,7,17
FILADELFIA,desnutricion global,desnutricion moderada (m),2006-03-01,1,0,0,1,1,1,2
GENERAL SAAVEDRA,desnutricion global,desnutricion moderada (m),2006-03-01,17,10,10,10,27,20,47
GRAL. J.J. PEREZ (CHARAZANI),desnutricion global,desnutricion moderada (m),2006-03-01,7,6,4,7,11,13,24
GUANAY,desnutricion global,desnutricion moderada (m),2006-03-01,7,8,3,4,10,12,22
GUAYARAMERIN,desnutricion global,desnutricion moderada (m),2006-03-01,19,12,7,8,26,20,46
GUTIERREZ,desnutricion global,desnutricion moderada (m),2006-03-01,12,17,9,26,21,43,64
HUACARETA,desnutricion global,desnutricion moderada (m),2006-03-01,3,6,4,5,7,11,18
HUACAYA (VILLA DE HUACAYA),desnutricion global,desnutricion moderada (m),2006-03-01,2,1,0,0,2,1,3
HUACHACALLA,desnutricion global,desnutricion moderada (m),2006-03-01,2,0,0,1,2,1,3
HUANUNI,desnutricion global,desnutricion moderada (m),2006-03-01,11,9,1,3,12,12,24
HUAYLLAMARCA,desnutricion global,desnutricion moderada (m),2006-03-01,0,1,0,0,0,1,1
ICHOCA,desnutricion global,desnutricion moderada (m),2006-03-01,1,2,0,2,1,4,5
ICLA,desnutricion global,desnutricion moderada (m),2006-03-01,26,25,21,22,47,47,94
INCAHUASI,desnutricion global,desnutricion moderada (m),2006-03-01,28,31,18,38,46,69,115
INGAVI (HUMAITA),desnutricion global,desnutricion moderada (m),2006-03-01,0,2,7,1,7,3,10
INQUISIVI,desnutricion global,desnutricion moderada (m),2006-03-01,4,10,4,8,8,18,26
IRUPANA (VILLA DE LANZA),desnutricion global,desnutricion moderada (m),2006-03-01,2,0,2,3,4,3,7
IXIAMAS,desnutricion global,desnutricion moderada (m),2006-03-01,3,4,1,0,4,4,8
JESUS DE MACHACA,desnutricion global,desnutricion moderada (m),2006-03-01,3,4,4,1,7,5,12
LA ASUNTA,desnutricion global,desnutricion moderada (m),2006-03-01,9,5,6,9,15,14,29
LA GUARDIA,desnutricion global,desnutricion moderada (m),2006-03-01,14,14,6,1,20,15,35
LA PAZ,desnutricion global,desnutricion moderada (m),2006-03-01,203,191,61,92,264,283,547
LAGUNILLAS,desnutricion global,desnutricion moderada (m),2006-03-01,3,5,2,6,5,11,16
LAJA,desnutricion global,desnutricion moderada (m),2006-03-01,2,3,0,3,2,6,8
LAS CARRERAS,desnutricion global,desnutricion moderada (m),2006-03-01,0,2,1,2,1,4,5
LICOMA PAMPA,desnutricion global,desnutricion moderada (m),2006-03-01,2,2,0,1,2,3,5
LLALLAGUA,desnutricion global,desnutricion moderada (m),2006-03-01,10,16,24,32,34,48,82
LLICA,desnutricion global,desnutricion moderada (m),2006-03-01,0,3,0,0,0,3,3
LORETO,desnutricion global,desnutricion moderada (m),2006-03-01,1,1,0,0,1,1,2
LURIBAY,desnutricion global,desnutricion moderada (m),2006-03-01,9,10,10,7,19,17,36
MACHACAMARCA,desnutricion global,desnutricion moderada (m),2006-03-01,3,1,1,2,4,3,7
MACHARETI,desnutricion global,desnutricion moderada (m),2006-03-01,2,2,3,9,5,11,16
MAGDALENA,desnutricion global,desnutricion moderada (m),2006-03-01,0,3,1,0,1,3,4
MAIRANA,desnutricion global,desnutricion moderada (m),2006-03-01,1,0,0,0,1,0,1
MALLA,desnutricion global,desnutricion moderada (m),2006-03-01,2,2,1,1,3,3,6
MAPIRI,desnutricion global,desnutricion moderada (m),2006-03-01,3,2,3,2,6,4,10
MECAPACA,desnutricion global,desnutricion moderada (m),2006-03-01,2,1,1,2,3,3,6
MINEROS,desnutricion global,desnutricion moderada (m),2006-03-01,7,7,5,10,12,17,29
MIZQUE,desnutricion global,desnutricion moderada (m),2006-03-01,13,10,4,10,17,20,37
MOCOMOCO,desnutricion global,desnutricion moderada (m),2006-03-01,7,9,3,2,10,11,21
MOJOCOYA,desnutricion global,desnutricion moderada (m),2006-03-01,7,2,3,3,10,5,15
MONTEAGUDO,desnutricion global,desnutricion moderada (m),2006-03-01,18,13,12,16,30,29,59
MONTERO,desnutricion global,desnutricion moderada (m),2006-03-01,65,60,22,42,87,102,189
MORO MORO,desnutricion global,desnutricion moderada (m),2006-03-01,1,0,0,0,1,0,1
MOROCHATA,desnutricion global,desnutricion moderada (m),2006-03-01,10,11,14,7,24,18,42
NACEBE (SANTA ROSA DEL ABUNA),desnutricion global,desnutricion moderada (m),2006-03-01,0,1,0,0,0,1,1
NUEVO MANOA (NUEVA ESPERANZA),desnutricion global,desnutricion moderada (m),2006-03-01,2,0,1,1,3,1,4
OCURI,desnutricion global,desnutricion moderada (m),2006-03-01,27,26,26,28,53,54,107
OKINAWA,desnutricion global,desnutricion moderada (m),2006-03-01,5,4,1,5,6,9,15
OMEREQUE,desnutricion global,desnutricion moderada (m),2006-03-01,0,1,0,3,0,4,4
ORURO,desnutricion global,desnutricion moderada (m),2006-03-01,67,76,52,62,119,138,257
PADCAYA,desnutricion global,desnutricion moderada (m),2006-03-01,1,2,3,2,4,4,8
PADILLA,desnutricion global,desnutricion moderada (m),2006-03-01,10,10,11,20,21,30,51
PAILON,desnutricion global,desnutricion moderada (m),2006-03-01,0,15,10,0,10,15,25
PALCA,desnutricion global,desnutricion moderada (m),2006-03-01,1,1,4,2,5,3,8
PALOS BLANCOS,desnutricion global,desnutricion moderada (m),2006-03-01,14,13,11,9,25,22,47
PAMPA AULLAGAS,desnutricion global,desnutricion moderada (m),2006-03-01,2,0,1,2,3,2,5
PAMPA GRANDE,desnutricion global,desnutricion moderada (m),2006-03-01,3,3,0,5,3,8,11
PAPEL PAMPA,desnutricion global,desnutricion moderada (m),2006-03-01,1,0,1,1,2,1,3
PASORAPA,desnutricion global,desnutricion moderada (m),2006-03-01,1,2,1,3,2,5,7
PATACAMAYA,desnutricion global,desnutricion moderada (m),2006-03-01,8,7,10,7,18,14,32
PAZÑA,desnutricion global,desnutricion moderada (m),2006-03-01,0,1,1,0,1,1,2
PELECHUCO,desnutricion global,desnutricion moderada (m),2006-03-01,4,6,1,1,5,7,12
POCOATA,desnutricion global,desnutricion moderada (m),2006-03-01,10,17,13,9,23,26,49
POCONA,desnutricion global,desnutricion moderada (m),2006-03-01,7,1,2,4,9,5,14
POJO (CBBA),desnutricion global,desnutricion moderada (m),2006-03-01,10,5,8,7,18,12,30
POOPO,desnutricion global,desnutricion moderada (m),2006-03-01,1,1,4,2,5,3,8
PORCO,desnutricion global,desnutricion moderada (m),2006-03-01,3,1,2,1,5,2,7
POROMA,desnutricion global,desnutricion moderada (m),2006-03-01,35,26,13,22,48,48,96
PORONGO,desnutricion global,desnutricion moderada (m),2006-03-01,1,0,1,0,2,0,2
PORTACHUELO,desnutricion global,desnutricion moderada (m),2006-03-01,11,6,4,6,15,12,27
PORVENIR,desnutricion global,desnutricion moderada (m),2006-03-01,0,2,1,1,1,3,4
POSTRER VALLE,desnutricion global,desnutricion moderada (m),2006-03-01,3,1,1,0,4,1,5
POTOSI,desnutricion global,desnutricion moderada (m),2006-03-01,112,70,44,45,156,115,271
PRESTO,desnutricion global,desnutricion moderada (m),2006-03-01,18,15,19,10,37,25,62
PUCARA,desnutricion global,desnutricion moderada (m),2006-03-01,0,0,1,1,1,1,2
PUCARANI,desnutricion global,desnutricion moderada (m),2006-03-01,5,11,4,2,9,13,22
PUERTO ACOSTA,desnutricion global,desnutricion moderada (m),2006-03-01,3,2,0,4,3,6,9
PUERTO CARABUCO,desnutricion global,desnutricion moderada (m),2006-03-01,3,5,1,1,4,6,10
PUERTO GONZALO MORENO,desnutricion global,desnutricion moderada (m),2006-03-01,9,5,5,3,14,8,22
PUERTO PEREZ,desnutricion global,desnutricion moderada (m),2006-03-01,1,1,0,1,1,2,3
PUERTO QUIJARRO,desnutricion global,desnutricion moderada (m),2006-03-01,1,4,0,1,1,5,6
PUERTO RICO,desnutricion global,desnutricion moderada (m),2006-03-01,2,2,3,4,5,6,11
PUERTO SUAREZ,desnutricion global,desnutricion moderada (m),2006-03-01,7,7,1,2,8,9,17
PUERTO VILLARROEL,desnutricion global,desnutricion moderada (m),2006-03-01,47,51,16,37,63,88,151
PUNA,desnutricion global,desnutricion moderada (m),2006-03-01,40,53,34,43,74,96,170
PUNATA,desnutricion global,desnutricion moderada (m),2006-03-01,12,5,5,5,17,10,27
QUILLACOLLO,desnutricion global,desnutricion moderada (m),2006-03-01,32,21,10,17,42,38,80
QUIME,desnutricion global,desnutricion moderada (m),2006-03-01,4,3,7,5,11,8,19
QUIRUSILLAS,desnutricion global,desnutricion moderada (m),2006-03-01,3,0,0,2,3,2,5
RAVELO,desnutricion global,desnutricion moderada (m),2006-03-01,47,35,24,39,71,74,145
REYES,desnutricion global,desnutricion moderada (m),2006-03-01,3,3,2,2,5,5,10
RIBERALTA,desnutricion global,desnutricion moderada (m),2006-03-01,45,64,28,37,73,101,174
ROBORE,desnutricion global,desnutricion moderada (m),2006-03-01,1,5,1,4,2,9,11
RURRENABAQUE,desnutricion global,desnutricion moderada (m),2006-03-01,13,4,5,1,18,5,23
SABAYA,desnutricion global,desnutricion moderada (m),2006-03-01,1,0,0,1,1,1,2
SACABA,desnutricion global,desnutricion moderada (m),2006-03-01,28,26,18,20,46,46,92
SACABAMBA,desnutricion global,desnutricion moderada (m),2006-03-01,7,3,2,3,9,6,15
SACACA,desnutricion global,desnutricion moderada (m),2006-03-01,24,19,32,19,56,38,94
SAIPINA,desnutricion global,desnutricion moderada (m),2006-03-01,2,0,3,1,5,1,6
SALINAS DE GARCI MENDOZA,desnutricion global,desnutricion moderada (m),2006-03-01,5,2,1,1,6,3,9
SAMAIPATA,desnutricion global,desnutricion moderada (m),2006-03-01,5,1,1,3,6,4,10
SAN AGUSTIN,desnutricion global,desnutricion moderada (m),2006-03-01,1,1,0,2,1,3,4
SAN ANDRES,desnutricion global,desnutricion moderada (m),2006-03-01,6,2,0,1,6,3,9
SAN ANDRES DE MACHACA,desnutricion global,desnutricion moderada (m),2006-03-01,1,2,0,0,1,2,3
SAN ANTONIO DE ESMORUCO,desnutricion global,desnutricion moderada (m),2006-03-01,0,2,0,0,0,2,2
SAN ANTONIO DE LOMERIO,desnutricion global,desnutricion moderada (m),2006-03-01,9,12,12,4,21,16,37
SAN BENITO,desnutricion global,desnutricion moderada (m),2006-03-01,6,3,7,6,13,9,22
SAN BORJA,desnutricion global,desnutricion moderada (m),2006-03-01,27,11,10,18,37,29,66
SAN BUENA VENTURA,desnutricion global,desnutricion moderada (m),2006-03-01,5,3,3,2,8,5,13
SAN CARLOS,desnutricion global,desnutricion moderada (m),2006-03-01,4,3,3,0,7,3,10
SAN IGNACIO,desnutricion global,desnutricion moderada (m),2006-03-01,15,10,21,20,36,30,66
SAN IGNACIO DE VELASCO,desnutricion global,desnutricion moderada (m),2006-03-01,34,62,30,53,64,115,179
SAN JAVIER(BNI),desnutricion global,desnutricion moderada (m),2006-03-01,0,2,0,2,0,4,4
SAN JOAQUIN,desnutricion global,desnutricion moderada (m),2006-03-01,0,1,0,2,0,3,3
SAN JOSE DE CHIQUITOS,desnutricion global,desnutricion moderada (m),2006-03-01,13,8,4,8,17,16,33
SAN JUAN DE YAPACANI,desnutricion global,desnutricion moderada (m),2006-03-01,2,3,0,1,2,4,6
SAN JULIAN,desnutricion global,desnutricion moderada (m),2006-03-01,16,20,3,5,19,25,44
SAN LORENZO(PND),desnutricion global,desnutricion moderada (m),2006-03-01,1,0,0,0,1,0,1
SAN LORENZO(TJA),desnutricion global,desnutricion moderada (m),2006-03-01,9,10,18,20,27,30,57
SAN LUCAS,desnutricion global,desnutricion moderada (m),2006-03-01,60,51,44,61,104,112,216
SAN MATIAS,desnutricion global,desnutricion moderada (m),2006-03-01,2,5,2,5,4,10,14
SAN MIGUEL DE VELASCO,desnutricion global,desnutricion moderada (m),2006-03-01,3,1,5,4,8,5,13
SAN PABLO DE LIPEZ,desnutricion global,desnutricion moderada (m),2006-03-01,1,0,1,0,2,0,2
SAN PEDRO,desnutricion global,desnutricion moderada (m),2006-03-01,2,1,1,1,3,2,5
SAN PEDRO DE BUENA VISTA,desnutricion global,desnutricion moderada (m),2006-03-01,24,18,16,30,40,48,88
SAN PEDRO DE CURAHUARA,desnutricion global,desnutricion moderada (m),2006-03-01,0,0,2,0,2,0,2
SAN PEDRO DE QUEMES,desnutricion global,desnutricion moderada (m),2006-03-01,1,0,1,0,2,0,2
SAN PEDRO DE TIQUINA,desnutricion global,desnutricion moderada (m),2006-03-01,2,1,1,3,3,4,7
SAN RAFAEL,desnutricion global,desnutricion moderada (m),2006-03-01,5,4,7,0,12,4,16
SAN RAMON,desnutricion global,desnutricion moderada (m),2006-03-01,2,0,0,2,2,2,4
SANTA ANA,desnutricion global,desnutricion moderada (m),2006-03-01,0,1,1,1,1,2,3
SANTA CRUZ DE LA SIERRA,desnutricion global,desnutricion moderada (m),2006-03-01,168,136,44,65,212,201,413
SANTA ROSA,desnutricion global,desnutricion moderada (m),2006-03-01,4,1,0,3,4,4,8
SANTA ROSA DEL SARA,desnutricion global,desnutricion moderada (m),2006-03-01,5,7,4,2,9,9,18
SANTIAGO DE CALLAPA,desnutricion global,desnutricion moderada (m),2006-03-01,1,0,4,0,5,0,5
SANTIAGO DE HUARI,desnutricion global,desnutricion moderada (m),2006-03-01,0,1,4,1,4,2,6
SANTIVAÑES,desnutricion global,desnutricion moderada (m),2006-03-01,2,1,2,0,4,1,5
SANTUARIO DE QUILLACAS,desnutricion global,desnutricion moderada (m),2006-03-01,2,1,0,0,2,1,3
SAPAHAQUI,desnutricion global,desnutricion moderada (m),2006-03-01,6,10,5,5,11,15,26
SENA,desnutricion global,desnutricion moderada (m),2006-03-01,3,3,1,2,4,5,9
SICA SICA (VILLA AROMA),desnutricion global,desnutricion moderada (m),2006-03-01,20,15,6,18,26,33,59
SICAYA,desnutricion global,desnutricion moderada (m),2006-03-01,6,6,3,3,9,9,18
SIPE SIPE,desnutricion global,desnutricion moderada (m),2006-03-01,41,30,16,20,57,50,107
SOPACHUY,desnutricion global,desnutricion moderada (m),2006-03-01,7,11,3,18,10,29,39
SORACACHI,desnutricion global,desnutricion moderada (m),2006-03-01,1,5,2,4,3,9,12
SORATA,desnutricion global,desnutricion moderada (m),2006-03-01,1,0,1,1,2,1,3
SUCRE,desnutricion global,desnutricion moderada (m),2006-03-01,82,58,63,69,145,127,272
TACACHI,desnutricion global,desnutricion moderada (m),2006-03-01,0,1,0,0,0,1,1
TACACOMA,desnutricion global,desnutricion moderada (m),2006-03-01,2,2,1,1,3,3,6
TACOBAMBA,desnutricion global,desnutricion moderada (m),2006-03-01,10,8,5,11,15,19,34
TACOPAYA,desnutricion global,desnutricion moderada (m),2006-03-01,13,12,9,11,22,23,45
TAHUA,desnutricion global,desnutricion moderada (m),2006-03-01,0,1,0,1,0,2,2
TAPACARI,desnutricion global,desnutricion moderada (m),2006-03-01,19,22,16,11,35,33,68
TARABUCO,desnutricion global,desnutricion moderada (m),2006-03-01,37,31,25,37,62,68,130
TARATA,desnutricion global,desnutricion moderada (m),2006-03-01,0,1,0,0,0,1,1
TARIJA,desnutricion global,desnutricion moderada (m),2006-03-01,23,30,25,23,48,53,101
TARVITA,desnutricion global,desnutricion moderada (m),2006-03-01,16,19,16,26,32,45,77
TEOPONTE,desnutricion global,desnutricion moderada (m),2006-03-01,0,2,1,4,1,6,7
TIAWANACU,desnutricion global,desnutricion moderada (m),2006-03-01,1,2,1,0,2,2,4
TINGUIPAYA,desnutricion global,desnutricion moderada (m),2006-03-01,21,18,24,25,45,43,88
TIPUANI,desnutricion global,desnutricion moderada (m),2006-03-01,3,2,1,3,4,5,9
TIQUIPAYA,desnutricion global,desnutricion moderada (m),2006-03-01,7,8,12,3,19,11,30
TIRAQUE (CBBA),desnutricion global,desnutricion moderada (m),2006-03-01,30,27,21,26,51,53,104
TITO YUPANQUI (PARQUIPUJIO),desnutricion global,desnutricion moderada (m),2006-03-01,0,0,0,1,0,1,1
TOCO,desnutricion global,desnutricion moderada (m),2006-03-01,3,1,0,3,3,4,7
TOLATA,desnutricion global,desnutricion moderada (m),2006-03-01,0,4,0,1,0,5,5
TOLEDO,desnutricion global,desnutricion moderada (m),2006-03-01,1,0,1,1,2,1,3
TOMAVE,desnutricion global,desnutricion moderada (m),2006-03-01,12,5,8,7,20,12,32
TOMINA,desnutricion global,desnutricion moderada (m),2006-03-01,21,20,19,18,40,38,78
TORO TORO,desnutricion global,desnutricion moderada (m),2006-03-01,37,19,13,28,50,47,97
TOTORA(CBBA),desnutricion global,desnutricion moderada (m),2006-03-01,19,12,4,5,23,17,40
TOTORA(ORR),desnutricion global,desnutricion moderada (m),2006-03-01,3,0,0,1,3,1,4
TRIGAL,desnutricion global,desnutricion moderada (m),2006-03-01,0,1,0,0,0,1,1
TRINIDAD,desnutricion global,desnutricion moderada (m),2006-03-01,30,36,18,18,48,54,102
TUPIZA,desnutricion global,desnutricion moderada (m),2006-03-01,17,17,21,23,38,40,78
TURCO,desnutricion global,desnutricion moderada (m),2006-03-01,1,0,0,1,1,1,2
UMALA,desnutricion global,desnutricion moderada (m),2006-03-01,0,1,5,3,5,4,9
UNCIA,desnutricion global,desnutricion moderada (m),2006-03-01,13,7,8,8,21,15,36
URIONDO (A. CONCEPCION),desnutricion global,desnutricion moderada (m),2006-03-01,5,7,5,7,10,14,24
UYUNI,desnutricion global,desnutricion moderada (m),2006-03-01,9,5,5,6,14,11,25
VACAS,desnutricion global,desnutricion moderada (m),2006-03-01,6,7,3,5,9,12,21
VALLEGRANDE,desnutricion global,desnutricion moderada (m),2006-03-01,0,4,6,6,6,10,16
VIACHA,desnutricion global,desnutricion moderada (m),2006-03-01,4,2,3,4,7,6,13
VILA VILA,desnutricion global,desnutricion moderada (m),2006-03-01,2,6,3,3,5,9,14
VILLA MONTES,desnutricion global,desnutricion moderada (m),2006-03-01,10,11,3,11,13,22,35
VILLA NUEVA (LOMA ALTA),desnutricion global,desnutricion moderada (m),2006-03-01,0,1,3,3,3,4,7
VILLA RIVERO,desnutricion global,desnutricion moderada (m),2006-03-01,3,2,0,3,3,5,8
VILLA SERRANO,desnutricion global,desnutricion moderada (m),2006-03-01,20,13,17,16,37,29,66
VILLA TUNARI,desnutricion global,desnutricion moderada (m),2006-03-01,33,39,19,16,52,55,107
VILLA VACA GUZMAN (MUYUPAMPA),desnutricion global,desnutricion moderada (m),2006-03-01,5,4,6,8,11,12,23
VILLAZON,desnutricion global,desnutricion moderada (m),2006-03-01,20,15,15,16,35,31,66
VINTO,desnutricion global,desnutricion moderada (m),2006-03-01,8,11,6,5,14,16,30
VITICHI,desnutricion global,desnutricion moderada (m),2006-03-01,14,15,12,22,26,37,63
WALDO BALLIVIAN,desnutricion global,desnutricion moderada (m),2006-03-01,1,2,0,1,1,3,4
WARNES,desnutricion global,desnutricion moderada (m),2006-03-01,12,15,3,12,15,27,42
YACO,desnutricion global,desnutricion moderada (m),2006-03-01,8,5,5,7,13,12,25
YACUIBA,desnutricion global,desnutricion moderada (m),2006-03-01,4,10,1,11,5,21,26
YAMPARAEZ,desnutricion global,desnutricion moderada (m),2006-03-01,12,8,12,12,24,20,44
YANACACHI,desnutricion global,desnutricion moderada (m),2006-03-01,1,0,0,0,1,0,1
YAPACANI,desnutricion global,desnutricion moderada (m),2006-03-01,18,22,9,7,27,29,56
YOCALLA,desnutricion global,desnutricion moderada (m),2006-03-01,1,1,0,1,1,2,3
YOTALA,desnutricion global,desnutricion moderada (m),2006-03-01,6,4,2,9,8,13,21
YUNCHARA,desnutricion global,desnutricion moderada (m),2006-03-01,5,8,12,5,17,13,30
ZUDAÑEZ,desnutricion global,desnutricion moderada (m),2006-03-01,8,6,9,7,17,13,30
ACACIO,desnutricion global,desnutricion moderada (m),2006-04-01,9,8,4,2,13,10,23
ACHACACHI,desnutricion global,desnutricion moderada (m),2006-04-01,3,8,3,5,6,13,19
ACHOCALLA,desnutricion global,desnutricion moderada (m),2006-04-01,2,0,1,0,3,0,3
AIQUILE,desnutricion global,desnutricion moderada (m),2006-04-01,4,6,7,6,11,12,23
ALALAY,desnutricion global,desnutricion moderada (m),2006-04-01,1,4,1,2,2,6,8
ALCALA,desnutricion global,desnutricion moderada (m),2006-04-01,3,4,6,7,9,11,20
ANCORAIMES,desnutricion global,desnutricion moderada (m),2006-04-01,3,2,0,1,3,3,6
ANDAMARCA,desnutricion global,desnutricion moderada (m),2006-04-01,3,3,3,2,6,5,11
ANZALDO,desnutricion global,desnutricion moderada (m),2006-04-01,5,3,1,3,6,6,12
APOLO,desnutricion global,desnutricion moderada (m),2006-04-01,8,7,6,13,14,20,34
ARAMPAMPA,desnutricion global,desnutricion moderada (m),2006-04-01,8,4,7,7,15,11,26
ARANI,desnutricion global,desnutricion moderada (m),2006-04-01,2,3,4,1,6,4,10
ARBIETO,desnutricion global,desnutricion moderada (m),2006-04-01,5,4,0,1,5,5,10
ARQUE,desnutricion global,desnutricion moderada (m),2006-04-01,15,16,7,9,22,25,47
ASCENCION DE GUARAYOS,desnutricion global,desnutricion moderada (m),2006-04-01,27,12,25,25,52,37,89
ATOCHA,desnutricion global,desnutricion moderada (m),2006-04-01,6,2,13,6,19,8,27
AUCAPATA,desnutricion global,desnutricion moderada (m),2006-04-01,5,5,4,4,9,9,18
AYATA,desnutricion global,desnutricion moderada (m),2006-04-01,4,8,7,0,11,8,19
AYO AYO,desnutricion global,desnutricion moderada (m),2006-04-01,6,3,1,1,7,4,11
AYOPAYA (V. DE INDEPENDENCIA),desnutricion global,desnutricion moderada (m),2006-04-01,13,10,10,7,23,17,40
AZURDUY,desnutricion global,desnutricion moderada (m),2006-04-01,18,27,21,15,39,42,81
BATALLAS,desnutricion global,desnutricion moderada (m),2006-04-01,2,2,1,0,3,2,5
BAURES,desnutricion global,desnutricion moderada (m),2006-04-01,0,0,0,1,0,1,1
BELEN DE URMIRI,desnutricion global,desnutricion moderada (m),2006-04-01,0,0,0,1,0,1,1
BELLA FLOR,desnutricion global,desnutricion moderada (m),2006-04-01,1,2,0,3,1,5,6
BERMEJO,desnutricion global,desnutricion moderada (m),2006-04-01,0,1,2,2,2,3,5
BETANZOS,desnutricion global,desnutricion moderada (m),2006-04-01,12,15,13,13,25,28,53
BOLIVAR,desnutricion global,desnutricion moderada (m),2006-04-01,7,12,2,8,9,20,29
BOYUIBE,desnutricion global,desnutricion moderada (m),2006-04-01,1,1,2,0,3,1,4
BUENA VISTA,desnutricion global,desnutricion moderada (m),2006-04-01,1,1,6,3,7,4,11
CABEZAS,desnutricion global,desnutricion moderada (m),2006-04-01,8,5,5,6,13,11,24
CAIROMA,desnutricion global,desnutricion moderada (m),2006-04-01,21,20,13,11,34,31,65
"CAIZA ""D""",desnutricion global,desnutricion moderada (m),2006-04-01,3,3,5,6,8,9,17
CAJUATA,desnutricion global,desnutricion moderada (m),2006-04-01,2,1,2,1,4,2,6
CALACOTO,desnutricion global,desnutricion moderada (m),2006-04-01,2,2,3,2,5,4,9
CALAMARCA,desnutricion global,desnutricion moderada (m),2006-04-01,20,18,4,15,24,33,57
CAMARGO,desnutricion global,desnutricion moderada (m),2006-04-01,16,10,8,13,24,23,47
CAMATAQUI (C. VILLA ABECIA),desnutricion global,desnutricion moderada (m),2006-04-01,1,1,3,2,4,3,7
CAMIRI,desnutricion global,desnutricion moderada (m),2006-04-01,6,12,8,9,14,21,35
CAPINOTA,desnutricion global,desnutricion moderada (m),2006-04-01,16,17,14,15,30,32,62
CAQUIAVIRI,desnutricion global,desnutricion moderada (m),2006-04-01,0,0,0,1,0,1,1
CARACOLLO,desnutricion global,desnutricion moderada (m),2006-04-01,4,2,2,2,6,4,10
CARANAVI,desnutricion global,desnutricion moderada (m),2006-04-01,21,19,6,14,27,33,60
CARAPARI,desnutricion global,desnutricion moderada (m),2006-04-01,2,1,1,3,3,4,7
CARIPUYO,desnutricion global,desnutricion moderada (m),2006-04-01,8,2,5,15,13,17,30
CARMEN RIVERO TORREZ,desnutricion global,desnutricion moderada (m),2006-04-01,2,1,1,0,3,1,4
CHACARILLA,desnutricion global,desnutricion moderada (m),2006-04-01,1,1,2,1,3,2,5
CHALLAPATA,desnutricion global,desnutricion moderada (m),2006-04-01,21,10,13,10,34,20,54
CHAQUI,desnutricion global,desnutricion moderada (m),2006-04-01,1,1,1,2,2,3,5
CHARAGUA,desnutricion global,desnutricion moderada (m),2006-04-01,10,11,6,3,16,14,30
CHARAÑA,desnutricion global,desnutricion moderada (m),2006-04-01,0,0,0,1,0,1,1
CHAYANTA,desnutricion global,desnutricion moderada (m),2006-04-01,7,12,15,24,22,36,58
CHIMORE,desnutricion global,desnutricion moderada (m),2006-04-01,3,8,3,3,6,11,17
CHIPAYA,desnutricion global,desnutricion moderada (m),2006-04-01,0,0,1,0,1,0,1
CHULUMANI (V. DE LA LIBERTAD),desnutricion global,desnutricion moderada (m),2006-04-01,3,5,2,1,5,6,11
CHUMA,desnutricion global,desnutricion moderada (m),2006-04-01,5,6,4,8,9,14,23
CLIZA,desnutricion global,desnutricion moderada (m),2006-04-01,3,2,0,0,3,2,5
COBIJA,desnutricion global,desnutricion moderada (m),2006-04-01,3,2,3,2,6,4,10
COCHABAMBA,desnutricion global,desnutricion moderada (m),2006-04-01,70,95,54,45,124,140,264
COIPASA,desnutricion global,desnutricion moderada (m),2006-04-01,0,0,1,0,1,0,1
COLCAPIRHUA,desnutricion global,desnutricion moderada (m),2006-04-01,10,6,3,10,13,16,29
"COLCHA ""K""",desnutricion global,desnutricion moderada (m),2006-04-01,1,3,3,3,4,6,10
COLLANA,desnutricion global,desnutricion moderada (m),2006-04-01,0,1,1,0,1,1,2
COLOMI,desnutricion global,desnutricion moderada (m),2006-04-01,12,5,5,1,17,6,23
COLPA BELGICA,desnutricion global,desnutricion moderada (m),2006-04-01,1,0,1,3,2,3,5
COLQUECHACA,desnutricion global,desnutricion moderada (m),2006-04-01,30,14,25,20,55,34,89
COLQUENCHA,desnutricion global,desnutricion moderada (m),2006-04-01,4,3,0,0,4,3,7
COLQUIRI,desnutricion global,desnutricion moderada (m),2006-04-01,10,11,8,10,18,21,39
COMARAPA,desnutricion global,desnutricion moderada (m),2006-04-01,6,6,3,1,9,7,16
COMBAYA,desnutricion global,desnutricion moderada (m),2006-04-01,1,1,1,0,2,1,3
CONCEPCION,desnutricion global,desnutricion moderada (m),2006-04-01,10,12,1,0,11,12,23
COPACABANA,desnutricion global,desnutricion moderada (m),2006-04-01,7,1,1,1,8,2,10
CORIPATA,desnutricion global,desnutricion moderada (m),2006-04-01,1,0,1,1,2,1,3
CORO CORO,desnutricion global,desnutricion moderada (m),2006-04-01,5,3,5,5,10,8,18
COROICO,desnutricion global,desnutricion moderada (m),2006-04-01,2,2,0,3,2,5,7
CORQUE,desnutricion global,desnutricion moderada (m),2006-04-01,2,4,0,1,2,5,7
COTAGAITA,desnutricion global,desnutricion moderada (m),2006-04-01,26,20,41,22,67,42,109
COTOCA,desnutricion global,desnutricion moderada (m),2006-04-01,1,7,2,3,3,10,13
CUATRO CAÑADAS,desnutricion global,desnutricion moderada (m),2006-04-01,1,4,0,5,1,9,10
CUEVO,desnutricion global,desnutricion moderada (m),2006-04-01,1,2,0,1,1,3,4
CULPINA,desnutricion global,desnutricion moderada (m),2006-04-01,23,14,15,19,38,33,71
CURAHUARA DE CARANGAS,desnutricion global,desnutricion moderada (m),2006-04-01,2,2,0,3,2,5,7
CURVA,desnutricion global,desnutricion moderada (m),2006-04-01,0,1,2,0,2,1,3
DESAGUADERO,desnutricion global,desnutricion moderada (m),2006-04-01,2,0,2,0,4,0,4
EL ALTO,desnutricion global,desnutricion moderada (m),2006-04-01,286,213,180,203,466,416,882
EL CHORO,desnutricion global,desnutricion moderada (m),2006-04-01,0,1,1,0,1,1,2
EL PUENTE(STC),desnutricion global,desnutricion moderada (m),2006-04-01,6,8,0,1,6,9,15
EL PUENTE(TJA),desnutricion global,desnutricion moderada (m),2006-04-01,1,0,1,2,2,2,4
EL TORNO,desnutricion global,desnutricion moderada (m),2006-04-01,2,2,3,8,5,10,15
EL VILLAR,desnutricion global,desnutricion moderada (m),2006-04-01,1,3,1,12,2,15,17
ENTRE RIOS,desnutricion global,desnutricion moderada (m),2006-04-01,11,12,13,11,24,23,47
ENTRE RIOS,desnutricion global,desnutricion moderada (m),2006-04-01,3,1,1,6,4,7,11
EUCALIPTUS,desnutricion global,desnutricion moderada (m),2006-04-01,3,1,1,1,4,2,6
EXALTACION,desnutricion global,desnutricion moderada (m),2006-04-01,3,0,1,2,4,2,6
FERNANDEZ ALONSO,desnutricion global,desnutricion moderada (m),2006-04-01,1,6,0,3,1,9,10
GENERAL SAAVEDRA,desnutricion global,desnutricion moderada (m),2006-04-01,12,7,2,5,14,12,26
GRAL. J.J. PEREZ (CHARAZANI),desnutricion global,desnutricion moderada (m),2006-04-01,7,5,1,4,8,9,17
GUANAY,desnutricion global,desnutricion moderada (m),2006-04-01,2,4,3,7,5,11,16
GUAQUI,desnutricion global,desnutricion moderada (m),2006-04-01,0,2,1,0,1,2,3
GUAYARAMERIN,desnutricion global,desnutricion moderada (m),2006-04-01,12,13,7,11,19,24,43
GUTIERREZ,desnutricion global,desnutricion moderada (m),2006-04-01,11,11,16,22,27,33,60
HUACARETA,desnutricion global,desnutricion moderada (m),2006-04-01,2,7,1,5,3,12,15
HUACAYA (VILLA DE HUACAYA),desnutricion global,desnutricion moderada (m),2006-04-01,0,1,1,0,1,1,2
HUACHACALLA,desnutricion global,desnutricion moderada (m),2006-04-01,0,0,1,0,1,0,1
HUANUNI,desnutricion global,desnutricion moderada (m),2006-04-01,6,8,3,2,9,10,19
HUARACAJE,desnutricion global,desnutricion moderada (m),2006-04-01,0,0,2,1,2,1,3
ICHOCA,desnutricion global,desnutricion moderada (m),2006-04-01,7,4,2,1,9,5,14
ICLA,desnutricion global,desnutricion moderada (m),2006-04-01,25,25,29,34,54,59,113
INCAHUASI,desnutricion global,desnutricion moderada (m),2006-04-01,41,24,11,24,52,48,100
INGAVI (HUMAITA),desnutricion global,desnutricion moderada (m),2006-04-01,1,0,1,0,2,0,2
INQUISIVI,desnutricion global,desnutricion moderada (m),2006-04-01,10,14,5,7,15,21,36
IRUPANA (VILLA DE LANZA),desnutricion global,desnutricion moderada (m),2006-04-01,1,1,1,1,2,2,4
IXIAMAS,desnutricion global,desnutricion moderada (m),2006-04-01,2,4,0,0,2,4,6
JESUS DE MACHACA,desnutricion global,desnutricion moderada (m),2006-04-01,3,2,2,3,5,5,10
LA ASUNTA,desnutricion global,desnutricion moderada (m),2006-04-01,2,2,5,4,7,6,13
LA GUARDIA,desnutricion global,desnutricion moderada (m),2006-04-01,10,21,4,7,14,28,42
LA PAZ,desnutricion global,desnutricion moderada (m),2006-04-01,170,159,58,76,228,235,463
LAGUNILLAS,desnutricion global,desnutricion moderada (m),2006-04-01,2,2,2,4,4,6,10
LAJA,desnutricion global,desnutricion moderada (m),2006-04-01,4,0,2,0,6,0,6
LAS CARRERAS,desnutricion global,desnutricion moderada (m),2006-04-01,0,1,1,1,1,2,3
LLALLAGUA,desnutricion global,desnutricion moderada (m),2006-04-01,19,16,10,9,29,25,54
LLICA,desnutricion global,desnutricion moderada (m),2006-04-01,0,1,3,0,3,1,4
LORETO,desnutricion global,desnutricion moderada (m),2006-04-01,1,1,0,0,1,1,2
LURIBAY,desnutricion global,desnutricion moderada (m),2006-04-01,8,6,4,3,12,9,21
MACHACAMARCA,desnutricion global,desnutricion moderada (m),2006-04-01,1,0,1,2,2,2,4
MACHARETI,desnutricion global,desnutricion moderada (m),2006-04-01,5,0,4,4,9,4,13
MAGDALENA,desnutricion global,desnutricion moderada (m),2006-04-01,5,5,1,2,6,7,13
MAIRANA,desnutricion global,desnutricion moderada (m),2006-04-01,1,0,0,0,1,0,1
MALLA,desnutricion global,desnutricion moderada (m),2006-04-01,2,3,1,1,3,4,7
MAPIRI,desnutricion global,desnutricion moderada (m),2006-04-01,4,10,3,6,7,16,23
MINEROS,desnutricion global,desnutricion moderada (m),2006-04-01,7,9,5,3,12,12,24
MIZQUE,desnutricion global,desnutricion moderada (m),2006-04-01,8,12,6,9,14,21,35
MOCOMOCO,desnutricion global,desnutricion moderada (m),2006-04-01,6,2,3,7,9,9,18
MOJINETE,desnutricion global,desnutricion moderada (m),2006-04-01,0,0,1,1,1,1,2
MOJOCOYA,desnutricion global,desnutricion moderada (m),2006-04-01,3,5,6,2,9,7,16
MONTEAGUDO,desnutricion global,desnutricion moderada (m),2006-04-01,13,5,7,12,20,17,37
MONTERO,desnutricion global,desnutricion moderada (m),2006-04-01,43,43,27,21,70,64,134
MORO MORO,desnutricion global,desnutricion moderada (m),2006-04-01,0,0,1,1,1,1,2
MOROCHATA,desnutricion global,desnutricion moderada (m),2006-04-01,17,11,6,8,23,19,42
OCURI,desnutricion global,desnutricion moderada (m),2006-04-01,19,24,24,24,43,48,91
OKINAWA,desnutricion global,desnutricion moderada (m),2006-04-01,0,1,0,0,0,1,1
OMEREQUE,desnutricion global,desnutricion moderada (m),2006-04-01,0,1,0,3,0,4,4
ORURO,desnutricion global,desnutricion moderada (m),2006-04-01,83,70,40,44,123,114,237
PADCAYA,desnutricion global,desnutricion moderada (m),2006-04-01,1,8,0,1,1,9,10
PADILLA,desnutricion global,desnutricion moderada (m),2006-04-01,8,8,9,12,17,20,37
PAILON,desnutricion global,desnutricion moderada (m),2006-04-01,0,11,4,1,4,12,16
PALCA,desnutricion global,desnutricion moderada (m),2006-04-01,4,4,0,0,4,4,8
PALOS BLANCOS,desnutricion global,desnutricion moderada (m),2006-04-01,10,4,5,8,15,12,27
PAMPA AULLAGAS,desnutricion global,desnutricion moderada (m),2006-04-01,1,2,1,1,2,3,5
PAMPA GRANDE,desnutricion global,desnutricion moderada (m),2006-04-01,2,1,0,0,2,1,3
PAPEL PAMPA,desnutricion global,desnutricion moderada (m),2006-04-01,0,1,0,0,0,1,1
PASORAPA,desnutricion global,desnutricion moderada (m),2006-04-01,0,4,1,5,1,9,10
PATACAMAYA,desnutricion global,desnutricion moderada (m),2006-04-01,15,16,4,1,19,17,36
PAZÑA,desnutricion global,desnutricion moderada (m),2006-04-01,2,0,5,1,7,1,8
PELECHUCO,desnutricion global,desnutricion moderada (m),2006-04-01,1,4,2,3,3,7,10
POCOATA,desnutricion global,desnutricion moderada (m),2006-04-01,9,14,14,15,23,29,52
POCONA,desnutricion global,desnutricion moderada (m),2006-04-01,7,6,7,8,14,14,28
POJO (CBBA),desnutricion global,desnutricion moderada (m),2006-04-01,8,3,8,10,16,13,29
POOPO,desnutricion global,desnutricion moderada (m),2006-04-01,3,0,0,1,3,1,4
PORCO,desnutricion global,desnutricion moderada (m),2006-04-01,2,0,1,0,3,0,3
POROMA,desnutricion global,desnutricion moderada (m),2006-04-01,15,8,9,26,24,34,58
PORTACHUELO,desnutricion global,desnutricion moderada (m),2006-04-01,7,4,7,2,14,6,20
POSTRER VALLE,desnutricion global,desnutricion moderada (m),2006-04-01,0,1,0,1,0,2,2
POTOSI,desnutricion global,desnutricion moderada (m),2006-04-01,80,68,32,36,112,104,216
PRESTO,desnutricion global,desnutricion moderada (m),2006-04-01,19,8,14,12,33,20,53
PUCARA,desnutricion global,desnutricion moderada (m),2006-04-01,1,0,0,0,1,0,1
PUCARANI,desnutricion global,desnutricion moderada (m),2006-04-01,1,7,1,1,2,8,10
PUERTO ACOSTA,desnutricion global,desnutricion moderada (m),2006-04-01,0,2,0,1,0,3,3
PUERTO CARABUCO,desnutricion global,desnutricion moderada (m),2006-04-01,1,1,3,1,4,2,6
PUERTO GONZALO MORENO,desnutricion global,desnutricion moderada (m),2006-04-01,1,4,1,2,2,6,8
PUERTO PEREZ,desnutricion global,desnutricion moderada (m),2006-04-01,1,3,1,1,2,4,6
PUERTO QUIJARRO,desnutricion global,desnutricion moderada (m),2006-04-01,2,2,0,1,2,3,5
PUERTO RICO,desnutricion global,desnutricion moderada (m),2006-04-01,0,1,0,2,0,3,3
PUERTO SILES,desnutricion global,desnutricion moderada (m),2006-04-01,1,1,1,1,2,2,4
PUERTO SUAREZ,desnutricion global,desnutricion moderada (m),2006-04-01,0,2,5,0,5,2,7
PUERTO VILLARROEL,desnutricion global,desnutricion moderada (m),2006-04-01,13,19,9,14,22,33,55
PUNA,desnutricion global,desnutricion moderada (m),2006-04-01,35,23,23,24,58,47,105
PUNATA,desnutricion global,desnutricion moderada (m),2006-04-01,10,7,3,4,13,11,24
QUIABAYA,desnutricion global,desnutricion moderada (m),2006-04-01,4,0,1,2,5,2,7
QUILLACOLLO,desnutricion global,desnutricion moderada (m),2006-04-01,15,16,15,21,30,37,67
QUIME,desnutricion global,desnutricion moderada (m),2006-04-01,2,0,2,3,4,3,7
QUIRUSILLAS,desnutricion global,desnutricion moderada (m),2006-04-01,0,1,0,0,0,1,1
RAVELO,desnutricion global,desnutricion moderada (m),2006-04-01,51,31,24,38,75,69,144
REYES,desnutricion global,desnutricion moderada (m),2006-04-01,6,2,8,7,14,9,23
RIBERALTA,desnutricion global,desnutricion moderada (m),2006-04-01,40,56,8,20,48,76,124
ROBORE,desnutricion global,desnutricion moderada (m),2006-04-01,5,3,1,6,6,9,15
RURRENABAQUE,desnutricion global,desnutricion moderada (m),2006-04-01,0,2,0,0,0,2,2
SABAYA,desnutricion global,desnutricion moderada (m),2006-04-01,2,0,0,0,2,0,2
SACABA,desnutricion global,desnutricion moderada (m),2006-04-01,31,19,9,7,40,26,66
SACABAMBA,desnutricion global,desnutricion moderada (m),2006-04-01,0,1,5,1,5,2,7
SACACA,desnutricion global,desnutricion moderada (m),2006-04-01,17,30,26,17,43,47,90
SAIPINA,desnutricion global,desnutricion moderada (m),2006-04-01,2,2,3,2,5,4,9
SALINAS DE GARCI MENDOZA,desnutricion global,desnutricion moderada (m),2006-04-01,4,0,1,1,5,1,6
SAMAIPATA,desnutricion global,desnutricion moderada (m),2006-04-01,2,1,1,0,3,1,4
SAN AGUSTIN,desnutricion global,desnutricion moderada (m),2006-04-01,0,1,0,0,0,1,1
SAN ANDRES,desnutricion global,desnutricion moderada (m),2006-04-01,2,6,0,1,2,7,9
SAN ANDRES DE MACHACA,desnutricion global,desnutricion moderada (m),2006-04-01,1,2,0,0,1,2,3
SAN ANTONIO DE LOMERIO,desnutricion global,desnutricion moderada (m),2006-04-01,8,15,10,10,18,25,43
SAN BENITO,desnutricion global,desnutricion moderada (m),2006-04-01,1,2,3,2,4,4,8
SAN BORJA,desnutricion global,desnutricion moderada (m),2006-04-01,16,11,2,8,18,19,37
SAN BUENA VENTURA,desnutricion global,desnutricion moderada (m),2006-04-01,3,4,3,5,6,9,15
SAN CARLOS,desnutricion global,desnutricion moderada (m),2006-04-01,2,6,1,0,3,6,9
SAN IGNACIO,desnutricion global,desnutricion moderada (m),2006-04-01,11,9,2,8,13,17,30
SAN IGNACIO DE VELASCO,desnutricion global,desnutricion moderada (m),2006-04-01,16,26,10,31,26,57,83
SAN JAVIER(BNI),desnutricion global,desnutricion moderada (m),2006-04-01,0,1,0,1,0,2,2
SAN JOAQUIN,desnutricion global,desnutricion moderada (m),2006-04-01,2,2,0,0,2,2,4
SAN JOSE DE CHIQUITOS,desnutricion global,desnutricion moderada (m),2006-04-01,4,6,5,3,9,9,18
SAN JUAN DE YAPACANI,desnutricion global,desnutricion moderada (m),2006-04-01,1,0,0,1,1,1,2
SAN JULIAN,desnutricion global,desnutricion moderada (m),2006-04-01,5,8,5,8,10,16,26
SAN LORENZO(PND),desnutricion global,desnutricion moderada (m),2006-04-01,1,1,2,5,3,6,9
SAN LORENZO(TJA),desnutricion global,desnutricion moderada (m),2006-04-01,8,11,12,9,20,20,40
SAN LUCAS,desnutricion global,desnutricion moderada (m),2006-04-01,43,62,35,55,78,117,195
SAN MATIAS,desnutricion global,desnutricion moderada (m),2006-04-01,0,2,1,0,1,2,3
SAN MIGUEL DE VELASCO,desnutricion global,desnutricion moderada (m),2006-04-01,2,2,1,1,3,3,6
SAN PABLO DE LIPEZ,desnutricion global,desnutricion moderada (m),2006-04-01,0,1,2,1,2,2,4
SAN PEDRO,desnutricion global,desnutricion moderada (m),2006-04-01,2,1,1,3,3,4,7
SAN PEDRO DE BUENA VISTA,desnutricion global,desnutricion moderada (m),2006-04-01,21,26,24,25,45,51,96
SAN PEDRO DE CURAHUARA,desnutricion global,desnutricion moderada (m),2006-04-01,0,0,0,1,0,1,1
SAN PEDRO DE QUEMES,desnutricion global,desnutricion moderada (m),2006-04-01,0,0,1,0,1,0,1
SAN PEDRO DE TIQUINA,desnutricion global,desnutricion moderada (m),2006-04-01,1,0,0,0,1,0,1
SAN PEDRO(PND),desnutricion global,desnutricion moderada (m),2006-04-01,3,1,1,0,4,1,5
SAN RAFAEL,desnutricion global,desnutricion moderada (m),2006-04-01,4,4,4,2,8,6,14
SANTA ANA,desnutricion global,desnutricion moderada (m),2006-04-01,0,3,0,2,0,5,5
SANTA CRUZ DE LA SIERRA,desnutricion global,desnutricion moderada (m),2006-04-01,105,98,47,55,152,153,305
SANTA ROSA,desnutricion global,desnutricion moderada (m),2006-04-01,1,1,1,0,2,1,3
SANTA ROSA DEL SARA,desnutricion global,desnutricion moderada (m),2006-04-01,5,2,2,2,7,4,11
SANTIAGO DE CALLAPA,desnutricion global,desnutricion moderada (m),2006-04-01,3,1,2,3,5,4,9
SANTIAGO DE HUARI,desnutricion global,desnutricion moderada (m),2006-04-01,1,1,1,3,2,4,6
SANTIAGO DE MACHACA,desnutricion global,desnutricion moderada (m),2006-04-01,1,0,0,0,1,0,1
SANTIVAÑES,desnutricion global,desnutricion moderada (m),2006-04-01,2,3,10,4,12,7,19
SANTUARIO DE QUILLACAS,desnutricion global,desnutricion moderada (m),2006-04-01,1,0,0,2,1,2,3
SAPAHAQUI,desnutricion global,desnutricion moderada (m),2006-04-01,7,7,2,4,9,11,20
SENA,desnutricion global,desnutricion moderada (m),2006-04-01,1,2,1,1,2,3,5
SICA SICA (VILLA AROMA),desnutricion global,desnutricion moderada (m),2006-04-01,5,5,0,4,5,9,14
SICAYA,desnutricion global,desnutricion moderada (m),2006-04-01,5,3,1,1,6,4,10
SIPE SIPE,desnutricion global,desnutricion moderada (m),2006-04-01,30,23,9,16,39,39,78
SOPACHUY,desnutricion global,desnutricion moderada (m),2006-04-01,5,2,2,5,7,7,14
SORACACHI,desnutricion global,desnutricion moderada (m),2006-04-01,4,2,0,4,4,6,10
SORATA,desnutricion global,desnutricion moderada (m),2006-04-01,1,4,0,2,1,6,7
SUCRE,desnutricion global,desnutricion moderada (m),2006-04-01,64,58,38,57,102,115,217
TACACHI,desnutricion global,desnutricion moderada (m),2006-04-01,2,1,0,0,2,1,3
TACOBAMBA,desnutricion global,desnutricion moderada (m),2006-04-01,9,7,9,8,18,15,33
TACOPAYA,desnutricion global,desnutricion moderada (m),2006-04-01,20,15,11,12,31,27,58
TAHUA,desnutricion global,desnutricion moderada (m),2006-04-01,0,0,1,0,1,0,1
TAPACARI,desnutricion global,desnutricion moderada (m),2006-04-01,17,26,9,6,26,32,58
TARABUCO,desnutricion global,desnutricion moderada (m),2006-04-01,45,31,36,56,81,87,168
TARACO,desnutricion global,desnutricion moderada (m),2006-04-01,0,0,1,0,1,0,1
TARATA,desnutricion global,desnutricion moderada (m),2006-04-01,2,3,0,2,2,5,7
TARIJA,desnutricion global,desnutricion moderada (m),2006-04-01,27,23,15,28,42,51,93
TARVITA,desnutricion global,desnutricion moderada (m),2006-04-01,8,12,5,5,13,17,30
TEOPONTE,desnutricion global,desnutricion moderada (m),2006-04-01,0,0,1,3,1,3,4
TINGUIPAYA,desnutricion global,desnutricion moderada (m),2006-04-01,29,18,21,14,50,32,82
TIPUANI,desnutricion global,desnutricion moderada (m),2006-04-01,2,1,0,0,2,1,3
TIQUIPAYA,desnutricion global,desnutricion moderada (m),2006-04-01,16,8,4,3,20,11,31
TIRAQUE (CBBA),desnutricion global,desnutricion moderada (m),2006-04-01,25,25,10,7,35,32,67
TITO YUPANQUI (PARQUIPUJIO),desnutricion global,desnutricion moderada (m),2006-04-01,0,1,0,0,0,1,1
TOCO,desnutricion global,desnutricion moderada (m),2006-04-01,0,1,0,1,0,2,2
TOLEDO,desnutricion global,desnutricion moderada (m),2006-04-01,1,0,0,0,1,0,1
TOMAVE,desnutricion global,desnutricion moderada (m),2006-04-01,7,5,4,7,11,12,23
TOMINA,desnutricion global,desnutricion moderada (m),2006-04-01,18,18,20,23,38,41,79
TORO TORO,desnutricion global,desnutricion moderada (m),2006-04-01,30,24,9,18,39,42,81
TOTORA(CBBA),desnutricion global,desnutricion moderada (m),2006-04-01,13,9,6,6,19,15,34
TOTORA(ORR),desnutricion global,desnutricion moderada (m),2006-04-01,1,0,0,0,1,0,1
TRINIDAD,desnutricion global,desnutricion moderada (m),2006-04-01,27,15,8,16,35,31,66
TUPIZA,desnutricion global,desnutricion moderada (m),2006-04-01,13,6,5,14,18,20,38
TURCO,desnutricion global,desnutricion moderada (m),2006-04-01,0,1,0,0,0,1,1
UMALA,desnutricion global,desnutricion moderada (m),2006-04-01,3,1,2,1,5,2,7
UNCIA,desnutricion global,desnutricion moderada (m),2006-04-01,6,8,8,7,14,15,29
URIONDO (A. CONCEPCION),desnutricion global,desnutricion moderada (m),2006-04-01,3,4,3,9,6,13,19
URUBICHA,desnutricion global,desnutricion moderada (m),2006-04-01,15,45,24,50,39,95,134
UYUNI,desnutricion global,desnutricion moderada (m),2006-04-01,6,4,4,5,10,9,19
VACAS,desnutricion global,desnutricion moderada (m),2006-04-01,8,4,6,4,14,8,22
VALLEGRANDE,desnutricion global,desnutricion moderada (m),2006-04-01,2,2,3,2,5,4,9
VIACHA,desnutricion global,desnutricion moderada (m),2006-04-01,5,9,3,3,8,12,20
VILA VILA,desnutricion global,desnutricion moderada (m),2006-04-01,2,3,4,3,6,6,12
VILLA MONTES,desnutricion global,desnutricion moderada (m),2006-04-01,6,6,8,6,14,12,26
VILLA NUEVA (LOMA ALTA),desnutricion global,desnutricion moderada (m),2006-04-01,0,1,0,1,0,2,2
VILLA RIVERO,desnutricion global,desnutricion moderada (m),2006-04-01,6,5,4,2,10,7,17
VILLA SERRANO,desnutricion global,desnutricion moderada (m),2006-04-01,17,10,16,16,33,26,59
VILLA TUNARI,desnutricion global,desnutricion moderada (m),2006-04-01,31,45,26,17,57,62,119
VILLA VACA GUZMAN (MUYUPAMPA),desnutricion global,desnutricion moderada (m),2006-04-01,3,1,5,1,8,2,10
VILLAZON,desnutricion global,desnutricion moderada (m),2006-04-01,8,10,8,6,16,16,32
VINTO,desnutricion global,desnutricion moderada (m),2006-04-01,0,2,1,0,1,2,3
VITICHI,desnutricion global,desnutricion moderada (m),2006-04-01,10,12,15,11,25,23,48
WALDO BALLIVIAN,desnutricion global,desnutricion moderada (m),2006-04-01,2,3,0,2,2,5,7
WARNES,desnutricion global,desnutricion moderada (m),2006-04-01,23,10,5,4,28,14,42
YACO,desnutricion global,desnutricion moderada (m),2006-04-01,10,7,2,4,12,11,23
YACUIBA,desnutricion global,desnutricion moderada (m),2006-04-01,5,8,5,4,10,12,22
YAMPARAEZ,desnutricion global,desnutricion moderada (m),2006-04-01,11,9,12,13,23,22,45
YANACACHI,desnutricion global,desnutricion moderada (m),2006-04-01,1,0,0,0,1,0,1
YAPACANI,desnutricion global,desnutricion moderada (m),2006-04-01,24,25,10,8,34,33,67
YOCALLA,desnutricion global,desnutricion moderada (m),2006-04-01,2,1,3,2,5,3,8
YOTALA,desnutricion global,desnutricion moderada (m),2006-04-01,12,4,4,11,16,15,31
YUNCHARA,desnutricion global,desnutricion moderada (m),2006-04-01,5,6,11,10,16,16,32
ZUDAÑEZ,desnutricion global,desnutricion moderada (m),2006-04-01,10,5,10,13,20,18,38
ACACIO,desnutricion global,desnutricion moderada (m),2006-05-01,9,7,7,4,16,11,27
ACHACACHI,desnutricion global,desnutricion moderada (m),2006-05-01,2,3,0,1,2,4,6
ACHOCALLA,desnutricion global,desnutricion moderada (m),2006-05-01,2,0,0,1,2,1,3
AIQUILE,desnutricion global,desnutricion moderada (m),2006-05-01,4,1,1,5,5,6,11
ALALAY,desnutricion global,desnutricion moderada (m),2006-05-01,4,3,1,0,5,3,8
ALCALA,desnutricion global,desnutricion moderada (m),2006-05-01,5,2,3,6,8,8,16
ANCORAIMES,desnutricion global,desnutricion moderada (m),2006-05-01,5,0,0,2,5,2,7
ANDAMARCA,desnutricion global,desnutricion moderada (m),2006-05-01,3,0,0,2,3,2,5
ANTEQUERA,desnutricion global,desnutricion moderada (m),2006-05-01,0,0,0,1,0,1,1
ANZALDO,desnutricion global,desnutricion moderada (m),2006-05-01,5,1,6,10,11,11,22
APOLO,desnutricion global,desnutricion moderada (m),2006-05-01,9,6,9,6,18,12,30
ARAMPAMPA,desnutricion global,desnutricion moderada (m),2006-05-01,8,2,4,10,12,12,24
ARANI,desnutricion global,desnutricion moderada (m),2006-05-01,4,1,8,5,12,6,18
ARBIETO,desnutricion global,desnutricion moderada (m),2006-05-01,2,1,1,0,3,1,4
ARQUE,desnutricion global,desnutricion moderada (m),2006-05-01,12,19,6,12,18,31,49
ATOCHA,desnutricion global,desnutricion moderada (m),2006-05-01,8,4,4,4,12,8,20
AUCAPATA,desnutricion global,desnutricion moderada (m),2006-05-01,3,4,2,3,5,7,12
AYATA,desnutricion global,desnutricion moderada (m),2006-05-01,12,8,3,2,15,10,25
AYO AYO,desnutricion global,desnutricion moderada (m),2006-05-01,7,5,1,0,8,5,13
AYOPAYA (V. DE INDEPENDENCIA),desnutricion global,desnutricion moderada (m),2006-05-01,16,12,11,12,27,24,51
AZURDUY,desnutricion global,desnutricion moderada (m),2006-05-01,10,20,18,24,28,44,72
BATALLAS,desnutricion global,desnutricion moderada (m),2006-05-01,2,4,2,0,4,4,8
BAURES,desnutricion global,desnutricion moderada (m),2006-05-01,1,0,1,0,2,0,2
BELEN DE ANDAMARCA,desnutricion global,desnutricion moderada (m),2006-05-01,1,0,2,2,3,2,5
BELEN DE URMIRI,desnutricion global,desnutricion moderada (m),2006-05-01,2,5,4,4,6,9,15
BELLA FLOR,desnutricion global,desnutricion moderada (m),2006-05-01,2,0,1,0,3,0,3
BERMEJO,desnutricion global,desnutricion moderada (m),2006-05-01,0,0,2,0,2,0,2
BETANZOS,desnutricion global,desnutricion moderada (m),2006-05-01,29,34,24,49,53,83,136
BOLIVAR,desnutricion global,desnutricion moderada (m),2006-05-01,31,25,14,18,45,43,88
BUENA VISTA,desnutricion global,desnutricion moderada (m),2006-05-01,0,0,3,1,3,1,4
CABEZAS,desnutricion global,desnutricion moderada (m),2006-05-01,3,2,1,4,4,6,10
CAIROMA,desnutricion global,desnutricion moderada (m),2006-05-01,14,17,14,13,28,30,58
"CAIZA ""D""",desnutricion global,desnutricion moderada (m),2006-05-01,3,4,3,9,6,13,19
CAJUATA,desnutricion global,desnutricion moderada (m),2006-05-01,1,1,2,1,3,2,5
CALACOTO,desnutricion global,desnutricion moderada (m),2006-05-01,1,2,1,1,2,3,5
CALAMARCA,desnutricion global,desnutricion moderada (m),2006-05-01,23,14,15,15,38,29,67
CAMARGO,desnutricion global,desnutricion moderada (m),2006-05-01,21,20,17,18,38,38,76
CAMATAQUI (C. VILLA ABECIA),desnutricion global,desnutricion moderada (m),2006-05-01,1,2,2,1,3,3,6
CAMIRI,desnutricion global,desnutricion moderada (m),2006-05-01,5,9,9,8,14,17,31
CAPINOTA,desnutricion global,desnutricion moderada (m),2006-05-01,16,6,9,11,25,17,42
CAQUIAVIRI,desnutricion global,desnutricion moderada (m),2006-05-01,0,0,0,4,0,4,4
CARACOLLO,desnutricion global,desnutricion moderada (m),2006-05-01,2,2,0,1,2,3,5
CARANAVI,desnutricion global,desnutricion moderada (m),2006-05-01,13,18,5,2,18,20,38
CARAPARI,desnutricion global,desnutricion moderada (m),2006-05-01,1,1,0,1,1,2,3
CARIPUYO,desnutricion global,desnutricion moderada (m),2006-05-01,3,13,18,18,21,31,52
CARMEN RIVERO TORREZ,desnutricion global,desnutricion moderada (m),2006-05-01,2,7,3,1,5,8,13
CHACARILLA,desnutricion global,desnutricion moderada (m),2006-05-01,1,0,4,3,5,3,8
CHALLAPATA,desnutricion global,desnutricion moderada (m),2006-05-01,17,8,13,20,30,28,58
CHAQUI,desnutricion global,desnutricion moderada (m),2006-05-01,6,6,2,2,8,8,16
CHARAGUA,desnutricion global,desnutricion moderada (m),2006-05-01,5,5,1,4,6,9,15
CHARAÑA,desnutricion global,desnutricion moderada (m),2006-05-01,2,1,1,3,3,4,7
CHAYANTA,desnutricion global,desnutricion moderada (m),2006-05-01,21,23,32,23,53,46,99
CHIMORE,desnutricion global,desnutricion moderada (m),2006-05-01,13,5,0,4,13,9,22
CHIPAYA,desnutricion global,desnutricion moderada (m),2006-05-01,1,0,1,1,2,1,3
CHOQUE COTA,desnutricion global,desnutricion moderada (m),2006-05-01,1,1,0,1,1,2,3
CHULUMANI (V. DE LA LIBERTAD),desnutricion global,desnutricion moderada (m),2006-05-01,3,4,1,2,4,6,10
CHUMA,desnutricion global,desnutricion moderada (m),2006-05-01,20,7,9,8,29,15,44
CLIZA,desnutricion global,desnutricion moderada (m),2006-05-01,8,3,1,4,9,7,16
COBIJA,desnutricion global,desnutricion moderada (m),2006-05-01,6,2,1,2,7,4,11
COCHABAMBA,desnutricion global,desnutricion moderada (m),2006-05-01,117,98,61,78,178,176,354
COLCAPIRHUA,desnutricion global,desnutricion moderada (m),2006-05-01,12,8,8,9,20,17,37
"COLCHA ""K""",desnutricion global,desnutricion moderada (m),2006-05-01,3,1,0,2,3,3,6
COLOMI,desnutricion global,desnutricion moderada (m),2006-05-01,8,8,1,4,9,12,21
COLPA BELGICA,desnutricion global,desnutricion moderada (m),2006-05-01,1,1,0,1,1,2,3
COLQUECHACA,desnutricion global,desnutricion moderada (m),2006-05-01,19,18,48,39,67,57,124
COLQUENCHA,desnutricion global,desnutricion moderada (m),2006-05-01,5,6,2,8,7,14,21
COLQUIRI,desnutricion global,desnutricion moderada (m),2006-05-01,8,9,3,7,11,16,27
COMANCHE,desnutricion global,desnutricion moderada (m),2006-05-01,1,0,2,3,3,3,6
COMARAPA,desnutricion global,desnutricion moderada (m),2006-05-01,9,6,0,4,9,10,19
COMBAYA,desnutricion global,desnutricion moderada (m),2006-05-01,1,3,2,1,3,4,7
COPACABANA,desnutricion global,desnutricion moderada (m),2006-05-01,4,3,2,4,6,7,13
CORIPATA,desnutricion global,desnutricion moderada (m),2006-05-01,1,0,0,0,1,0,1
CORO CORO,desnutricion global,desnutricion moderada (m),2006-05-01,8,4,9,8,17,12,29
COROICO,desnutricion global,desnutricion moderada (m),2006-05-01,1,1,3,0,4,1,5
CORQUE,desnutricion global,desnutricion moderada (m),2006-05-01,2,3,4,1,6,4,10
COTAGAITA,desnutricion global,desnutricion moderada (m),2006-05-01,13,16,12,23,25,39,64
COTOCA,desnutricion global,desnutricion moderada (m),2006-05-01,7,2,3,0,10,2,12
CUATRO CAÑADAS,desnutricion global,desnutricion moderada (m),2006-05-01,0,4,1,2,1,6,7
CUCHUMUELA (V. G. VILLARROEL),desnutricion global,desnutricion moderada (m),2006-05-01,1,0,0,1,1,1,2
CUEVO,desnutricion global,desnutricion moderada (m),2006-05-01,1,3,0,0,1,3,4
CULPINA,desnutricion global,desnutricion moderada (m),2006-05-01,31,11,16,27,47,38,85
CURAHUARA DE CARANGAS,desnutricion global,desnutricion moderada (m),2006-05-01,1,0,1,0,2,0,2
CURVA,desnutricion global,desnutricion moderada (m),2006-05-01,2,1,1,0,3,1,4
DESAGUADERO,desnutricion global,desnutricion moderada (m),2006-05-01,3,2,1,1,4,3,7
EL ALTO,desnutricion global,desnutricion moderada (m),2006-05-01,362,304,214,248,576,552,1128
EL CHORO,desnutricion global,desnutricion moderada (m),2006-05-01,1,0,0,0,1,0,1
EL PUENTE(STC),desnutricion global,desnutricion moderada (m),2006-05-01,1,4,3,0,4,4,8
EL PUENTE(TJA),desnutricion global,desnutricion moderada (m),2006-05-01,1,1,4,5,5,6,11
EL TORNO,desnutricion global,desnutricion moderada (m),2006-05-01,0,3,8,4,8,7,15
EL VILLAR,desnutricion global,desnutricion moderada (m),2006-05-01,2,1,1,9,3,10,13
ENTRE RIOS,desnutricion global,desnutricion moderada (m),2006-05-01,11,17,13,9,24,26,50
ENTRE RIOS,desnutricion global,desnutricion moderada (m),2006-05-01,4,3,1,4,5,7,12
EXALTACION,desnutricion global,desnutricion moderada (m),2006-05-01,2,0,2,2,4,2,6
FERNANDEZ ALONSO,desnutricion global,desnutricion moderada (m),2006-05-01,5,10,0,3,5,13,18
FILADELFIA,desnutricion global,desnutricion moderada (m),2006-05-01,0,0,0,2,0,2,2
GENERAL SAAVEDRA,desnutricion global,desnutricion moderada (m),2006-05-01,1,1,1,1,2,2,4
GRAL. J.J. PEREZ (CHARAZANI),desnutricion global,desnutricion moderada (m),2006-05-01,9,4,5,8,14,12,26
GUANAY,desnutricion global,desnutricion moderada (m),2006-05-01,8,2,1,5,9,7,16
GUAQUI,desnutricion global,desnutricion moderada (m),2006-05-01,1,1,0,1,1,2,3
GUAYARAMERIN,desnutricion global,desnutricion moderada (m),2006-05-01,15,18,2,11,17,29,46
GUTIERREZ,desnutricion global,desnutricion moderada (m),2006-05-01,7,7,12,10,19,17,36
HUACARETA,desnutricion global,desnutricion moderada (m),2006-05-01,3,4,5,11,8,15,23
HUACAYA (VILLA DE HUACAYA),desnutricion global,desnutricion moderada (m),2006-05-01,1,0,0,0,1,0,1
HUACHACALLA,desnutricion global,desnutricion moderada (m),2006-05-01,0,0,0,2,0,2,2
HUANUNI,desnutricion global,desnutricion moderada (m),2006-05-01,11,11,2,11,13,22,35
HUARACAJE,desnutricion global,desnutricion moderada (m),2006-05-01,0,2,1,0,1,2,3
HUAYLLAMARCA,desnutricion global,desnutricion moderada (m),2006-05-01,0,0,0,1,0,1,1
ICHOCA,desnutricion global,desnutricion moderada (m),2006-05-01,1,3,1,0,2,3,5
ICLA,desnutricion global,desnutricion moderada (m),2006-05-01,46,31,21,40,67,71,138
INCAHUASI,desnutricion global,desnutricion moderada (m),2006-05-01,34,32,20,28,54,60,114
INQUISIVI,desnutricion global,desnutricion moderada (m),2006-05-01,14,8,7,11,21,19,40
IRUPANA (VILLA DE LANZA),desnutricion global,desnutricion moderada (m),2006-05-01,1,1,5,4,6,5,11
IXIAMAS,desnutricion global,desnutricion moderada (m),2006-05-01,1,3,6,1,7,4,11
JESUS DE MACHACA,desnutricion global,desnutricion moderada (m),2006-05-01,3,8,2,4,5,12,17
LA ASUNTA,desnutricion global,desnutricion moderada (m),2006-05-01,4,4,4,3,8,7,15
LA GUARDIA,desnutricion global,desnutricion moderada (m),2006-05-01,9,15,2,5,11,20,31
LA PAZ,desnutricion global,desnutricion moderada (m),2006-05-01,247,242,85,108,332,350,682
LAGUNILLAS,desnutricion global,desnutricion moderada (m),2006-05-01,0,8,2,8,2,16,18
LAJA,desnutricion global,desnutricion moderada (m),2006-05-01,4,3,0,3,4,6,10
LAS CARRERAS,desnutricion global,desnutricion moderada (m),2006-05-01,1,1,1,2,2,3,5
LICOMA PAMPA,desnutricion global,desnutricion moderada (m),2006-05-01,1,3,0,2,1,5,6
LLALLAGUA,desnutricion global,desnutricion moderada (m),2006-05-01,24,24,28,20,52,44,96
LLICA,desnutricion global,desnutricion moderada (m),2006-05-01,0,0,2,3,2,3,5
LORETO,desnutricion global,desnutricion moderada (m),2006-05-01,0,1,0,0,0,1,1
LURIBAY,desnutricion global,desnutricion moderada (m),2006-05-01,7,5,8,7,15,12,27
MACHARETI,desnutricion global,desnutricion moderada (m),2006-05-01,2,0,3,2,5,2,7
MAGDALENA,desnutricion global,desnutricion moderada (m),2006-05-01,0,5,0,1,0,6,6
MAIRANA,desnutricion global,desnutricion moderada (m),2006-05-01,1,0,2,0,3,0,3
MALLA,desnutricion global,desnutricion moderada (m),2006-05-01,2,2,1,2,3,4,7
MAPIRI,desnutricion global,desnutricion moderada (m),2006-05-01,3,1,4,4,7,5,12
MECAPACA,desnutricion global,desnutricion moderada (m),2006-05-01,1,0,0,1,1,1,2
MINEROS,desnutricion global,desnutricion moderada (m),2006-05-01,5,14,4,1,9,15,24
MIZQUE,desnutricion global,desnutricion moderada (m),2006-05-01,12,17,7,11,19,28,47
MOCOMOCO,desnutricion global,desnutricion moderada (m),2006-05-01,12,2,0,3,12,5,17
MOJINETE,desnutricion global,desnutricion moderada (m),2006-05-01,0,0,0,1,0,1,1
MOJOCOYA,desnutricion global,desnutricion moderada (m),2006-05-01,4,3,4,1,8,4,12
MONTEAGUDO,desnutricion global,desnutricion moderada (m),2006-05-01,12,6,18,11,30,17,47
MONTERO,desnutricion global,desnutricion moderada (m),2006-05-01,30,37,15,28,45,65,110
MORO MORO,desnutricion global,desnutricion moderada (m),2006-05-01,1,1,0,1,1,2,3
MOROCHATA,desnutricion global,desnutricion moderada (m),2006-05-01,18,15,9,7,27,22,49
NUEVO MANOA (NUEVA ESPERANZA),desnutricion global,desnutricion moderada (m),2006-05-01,2,0,1,0,3,0,3
OCURI,desnutricion global,desnutricion moderada (m),2006-05-01,24,20,10,28,34,48,82
OKINAWA,desnutricion global,desnutricion moderada (m),2006-05-01,1,0,1,0,2,0,2
OMEREQUE,desnutricion global,desnutricion moderada (m),2006-05-01,3,3,0,1,3,4,7
ORURO,desnutricion global,desnutricion moderada (m),2006-05-01,108,57,29,42,137,99,236
PADCAYA,desnutricion global,desnutricion moderada (m),2006-05-01,1,3,3,3,4,6,10
PADILLA,desnutricion global,desnutricion moderada (m),2006-05-01,6,11,8,13,14,24,38
PAILON,desnutricion global,desnutricion moderada (m),2006-05-01,0,7,9,0,9,7,16
PALCA,desnutricion global,desnutricion moderada (m),2006-05-01,3,1,5,0,8,1,9
PALOS BLANCOS,desnutricion global,desnutricion moderada (m),2006-05-01,12,11,3,8,15,19,34
PAMPA AULLAGAS,desnutricion global,desnutricion moderada (m),2006-05-01,1,1,1,3,2,4,6
PAMPA GRANDE,desnutricion global,desnutricion moderada (m),2006-05-01,4,3,1,1,5,4,9
PAPEL PAMPA,desnutricion global,desnutricion moderada (m),2006-05-01,1,0,0,0,1,0,1
PASORAPA,desnutricion global,desnutricion moderada (m),2006-05-01,4,3,3,5,7,8,15
PATACAMAYA,desnutricion global,desnutricion moderada (m),2006-05-01,11,13,3,6,14,19,33
PAZÑA,desnutricion global,desnutricion moderada (m),2006-05-01,3,1,2,1,5,2,7
PELECHUCO,desnutricion global,desnutricion moderada (m),2006-05-01,5,2,3,3,8,5,13
POCOATA,desnutricion global,desnutricion moderada (m),2006-05-01,12,21,9,19,21,40,61
POCONA,desnutricion global,desnutricion moderada (m),2006-05-01,10,6,6,11,16,17,33
POJO (CBBA),desnutricion global,desnutricion moderada (m),2006-05-01,10,7,3,7,13,14,27
POOPO,desnutricion global,desnutricion moderada (m),2006-05-01,2,4,2,1,4,5,9
PORCO,desnutricion global,desnutricion moderada (m),2006-05-01,2,1,4,6,6,7,13
POROMA,desnutricion global,desnutricion moderada (m),2006-05-01,29,29,34,25,63,54,117
PORTACHUELO,desnutricion global,desnutricion moderada (m),2006-05-01,11,3,3,0,14,3,17
PORVENIR,desnutricion global,desnutricion moderada (m),2006-05-01,0,1,0,0,0,1,1
POSTRER VALLE,desnutricion global,desnutricion moderada (m),2006-05-01,2,0,1,3,3,3,6
POTOSI,desnutricion global,desnutricion moderada (m),2006-05-01,118,63,44,53,162,116,278
PRESTO,desnutricion global,desnutricion moderada (m),2006-05-01,18,12,21,10,39,22,61
PUCARANI,desnutricion global,desnutricion moderada (m),2006-05-01,5,20,2,1,7,21,28
PUERTO ACOSTA,desnutricion global,desnutricion moderada (m),2006-05-01,3,7,0,0,3,7,10
PUERTO CARABUCO,desnutricion global,desnutricion moderada (m),2006-05-01,4,2,2,5,6,7,13
PUERTO GONZALO MORENO,desnutricion global,desnutricion moderada (m),2006-05-01,4,1,2,0,6,1,7
PUERTO PEREZ,desnutricion global,desnutricion moderada (m),2006-05-01,1,0,0,1,1,1,2
PUERTO QUIJARRO,desnutricion global,desnutricion moderada (m),2006-05-01,1,2,3,1,4,3,7
PUERTO RICO,desnutricion global,desnutricion moderada (m),2006-05-01,0,1,1,2,1,3,4
PUERTO SUAREZ,desnutricion global,desnutricion moderada (m),2006-05-01,1,3,0,1,1,4,5
PUERTO VILLARROEL,desnutricion global,desnutricion moderada (m),2006-05-01,28,25,18,16,46,41,87
PUNA,desnutricion global,desnutricion moderada (m),2006-05-01,50,29,39,33,89,62,151
PUNATA,desnutricion global,desnutricion moderada (m),2006-05-01,6,2,5,5,11,7,18
QUIABAYA,desnutricion global,desnutricion moderada (m),2006-05-01,2,0,0,0,2,0,2
QUILLACOLLO,desnutricion global,desnutricion moderada (m),2006-05-01,18,9,10,11,28,20,48
QUIME,desnutricion global,desnutricion moderada (m),2006-05-01,2,4,1,4,3,8,11
RAVELO,desnutricion global,desnutricion moderada (m),2006-05-01,63,40,45,51,108,91,199
REYES,desnutricion global,desnutricion moderada (m),2006-05-01,6,3,6,4,12,7,19
RIBERALTA,desnutricion global,desnutricion moderada (m),2006-05-01,35,55,16,16,51,71,122
ROBORE,desnutricion global,desnutricion moderada (m),2006-05-01,2,3,3,5,5,8,13
RURRENABAQUE,desnutricion global,desnutricion moderada (m),2006-05-01,0,1,0,0,0,1,1
SABAYA,desnutricion global,desnutricion moderada (m),2006-05-01,1,1,0,0,1,1,2
SACABA,desnutricion global,desnutricion moderada (m),2006-05-01,19,24,9,20,28,44,72
SACABAMBA,desnutricion global,desnutricion moderada (m),2006-05-01,5,1,0,2,5,3,8
SACACA,desnutricion global,desnutricion moderada (m),2006-05-01,22,28,29,17,51,45,96
SAIPINA,desnutricion global,desnutricion moderada (m),2006-05-01,3,4,8,5,11,9,20
SALINAS DE GARCI MENDOZA,desnutricion global,desnutricion moderada (m),2006-05-01,5,4,1,3,6,7,13
SAMAIPATA,desnutricion global,desnutricion moderada (m),2006-05-01,1,2,6,4,7,6,13
SAN AGUSTIN,desnutricion global,desnutricion moderada (m),2006-05-01,1,1,0,1,1,2,3
SAN ANDRES,desnutricion global,desnutricion moderada (m),2006-05-01,1,1,0,0,1,1,2
SAN ANDRES DE MACHACA,desnutricion global,desnutricion moderada (m),2006-05-01,0,1,1,2,1,3,4
SAN ANTONIO DE ESMORUCO,desnutricion global,desnutricion moderada (m),2006-05-01,0,3,0,0,0,3,3
SAN ANTONIO DE LOMERIO,desnutricion global,desnutricion moderada (m),2006-05-01,7,8,5,3,12,11,23
SAN BENITO,desnutricion global,desnutricion moderada (m),2006-05-01,1,6,1,3,2,9,11
SAN BORJA,desnutricion global,desnutricion moderada (m),2006-05-01,14,10,7,4,21,14,35
SAN BUENA VENTURA,desnutricion global,desnutricion moderada (m),2006-05-01,3,2,2,3,5,5,10
SAN CARLOS,desnutricion global,desnutricion moderada (m),2006-05-01,0,1,1,2,1,3,4
SAN IGNACIO,desnutricion global,desnutricion moderada (m),2006-05-01,9,23,6,7,15,30,45
SAN IGNACIO DE VELASCO,desnutricion global,desnutricion moderada (m),2006-05-01,26,37,22,31,48,68,116
SAN JOAQUIN,desnutricion global,desnutricion moderada (m),2006-05-01,0,0,1,0,1,0,1
SAN JOSE DE CHIQUITOS,desnutricion global,desnutricion moderada (m),2006-05-01,4,6,1,6,5,12,17
SAN JUAN DE YAPACANI,desnutricion global,desnutricion moderada (m),2006-05-01,2,0,0,1,2,1,3
SAN JULIAN,desnutricion global,desnutricion moderada (m),2006-05-01,0,2,1,0,1,2,3
SAN LORENZO(PND),desnutricion global,desnutricion moderada (m),2006-05-01,0,2,1,0,1,2,3
SAN LORENZO(TJA),desnutricion global,desnutricion moderada (m),2006-05-01,4,3,12,9,16,12,28
SAN LUCAS,desnutricion global,desnutricion moderada (m),2006-05-01,52,64,63,68,115,132,247
SAN MATIAS,desnutricion global,desnutricion moderada (m),2006-05-01,2,1,1,0,3,1,4
SAN MIGUEL DE VELASCO,desnutricion global,desnutricion moderada (m),2006-05-01,1,1,0,3,1,4,5
SAN PABLO DE LIPEZ,desnutricion global,desnutricion moderada (m),2006-05-01,1,1,3,0,4,1,5
SAN PEDRO,desnutricion global,desnutricion moderada (m),2006-05-01,2,0,2,2,4,2,6
SAN PEDRO DE BUENA VISTA,desnutricion global,desnutricion moderada (m),2006-05-01,23,17,26,23,49,40,89
SAN PEDRO DE CURAHUARA,desnutricion global,desnutricion moderada (m),2006-05-01,1,1,1,2,2,3,5
SAN PEDRO DE TIQUINA,desnutricion global,desnutricion moderada (m),2006-05-01,0,1,1,0,1,1,2
SAN PEDRO(PND),desnutricion global,desnutricion moderada (m),2006-05-01,0,0,0,1,0,1,1
SAN RAFAEL,desnutricion global,desnutricion moderada (m),2006-05-01,0,1,0,4,0,5,5
SAN RAMON,desnutricion global,desnutricion moderada (m),2006-05-01,0,0,0,1,0,1,1
SAN RAMON,desnutricion global,desnutricion moderada (m),2006-05-01,1,0,0,0,1,0,1
SANTA ANA,desnutricion global,desnutricion moderada (m),2006-05-01,1,3,0,1,1,4,5
SANTA CRUZ DE LA SIERRA,desnutricion global,desnutricion moderada (m),2006-05-01,89,80,31,33,120,113,233
SANTA ROSA,desnutricion global,desnutricion moderada (m),2006-05-01,3,5,0,0,3,5,8
SANTA ROSA DEL SARA,desnutricion global,desnutricion moderada (m),2006-05-01,0,2,2,3,2,5,7
SANTIAGO DE CALLAPA,desnutricion global,desnutricion moderada (m),2006-05-01,7,1,2,4,9,5,14
SANTIAGO DE HUARI,desnutricion global,desnutricion moderada (m),2006-05-01,1,4,4,1,5,5,10
SANTIAGO DE MACHACA,desnutricion global,desnutricion moderada (m),2006-05-01,6,3,1,1,7,4,11
SANTIVAÑES,desnutricion global,desnutricion moderada (m),2006-05-01,1,2,1,1,2,3,5
SANTUARIO DE QUILLACAS,desnutricion global,desnutricion moderada (m),2006-05-01,1,0,1,6,2,6,8
SAPAHAQUI,desnutricion global,desnutricion moderada (m),2006-05-01,16,8,9,10,25,18,43
SENA,desnutricion global,desnutricion moderada (m),2006-05-01,4,4,0,2,4,6,10
SICA SICA (VILLA AROMA),desnutricion global,desnutricion moderada (m),2006-05-01,14,5,5,6,19,11,30
SICAYA,desnutricion global,desnutricion moderada (m),2006-05-01,4,2,2,1,6,3,9
SIPE SIPE,desnutricion global,desnutricion moderada (m),2006-05-01,28,23,11,25,39,48,87
SOPACHUY,desnutricion global,desnutricion moderada (m),2006-05-01,15,19,6,22,21,41,62
SORACACHI,desnutricion global,desnutricion moderada (m),2006-05-01,5,6,4,4,9,10,19
SORATA,desnutricion global,desnutricion moderada (m),2006-05-01,0,0,1,1,1,1,2
SUCRE,desnutricion global,desnutricion moderada (m),2006-05-01,64,64,43,60,107,124,231
TACACHI,desnutricion global,desnutricion moderada (m),2006-05-01,2,1,0,1,2,2,4
TACACOMA,desnutricion global,desnutricion moderada (m),2006-05-01,2,2,0,0,2,2,4
TACOBAMBA,desnutricion global,desnutricion moderada (m),2006-05-01,13,19,14,5,27,24,51
TACOPAYA,desnutricion global,desnutricion moderada (m),2006-05-01,6,3,0,5,6,8,14
TAPACARI,desnutricion global,desnutricion moderada (m),2006-05-01,19,17,15,6,34,23,57
TARABUCO,desnutricion global,desnutricion moderada (m),2006-05-01,34,32,43,47,77,79,156
TARACO,desnutricion global,desnutricion moderada (m),2006-05-01,0,2,0,0,0,2,2
TARATA,desnutricion global,desnutricion moderada (m),2006-05-01,0,1,0,0,0,1,1
TARIJA,desnutricion global,desnutricion moderada (m),2006-05-01,33,41,21,16,54,57,111
TARVITA,desnutricion global,desnutricion moderada (m),2006-05-01,26,41,27,37,53,78,131
TEOPONTE,desnutricion global,desnutricion moderada (m),2006-05-01,0,2,0,0,0,2,2
TIAWANACU,desnutricion global,desnutricion moderada (m),2006-05-01,1,0,0,1,1,1,2
TINGUIPAYA,desnutricion global,desnutricion moderada (m),2006-05-01,29,32,24,33,53,65,118
TIPUANI,desnutricion global,desnutricion moderada (m),2006-05-01,0,1,1,1,1,2,3
TIQUIPAYA,desnutricion global,desnutricion moderada (m),2006-05-01,16,8,8,6,24,14,38
TIRAQUE (CBBA),desnutricion global,desnutricion moderada (m),2006-05-01,30,21,14,27,44,48,92
TITO YUPANQUI (PARQUIPUJIO),desnutricion global,desnutricion moderada (m),2006-05-01,0,1,0,1,0,2,2
TOCO,desnutricion global,desnutricion moderada (m),2006-05-01,0,0,1,1,1,1,2
TOLATA,desnutricion global,desnutricion moderada (m),2006-05-01,1,2,5,3,6,5,11
TOLEDO,desnutricion global,desnutricion moderada (m),2006-05-01,4,2,0,0,4,2,6
TOMAVE,desnutricion global,desnutricion moderada (m),2006-05-01,12,4,8,6,20,10,30
TOMINA,desnutricion global,desnutricion moderada (m),2006-05-01,13,20,15,22,28,42,70
TORO TORO,desnutricion global,desnutricion moderada (m),2006-05-01,39,31,16,23,55,54,109
TOTORA(CBBA),desnutricion global,desnutricion moderada (m),2006-05-01,11,9,2,5,13,14,27
TOTORA(ORR),desnutricion global,desnutricion moderada (m),2006-05-01,3,1,1,0,4,1,5
TRIGAL,desnutricion global,desnutricion moderada (m),2006-05-01,0,1,0,0,0,1,1
TRINIDAD,desnutricion global,desnutricion moderada (m),2006-05-01,24,13,4,8,28,21,49
TUPIZA,desnutricion global,desnutricion moderada (m),2006-05-01,19,12,9,12,28,24,52
TURCO,desnutricion global,desnutricion moderada (m),2006-05-01,1,1,2,0,3,1,4
UMALA,desnutricion global,desnutricion moderada (m),2006-05-01,1,0,0,0,1,0,1
UNCIA,desnutricion global,desnutricion moderada (m),2006-05-01,5,7,3,5,8,12,20
URIONDO (A. CONCEPCION),desnutricion global,desnutricion moderada (m),2006-05-01,6,0,2,7,8,7,15
UYUNI,desnutricion global,desnutricion moderada (m),2006-05-01,8,6,6,4,14,10,24
VACAS,desnutricion global,desnutricion moderada (m),2006-05-01,4,1,2,5,6,6,12
VALLEGRANDE,desnutricion global,desnutricion moderada (m),2006-05-01,7,2,0,4,7,6,13
VIACHA,desnutricion global,desnutricion moderada (m),2006-05-01,5,7,9,6,14,13,27
VILA VILA,desnutricion global,desnutricion moderada (m),2006-05-01,0,2,1,2,1,4,5
VILLA MONTES,desnutricion global,desnutricion moderada (m),2006-05-01,2,5,4,6,6,11,17
VILLA NUEVA (LOMA ALTA),desnutricion global,desnutricion moderada (m),2006-05-01,1,2,2,1,3,3,6
VILLA RIVERO,desnutricion global,desnutricion moderada (m),2006-05-01,3,2,5,2,8,4,12
VILLA SERRANO,desnutricion global,desnutricion moderada (m),2006-05-01,17,11,15,20,32,31,63
VILLA TUNARI,desnutricion global,desnutricion moderada (m),2006-05-01,24,32,27,34,51,66,117
VILLA VACA GUZMAN (MUYUPAMPA),desnutricion global,desnutricion moderada (m),2006-05-01,3,2,3,2,6,4,10
VILLAZON,desnutricion global,desnutricion moderada (m),2006-05-01,20,15,11,10,31,25,56
VINTO,desnutricion global,desnutricion moderada (m),2006-05-01,5,1,1,1,6,2,8
VITICHI,desnutricion global,desnutricion moderada (m),2006-05-01,11,11,9,17,20,28,48
WALDO BALLIVIAN,desnutricion global,desnutricion moderada (m),2006-05-01,0,1,0,1,0,2,2
WARNES,desnutricion global,desnutricion moderada (m),2006-05-01,9,10,4,2,13,12,25
YACO,desnutricion global,desnutricion moderada (m),2006-05-01,9,11,4,4,13,15,28
YACUIBA,desnutricion global,desnutricion moderada (m),2006-05-01,3,4,1,1,4,5,9
YAMPARAEZ,desnutricion global,desnutricion moderada (m),2006-05-01,15,10,14,22,29,32,61
YANACACHI,desnutricion global,desnutricion moderada (m),2006-05-01,1,1,0,0,1,1,2
YAPACANI,desnutricion global,desnutricion moderada (m),2006-05-01,17,16,3,7,20,23,43
YOCALLA,desnutricion global,desnutricion moderada (m),2006-05-01,1,1,1,3,2,4,6
YOTALA,desnutricion global,desnutricion moderada (m),2006-05-01,9,8,6,13,15,21,36
YUNCHARA,desnutricion global,desnutricion moderada (m),2006-05-01,4,4,9,4,13,8,21
ZUDAÑEZ,desnutricion global,desnutricion moderada (m),2006-05-01,14,9,6,19,20,28,48
ACACIO,desnutricion global,desnutricion moderada (m),2006-06-01,9,8,3,3,12,11,23
ACHACACHI,desnutricion global,desnutricion moderada (m),2006-06-01,7,3,3,3,10,6,16
ACHOCALLA,desnutricion global,desnutricion moderada (m),2006-06-01,0,0,0,1,0,1,1
AIQUILE,desnutricion global,desnutricion moderada (m),2006-06-01,4,3,7,9,11,12,23
ALALAY,desnutricion global,desnutricion moderada (m),2006-06-01,4,3,0,2,4,5,9
ALCALA,desnutricion global,desnutricion moderada (m),2006-06-01,7,5,7,5,14,10,24
ANCORAIMES,desnutricion global,desnutricion moderada (m),2006-06-01,4,5,1,4,5,9,14
ANDAMARCA,desnutricion global,desnutricion moderada (m),2006-06-01,3,0,1,0,4,0,4
ANTEQUERA,desnutricion global,desnutricion moderada (m),2006-06-01,1,0,0,1,1,1,2
ANZALDO,desnutricion global,desnutricion moderada (m),2006-06-01,3,1,7,10,10,11,21
APOLO,desnutricion global,desnutricion moderada (m),2006-06-01,7,4,2,6,9,10,19
ARAMPAMPA,desnutricion global,desnutricion moderada (m),2006-06-01,5,2,5,4,10,6,16
ARANI,desnutricion global,desnutricion moderada (m),2006-06-01,2,1,1,4,3,5,8
ARBIETO,desnutricion global,desnutricion moderada (m),2006-06-01,1,1,0,0,1,1,2
ARQUE,desnutricion global,desnutricion moderada (m),2006-06-01,10,8,8,7,18,15,33
ASCENCION DE GUARAYOS,desnutricion global,desnutricion moderada (m),2006-06-01,20,20,23,30,43,50,93
ATOCHA,desnutricion global,desnutricion moderada (m),2006-06-01,5,6,4,2,9,8,17
AUCAPATA,desnutricion global,desnutricion moderada (m),2006-06-01,3,5,4,2,7,7,14
AYATA,desnutricion global,desnutricion moderada (m),2006-06-01,3,2,3,3,6,5,11
AYO AYO,desnutricion global,desnutricion moderada (m),2006-06-01,9,4,3,2,12,6,18
AYOPAYA (V. DE INDEPENDENCIA),desnutricion global,desnutricion moderada (m),2006-06-01,10,14,13,18,23,32,55
AZURDUY,desnutricion global,desnutricion moderada (m),2006-06-01,19,25,25,27,44,52,96
BATALLAS,desnutricion global,desnutricion moderada (m),2006-06-01,4,1,2,3,6,4,10
BAURES,desnutricion global,desnutricion moderada (m),2006-06-01,1,0,2,1,3,1,4
BELEN DE ANDAMARCA,desnutricion global,desnutricion moderada (m),2006-06-01,2,0,1,0,3,0,3
BELEN DE URMIRI,desnutricion global,desnutricion moderada (m),2006-06-01,0,2,0,1,0,3,3
BERMEJO,desnutricion global,desnutricion moderada (m),2006-06-01,0,0,1,0,1,0,1
BETANZOS,desnutricion global,desnutricion moderada (m),2006-06-01,24,25,19,23,43,48,91
BOLIVAR,desnutricion global,desnutricion moderada (m),2006-06-01,16,11,5,4,21,15,36
BOYUIBE,desnutricion global,desnutricion moderada (m),2006-06-01,0,2,1,2,1,4,5
BUENA VISTA,desnutricion global,desnutricion moderada (m),2006-06-01,2,2,1,0,3,2,5
CABEZAS,desnutricion global,desnutricion moderada (m),2006-06-01,7,2,4,4,11,6,17
CAIROMA,desnutricion global,desnutricion moderada (m),2006-06-01,20,13,11,11,31,24,55
"CAIZA ""D""",desnutricion global,desnutricion moderada (m),2006-06-01,1,3,2,4,3,7,10
CAJUATA,desnutricion global,desnutricion moderada (m),2006-06-01,2,0,1,0,3,0,3
CALACOTO,desnutricion global,desnutricion moderada (m),2006-06-01,1,0,0,0,1,0,1
CALAMARCA,desnutricion global,desnutricion moderada (m),2006-06-01,23,17,3,10,26,27,53
CAMARGO,desnutricion global,desnutricion moderada (m),2006-06-01,14,14,11,15,25,29,54
CAMATAQUI (C. VILLA ABECIA),desnutricion global,desnutricion moderada (m),2006-06-01,2,2,4,0,6,2,8
CAMIRI,desnutricion global,desnutricion moderada (m),2006-06-01,2,5,5,4,7,9,16
CAPINOTA,desnutricion global,desnutricion moderada (m),2006-06-01,17,14,11,11,28,25,53
CAQUIAVIRI,desnutricion global,desnutricion moderada (m),2006-06-01,1,1,0,0,1,1,2
CARACOLLO,desnutricion global,desnutricion moderada (m),2006-06-01,0,0,1,0,1,0,1
CARANAVI,desnutricion global,desnutricion moderada (m),2006-06-01,7,15,8,11,15,26,41
CARAPARI,desnutricion global,desnutricion moderada (m),2006-06-01,3,1,1,1,4,2,6
CARIPUYO,desnutricion global,desnutricion moderada (m),2006-06-01,6,4,6,5,12,9,21
CARMEN RIVERO TORREZ,desnutricion global,desnutricion moderada (m),2006-06-01,1,1,0,0,1,1,2
CHACARILLA,desnutricion global,desnutricion moderada (m),2006-06-01,2,4,1,0,3,4,7
CHALLAPATA,desnutricion global,desnutricion moderada (m),2006-06-01,11,7,10,9,21,16,37
CHAQUI,desnutricion global,desnutricion moderada (m),2006-06-01,11,6,4,7,15,13,28
CHARAGUA,desnutricion global,desnutricion moderada (m),2006-06-01,7,6,1,2,8,8,16
CHARAÑA,desnutricion global,desnutricion moderada (m),2006-06-01,0,1,1,0,1,1,2
CHAYANTA,desnutricion global,desnutricion moderada (m),2006-06-01,30,34,35,43,65,77,142
CHIMORE,desnutricion global,desnutricion moderada (m),2006-06-01,5,8,2,4,7,12,19
CHIPAYA,desnutricion global,desnutricion moderada (m),2006-06-01,2,0,0,0,2,0,2
CHULUMANI (V. DE LA LIBERTAD),desnutricion global,desnutricion moderada (m),2006-06-01,0,3,0,0,0,3,3
CHUMA,desnutricion global,desnutricion moderada (m),2006-06-01,9,10,0,6,9,16,25
CLIZA,desnutricion global,desnutricion moderada (m),2006-06-01,4,2,2,1,6,3,9
COBIJA,desnutricion global,desnutricion moderada (m),2006-06-01,7,5,8,10,15,15,30
COCHABAMBA,desnutricion global,desnutricion moderada (m),2006-06-01,76,51,31,42,107,93,200
COLCAPIRHUA,desnutricion global,desnutricion moderada (m),2006-06-01,0,0,3,1,3,1,4
"COLCHA ""K""",desnutricion global,desnutricion moderada (m),2006-06-01,2,3,1,3,3,6,9
COLLANA,desnutricion global,desnutricion moderada (m),2006-06-01,2,1,0,1,2,2,4
COLOMI,desnutricion global,desnutricion moderada (m),2006-06-01,11,6,1,5,12,11,23
COLPA BELGICA,desnutricion global,desnutricion moderada (m),2006-06-01,2,0,1,0,3,0,3
COLQUECHACA,desnutricion global,desnutricion moderada (m),2006-06-01,41,39,44,49,85,88,173
COLQUENCHA,desnutricion global,desnutricion moderada (m),2006-06-01,3,3,3,2,6,5,11
COLQUIRI,desnutricion global,desnutricion moderada (m),2006-06-01,3,5,4,5,7,10,17
COMANCHE,desnutricion global,desnutricion moderada (m),2006-06-01,1,1,0,2,1,3,4
COMARAPA,desnutricion global,desnutricion moderada (m),2006-06-01,3,3,3,0,6,3,9
COMBAYA,desnutricion global,desnutricion moderada (m),2006-06-01,1,2,0,0,1,2,3
CONCEPCION,desnutricion global,desnutricion moderada (m),2006-06-01,1,0,0,0,1,0,1
COPACABANA,desnutricion global,desnutricion moderada (m),2006-06-01,4,3,1,2,5,5,10
CORIPATA,desnutricion global,desnutricion moderada (m),2006-06-01,1,0,0,0,1,0,1
CORO CORO,desnutricion global,desnutricion moderada (m),2006-06-01,3,0,1,2,4,2,6
COROICO,desnutricion global,desnutricion moderada (m),2006-06-01,8,1,3,1,11,2,13
CORQUE,desnutricion global,desnutricion moderada (m),2006-06-01,1,1,0,1,1,2,3
COTAGAITA,desnutricion global,desnutricion moderada (m),2006-06-01,16,16,14,15,30,31,61
COTOCA,desnutricion global,desnutricion moderada (m),2006-06-01,1,6,0,1,1,7,8
CUATRO CAÑADAS,desnutricion global,desnutricion moderada (m),2006-06-01,4,3,2,2,6,5,11
CUCHUMUELA (V. G. VILLARROEL),desnutricion global,desnutricion moderada (m),2006-06-01,1,0,1,0,2,0,2
CUEVO,desnutricion global,desnutricion moderada (m),2006-06-01,4,3,3,1,7,4,11
CULPINA,desnutricion global,desnutricion moderada (m),2006-06-01,24,15,18,25,42,40,82
CURAHUARA DE CARANGAS,desnutricion global,desnutricion moderada (m),2006-06-01,1,3,2,0,3,3,6
CURVA,desnutricion global,desnutricion moderada (m),2006-06-01,1,2,1,1,2,3,5
DESAGUADERO,desnutricion global,desnutricion moderada (m),2006-06-01,0,0,0,1,0,1,1
EL ALTO,desnutricion global,desnutricion moderada (m),2006-06-01,237,213,112,105,349,318,667
EL CHORO,desnutricion global,desnutricion moderada (m),2006-06-01,0,1,1,2,1,3,4
EL PUENTE(STC),desnutricion global,desnutricion moderada (m),2006-06-01,3,3,1,4,4,7,11
EL PUENTE(TJA),desnutricion global,desnutricion moderada (m),2006-06-01,3,2,6,6,9,8,17
EL TORNO,desnutricion global,desnutricion moderada (m),2006-06-01,0,3,8,7,8,10,18
EL VILLAR,desnutricion global,desnutricion moderada (m),2006-06-01,2,3,2,10,4,13,17
ENTRE RIOS,desnutricion global,desnutricion moderada (m),2006-06-01,6,2,8,13,14,15,29
ENTRE RIOS,desnutricion global,desnutricion moderada (m),2006-06-01,4,9,7,9,11,18,29
EUCALIPTUS,desnutricion global,desnutricion moderada (m),2006-06-01,1,0,0,0,1,0,1
EXALTACION,desnutricion global,desnutricion moderada (m),2006-06-01,3,1,0,1,3,2,5
FERNANDEZ ALONSO,desnutricion global,desnutricion moderada (m),2006-06-01,0,4,1,1,1,5,6
FILADELFIA,desnutricion global,desnutricion moderada (m),2006-06-01,4,6,0,0,4,6,10
GENERAL SAAVEDRA,desnutricion global,desnutricion moderada (m),2006-06-01,9,4,4,0,13,4,17
GRAL. J.J. PEREZ (CHARAZANI),desnutricion global,desnutricion moderada (m),2006-06-01,9,4,4,8,13,12,25
GUANAY,desnutricion global,desnutricion moderada (m),2006-06-01,1,3,2,4,3,7,10
GUAQUI,desnutricion global,desnutricion moderada (m),2006-06-01,4,0,0,0,4,0,4
GUAYARAMERIN,desnutricion global,desnutricion moderada (m),2006-06-01,13,7,4,6,17,13,30
GUTIERREZ,desnutricion global,desnutricion moderada (m),2006-06-01,13,6,7,20,20,26,46
HUACARETA,desnutricion global,desnutricion moderada (m),2006-06-01,5,2,2,1,7,3,10
HUACAYA (VILLA DE HUACAYA),desnutricion global,desnutricion moderada (m),2006-06-01,0,0,0,1,0,1,1
HUANUNI,desnutricion global,desnutricion moderada (m),2006-06-01,7,2,1,2,8,4,12
HUARACAJE,desnutricion global,desnutricion moderada (m),2006-06-01,0,2,0,1,0,3,3
HUAYLLAMARCA,desnutricion global,desnutricion moderada (m),2006-06-01,0,2,1,0,1,2,3
ICHOCA,desnutricion global,desnutricion moderada (m),2006-06-01,0,0,0,1,0,1,1
ICLA,desnutricion global,desnutricion moderada (m),2006-06-01,26,30,16,16,42,46,88
INCAHUASI,desnutricion global,desnutricion moderada (m),2006-06-01,35,37,15,19,50,56,106
INQUISIVI,desnutricion global,desnutricion moderada (m),2006-06-01,4,9,2,6,6,15,21
IRUPANA (VILLA DE LANZA),desnutricion global,desnutricion moderada (m),2006-06-01,2,5,2,2,4,7,11
IXIAMAS,desnutricion global,desnutricion moderada (m),2006-06-01,1,2,1,4,2,6,8
JESUS DE MACHACA,desnutricion global,desnutricion moderada (m),2006-06-01,4,1,2,2,6,3,9
LA ASUNTA,desnutricion global,desnutricion moderada (m),2006-06-01,6,5,6,7,12,12,24
LA GUARDIA,desnutricion global,desnutricion moderada (m),2006-06-01,7,8,4,2,11,10,21
LA PAZ,desnutricion global,desnutricion moderada (m),2006-06-01,197,173,38,61,235,234,469
LAGUNILLAS,desnutricion global,desnutricion moderada (m),2006-06-01,4,0,2,4,6,4,10
LAJA,desnutricion global,desnutricion moderada (m),2006-06-01,5,1,1,1,6,2,8
LAS CARRERAS,desnutricion global,desnutricion moderada (m),2006-06-01,0,0,1,5,1,5,6
LICOMA PAMPA,desnutricion global,desnutricion moderada (m),2006-06-01,1,0,0,2,1,2,3
LLALLAGUA,desnutricion global,desnutricion moderada (m),2006-06-01,43,38,28,42,71,80,151
LLICA,desnutricion global,desnutricion moderada (m),2006-06-01,1,3,0,0,1,3,4
LORETO,desnutricion global,desnutricion moderada (m),2006-06-01,0,1,0,0,0,1,1
LURIBAY,desnutricion global,desnutricion moderada (m),2006-06-01,2,9,4,2,6,11,17
MACHACAMARCA,desnutricion global,desnutricion moderada (m),2006-06-01,0,1,0,0,0,1,1
MACHARETI,desnutricion global,desnutricion moderada (m),2006-06-01,4,0,2,3,6,3,9
MAGDALENA,desnutricion global,desnutricion moderada (m),2006-06-01,2,1,2,3,4,4,8
MAIRANA,desnutricion global,desnutricion moderada (m),2006-06-01,1,1,1,2,2,3,5
MALLA,desnutricion global,desnutricion moderada (m),2006-06-01,4,2,4,3,8,5,13
MAPIRI,desnutricion global,desnutricion moderada (m),2006-06-01,1,3,1,3,2,6,8
MECAPACA,desnutricion global,desnutricion moderada (m),2006-06-01,1,1,1,1,2,2,4
MINEROS,desnutricion global,desnutricion moderada (m),2006-06-01,7,3,2,7,9,10,19
MIZQUE,desnutricion global,desnutricion moderada (m),2006-06-01,6,4,2,2,8,6,14
MOCOMOCO,desnutricion global,desnutricion moderada (m),2006-06-01,8,6,7,11,15,17,32
MOJOCOYA,desnutricion global,desnutricion moderada (m),2006-06-01,4,2,3,6,7,8,15
MONTEAGUDO,desnutricion global,desnutricion moderada (m),2006-06-01,12,3,8,10,20,13,33
MONTERO,desnutricion global,desnutricion moderada (m),2006-06-01,24,27,13,13,37,40,77
MOROCHATA,desnutricion global,desnutricion moderada (m),2006-06-01,7,10,10,7,17,17,34
OCURI,desnutricion global,desnutricion moderada (m),2006-06-01,26,28,26,20,52,48,100
OKINAWA,desnutricion global,desnutricion moderada (m),2006-06-01,1,2,2,0,3,2,5
OMEREQUE,desnutricion global,desnutricion moderada (m),2006-06-01,2,1,2,1,4,2,6
ORURO,desnutricion global,desnutricion moderada (m),2006-06-01,56,44,24,22,80,66,146
PADCAYA,desnutricion global,desnutricion moderada (m),2006-06-01,0,4,2,1,2,5,7
PADILLA,desnutricion global,desnutricion moderada (m),2006-06-01,6,6,7,10,13,16,29
PAILON,desnutricion global,desnutricion moderada (m),2006-06-01,1,7,1,1,2,8,10
PALCA,desnutricion global,desnutricion moderada (m),2006-06-01,0,2,5,0,5,2,7
PALOS BLANCOS,desnutricion global,desnutricion moderada (m),2006-06-01,4,2,4,5,8,7,15
PAMPA AULLAGAS,desnutricion global,desnutricion moderada (m),2006-06-01,0,0,2,2,2,2,4
PAMPA GRANDE,desnutricion global,desnutricion moderada (m),2006-06-01,0,1,2,1,2,2,4
PASORAPA,desnutricion global,desnutricion moderada (m),2006-06-01,2,4,3,2,5,6,11
PATACAMAYA,desnutricion global,desnutricion moderada (m),2006-06-01,10,5,6,6,16,11,27
PAZÑA,desnutricion global,desnutricion moderada (m),2006-06-01,1,1,1,1,2,2,4
PELECHUCO,desnutricion global,desnutricion moderada (m),2006-06-01,2,1,1,1,3,2,5
POCOATA,desnutricion global,desnutricion moderada (m),2006-06-01,23,26,7,16,30,42,72
POCONA,desnutricion global,desnutricion moderada (m),2006-06-01,12,6,4,4,16,10,26
POJO (CBBA),desnutricion global,desnutricion moderada (m),2006-06-01,2,3,0,0,2,3,5
POOPO,desnutricion global,desnutricion moderada (m),2006-06-01,1,0,6,6,7,6,13
PORCO,desnutricion global,desnutricion moderada (m),2006-06-01,2,6,3,7,5,13,18
POROMA,desnutricion global,desnutricion moderada (m),2006-06-01,14,21,13,13,27,34,61
PORTACHUELO,desnutricion global,desnutricion moderada (m),2006-06-01,3,2,3,2,6,4,10
PORVENIR,desnutricion global,desnutricion moderada (m),2006-06-01,3,1,0,2,3,3,6
POSTRER VALLE,desnutricion global,desnutricion moderada (m),2006-06-01,1,1,2,5,3,6,9
POTOSI,desnutricion global,desnutricion moderada (m),2006-06-01,83,59,19,24,102,83,185
PRESTO,desnutricion global,desnutricion moderada (m),2006-06-01,15,13,11,12,26,25,51
PUCARA,desnutricion global,desnutricion moderada (m),2006-06-01,0,0,0,1,0,1,1
PUCARANI,desnutricion global,desnutricion moderada (m),2006-06-01,0,7,1,1,1,8,9
PUERTO ACOSTA,desnutricion global,desnutricion moderada (m),2006-06-01,2,3,0,1,2,4,6
PUERTO CARABUCO,desnutricion global,desnutricion moderada (m),2006-06-01,2,1,1,2,3,3,6
PUERTO GONZALO MORENO,desnutricion global,desnutricion moderada (m),2006-06-01,4,3,3,4,7,7,14
PUERTO QUIJARRO,desnutricion global,desnutricion moderada (m),2006-06-01,0,2,0,0,0,2,2
PUERTO RICO,desnutricion global,desnutricion moderada (m),2006-06-01,7,6,3,4,10,10,20
PUERTO SUAREZ,desnutricion global,desnutricion moderada (m),2006-06-01,1,2,0,0,1,2,3
PUERTO VILLARROEL,desnutricion global,desnutricion moderada (m),2006-06-01,18,18,19,7,37,25,62
PUNA,desnutricion global,desnutricion moderada (m),2006-06-01,28,33,24,34,52,67,119
PUNATA,desnutricion global,desnutricion moderada (m),2006-06-01,10,5,4,2,14,7,21
QUIABAYA,desnutricion global,desnutricion moderada (m),2006-06-01,1,1,0,0,1,1,2
QUILLACOLLO,desnutricion global,desnutricion moderada (m),2006-06-01,16,9,7,11,23,20,43
QUIME,desnutricion global,desnutricion moderada (m),2006-06-01,4,3,2,3,6,6,12
QUIRUSILLAS,desnutricion global,desnutricion moderada (m),2006-06-01,0,0,0,2,0,2,2
RAVELO,desnutricion global,desnutricion moderada (m),2006-06-01,52,47,25,46,77,93,170
REYES,desnutricion global,desnutricion moderada (m),2006-06-01,1,2,6,5,7,7,14
RIBERALTA,desnutricion global,desnutricion moderada (m),2006-06-01,60,58,13,40,73,98,171
ROBORE,desnutricion global,desnutricion moderada (m),2006-06-01,0,2,1,3,1,5,6
RURRENABAQUE,desnutricion global,desnutricion moderada (m),2006-06-01,2,2,0,0,2,2,4
SABAYA,desnutricion global,desnutricion moderada (m),2006-06-01,1,1,1,0,2,1,3
SACABA,desnutricion global,desnutricion moderada (m),2006-06-01,20,23,6,5,26,28,54
SACABAMBA,desnutricion global,desnutricion moderada (m),2006-06-01,3,1,1,0,4,1,5
SACACA,desnutricion global,desnutricion moderada (m),2006-06-01,26,22,22,22,48,44,92
SAIPINA,desnutricion global,desnutricion moderada (m),2006-06-01,0,2,2,1,2,3,5
SALINAS DE GARCI MENDOZA,desnutricion global,desnutricion moderada (m),2006-06-01,3,2,0,0,3,2,5
SAMAIPATA,desnutricion global,desnutricion moderada (m),2006-06-01,2,0,2,2,4,2,6
SAN AGUSTIN,desnutricion global,desnutricion moderada (m),2006-06-01,1,3,0,0,1,3,4
SAN ANDRES,desnutricion global,desnutricion moderada (m),2006-06-01,2,2,1,0,3,2,5
SAN ANDRES DE MACHACA,desnutricion global,desnutricion moderada (m),2006-06-01,0,2,1,1,1,3,4
SAN ANTONIO DE ESMORUCO,desnutricion global,desnutricion moderada (m),2006-06-01,0,1,0,0,0,1,1
SAN ANTONIO DE LOMERIO,desnutricion global,desnutricion moderada (m),2006-06-01,9,8,1,3,10,11,21
SAN BENITO,desnutricion global,desnutricion moderada (m),2006-06-01,2,2,2,3,4,5,9
SAN BORJA,desnutricion global,desnutricion moderada (m),2006-06-01,14,11,8,10,22,21,43
SAN BUENA VENTURA,desnutricion global,desnutricion moderada (m),2006-06-01,1,0,1,2,2,2,4
SAN CARLOS,desnutricion global,desnutricion moderada (m),2006-06-01,1,5,0,3,1,8,9
SAN IGNACIO,desnutricion global,desnutricion moderada (m),2006-06-01,17,14,9,14,26,28,54
SAN IGNACIO DE VELASCO,desnutricion global,desnutricion moderada (m),2006-06-01,26,39,17,22,43,61,104
SAN JAVIER(BNI),desnutricion global,desnutricion moderada (m),2006-06-01,1,0,0,1,1,1,2
SAN JAVIER(STC),desnutricion global,desnutricion moderada (m),2006-06-01,1,0,0,0,1,0,1
SAN JOAQUIN,desnutricion global,desnutricion moderada (m),2006-06-01,1,1,0,1,1,2,3
SAN JOSE DE CHIQUITOS,desnutricion global,desnutricion moderada (m),2006-06-01,0,2,3,4,3,6,9
SAN JUAN DE YAPACANI,desnutricion global,desnutricion moderada (m),2006-06-01,1,1,0,1,1,2,3
SAN JULIAN,desnutricion global,desnutricion moderada (m),2006-06-01,4,10,2,6,6,16,22
SAN LORENZO(PND),desnutricion global,desnutricion moderada (m),2006-06-01,3,2,2,2,5,4,9
SAN LORENZO(TJA),desnutricion global,desnutricion moderada (m),2006-06-01,20,21,16,18,36,39,75
SAN LUCAS,desnutricion global,desnutricion moderada (m),2006-06-01,66,66,51,67,117,133,250
SAN MATIAS,desnutricion global,desnutricion moderada (m),2006-06-01,3,2,0,3,3,5,8
SAN MIGUEL DE VELASCO,desnutricion global,desnutricion moderada (m),2006-06-01,5,1,1,4,6,5,11
SAN PABLO DE LIPEZ,desnutricion global,desnutricion moderada (m),2006-06-01,2,2,0,0,2,2,4
SAN PEDRO,desnutricion global,desnutricion moderada (m),2006-06-01,2,4,1,2,3,6,9
SAN PEDRO DE BUENA VISTA,desnutricion global,desnutricion moderada (m),2006-06-01,26,26,19,33,45,59,104
SAN PEDRO DE TIQUINA,desnutricion global,desnutricion moderada (m),2006-06-01,1,0,0,0,1,0,1
SAN PEDRO(PND),desnutricion global,desnutricion moderada (m),2006-06-01,0,0,0,2,0,2,2
SAN RAFAEL,desnutricion global,desnutricion moderada (m),2006-06-01,2,1,1,1,3,2,5
SAN RAMON,desnutricion global,desnutricion moderada (m),2006-06-01,0,1,1,0,1,1,2
SAN RAMON,desnutricion global,desnutricion moderada (m),2006-06-01,0,1,0,2,0,3,3
SANTA ANA,desnutricion global,desnutricion moderada (m),2006-06-01,1,5,0,1,1,6,7
SANTA CRUZ DE LA SIERRA,desnutricion global,desnutricion moderada (m),2006-06-01,52,66,19,25,71,91,162
SANTA ROSA,desnutricion global,desnutricion moderada (m),2006-06-01,5,3,0,0,5,3,8
SANTA ROSA DEL SARA,desnutricion global,desnutricion moderada (m),2006-06-01,3,6,3,4,6,10,16
SANTIAGO DE CALLAPA,desnutricion global,desnutricion moderada (m),2006-06-01,1,0,2,1,3,1,4
SANTIAGO DE HUARI,desnutricion global,desnutricion moderada (m),2006-06-01,3,1,1,2,4,3,7
SANTIAGO DE MACHACA,desnutricion global,desnutricion moderada (m),2006-06-01,2,2,1,1,3,3,6
SANTIVAÑES,desnutricion global,desnutricion moderada (m),2006-06-01,0,2,3,2,3,4,7
SANTUARIO DE QUILLACAS,desnutricion global,desnutricion moderada (m),2006-06-01,0,2,0,0,0,2,2
SAPAHAQUI,desnutricion global,desnutricion moderada (m),2006-06-01,7,3,2,4,9,7,16
SENA,desnutricion global,desnutricion moderada (m),2006-06-01,0,6,0,0,0,6,6
SICA SICA (VILLA AROMA),desnutricion global,desnutricion moderada (m),2006-06-01,10,8,1,10,11,18,29
SICAYA,desnutricion global,desnutricion moderada (m),2006-06-01,0,0,1,0,1,0,1
SIPE SIPE,desnutricion global,desnutricion moderada (m),2006-06-01,12,29,9,6,21,35,56
SOPACHUY,desnutricion global,desnutricion moderada (m),2006-06-01,9,6,8,18,17,24,41
SORACACHI,desnutricion global,desnutricion moderada (m),2006-06-01,5,4,0,1,5,5,10
SORATA,desnutricion global,desnutricion moderada (m),2006-06-01,0,0,1,1,1,1,2
SUCRE,desnutricion global,desnutricion moderada (m),2006-06-01,54,47,38,62,92,109,201
TACACHI,desnutricion global,desnutricion moderada (m),2006-06-01,1,0,0,0,1,0,1
TACOBAMBA,desnutricion global,desnutricion moderada (m),2006-06-01,0,2,4,5,4,7,11
TACOPAYA,desnutricion global,desnutricion moderada (m),2006-06-01,12,15,2,12,14,27,41
TAPACARI,desnutricion global,desnutricion moderada (m),2006-06-01,29,23,12,15,41,38,79
TARABUCO,desnutricion global,desnutricion moderada (m),2006-06-01,35,37,38,69,73,106,179
TARATA,desnutricion global,desnutricion moderada (m),2006-06-01,1,2,0,1,1,3,4
TARIJA,desnutricion global,desnutricion moderada (m),2006-06-01,20,31,28,12,48,43,91
TARVITA,desnutricion global,desnutricion moderada (m),2006-06-01,5,12,5,6,10,18,28
TEOPONTE,desnutricion global,desnutricion moderada (m),2006-06-01,0,1,1,2,1,3,4
TIAWANACU,desnutricion global,desnutricion moderada (m),2006-06-01,2,0,0,1,2,1,3
TINGUIPAYA,desnutricion global,desnutricion moderada (m),2006-06-01,24,7,10,13,34,20,54
TIPUANI,desnutricion global,desnutricion moderada (m),2006-06-01,0,0,1,0,1,0,1
TIQUIPAYA,desnutricion global,desnutricion moderada (m),2006-06-01,4,3,2,2,6,5,11
TIRAQUE (CBBA),desnutricion global,desnutricion moderada (m),2006-06-01,19,18,15,8,34,26,60
TITO YUPANQUI (PARQUIPUJIO),desnutricion global,desnutricion moderada (m),2006-06-01,1,1,0,1,1,2,3
TOCO,desnutricion global,desnutricion moderada (m),2006-06-01,0,1,0,0,0,1,1
TOLATA,desnutricion global,desnutricion moderada (m),2006-06-01,0,1,0,1,0,2,2
TOLEDO,desnutricion global,desnutricion moderada (m),2006-06-01,1,0,0,0,1,0,1
TOMAVE,desnutricion global,desnutricion moderada (m),2006-06-01,6,5,3,1,9,6,15
TOMINA,desnutricion global,desnutricion moderada (m),2006-06-01,20,23,9,14,29,37,66
TORO TORO,desnutricion global,desnutricion moderada (m),2006-06-01,27,21,19,26,46,47,93
TOTORA(CBBA),desnutricion global,desnutricion moderada (m),2006-06-01,6,4,3,3,9,7,16
TOTORA(ORR),desnutricion global,desnutricion moderada (m),2006-06-01,1,1,0,0,1,1,2
TRIGAL,desnutricion global,desnutricion moderada (m),2006-06-01,0,1,0,0,0,1,1
TRINIDAD,desnutricion global,desnutricion moderada (m),2006-06-01,27,20,8,5,35,25,60
TUPIZA,desnutricion global,desnutricion moderada (m),2006-06-01,13,10,8,12,21,22,43
TURCO,desnutricion global,desnutricion moderada (m),2006-06-01,2,1,2,1,4,2,6
UMALA,desnutricion global,desnutricion moderada (m),2006-06-01,3,2,3,3,6,5,11
UNCIA,desnutricion global,desnutricion moderada (m),2006-06-01,14,12,10,6,24,18,42
URIONDO (A. CONCEPCION),desnutricion global,desnutricion moderada (m),2006-06-01,3,1,4,11,7,12,19
URUBICHA,desnutricion global,desnutricion moderada (m),2006-06-01,27,33,25,35,52,68,120
UYUNI,desnutricion global,desnutricion moderada (m),2006-06-01,5,2,3,4,8,6,14
VACAS,desnutricion global,desnutricion moderada (m),2006-06-01,5,2,4,6,9,8,17
VALLEGRANDE,desnutricion global,desnutricion moderada (m),2006-06-01,2,0,1,1,3,1,4
VIACHA,desnutricion global,desnutricion moderada (m),2006-06-01,1,6,6,4,7,10,17
VILA VILA,desnutricion global,desnutricion moderada (m),2006-06-01,4,3,2,0,6,3,9
VILLA MONTES,desnutricion global,desnutricion moderada (m),2006-06-01,3,4,1,3,4,7,11
VILLA NUEVA (LOMA ALTA),desnutricion global,desnutricion moderada (m),2006-06-01,1,3,2,1,3,4,7
VILLA RIVERO,desnutricion global,desnutricion moderada (m),2006-06-01,9,2,4,2,13,4,17
VILLA SERRANO,desnutricion global,desnutricion moderada (m),2006-06-01,12,17,12,12,24,29,53
VILLA TUNARI,desnutricion global,desnutricion moderada (m),2006-06-01,27,31,23,21,50,52,102
VILLA VACA GUZMAN (MUYUPAMPA),desnutricion global,desnutricion moderada (m),2006-06-01,1,4,3,4,4,8,12
VILLAZON,desnutricion global,desnutricion moderada (m),2006-06-01,13,9,10,10,23,19,42
VINTO,desnutricion global,desnutricion moderada (m),2006-06-01,0,12,0,0,0,12,12
VITICHI,desnutricion global,desnutricion moderada (m),2006-06-01,18,15,32,14,50,29,79
WALDO BALLIVIAN,desnutricion global,desnutricion moderada (m),2006-06-01,1,5,0,1,1,6,7
WARNES,desnutricion global,desnutricion moderada (m),2006-06-01,20,24,4,6,24,30,54
YACO,desnutricion global,desnutricion moderada (m),2006-06-01,12,14,15,5,27,19,46
YACUIBA,desnutricion global,desnutricion moderada (m),2006-06-01,11,6,6,3,17,9,26
YAMPARAEZ,desnutricion global,desnutricion moderada (m),2006-06-01,17,12,11,23,28,35,63
YAPACANI,desnutricion global,desnutricion moderada (m),2006-06-01,6,4,3,3,9,7,16
YOCALLA,desnutricion global,desnutricion moderada (m),2006-06-01,2,1,0,1,2,2,4
YOTALA,desnutricion global,desnutricion moderada (m),2006-06-01,8,5,11,11,19,16,35
YUNCHARA,desnutricion global,desnutricion moderada (m),2006-06-01,2,7,8,14,10,21,31
ZUDAÑEZ,desnutricion global,desnutricion moderada (m),2006-06-01,15,3,7,8,22,11,33
ACACIO,desnutricion global,desnutricion moderada (m),2006-07-01,7,2,5,5,12,7,19
ACHACACHI,desnutricion global,desnutricion moderada (m),2006-07-01,2,3,1,1,3,4,7
ACHOCALLA,desnutricion global,desnutricion moderada (m),2006-07-01,1,0,0,0,1,0,1
AIQUILE,desnutricion global,desnutricion moderada (m),2006-07-01,7,6,3,7,10,13,23
ALALAY,desnutricion global,desnutricion moderada (m),2006-07-01,2,4,0,0,2,4,6
ALCALA,desnutricion global,desnutricion moderada (m),2006-07-01,5,2,6,3,11,5,16
ANCORAIMES,desnutricion global,desnutricion moderada (m),2006-07-01,5,5,0,4,5,9,14
ANDAMARCA,desnutricion global,desnutricion moderada (m),2006-07-01,3,0,0,0,3,0,3
ANTEQUERA,desnutricion global,desnutricion moderada (m),2006-07-01,0,0,0,1,0,1,1
ANZALDO,desnutricion global,desnutricion moderada (m),2006-07-01,1,0,2,2,3,2,5
APOLO,desnutricion global,desnutricion moderada (m),2006-07-01,6,3,5,1,11,4,15
ARAMPAMPA,desnutricion global,desnutricion moderada (m),2006-07-01,4,6,10,6,14,12,26
ARANI,desnutricion global,desnutricion moderada (m),2006-07-01,3,4,7,7,10,11,21
ARBIETO,desnutricion global,desnutricion moderada (m),2006-07-01,0,1,0,0,0,1,1
ARQUE,desnutricion global,desnutricion moderada (m),2006-07-01,17,20,6,9,23,29,52
ATOCHA,desnutricion global,desnutricion moderada (m),2006-07-01,3,0,2,2,5,2,7
AUCAPATA,desnutricion global,desnutricion moderada (m),2006-07-01,0,1,0,0,0,1,1
AYATA,desnutricion global,desnutricion moderada (m),2006-07-01,4,2,1,2,5,4,9
AYO AYO,desnutricion global,desnutricion moderada (m),2006-07-01,6,1,0,2,6,3,9
AYOPAYA (V. DE INDEPENDENCIA),desnutricion global,desnutricion moderada (m),2006-07-01,4,10,3,8,7,18,25
AZURDUY,desnutricion global,desnutricion moderada (m),2006-07-01,10,22,28,26,38,48,86
BATALLAS,desnutricion global,desnutricion moderada (m),2006-07-01,0,3,0,2,0,5,5
BAURES,desnutricion global,desnutricion moderada (m),2006-07-01,2,1,3,0,5,1,6
BELEN DE URMIRI,desnutricion global,desnutricion moderada (m),2006-07-01,1,2,0,0,1,2,3
BELLA FLOR,desnutricion global,desnutricion moderada (m),2006-07-01,0,1,1,0,1,1,2
BERMEJO,desnutricion global,desnutricion moderada (m),2006-07-01,1,0,1,2,2,2,4
BETANZOS,desnutricion global,desnutricion moderada (m),2006-07-01,28,32,28,34,56,66,122
BOLIVAR,desnutricion global,desnutricion moderada (m),2006-07-01,28,19,9,6,37,25,62
BOYUIBE,desnutricion global,desnutricion moderada (m),2006-07-01,1,1,1,0,2,1,3
BUENA VISTA,desnutricion global,desnutricion moderada (m),2006-07-01,1,1,0,0,1,1,2
CABEZAS,desnutricion global,desnutricion moderada (m),2006-07-01,2,0,1,2,3,2,5
CAIROMA,desnutricion global,desnutricion moderada (m),2006-07-01,16,6,3,9,19,15,34
"CAIZA ""D""",desnutricion global,desnutricion moderada (m),2006-07-01,0,3,1,5,1,8,9
CAJUATA,desnutricion global,desnutricion moderada (m),2006-07-01,2,7,3,3,5,10,15
CALACOTO,desnutricion global,desnutricion moderada (m),2006-07-01,0,1,0,0,0,1,1
CALAMARCA,desnutricion global,desnutricion moderada (m),2006-07-01,19,10,10,11,29,21,50
CAMARGO,desnutricion global,desnutricion moderada (m),2006-07-01,13,20,10,18,23,38,61
CAMATAQUI (C. VILLA ABECIA),desnutricion global,desnutricion moderada (m),2006-07-01,0,2,2,0,2,2,4
CAMIRI,desnutricion global,desnutricion moderada (m),2006-07-01,14,6,14,7,28,13,41
CAPINOTA,desnutricion global,desnutricion moderada (m),2006-07-01,13,10,3,7,16,17,33
CAQUIAVIRI,desnutricion global,desnutricion moderada (m),2006-07-01,2,0,0,0,2,0,2
CARACOLLO,desnutricion global,desnutricion moderada (m),2006-07-01,0,0,1,0,1,0,1
CARANAVI,desnutricion global,desnutricion moderada (m),2006-07-01,6,12,4,8,10,20,30
CARAPARI,desnutricion global,desnutricion moderada (m),2006-07-01,0,0,1,6,1,6,7
CARIPUYO,desnutricion global,desnutricion moderada (m),2006-07-01,3,11,2,6,5,17,22
CHACARILLA,desnutricion global,desnutricion moderada (m),2006-07-01,1,1,0,0,1,1,2
CHALLAPATA,desnutricion global,desnutricion moderada (m),2006-07-01,11,5,4,10,15,15,30
CHAQUI,desnutricion global,desnutricion moderada (m),2006-07-01,6,0,1,4,7,4,11
CHARAGUA,desnutricion global,desnutricion moderada (m),2006-07-01,9,9,3,5,12,14,26
CHARAÑA,desnutricion global,desnutricion moderada (m),2006-07-01,2,0,0,1,2,1,3
CHAYANTA,desnutricion global,desnutricion moderada (m),2006-07-01,25,31,19,16,44,47,91
CHIMORE,desnutricion global,desnutricion moderada (m),2006-07-01,7,10,2,4,9,14,23
CHIPAYA,desnutricion global,desnutricion moderada (m),2006-07-01,1,2,0,0,1,2,3
CHOQUE COTA,desnutricion global,desnutricion moderada (m),2006-07-01,0,2,0,1,0,3,3
CHULUMANI (V. DE LA LIBERTAD),desnutricion global,desnutricion moderada (m),2006-07-01,0,1,0,0,0,1,1
CHUMA,desnutricion global,desnutricion moderada (m),2006-07-01,3,5,1,2,4,7,11
CLIZA,desnutricion global,desnutricion moderada (m),2006-07-01,5,6,1,3,6,9,15
COBIJA,desnutricion global,desnutricion moderada (m),2006-07-01,1,4,4,4,5,8,13
COCHABAMBA,desnutricion global,desnutricion moderada (m),2006-07-01,56,42,28,42,84,84,168
COLCAPIRHUA,desnutricion global,desnutricion moderada (m),2006-07-01,4,10,1,3,5,13,18
"COLCHA ""K""",desnutricion global,desnutricion moderada (m),2006-07-01,2,1,0,0,2,1,3
COLOMI,desnutricion global,desnutricion moderada (m),2006-07-01,7,6,3,2,10,8,18
COLPA BELGICA,desnutricion global,desnutricion moderada (m),2006-07-01,0,1,0,0,0,1,1
COLQUECHACA,desnutricion global,desnutricion moderada (m),2006-07-01,21,12,21,19,42,31,73
COLQUENCHA,desnutricion global,desnutricion moderada (m),2006-07-01,9,3,1,2,10,5,15
COLQUIRI,desnutricion global,desnutricion moderada (m),2006-07-01,9,10,5,15,14,25,39
COMARAPA,desnutricion global,desnutricion moderada (m),2006-07-01,5,4,2,1,7,5,12
COMBAYA,desnutricion global,desnutricion moderada (m),2006-07-01,2,0,0,2,2,2,4
CONCEPCION,desnutricion global,desnutricion moderada (m),2006-07-01,2,2,0,0,2,2,4
COPACABANA,desnutricion global,desnutricion moderada (m),2006-07-01,2,4,0,1,2,5,7
CORIPATA,desnutricion global,desnutricion moderada (m),2006-07-01,1,1,0,2,1,3,4
CORO CORO,desnutricion global,desnutricion moderada (m),2006-07-01,4,1,2,3,6,4,10
COROICO,desnutricion global,desnutricion moderada (m),2006-07-01,1,1,2,2,3,3,6
CORQUE,desnutricion global,desnutricion moderada (m),2006-07-01,1,0,1,1,2,1,3
COTAGAITA,desnutricion global,desnutricion moderada (m),2006-07-01,10,14,10,21,20,35,55
COTOCA,desnutricion global,desnutricion moderada (m),2006-07-01,10,9,1,1,11,10,21
CUATRO CAÑADAS,desnutricion global,desnutricion moderada (m),2006-07-01,1,0,1,1,2,1,3
CUCHUMUELA (V. G. VILLARROEL),desnutricion global,desnutricion moderada (m),2006-07-01,0,1,0,1,0,2,2
CUEVO,desnutricion global,desnutricion moderada (m),2006-07-01,6,4,0,1,6,5,11
CULPINA,desnutricion global,desnutricion moderada (m),2006-07-01,22,15,20,17,42,32,74
CURAHUARA DE CARANGAS,desnutricion global,desnutricion moderada (m),2006-07-01,0,0,2,0,2,0,2
CURVA,desnutricion global,desnutricion moderada (m),2006-07-01,1,1,2,0,3,1,4
DESAGUADERO,desnutricion global,desnutricion moderada (m),2006-07-01,0,1,0,1,0,2,2
EL ALTO,desnutricion global,desnutricion moderada (m),2006-07-01,210,157,105,67,315,224,539
EL CHORO,desnutricion global,desnutricion moderada (m),2006-07-01,2,0,0,1,2,1,3
EL PUENTE(STC),desnutricion global,desnutricion moderada (m),2006-07-01,2,2,1,1,3,3,6
EL PUENTE(TJA),desnutricion global,desnutricion moderada (m),2006-07-01,1,5,2,5,3,10,13
EL TORNO,desnutricion global,desnutricion moderada (m),2006-07-01,3,2,7,6,10,8,18
EL VILLAR,desnutricion global,desnutricion moderada (m),2006-07-01,3,3,1,9,4,12,16
ENTRE RIOS,desnutricion global,desnutricion moderada (m),2006-07-01,10,11,7,6,17,17,34
ENTRE RIOS,desnutricion global,desnutricion moderada (m),2006-07-01,3,1,0,7,3,8,11
EUCALIPTUS,desnutricion global,desnutricion moderada (m),2006-07-01,0,0,1,0,1,0,1
FERNANDEZ ALONSO,desnutricion global,desnutricion moderada (m),2006-07-01,2,3,2,2,4,5,9
GENERAL SAAVEDRA,desnutricion global,desnutricion moderada (m),2006-07-01,6,10,3,5,9,15,24
GRAL. J.J. PEREZ (CHARAZANI),desnutricion global,desnutricion moderada (m),2006-07-01,11,4,2,2,13,6,19
GUANAY,desnutricion global,desnutricion moderada (m),2006-07-01,4,3,2,3,6,6,12
GUAQUI,desnutricion global,desnutricion moderada (m),2006-07-01,0,0,1,1,1,1,2
GUAYARAMERIN,desnutricion global,desnutricion moderada (m),2006-07-01,9,8,1,14,10,22,32
GUTIERREZ,desnutricion global,desnutricion moderada (m),2006-07-01,6,13,11,17,17,30,47
HUACARETA,desnutricion global,desnutricion moderada (m),2006-07-01,1,3,0,5,1,8,9
HUACAYA (VILLA DE HUACAYA),desnutricion global,desnutricion moderada (m),2006-07-01,3,0,0,0,3,0,3
HUANUNI,desnutricion global,desnutricion moderada (m),2006-07-01,5,2,0,4,5,6,11
HUARACAJE,desnutricion global,desnutricion moderada (m),2006-07-01,1,0,1,1,2,1,3
HUAYLLAMARCA,desnutricion global,desnutricion moderada (m),2006-07-01,1,0,0,0,1,0,1
ICHOCA,desnutricion global,desnutricion moderada (m),2006-07-01,0,3,0,0,0,3,3
ICLA,desnutricion global,desnutricion moderada (m),2006-07-01,26,26,25,26,51,52,103
INCAHUASI,desnutricion global,desnutricion moderada (m),2006-07-01,30,28,16,27,46,55,101
INQUISIVI,desnutricion global,desnutricion moderada (m),2006-07-01,8,8,1,6,9,14,23
IRUPANA (VILLA DE LANZA),desnutricion global,desnutricion moderada (m),2006-07-01,0,1,1,2,1,3,4
IXIAMAS,desnutricion global,desnutricion moderada (m),2006-07-01,4,6,1,2,5,8,13
JESUS DE MACHACA,desnutricion global,desnutricion moderada (m),2006-07-01,4,3,3,4,7,7,14
LA ASUNTA,desnutricion global,desnutricion moderada (m),2006-07-01,3,5,2,5,5,10,15
LA GUARDIA,desnutricion global,desnutricion moderada (m),2006-07-01,5,11,4,1,9,12,21
LA PAZ,desnutricion global,desnutricion moderada (m),2006-07-01,176,154,39,44,215,198,413
LAGUNILLAS,desnutricion global,desnutricion moderada (m),2006-07-01,2,2,3,3,5,5,10
LAJA,desnutricion global,desnutricion moderada (m),2006-07-01,3,2,1,0,4,2,6
LAS CARRERAS,desnutricion global,desnutricion moderada (m),2006-07-01,0,0,1,2,1,2,3
LLALLAGUA,desnutricion global,desnutricion moderada (m),2006-07-01,31,29,33,28,64,57,121
LLICA,desnutricion global,desnutricion moderada (m),2006-07-01,0,1,0,3,0,4,4
LORETO,desnutricion global,desnutricion moderada (m),2006-07-01,0,1,1,0,1,1,2
LURIBAY,desnutricion global,desnutricion moderada (m),2006-07-01,7,8,2,5,9,13,22
MACHARETI,desnutricion global,desnutricion moderada (m),2006-07-01,5,0,1,0,6,0,6
MAGDALENA,desnutricion global,desnutricion moderada (m),2006-07-01,2,2,0,0,2,2,4
MAIRANA,desnutricion global,desnutricion moderada (m),2006-07-01,1,0,1,1,2,1,3
MALLA,desnutricion global,desnutricion moderada (m),2006-07-01,4,0,1,1,5,1,6
MAPIRI,desnutricion global,desnutricion moderada (m),2006-07-01,2,6,4,8,6,14,20
MECAPACA,desnutricion global,desnutricion moderada (m),2006-07-01,0,1,2,3,2,4,6
MINEROS,desnutricion global,desnutricion moderada (m),2006-07-01,7,7,3,3,10,10,20
MIZQUE,desnutricion global,desnutricion moderada (m),2006-07-01,14,18,7,14,21,32,53
MOCOMOCO,desnutricion global,desnutricion moderada (m),2006-07-01,8,6,5,8,13,14,27
MOJOCOYA,desnutricion global,desnutricion moderada (m),2006-07-01,2,2,2,3,4,5,9
MONTEAGUDO,desnutricion global,desnutricion moderada (m),2006-07-01,7,8,3,9,10,17,27
MONTERO,desnutricion global,desnutricion moderada (m),2006-07-01,19,28,15,23,34,51,85
MORO MORO,desnutricion global,desnutricion moderada (m),2006-07-01,0,0,0,1,0,1,1
MOROCHATA,desnutricion global,desnutricion moderada (m),2006-07-01,15,8,11,15,26,23,49
OCURI,desnutricion global,desnutricion moderada (m),2006-07-01,24,15,16,14,40,29,69
OKINAWA,desnutricion global,desnutricion moderada (m),2006-07-01,3,2,0,1,3,3,6
OMEREQUE,desnutricion global,desnutricion moderada (m),2006-07-01,2,0,1,1,3,1,4
ORURO,desnutricion global,desnutricion moderada (m),2006-07-01,45,39,18,23,63,62,125
PADCAYA,desnutricion global,desnutricion moderada (m),2006-07-01,1,4,1,4,2,8,10
PADILLA,desnutricion global,desnutricion moderada (m),2006-07-01,6,7,9,13,15,20,35
PALCA,desnutricion global,desnutricion moderada (m),2006-07-01,0,3,2,1,2,4,6
PALOS BLANCOS,desnutricion global,desnutricion moderada (m),2006-07-01,7,4,2,1,9,5,14
PAMPA AULLAGAS,desnutricion global,desnutricion moderada (m),2006-07-01,0,1,0,2,0,3,3
PAMPA GRANDE,desnutricion global,desnutricion moderada (m),2006-07-01,2,4,0,2,2,6,8
PAPEL PAMPA,desnutricion global,desnutricion moderada (m),2006-07-01,1,1,0,0,1,1,2
PASORAPA,desnutricion global,desnutricion moderada (m),2006-07-01,0,6,5,4,5,10,15
PATACAMAYA,desnutricion global,desnutricion moderada (m),2006-07-01,16,15,9,11,25,26,51
PAZÑA,desnutricion global,desnutricion moderada (m),2006-07-01,2,3,0,0,2,3,5
PELECHUCO,desnutricion global,desnutricion moderada (m),2006-07-01,3,0,0,1,3,1,4
POCOATA,desnutricion global,desnutricion moderada (m),2006-07-01,9,12,5,13,14,25,39
POCONA,desnutricion global,desnutricion moderada (m),2006-07-01,10,6,5,7,15,13,28
POJO (CBBA),desnutricion global,desnutricion moderada (m),2006-07-01,8,7,2,6,10,13,23
PORCO,desnutricion global,desnutricion moderada (m),2006-07-01,6,6,1,2,7,8,15
POROMA,desnutricion global,desnutricion moderada (m),2006-07-01,22,22,14,16,36,38,74
PORTACHUELO,desnutricion global,desnutricion moderada (m),2006-07-01,3,1,1,0,4,1,5
PORVENIR,desnutricion global,desnutricion moderada (m),2006-07-01,3,0,0,4,3,4,7
POSTRER VALLE,desnutricion global,desnutricion moderada (m),2006-07-01,4,2,2,4,6,6,12
POTOSI,desnutricion global,desnutricion moderada (m),2006-07-01,75,69,28,24,103,93,196
PRESTO,desnutricion global,desnutricion moderada (m),2006-07-01,19,12,9,11,28,23,51
PUCARANI,desnutricion global,desnutricion moderada (m),2006-07-01,2,8,0,1,2,9,11
PUERTO ACOSTA,desnutricion global,desnutricion moderada (m),2006-07-01,3,9,0,2,3,11,14
PUERTO CARABUCO,desnutricion global,desnutricion moderada (m),2006-07-01,5,9,0,3,5,12,17
PUERTO GONZALO MORENO,desnutricion global,desnutricion moderada (m),2006-07-01,5,1,2,2,7,3,10
PUERTO PEREZ,desnutricion global,desnutricion moderada (m),2006-07-01,1,1,1,1,2,2,4
PUERTO QUIJARRO,desnutricion global,desnutricion moderada (m),2006-07-01,3,1,0,0,3,1,4
PUERTO RICO,desnutricion global,desnutricion moderada (m),2006-07-01,3,2,1,1,4,3,7
PUERTO VILLARROEL,desnutricion global,desnutricion moderada (m),2006-07-01,14,33,6,10,20,43,63
PUNA,desnutricion global,desnutricion moderada (m),2006-07-01,40,39,35,31,75,70,145
PUNATA,desnutricion global,desnutricion moderada (m),2006-07-01,10,10,3,3,13,13,26
QUIABAYA,desnutricion global,desnutricion moderada (m),2006-07-01,5,2,3,1,8,3,11
QUILLACOLLO,desnutricion global,desnutricion moderada (m),2006-07-01,23,8,4,5,27,13,40
QUIME,desnutricion global,desnutricion moderada (m),2006-07-01,3,5,1,3,4,8,12
RAVELO,desnutricion global,desnutricion moderada (m),2006-07-01,47,32,32,30,79,62,141
REYES,desnutricion global,desnutricion moderada (m),2006-07-01,2,2,3,5,5,7,12
RIBERALTA,desnutricion global,desnutricion moderada (m),2006-07-01,39,52,9,23,48,75,123
RURRENABAQUE,desnutricion global,desnutricion moderada (m),2006-07-01,1,3,1,1,2,4,6
SABAYA,desnutricion global,desnutricion moderada (m),2006-07-01,0,1,0,0,0,1,1
SACABA,desnutricion global,desnutricion moderada (m),2006-07-01,20,11,5,9,25,20,45
SACABAMBA,desnutricion global,desnutricion moderada (m),2006-07-01,3,0,1,1,4,1,5
SACACA,desnutricion global,desnutricion moderada (m),2006-07-01,24,21,15,19,39,40,79
SAIPINA,desnutricion global,desnutricion moderada (m),2006-07-01,0,1,0,0,0,1,1
SALINAS DE GARCI MENDOZA,desnutricion global,desnutricion moderada (m),2006-07-01,0,3,1,0,1,3,4
SAMAIPATA,desnutricion global,desnutricion moderada (m),2006-07-01,0,0,0,1,0,1,1
SAN ANDRES,desnutricion global,desnutricion moderada (m),2006-07-01,2,5,1,1,3,6,9
SAN ANDRES DE MACHACA,desnutricion global,desnutricion moderada (m),2006-07-01,0,2,1,1,1,3,4
SAN ANTONIO DE ESMORUCO,desnutricion global,desnutricion moderada (m),2006-07-01,0,1,0,0,0,1,1
SAN ANTONIO DE LOMERIO,desnutricion global,desnutricion moderada (m),2006-07-01,4,10,2,11,6,21,27
SAN BENITO,desnutricion global,desnutricion moderada (m),2006-07-01,0,4,0,1,0,5,5
SAN BORJA,desnutricion global,desnutricion moderada (m),2006-07-01,10,9,6,6,16,15,31
SAN BUENA VENTURA,desnutricion global,desnutricion moderada (m),2006-07-01,3,8,0,2,3,10,13
SAN CARLOS,desnutricion global,desnutricion moderada (m),2006-07-01,3,2,1,1,4,3,7
SAN IGNACIO,desnutricion global,desnutricion moderada (m),2006-07-01,15,19,0,7,15,26,41
SAN IGNACIO DE VELASCO,desnutricion global,desnutricion moderada (m),2006-07-01,16,16,9,23,25,39,64
SAN JAVIER(BNI),desnutricion global,desnutricion moderada (m),2006-07-01,0,0,1,1,1,1,2
SAN JOAQUIN,desnutricion global,desnutricion moderada (m),2006-07-01,2,3,0,0,2,3,5
SAN JUAN DE YAPACANI,desnutricion global,desnutricion moderada (m),2006-07-01,0,2,1,0,1,2,3
SAN JULIAN,desnutricion global,desnutricion moderada (m),2006-07-01,1,4,2,3,3,7,10
SAN LORENZO(TJA),desnutricion global,desnutricion moderada (m),2006-07-01,8,6,13,8,21,14,35
SAN LUCAS,desnutricion global,desnutricion moderada (m),2006-07-01,69,49,46,43,115,92,207
SAN MATIAS,desnutricion global,desnutricion moderada (m),2006-07-01,3,5,2,2,5,7,12
SAN MIGUEL DE VELASCO,desnutricion global,desnutricion moderada (m),2006-07-01,1,5,1,2,2,7,9
SAN PABLO DE LIPEZ,desnutricion global,desnutricion moderada (m),2006-07-01,0,1,0,0,0,1,1
SAN PEDRO,desnutricion global,desnutricion moderada (m),2006-07-01,3,3,1,2,4,5,9
SAN PEDRO DE BUENA VISTA,desnutricion global,desnutricion moderada (m),2006-07-01,12,15,8,9,20,24,44
SAN PEDRO DE CURAHUARA,desnutricion global,desnutricion moderada (m),2006-07-01,1,0,0,2,1,2,3
SAN PEDRO DE TIQUINA,desnutricion global,desnutricion moderada (m),2006-07-01,1,1,0,0,1,1,2
SAN PEDRO(PND),desnutricion global,desnutricion moderada (m),2006-07-01,0,1,1,1,1,2,3
SAN RAFAEL,desnutricion global,desnutricion moderada (m),2006-07-01,2,3,0,2,2,5,7
SANTA ANA,desnutricion global,desnutricion moderada (m),2006-07-01,0,1,0,0,0,1,1
SANTA CRUZ DE LA SIERRA,desnutricion global,desnutricion moderada (m),2006-07-01,71,47,30,16,101,63,164
SANTA ROSA,desnutricion global,desnutricion moderada (m),2006-07-01,4,5,1,0,5,5,10
SANTA ROSA DEL SARA,desnutricion global,desnutricion moderada (m),2006-07-01,2,6,0,1,2,7,9
SANTIAGO DE CALLAPA,desnutricion global,desnutricion moderada (m),2006-07-01,3,1,1,0,4,1,5
SANTIAGO DE HUARI,desnutricion global,desnutricion moderada (m),2006-07-01,2,4,2,2,4,6,10
SANTIVAÑES,desnutricion global,desnutricion moderada (m),2006-07-01,0,3,1,0,1,3,4
SANTUARIO DE QUILLACAS,desnutricion global,desnutricion moderada (m),2006-07-01,0,0,1,1,1,1,2
SAPAHAQUI,desnutricion global,desnutricion moderada (m),2006-07-01,16,9,8,4,24,13,37
SICA SICA (VILLA AROMA),desnutricion global,desnutricion moderada (m),2006-07-01,14,9,5,9,19,18,37
SICAYA,desnutricion global,desnutricion moderada (m),2006-07-01,0,2,1,0,1,2,3
SIPE SIPE,desnutricion global,desnutricion moderada (m),2006-07-01,18,18,7,11,25,29,54
SOPACHUY,desnutricion global,desnutricion moderada (m),2006-07-01,9,18,10,23,19,41,60
SORACACHI,desnutricion global,desnutricion moderada (m),2006-07-01,2,4,0,0,2,4,6
SORATA,desnutricion global,desnutricion moderada (m),2006-07-01,7,0,1,6,8,6,14
SUCRE,desnutricion global,desnutricion moderada (m),2006-07-01,43,47,27,41,70,88,158
TACACHI,desnutricion global,desnutricion moderada (m),2006-07-01,1,0,0,0,1,0,1
TACOBAMBA,desnutricion global,desnutricion moderada (m),2006-07-01,6,14,3,5,9,19,28
TACOPAYA,desnutricion global,desnutricion moderada (m),2006-07-01,8,9,3,7,11,16,27
TAPACARI,desnutricion global,desnutricion moderada (m),2006-07-01,42,41,22,40,64,81,145
TARABUCO,desnutricion global,desnutricion moderada (m),2006-07-01,29,23,32,35,61,58,119
TARATA,desnutricion global,desnutricion moderada (m),2006-07-01,5,4,0,2,5,6,11
TARIJA,desnutricion global,desnutricion moderada (m),2006-07-01,32,29,15,7,47,36,83
TARVITA,desnutricion global,desnutricion moderada (m),2006-07-01,24,29,15,29,39,58,97
TEOPONTE,desnutricion global,desnutricion moderada (m),2006-07-01,0,2,1,0,1,2,3
TIAWANACU,desnutricion global,desnutricion moderada (m),2006-07-01,1,0,1,0,2,0,2
TINGUIPAYA,desnutricion global,desnutricion moderada (m),2006-07-01,31,16,24,31,55,47,102
TIQUIPAYA,desnutricion global,desnutricion moderada (m),2006-07-01,4,3,1,0,5,3,8
TIRAQUE (CBBA),desnutricion global,desnutricion moderada (m),2006-07-01,22,15,6,6,28,21,49
TITO YUPANQUI (PARQUIPUJIO),desnutricion global,desnutricion moderada (m),2006-07-01,0,1,0,1,0,2,2
TOCO,desnutricion global,desnutricion moderada (m),2006-07-01,2,1,0,0,2,1,3
TOLEDO,desnutricion global,desnutricion moderada (m),2006-07-01,2,0,0,0,2,0,2
TOMAVE,desnutricion global,desnutricion moderada (m),2006-07-01,1,2,3,1,4,3,7
TOMINA,desnutricion global,desnutricion moderada (m),2006-07-01,15,20,12,17,27,37,64
TORO TORO,desnutricion global,desnutricion moderada (m),2006-07-01,21,13,8,8,29,21,50
TOTORA(CBBA),desnutricion global,desnutricion moderada (m),2006-07-01,7,5,2,3,9,8,17
TOTORA(ORR),desnutricion global,desnutricion moderada (m),2006-07-01,1,2,2,0,3,2,5
TRIGAL,desnutricion global,desnutricion moderada (m),2006-07-01,0,1,0,0,0,1,1
TRINIDAD,desnutricion global,desnutricion moderada (m),2006-07-01,24,20,6,9,30,29,59
TUPIZA,desnutricion global,desnutricion moderada (m),2006-07-01,15,14,7,10,22,24,46
TURCO,desnutricion global,desnutricion moderada (m),2006-07-01,0,2,0,0,0,2,2
UMALA,desnutricion global,desnutricion moderada (m),2006-07-01,1,0,1,2,2,2,4
UNCIA,desnutricion global,desnutricion moderada (m),2006-07-01,14,16,10,16,24,32,56
URIONDO (A. CONCEPCION),desnutricion global,desnutricion moderada (m),2006-07-01,6,4,13,10,19,14,33
URUBICHA,desnutricion global,desnutricion moderada (m),2006-07-01,2,0,0,2,2,2,4
UYUNI,desnutricion global,desnutricion moderada (m),2006-07-01,3,2,2,1,5,3,8
VACAS,desnutricion global,desnutricion moderada (m),2006-07-01,7,4,2,2,9,6,15
VALLEGRANDE,desnutricion global,desnutricion moderada (m),2006-07-01,1,2,3,7,4,9,13
VIACHA,desnutricion global,desnutricion moderada (m),2006-07-01,4,4,2,3,6,7,13
VILA VILA,desnutricion global,desnutricion moderada (m),2006-07-01,1,3,1,2,2,5,7
VILLA MONTES,desnutricion global,desnutricion moderada (m),2006-07-01,1,2,4,2,5,4,9
VILLA NUEVA (LOMA ALTA),desnutricion global,desnutricion moderada (m),2006-07-01,0,5,1,1,1,6,7
VILLA RIVERO,desnutricion global,desnutricion moderada (m),2006-07-01,7,3,1,4,8,7,15
VILLA SERRANO,desnutricion global,desnutricion moderada (m),2006-07-01,19,10,10,12,29,22,51
VILLA TUNARI,desnutricion global,desnutricion moderada (m),2006-07-01,16,21,8,14,24,35,59
VILLA VACA GUZMAN (MUYUPAMPA),desnutricion global,desnutricion moderada (m),2006-07-01,2,1,1,2,3,3,6
VILLAZON,desnutricion global,desnutricion moderada (m),2006-07-01,11,8,8,6,19,14,33
VINTO,desnutricion global,desnutricion moderada (m),2006-07-01,3,8,1,1,4,9,13
VITICHI,desnutricion global,desnutricion moderada (m),2006-07-01,11,10,6,16,17,26,43
WALDO BALLIVIAN,desnutricion global,desnutricion moderada (m),2006-07-01,0,3,0,1,0,4,4
WARNES,desnutricion global,desnutricion moderada (m),2006-07-01,15,19,7,12,22,31,53
YACO,desnutricion global,desnutricion moderada (m),2006-07-01,9,11,10,10,19,21,40
YACUIBA,desnutricion global,desnutricion moderada (m),2006-07-01,0,2,1,1,1,3,4
YAMPARAEZ,desnutricion global,desnutricion moderada (m),2006-07-01,15,13,13,15,28,28,56
YAPACANI,desnutricion global,desnutricion moderada (m),2006-07-01,4,7,2,1,6,8,14
YOCALLA,desnutricion global,desnutricion moderada (m),2006-07-01,0,0,0,1,0,1,1
YOTALA,desnutricion global,desnutricion moderada (m),2006-07-01,5,3,2,8,7,11,18
YUNCHARA,desnutricion global,desnutricion moderada (m),2006-07-01,3,3,5,2,8,5,13
ZUDAÑEZ,desnutricion global,desnutricion moderada (m),2006-07-01,10,11,11,14,21,25,46
ACACIO,desnutricion global,desnutricion moderada (m),2006-08-01,11,7,6,10,17,17,34
ACHACACHI,desnutricion global,desnutricion moderada (m),2006-08-01,13,10,3,5,16,15,31
ACHOCALLA,desnutricion global,desnutricion moderada (m),2006-08-01,1,0,0,0,1,0,1
AIQUILE,desnutricion global,desnutricion moderada (m),2006-08-01,10,6,1,3,11,9,20
ALCALA,desnutricion global,desnutricion moderada (m),2006-08-01,5,3,5,3,10,6,16
ANCORAIMES,desnutricion global,desnutricion moderada (m),2006-08-01,4,3,2,1,6,4,10
ANDAMARCA,desnutricion global,desnutricion moderada (m),2006-08-01,3,1,2,2,5,3,8
ANTEQUERA,desnutricion global,desnutricion moderada (m),2006-08-01,3,1,0,1,3,2,5
ANZALDO,desnutricion global,desnutricion moderada (m),2006-08-01,5,1,3,2,8,3,11
APOLO,desnutricion global,desnutricion moderada (m),2006-08-01,6,9,3,6,9,15,24
ARAMPAMPA,desnutricion global,desnutricion moderada (m),2006-08-01,8,11,5,8,13,19,32
ARANI,desnutricion global,desnutricion moderada (m),2006-08-01,1,5,1,0,2,5,7
ARBIETO,desnutricion global,desnutricion moderada (m),2006-08-01,1,1,1,0,2,1,3
ARQUE,desnutricion global,desnutricion moderada (m),2006-08-01,10,8,5,11,15,19,34
ASCENCION DE GUARAYOS,desnutricion global,desnutricion moderada (m),2006-08-01,19,19,18,23,37,42,79
ATOCHA,desnutricion global,desnutricion moderada (m),2006-08-01,5,4,6,0,11,4,15
AUCAPATA,desnutricion global,desnutricion moderada (m),2006-08-01,0,0,1,0,1,0,1
AYATA,desnutricion global,desnutricion moderada (m),2006-08-01,3,0,3,0,6,0,6
AYO AYO,desnutricion global,desnutricion moderada (m),2006-08-01,5,3,2,1,7,4,11
AYOPAYA (V. DE INDEPENDENCIA),desnutricion global,desnutricion moderada (m),2006-08-01,6,11,13,15,19,26,45
AZURDUY,desnutricion global,desnutricion moderada (m),2006-08-01,23,27,16,20,39,47,86
BATALLAS,desnutricion global,desnutricion moderada (m),2006-08-01,4,3,0,1,4,4,8
BAURES,desnutricion global,desnutricion moderada (m),2006-08-01,0,0,2,0,2,0,2
BELEN DE ANDAMARCA,desnutricion global,desnutricion moderada (m),2006-08-01,0,0,0,3,0,3,3
BELEN DE URMIRI,desnutricion global,desnutricion moderada (m),2006-08-01,3,3,4,8,7,11,18
BELLA FLOR,desnutricion global,desnutricion moderada (m),2006-08-01,2,0,0,0,2,0,2
BERMEJO,desnutricion global,desnutricion moderada (m),2006-08-01,1,0,0,1,1,1,2
BETANZOS,desnutricion global,desnutricion moderada (m),2006-08-01,34,21,14,25,48,46,94
BOLIVAR,desnutricion global,desnutricion moderada (m),2006-08-01,9,8,2,6,11,14,25
BOYUIBE,desnutricion global,desnutricion moderada (m),2006-08-01,0,0,0,4,0,4,4
BUENA VISTA,desnutricion global,desnutricion moderada (m),2006-08-01,1,2,0,0,1,2,3
CABEZAS,desnutricion global,desnutricion moderada (m),2006-08-01,4,1,1,1,5,2,7
CAIROMA,desnutricion global,desnutricion moderada (m),2006-08-01,14,10,12,18,26,28,54
"CAIZA ""D""",desnutricion global,desnutricion moderada (m),2006-08-01,7,3,1,6,8,9,17
CAJUATA,desnutricion global,desnutricion moderada (m),2006-08-01,1,3,0,0,1,3,4
CALACOTO,desnutricion global,desnutricion moderada (m),2006-08-01,2,1,2,1,4,2,6
CALAMARCA,desnutricion global,desnutricion moderada (m),2006-08-01,24,8,8,12,32,20,52
CAMARGO,desnutricion global,desnutricion moderada (m),2006-08-01,15,20,8,11,23,31,54
CAMATAQUI (C. VILLA ABECIA),desnutricion global,desnutricion moderada (m),2006-08-01,2,1,2,1,4,2,6
CAMIRI,desnutricion global,desnutricion moderada (m),2006-08-01,12,9,8,10,20,19,39
CAPINOTA,desnutricion global,desnutricion moderada (m),2006-08-01,18,7,7,6,25,13,38
CAQUIAVIRI,desnutricion global,desnutricion moderada (m),2006-08-01,0,2,0,0,0,2,2
CARACOLLO,desnutricion global,desnutricion moderada (m),2006-08-01,1,3,1,2,2,5,7
CARANAVI,desnutricion global,desnutricion moderada (m),2006-08-01,4,13,9,8,13,21,34
CARAPARI,desnutricion global,desnutricion moderada (m),2006-08-01,3,3,3,0,6,3,9
CARIPUYO,desnutricion global,desnutricion moderada (m),2006-08-01,10,12,10,10,20,22,42
CARMEN RIVERO TORREZ,desnutricion global,desnutricion moderada (m),2006-08-01,1,0,0,1,1,1,2
CHACARILLA,desnutricion global,desnutricion moderada (m),2006-08-01,1,2,0,0,1,2,3
CHALLAPATA,desnutricion global,desnutricion moderada (m),2006-08-01,24,11,6,10,30,21,51
CHAQUI,desnutricion global,desnutricion moderada (m),2006-08-01,10,2,2,1,12,3,15
CHARAGUA,desnutricion global,desnutricion moderada (m),2006-08-01,3,8,3,5,6,13,19
CHAYANTA,desnutricion global,desnutricion moderada (m),2006-08-01,23,16,26,23,49,39,88
CHIMORE,desnutricion global,desnutricion moderada (m),2006-08-01,12,0,1,5,13,5,18
CHIPAYA,desnutricion global,desnutricion moderada (m),2006-08-01,1,0,0,1,1,1,2
CHOQUE COTA,desnutricion global,desnutricion moderada (m),2006-08-01,2,2,0,1,2,3,5
CHULUMANI (V. DE LA LIBERTAD),desnutricion global,desnutricion moderada (m),2006-08-01,0,4,0,0,0,4,4
CHUMA,desnutricion global,desnutricion moderada (m),2006-08-01,7,4,1,5,8,9,17
CLIZA,desnutricion global,desnutricion moderada (m),2006-08-01,5,8,5,12,10,20,30
COBIJA,desnutricion global,desnutricion moderada (m),2006-08-01,8,7,5,2,13,9,22
COCHABAMBA,desnutricion global,desnutricion moderada (m),2006-08-01,103,68,34,46,137,114,251
COLCAPIRHUA,desnutricion global,desnutricion moderada (m),2006-08-01,4,12,5,9,9,21,30
"COLCHA ""K""",desnutricion global,desnutricion moderada (m),2006-08-01,3,1,3,1,6,2,8
COLLANA,desnutricion global,desnutricion moderada (m),2006-08-01,1,0,1,0,2,0,2
COLOMI,desnutricion global,desnutricion moderada (m),2006-08-01,2,6,0,2,2,8,10
COLPA BELGICA,desnutricion global,desnutricion moderada (m),2006-08-01,1,1,0,0,1,1,2
COLQUECHACA,desnutricion global,desnutricion moderada (m),2006-08-01,22,20,6,14,28,34,62
COLQUENCHA,desnutricion global,desnutricion moderada (m),2006-08-01,7,3,2,3,9,6,15
COLQUIRI,desnutricion global,desnutricion moderada (m),2006-08-01,10,9,4,3,14,12,26
COMARAPA,desnutricion global,desnutricion moderada (m),2006-08-01,5,5,2,4,7,9,16
CONCEPCION,desnutricion global,desnutricion moderada (m),2006-08-01,2,2,1,2,3,4,7
COPACABANA,desnutricion global,desnutricion moderada (m),2006-08-01,2,0,0,1,2,1,3
CORIPATA,desnutricion global,desnutricion moderada (m),2006-08-01,1,1,0,0,1,1,2
CORO CORO,desnutricion global,desnutricion moderada (m),2006-08-01,8,2,8,2,16,4,20
COROICO,desnutricion global,desnutricion moderada (m),2006-08-01,1,0,1,4,2,4,6
CORQUE,desnutricion global,desnutricion moderada (m),2006-08-01,3,1,2,2,5,3,8
COTAGAITA,desnutricion global,desnutricion moderada (m),2006-08-01,15,20,18,13,33,33,66
COTOCA,desnutricion global,desnutricion moderada (m),2006-08-01,0,3,0,2,0,5,5
CUATRO CAÑADAS,desnutricion global,desnutricion moderada (m),2006-08-01,0,1,0,0,0,1,1
CUCHUMUELA (V. G. VILLARROEL),desnutricion global,desnutricion moderada (m),2006-08-01,0,0,1,0,1,0,1
CUEVO,desnutricion global,desnutricion moderada (m),2006-08-01,0,1,1,0,1,1,2
CULPINA,desnutricion global,desnutricion moderada (m),2006-08-01,24,19,23,24,47,43,90
CURAHUARA DE CARANGAS,desnutricion global,desnutricion moderada (m),2006-08-01,3,0,0,1,3,1,4
CURVA,desnutricion global,desnutricion moderada (m),2006-08-01,2,1,3,1,5,2,7
DESAGUADERO,desnutricion global,desnutricion moderada (m),2006-08-01,1,2,2,4,3,6,9
EL ALTO,desnutricion global,desnutricion moderada (m),2006-08-01,240,194,83,112,323,306,629
EL CHORO,desnutricion global,desnutricion moderada (m),2006-08-01,1,1,0,0,1,1,2
EL PUENTE(STC),desnutricion global,desnutricion moderada (m),2006-08-01,1,1,0,1,1,2,3
EL PUENTE(TJA),desnutricion global,desnutricion moderada (m),2006-08-01,1,3,3,7,4,10,14
EL TORNO,desnutricion global,desnutricion moderada (m),2006-08-01,1,3,5,5,6,8,14
EL VILLAR,desnutricion global,desnutricion moderada (m),2006-08-01,1,3,2,13,3,16,19
ENTRE RIOS,desnutricion global,desnutricion moderada (m),2006-08-01,9,10,6,7,15,17,32
ENTRE RIOS,desnutricion global,desnutricion moderada (m),2006-08-01,4,6,4,1,8,7,15
ESCARA,desnutricion global,desnutricion moderada (m),2006-08-01,0,1,0,0,0,1,1
EUCALIPTUS,desnutricion global,desnutricion moderada (m),2006-08-01,0,0,1,1,1,1,2
EXALTACION,desnutricion global,desnutricion moderada (m),2006-08-01,1,0,1,0,2,0,2
FERNANDEZ ALONSO,desnutricion global,desnutricion moderada (m),2006-08-01,2,2,0,3,2,5,7
GENERAL SAAVEDRA,desnutricion global,desnutricion moderada (m),2006-08-01,20,18,7,11,27,29,56
GRAL. J.J. PEREZ (CHARAZANI),desnutricion global,desnutricion moderada (m),2006-08-01,6,5,3,1,9,6,15
GUANAY,desnutricion global,desnutricion moderada (m),2006-08-01,5,5,5,5,10,10,20
GUAQUI,desnutricion global,desnutricion moderada (m),2006-08-01,1,0,2,2,3,2,5
GUAYARAMERIN,desnutricion global,desnutricion moderada (m),2006-08-01,16,8,4,4,20,12,32
GUTIERREZ,desnutricion global,desnutricion moderada (m),2006-08-01,8,11,12,11,20,22,42
HUACARETA,desnutricion global,desnutricion moderada (m),2006-08-01,2,4,0,2,2,6,8
HUACAYA (VILLA DE HUACAYA),desnutricion global,desnutricion moderada (m),2006-08-01,0,0,2,0,2,0,2
HUANUNI,desnutricion global,desnutricion moderada (m),2006-08-01,7,9,6,3,13,12,25
HUARACAJE,desnutricion global,desnutricion moderada (m),2006-08-01,1,2,0,0,1,2,3
HUAYLLAMARCA,desnutricion global,desnutricion moderada (m),2006-08-01,1,0,0,0,1,0,1
ICHOCA,desnutricion global,desnutricion moderada (m),2006-08-01,0,0,2,1,2,1,3
ICLA,desnutricion global,desnutricion moderada (m),2006-08-01,26,37,44,38,70,75,145
INCAHUASI,desnutricion global,desnutricion moderada (m),2006-08-01,45,55,30,44,75,99,174
INQUISIVI,desnutricion global,desnutricion moderada (m),2006-08-01,4,4,3,1,7,5,12
IRUPANA (VILLA DE LANZA),desnutricion global,desnutricion moderada (m),2006-08-01,3,0,1,0,4,0,4
IXIAMAS,desnutricion global,desnutricion moderada (m),2006-08-01,3,5,1,5,4,10,14
JESUS DE MACHACA,desnutricion global,desnutricion moderada (m),2006-08-01,6,2,4,5,10,7,17
LA ASUNTA,desnutricion global,desnutricion moderada (m),2006-08-01,2,5,0,2,2,7,9
LA GUARDIA,desnutricion global,desnutricion moderada (m),2006-08-01,4,12,8,3,12,15,27
LA PAZ,desnutricion global,desnutricion moderada (m),2006-08-01,227,164,48,82,275,246,521
LAGUNILLAS,desnutricion global,desnutricion moderada (m),2006-08-01,1,1,1,0,2,1,3
LAJA,desnutricion global,desnutricion moderada (m),2006-08-01,2,1,1,1,3,2,5
LAS CARRERAS,desnutricion global,desnutricion moderada (m),2006-08-01,1,0,1,4,2,4,6
LLALLAGUA,desnutricion global,desnutricion moderada (m),2006-08-01,36,25,35,31,71,56,127
LORETO,desnutricion global,desnutricion moderada (m),2006-08-01,1,0,0,0,1,0,1
LURIBAY,desnutricion global,desnutricion moderada (m),2006-08-01,8,14,3,6,11,20,31
MACHACAMARCA,desnutricion global,desnutricion moderada (m),2006-08-01,0,1,0,0,0,1,1
MACHARETI,desnutricion global,desnutricion moderada (m),2006-08-01,1,0,2,2,3,2,5
MAGDALENA,desnutricion global,desnutricion moderada (m),2006-08-01,0,2,0,2,0,4,4
MAIRANA,desnutricion global,desnutricion moderada (m),2006-08-01,1,1,0,1,1,2,3
MALLA,desnutricion global,desnutricion moderada (m),2006-08-01,2,5,4,5,6,10,16
MAPIRI,desnutricion global,desnutricion moderada (m),2006-08-01,1,6,5,4,6,10,16
MECAPACA,desnutricion global,desnutricion moderada (m),2006-08-01,1,1,0,0,1,1,2
MINEROS,desnutricion global,desnutricion moderada (m),2006-08-01,12,8,0,1,12,9,21
MIZQUE,desnutricion global,desnutricion moderada (m),2006-08-01,10,11,9,6,19,17,36
MOCOMOCO,desnutricion global,desnutricion moderada (m),2006-08-01,10,14,4,7,14,21,35
MOJOCOYA,desnutricion global,desnutricion moderada (m),2006-08-01,6,4,5,8,11,12,23
MONTEAGUDO,desnutricion global,desnutricion moderada (m),2006-08-01,11,7,14,13,25,20,45
MONTERO,desnutricion global,desnutricion moderada (m),2006-08-01,38,40,11,16,49,56,105
MOROCHATA,desnutricion global,desnutricion moderada (m),2006-08-01,10,5,5,6,15,11,26
OCURI,desnutricion global,desnutricion moderada (m),2006-08-01,21,29,14,14,35,43,78
OKINAWA,desnutricion global,desnutricion moderada (m),2006-08-01,1,1,0,0,1,1,2
OMEREQUE,desnutricion global,desnutricion moderada (m),2006-08-01,0,1,0,0,0,1,1
ORURO,desnutricion global,desnutricion moderada (m),2006-08-01,75,40,24,33,99,73,172
PADCAYA,desnutricion global,desnutricion moderada (m),2006-08-01,1,1,0,2,1,3,4
PADILLA,desnutricion global,desnutricion moderada (m),2006-08-01,6,15,9,13,15,28,43
PAILON,desnutricion global,desnutricion moderada (m),2006-08-01,0,3,6,0,6,3,9
PALCA,desnutricion global,desnutricion moderada (m),2006-08-01,3,3,4,3,7,6,13
PALOS BLANCOS,desnutricion global,desnutricion moderada (m),2006-08-01,2,2,6,1,8,3,11
PAMPA AULLAGAS,desnutricion global,desnutricion moderada (m),2006-08-01,0,1,1,2,1,3,4
PAMPA GRANDE,desnutricion global,desnutricion moderada (m),2006-08-01,0,0,2,2,2,2,4
PAPEL PAMPA,desnutricion global,desnutricion moderada (m),2006-08-01,1,1,0,1,1,2,3
PASORAPA,desnutricion global,desnutricion moderada (m),2006-08-01,4,2,3,3,7,5,12
PATACAMAYA,desnutricion global,desnutricion moderada (m),2006-08-01,8,4,8,5,16,9,25
PAZÑA,desnutricion global,desnutricion moderada (m),2006-08-01,1,1,2,4,3,5,8
PELECHUCO,desnutricion global,desnutricion moderada (m),2006-08-01,4,2,3,2,7,4,11
POCOATA,desnutricion global,desnutricion moderada (m),2006-08-01,17,19,6,11,23,30,53
POCONA,desnutricion global,desnutricion moderada (m),2006-08-01,3,2,1,5,4,7,11
POJO (CBBA),desnutricion global,desnutricion moderada (m),2006-08-01,4,3,1,1,5,4,9
POOPO,desnutricion global,desnutricion moderada (m),2006-08-01,1,1,1,3,2,4,6
PORCO,desnutricion global,desnutricion moderada (m),2006-08-01,4,1,1,4,5,5,10
POROMA,desnutricion global,desnutricion moderada (m),2006-08-01,28,21,11,16,39,37,76
PORTACHUELO,desnutricion global,desnutricion moderada (m),2006-08-01,2,1,0,0,2,1,3
PORVENIR,desnutricion global,desnutricion moderada (m),2006-08-01,3,2,6,1,9,3,12
POSTRER VALLE,desnutricion global,desnutricion moderada (m),2006-08-01,2,1,2,4,4,5,9
POTOSI,desnutricion global,desnutricion moderada (m),2006-08-01,95,57,39,33,134,90,224
PRESTO,desnutricion global,desnutricion moderada (m),2006-08-01,11,3,15,12,26,15,41
PUCARA,desnutricion global,desnutricion moderada (m),2006-08-01,1,0,0,0,1,0,1
PUCARANI,desnutricion global,desnutricion moderada (m),2006-08-01,3,4,2,2,5,6,11
PUERTO ACOSTA,desnutricion global,desnutricion moderada (m),2006-08-01,9,16,3,11,12,27,39
PUERTO CARABUCO,desnutricion global,desnutricion moderada (m),2006-08-01,5,3,0,4,5,7,12
PUERTO GONZALO MORENO,desnutricion global,desnutricion moderada (m),2006-08-01,2,3,0,3,2,6,8
PUERTO PEREZ,desnutricion global,desnutricion moderada (m),2006-08-01,0,1,0,0,0,1,1
PUERTO RICO,desnutricion global,desnutricion moderada (m),2006-08-01,1,1,0,0,1,1,2
PUERTO SUAREZ,desnutricion global,desnutricion moderada (m),2006-08-01,3,2,1,1,4,3,7
PUERTO VILLARROEL,desnutricion global,desnutricion moderada (m),2006-08-01,14,24,26,30,40,54,94
PUNA,desnutricion global,desnutricion moderada (m),2006-08-01,41,34,29,32,70,66,136
PUNATA,desnutricion global,desnutricion moderada (m),2006-08-01,3,10,5,4,8,14,22
QUIABAYA,desnutricion global,desnutricion moderada (m),2006-08-01,5,1,0,1,5,2,7
QUILLACOLLO,desnutricion global,desnutricion moderada (m),2006-08-01,9,6,5,10,14,16,30
QUIME,desnutricion global,desnutricion moderada (m),2006-08-01,5,4,1,7,6,11,17
RAVELO,desnutricion global,desnutricion moderada (m),2006-08-01,66,56,43,49,109,105,214
REYES,desnutricion global,desnutricion moderada (m),2006-08-01,4,4,4,0,8,4,12
RIBERALTA,desnutricion global,desnutricion moderada (m),2006-08-01,53,72,23,33,76,105,181
ROBORE,desnutricion global,desnutricion moderada (m),2006-08-01,1,1,1,3,2,4,6
RURRENABAQUE,desnutricion global,desnutricion moderada (m),2006-08-01,3,3,0,1,3,4,7
SABAYA,desnutricion global,desnutricion moderada (m),2006-08-01,1,1,3,0,4,1,5
SACABA,desnutricion global,desnutricion moderada (m),2006-08-01,17,9,3,10,20,19,39
SACABAMBA,desnutricion global,desnutricion moderada (m),2006-08-01,0,0,1,1,1,1,2
SACACA,desnutricion global,desnutricion moderada (m),2006-08-01,46,48,30,36,76,84,160
SAIPINA,desnutricion global,desnutricion moderada (m),2006-08-01,1,2,3,4,4,6,10
SALINAS DE GARCI MENDOZA,desnutricion global,desnutricion moderada (m),2006-08-01,4,3,7,3,11,6,17
SAMAIPATA,desnutricion global,desnutricion moderada (m),2006-08-01,1,2,0,1,1,3,4
SAN AGUSTIN,desnutricion global,desnutricion moderada (m),2006-08-01,0,1,0,0,0,1,1
SAN ANDRES,desnutricion global,desnutricion moderada (m),2006-08-01,4,4,0,0,4,4,8
SAN ANDRES DE MACHACA,desnutricion global,desnutricion moderada (m),2006-08-01,0,1,0,1,0,2,2
SAN ANTONIO DE LOMERIO,desnutricion global,desnutricion moderada (m),2006-08-01,6,13,7,8,13,21,34
SAN BENITO,desnutricion global,desnutricion moderada (m),2006-08-01,2,2,3,2,5,4,9
SAN BORJA,desnutricion global,desnutricion moderada (m),2006-08-01,12,15,8,13,20,28,48
SAN BUENA VENTURA,desnutricion global,desnutricion moderada (m),2006-08-01,4,1,1,4,5,5,10
SAN CARLOS,desnutricion global,desnutricion moderada (m),2006-08-01,6,3,1,3,7,6,13
SAN IGNACIO,desnutricion global,desnutricion moderada (m),2006-08-01,8,5,2,2,10,7,17
SAN IGNACIO DE VELASCO,desnutricion global,desnutricion moderada (m),2006-08-01,17,33,20,21,37,54,91
SAN JAVIER(BNI),desnutricion global,desnutricion moderada (m),2006-08-01,0,0,0,3,0,3,3
SAN JOAQUIN,desnutricion global,desnutricion moderada (m),2006-08-01,0,0,0,2,0,2,2
SAN JOSE DE CHIQUITOS,desnutricion global,desnutricion moderada (m),2006-08-01,2,2,1,2,3,4,7
SAN JUAN DE YAPACANI,desnutricion global,desnutricion moderada (m),2006-08-01,1,1,0,4,1,5,6
SAN JULIAN,desnutricion global,desnutricion moderada (m),2006-08-01,6,6,11,8,17,14,31
SAN LORENZO(PND),desnutricion global,desnutricion moderada (m),2006-08-01,3,0,1,3,4,3,7
SAN LORENZO(TJA),desnutricion global,desnutricion moderada (m),2006-08-01,5,4,5,10,10,14,24
SAN LUCAS,desnutricion global,desnutricion moderada (m),2006-08-01,66,62,40,66,106,128,234
SAN MATIAS,desnutricion global,desnutricion moderada (m),2006-08-01,1,1,2,4,3,5,8
SAN MIGUEL DE VELASCO,desnutricion global,desnutricion moderada (m),2006-08-01,3,1,2,4,5,5,10
SAN PABLO DE LIPEZ,desnutricion global,desnutricion moderada (m),2006-08-01,0,1,0,1,0,2,2
SAN PEDRO,desnutricion global,desnutricion moderada (m),2006-08-01,4,1,0,1,4,2,6
SAN PEDRO DE BUENA VISTA,desnutricion global,desnutricion moderada (m),2006-08-01,25,26,29,35,54,61,115
SAN PEDRO DE CURAHUARA,desnutricion global,desnutricion moderada (m),2006-08-01,2,1,5,1,7,2,9
SAN PEDRO DE TIQUINA,desnutricion global,desnutricion moderada (m),2006-08-01,1,0,0,1,1,1,2
SAN PEDRO(PND),desnutricion global,desnutricion moderada (m),2006-08-01,0,0,0,3,0,3,3
SAN RAFAEL,desnutricion global,desnutricion moderada (m),2006-08-01,4,2,0,2,4,4,8
SAN RAMON,desnutricion global,desnutricion moderada (m),2006-08-01,1,0,0,1,1,1,2
SANTA ANA,desnutricion global,desnutricion moderada (m),2006-08-01,2,2,0,0,2,2,4
SANTA CRUZ DE LA SIERRA,desnutricion global,desnutricion moderada (m),2006-08-01,87,68,12,23,99,91,190
SANTA ROSA,desnutricion global,desnutricion moderada (m),2006-08-01,1,7,0,1,1,8,9
SANTA ROSA DEL SARA,desnutricion global,desnutricion moderada (m),2006-08-01,3,0,1,3,4,3,7
SANTIAGO DE CALLAPA,desnutricion global,desnutricion moderada (m),2006-08-01,3,0,1,2,4,2,6
SANTIAGO DE HUARI,desnutricion global,desnutricion moderada (m),2006-08-01,3,2,3,2,6,4,10
SANTIAGO DE MACHACA,desnutricion global,desnutricion moderada (m),2006-08-01,0,1,0,0,0,1,1
SANTIVAÑES,desnutricion global,desnutricion moderada (m),2006-08-01,6,6,7,4,13,10,23
SAPAHAQUI,desnutricion global,desnutricion moderada (m),2006-08-01,11,5,0,5,11,10,21
SENA,desnutricion global,desnutricion moderada (m),2006-08-01,2,1,5,1,7,2,9
SICA SICA (VILLA AROMA),desnutricion global,desnutricion moderada (m),2006-08-01,15,9,2,8,17,17,34
SICAYA,desnutricion global,desnutricion moderada (m),2006-08-01,1,3,1,0,2,3,5
SIPE SIPE,desnutricion global,desnutricion moderada (m),2006-08-01,24,25,17,8,41,33,74
SOPACHUY,desnutricion global,desnutricion moderada (m),2006-08-01,11,7,7,26,18,33,51
SORACACHI,desnutricion global,desnutricion moderada (m),2006-08-01,8,9,1,3,9,12,21
SORATA,desnutricion global,desnutricion moderada (m),2006-08-01,2,4,0,2,2,6,8
SUCRE,desnutricion global,desnutricion moderada (m),2006-08-01,52,49,29,52,81,101,182
TACACHI,desnutricion global,desnutricion moderada (m),2006-08-01,2,0,0,0,2,0,2
TACOBAMBA,desnutricion global,desnutricion moderada (m),2006-08-01,5,20,8,7,13,27,40
TACOPAYA,desnutricion global,desnutricion moderada (m),2006-08-01,11,10,5,7,16,17,33
TAPACARI,desnutricion global,desnutricion moderada (m),2006-08-01,35,31,25,12,60,43,103
TARABUCO,desnutricion global,desnutricion moderada (m),2006-08-01,39,27,43,53,82,80,162
TARATA,desnutricion global,desnutricion moderada (m),2006-08-01,2,3,5,11,7,14,21
TARIJA,desnutricion global,desnutricion moderada (m),2006-08-01,23,18,12,11,35,29,64
TARVITA,desnutricion global,desnutricion moderada (m),2006-08-01,17,27,4,5,21,32,53
TEOPONTE,desnutricion global,desnutricion moderada (m),2006-08-01,1,0,0,2,1,2,3
TINGUIPAYA,desnutricion global,desnutricion moderada (m),2006-08-01,34,23,22,31,56,54,110
TIPUANI,desnutricion global,desnutricion moderada (m),2006-08-01,2,0,2,0,4,0,4
TIQUIPAYA,desnutricion global,desnutricion moderada (m),2006-08-01,7,5,6,4,13,9,22
TIRAQUE (CBBA),desnutricion global,desnutricion moderada (m),2006-08-01,31,21,16,14,47,35,82
TITO YUPANQUI (PARQUIPUJIO),desnutricion global,desnutricion moderada (m),2006-08-01,1,1,0,1,1,2,3
TOCO,desnutricion global,desnutricion moderada (m),2006-08-01,1,0,0,0,1,0,1
TOLATA,desnutricion global,desnutricion moderada (m),2006-08-01,0,2,0,0,0,2,2
TOMAVE,desnutricion global,desnutricion moderada (m),2006-08-01,3,9,4,6,7,15,22
TOMINA,desnutricion global,desnutricion moderada (m),2006-08-01,15,22,20,15,35,37,72
TORO TORO,desnutricion global,desnutricion moderada (m),2006-08-01,29,16,14,12,43,28,71
TOTORA(CBBA),desnutricion global,desnutricion moderada (m),2006-08-01,8,4,4,6,12,10,22
TOTORA(ORR),desnutricion global,desnutricion moderada (m),2006-08-01,3,7,3,0,6,7,13
TRINIDAD,desnutricion global,desnutricion moderada (m),2006-08-01,28,8,9,3,37,11,48
TUPIZA,desnutricion global,desnutricion moderada (m),2006-08-01,10,15,8,6,18,21,39
TURCO,desnutricion global,desnutricion moderada (m),2006-08-01,1,0,0,1,1,1,2
UMALA,desnutricion global,desnutricion moderada (m),2006-08-01,2,3,0,1,2,4,6
UNCIA,desnutricion global,desnutricion moderada (m),2006-08-01,8,8,10,5,18,13,31
URIONDO (A. CONCEPCION),desnutricion global,desnutricion moderada (m),2006-08-01,1,5,1,9,2,14,16
URUBICHA,desnutricion global,desnutricion moderada (m),2006-08-01,6,4,2,4,8,8,16
UYUNI,desnutricion global,desnutricion moderada (m),2006-08-01,5,7,4,8,9,15,24
VACAS,desnutricion global,desnutricion moderada (m),2006-08-01,6,7,2,6,8,13,21
VALLEGRANDE,desnutricion global,desnutricion moderada (m),2006-08-01,1,2,0,2,1,4,5
VIACHA,desnutricion global,desnutricion moderada (m),2006-08-01,2,2,0,3,2,5,7
VILA VILA,desnutricion global,desnutricion moderada (m),2006-08-01,2,9,4,2,6,11,17
VILLA MONTES,desnutricion global,desnutricion moderada (m),2006-08-01,2,2,3,2,5,4,9
VILLA NUEVA (LOMA ALTA),desnutricion global,desnutricion moderada (m),2006-08-01,2,1,0,2,2,3,5
VILLA RIVERO,desnutricion global,desnutricion moderada (m),2006-08-01,5,7,5,4,10,11,21
VILLA SERRANO,desnutricion global,desnutricion moderada (m),2006-08-01,11,10,14,18,25,28,53
VILLA TUNARI,desnutricion global,desnutricion moderada (m),2006-08-01,30,30,17,20,47,50,97
VILLA VACA GUZMAN (MUYUPAMPA),desnutricion global,desnutricion moderada (m),2006-08-01,0,2,2,1,2,3,5
VILLAZON,desnutricion global,desnutricion moderada (m),2006-08-01,14,10,9,9,23,19,42
VINTO,desnutricion global,desnutricion moderada (m),2006-08-01,5,3,0,4,5,7,12
VITICHI,desnutricion global,desnutricion moderada (m),2006-08-01,19,6,25,24,44,30,74
WALDO BALLIVIAN,desnutricion global,desnutricion moderada (m),2006-08-01,0,2,0,3,0,5,5
WARNES,desnutricion global,desnutricion moderada (m),2006-08-01,13,8,2,9,15,17,32
YACO,desnutricion global,desnutricion moderada (m),2006-08-01,5,9,6,8,11,17,28
YACUIBA,desnutricion global,desnutricion moderada (m),2006-08-01,8,5,4,3,12,8,20
YAMPARAEZ,desnutricion global,desnutricion moderada (m),2006-08-01,12,12,10,13,22,25,47
YANACACHI,desnutricion global,desnutricion moderada (m),2006-08-01,2,0,0,1,2,1,3
YAPACANI,desnutricion global,desnutricion moderada (m),2006-08-01,7,8,4,4,11,12,23
YOCALLA,desnutricion global,desnutricion moderada (m),2006-08-01,0,0,0,1,0,1,1
YOTALA,desnutricion global,desnutricion moderada (m),2006-08-01,9,4,2,12,11,16,27
YUNCHARA,desnutricion global,desnutricion moderada (m),2006-08-01,1,4,2,6,3,10,13
ZUDAÑEZ,desnutricion global,desnutricion moderada (m),2006-08-01,6,3,11,15,17,18,35
ACACIO,desnutricion global,desnutricion moderada (m),2006-09-01,8,6,1,3,9,9,18
ACHACACHI,desnutricion global,desnutricion moderada (m),2006-09-01,12,7,4,5,16,12,28
AIQUILE,desnutricion global,desnutricion moderada (m),2006-09-01,8,9,5,8,13,17,30
ALCALA,desnutricion global,desnutricion moderada (m),2006-09-01,6,2,10,7,16,9,25
ANCORAIMES,desnutricion global,desnutricion moderada (m),2006-09-01,3,2,0,1,3,3,6
ANDAMARCA,desnutricion global,desnutricion moderada (m),2006-09-01,5,0,0,1,5,1,6
ANZALDO,desnutricion global,desnutricion moderada (m),2006-09-01,5,6,4,4,9,10,19
APOLO,desnutricion global,desnutricion moderada (m),2006-09-01,7,4,2,2,9,6,15
ARAMPAMPA,desnutricion global,desnutricion moderada (m),2006-09-01,11,8,7,14,18,22,40
ARANI,desnutricion global,desnutricion moderada (m),2006-09-01,5,3,2,1,7,4,11
ARBIETO,desnutricion global,desnutricion moderada (m),2006-09-01,1,1,0,0,1,1,2
ARQUE,desnutricion global,desnutricion moderada (m),2006-09-01,13,12,7,10,20,22,42
ATOCHA,desnutricion global,desnutricion moderada (m),2006-09-01,4,1,2,0,6,1,7
AUCAPATA,desnutricion global,desnutricion moderada (m),2006-09-01,5,3,4,2,9,5,14
AYATA,desnutricion global,desnutricion moderada (m),2006-09-01,7,1,4,4,11,5,16
AYO AYO,desnutricion global,desnutricion moderada (m),2006-09-01,5,1,0,0,5,1,6
AYOPAYA (V. DE INDEPENDENCIA),desnutricion global,desnutricion moderada (m),2006-09-01,10,17,10,5,20,22,42
AZURDUY,desnutricion global,desnutricion moderada (m),2006-09-01,21,24,19,19,40,43,83
BATALLAS,desnutricion global,desnutricion moderada (m),2006-09-01,0,3,1,0,1,3,4
BAURES,desnutricion global,desnutricion moderada (m),2006-09-01,2,0,0,1,2,1,3
BELEN DE ANDAMARCA,desnutricion global,desnutricion moderada (m),2006-09-01,1,1,1,0,2,1,3
BELEN DE URMIRI,desnutricion global,desnutricion moderada (m),2006-09-01,3,1,0,1,3,2,5
BELLA FLOR,desnutricion global,desnutricion moderada (m),2006-09-01,2,1,1,0,3,1,4
BERMEJO,desnutricion global,desnutricion moderada (m),2006-09-01,2,1,1,0,3,1,4
BETANZOS,desnutricion global,desnutricion moderada (m),2006-09-01,33,22,13,26,46,48,94
BOLIVAR,desnutricion global,desnutricion moderada (m),2006-09-01,24,24,8,9,32,33,65
BOYUIBE,desnutricion global,desnutricion moderada (m),2006-09-01,3,1,0,1,3,2,5
BUENA VISTA,desnutricion global,desnutricion moderada (m),2006-09-01,0,0,3,1,3,1,4
CABEZAS,desnutricion global,desnutricion moderada (m),2006-09-01,1,3,2,3,3,6,9
CAIROMA,desnutricion global,desnutricion moderada (m),2006-09-01,14,8,10,16,24,24,48
"CAIZA ""D""",desnutricion global,desnutricion moderada (m),2006-09-01,4,3,6,4,10,7,17
CAJUATA,desnutricion global,desnutricion moderada (m),2006-09-01,4,1,0,2,4,3,7
CALAMARCA,desnutricion global,desnutricion moderada (m),2006-09-01,21,7,13,11,34,18,52
CAMARGO,desnutricion global,desnutricion moderada (m),2006-09-01,13,19,8,9,21,28,49
CAMATAQUI (C. VILLA ABECIA),desnutricion global,desnutricion moderada (m),2006-09-01,1,1,1,1,2,2,4
CAMIRI,desnutricion global,desnutricion moderada (m),2006-09-01,9,8,10,13,19,21,40
CAPINOTA,desnutricion global,desnutricion moderada (m),2006-09-01,7,8,13,9,20,17,37
CAQUIAVIRI,desnutricion global,desnutricion moderada (m),2006-09-01,1,4,1,0,2,4,6
CARACOLLO,desnutricion global,desnutricion moderada (m),2006-09-01,0,5,0,1,0,6,6
CARANAVI,desnutricion global,desnutricion moderada (m),2006-09-01,13,12,6,5,19,17,36
CARAPARI,desnutricion global,desnutricion moderada (m),2006-09-01,2,1,2,1,4,2,6
CARIPUYO,desnutricion global,desnutricion moderada (m),2006-09-01,9,10,9,18,18,28,46
CARMEN RIVERO TORREZ,desnutricion global,desnutricion moderada (m),2006-09-01,1,0,0,0,1,0,1
CHACARILLA,desnutricion global,desnutricion moderada (m),2006-09-01,1,1,1,1,2,2,4
CHALLAPATA,desnutricion global,desnutricion moderada (m),2006-09-01,12,9,5,12,17,21,38
CHAQUI,desnutricion global,desnutricion moderada (m),2006-09-01,6,4,4,3,10,7,17
CHARAGUA,desnutricion global,desnutricion moderada (m),2006-09-01,5,0,1,2,6,2,8
CHAYANTA,desnutricion global,desnutricion moderada (m),2006-09-01,21,18,13,13,34,31,65
CHIMORE,desnutricion global,desnutricion moderada (m),2006-09-01,3,4,1,6,4,10,14
CHIPAYA,desnutricion global,desnutricion moderada (m),2006-09-01,1,1,1,0,2,1,3
CHOQUE COTA,desnutricion global,desnutricion moderada (m),2006-09-01,2,1,1,2,3,3,6
CHULUMANI (V. DE LA LIBERTAD),desnutricion global,desnutricion moderada (m),2006-09-01,1,2,0,0,1,2,3
CHUMA,desnutricion global,desnutricion moderada (m),2006-09-01,4,3,6,6,10,9,19
CLIZA,desnutricion global,desnutricion moderada (m),2006-09-01,1,2,1,1,2,3,5
COBIJA,desnutricion global,desnutricion moderada (m),2006-09-01,6,1,6,4,12,5,17
COCHABAMBA,desnutricion global,desnutricion moderada (m),2006-09-01,88,53,50,32,138,85,223
COIPASA,desnutricion global,desnutricion moderada (m),2006-09-01,1,0,0,0,1,0,1
COLCAPIRHUA,desnutricion global,desnutricion moderada (m),2006-09-01,6,4,9,2,15,6,21
"COLCHA ""K""",desnutricion global,desnutricion moderada (m),2006-09-01,2,3,0,0,2,3,5
COLLANA,desnutricion global,desnutricion moderada (m),2006-09-01,1,0,0,0,1,0,1
COLOMI,desnutricion global,desnutricion moderada (m),2006-09-01,4,5,1,2,5,7,12
COLPA BELGICA,desnutricion global,desnutricion moderada (m),2006-09-01,3,0,0,1,3,1,4
COLQUECHACA,desnutricion global,desnutricion moderada (m),2006-09-01,25,26,35,15,60,41,101
COLQUENCHA,desnutricion global,desnutricion moderada (m),2006-09-01,9,6,2,1,11,7,18
COLQUIRI,desnutricion global,desnutricion moderada (m),2006-09-01,11,11,5,5,16,16,32
COMANCHE,desnutricion global,desnutricion moderada (m),2006-09-01,0,0,0,1,0,1,1
COMARAPA,desnutricion global,desnutricion moderada (m),2006-09-01,0,3,3,4,3,7,10
COMBAYA,desnutricion global,desnutricion moderada (m),2006-09-01,1,1,0,0,1,1,2
CONCEPCION,desnutricion global,desnutricion moderada (m),2006-09-01,1,0,1,0,2,0,2
COPACABANA,desnutricion global,desnutricion moderada (m),2006-09-01,0,1,2,0,2,1,3
CORIPATA,desnutricion global,desnutricion moderada (m),2006-09-01,2,4,0,1,2,5,7
CORO CORO,desnutricion global,desnutricion moderada (m),2006-09-01,3,1,1,1,4,2,6
COROICO,desnutricion global,desnutricion moderada (m),2006-09-01,1,4,3,2,4,6,10
CORQUE,desnutricion global,desnutricion moderada (m),2006-09-01,1,4,0,3,1,7,8
COTAGAITA,desnutricion global,desnutricion moderada (m),2006-09-01,13,21,5,11,18,32,50
COTOCA,desnutricion global,desnutricion moderada (m),2006-09-01,5,4,1,2,6,6,12
CUATRO CAÑADAS,desnutricion global,desnutricion moderada (m),2006-09-01,1,1,0,4,1,5,6
CUCHUMUELA (V. G. VILLARROEL),desnutricion global,desnutricion moderada (m),2006-09-01,0,1,0,0,0,1,1
CUEVO,desnutricion global,desnutricion moderada (m),2006-09-01,2,1,3,1,5,2,7
CULPINA,desnutricion global,desnutricion moderada (m),2006-09-01,27,20,13,23,40,43,83
CURAHUARA DE CARANGAS,desnutricion global,desnutricion moderada (m),2006-09-01,0,1,1,0,1,1,2
CURVA,desnutricion global,desnutricion moderada (m),2006-09-01,2,0,3,1,5,1,6
DESAGUADERO,desnutricion global,desnutricion moderada (m),2006-09-01,4,1,0,0,4,1,5
EL ALTO,desnutricion global,desnutricion moderada (m),2006-09-01,212,161,97,99,309,260,569
EL CHORO,desnutricion global,desnutricion moderada (m),2006-09-01,0,1,1,0,1,1,2
EL PUENTE(STC),desnutricion global,desnutricion moderada (m),2006-09-01,8,4,1,1,9,5,14
EL PUENTE(TJA),desnutricion global,desnutricion moderada (m),2006-09-01,1,0,2,2,3,2,5
EL TORNO,desnutricion global,desnutricion moderada (m),2006-09-01,3,0,5,7,8,7,15
EL VILLAR,desnutricion global,desnutricion moderada (m),2006-09-01,3,2,1,6,4,8,12
ENTRE RIOS,desnutricion global,desnutricion moderada (m),2006-09-01,10,14,2,5,12,19,31
ENTRE RIOS,desnutricion global,desnutricion moderada (m),2006-09-01,4,5,3,7,7,12,19
EUCALIPTUS,desnutricion global,desnutricion moderada (m),2006-09-01,0,0,0,3,0,3,3
EUREKA (SANTOS MERCADO),desnutricion global,desnutricion moderada (m),2006-09-01,0,1,0,1,0,2,2
EXALTACION,desnutricion global,desnutricion moderada (m),2006-09-01,1,0,0,0,1,0,1
FERNANDEZ ALONSO,desnutricion global,desnutricion moderada (m),2006-09-01,0,1,2,1,2,2,4
GENERAL SAAVEDRA,desnutricion global,desnutricion moderada (m),2006-09-01,10,3,3,2,13,5,18
GRAL. J.J. PEREZ (CHARAZANI),desnutricion global,desnutricion moderada (m),2006-09-01,6,3,6,4,12,7,19
GUANAY,desnutricion global,desnutricion moderada (m),2006-09-01,7,6,3,1,10,7,17
GUAQUI,desnutricion global,desnutricion moderada (m),2006-09-01,1,1,1,1,2,2,4
GUAYARAMERIN,desnutricion global,desnutricion moderada (m),2006-09-01,15,12,2,7,17,19,36
GUTIERREZ,desnutricion global,desnutricion moderada (m),2006-09-01,10,12,8,20,18,32,50
HUACARETA,desnutricion global,desnutricion moderada (m),2006-09-01,6,5,0,0,6,5,11
HUACAYA (VILLA DE HUACAYA),desnutricion global,desnutricion moderada (m),2006-09-01,0,0,1,0,1,0,1
HUACHACALLA,desnutricion global,desnutricion moderada (m),2006-09-01,0,0,0,1,0,1,1
HUANUNI,desnutricion global,desnutricion moderada (m),2006-09-01,5,3,1,1,6,4,10
HUAYLLAMARCA,desnutricion global,desnutricion moderada (m),2006-09-01,2,1,0,2,2,3,5
ICHOCA,desnutricion global,desnutricion moderada (m),2006-09-01,1,2,2,2,3,4,7
ICLA,desnutricion global,desnutricion moderada (m),2006-09-01,21,27,25,34,46,61,107
INCAHUASI,desnutricion global,desnutricion moderada (m),2006-09-01,36,35,25,44,61,79,140
INQUISIVI,desnutricion global,desnutricion moderada (m),2006-09-01,8,4,5,6,13,10,23
IRUPANA (VILLA DE LANZA),desnutricion global,desnutricion moderada (m),2006-09-01,6,4,3,1,9,5,14
IXIAMAS,desnutricion global,desnutricion moderada (m),2006-09-01,2,2,0,1,2,3,5
JESUS DE MACHACA,desnutricion global,desnutricion moderada (m),2006-09-01,8,2,3,4,11,6,17
LA ASUNTA,desnutricion global,desnutricion moderada (m),2006-09-01,0,4,2,1,2,5,7
LA GUARDIA,desnutricion global,desnutricion moderada (m),2006-09-01,6,7,5,6,11,13,24
LA PAZ,desnutricion global,desnutricion moderada (m),2006-09-01,169,135,45,53,214,188,402
LAGUNILLAS,desnutricion global,desnutricion moderada (m),2006-09-01,2,4,4,4,6,8,14
LAJA,desnutricion global,desnutricion moderada (m),2006-09-01,1,2,1,1,2,3,5
LAS CARRERAS,desnutricion global,desnutricion moderada (m),2006-09-01,0,0,1,3,1,3,4
LICOMA PAMPA,desnutricion global,desnutricion moderada (m),2006-09-01,2,0,0,1,2,1,3
LLALLAGUA,desnutricion global,desnutricion moderada (m),2006-09-01,21,25,15,14,36,39,75
LLICA,desnutricion global,desnutricion moderada (m),2006-09-01,0,0,1,1,1,1,2
LURIBAY,desnutricion global,desnutricion moderada (m),2006-09-01,6,4,8,6,14,10,24
MACHACAMARCA,desnutricion global,desnutricion moderada (m),2006-09-01,0,0,1,0,1,0,1
MACHARETI,desnutricion global,desnutricion moderada (m),2006-09-01,1,0,2,3,3,3,6
MAGDALENA,desnutricion global,desnutricion moderada (m),2006-09-01,0,6,1,0,1,6,7
MAIRANA,desnutricion global,desnutricion moderada (m),2006-09-01,0,0,1,1,1,1,2
MALLA,desnutricion global,desnutricion moderada (m),2006-09-01,2,2,5,4,7,6,13
MAPIRI,desnutricion global,desnutricion moderada (m),2006-09-01,1,4,1,2,2,6,8
MECAPACA,desnutricion global,desnutricion moderada (m),2006-09-01,2,3,0,1,2,4,6
MINEROS,desnutricion global,desnutricion moderada (m),2006-09-01,4,6,1,5,5,11,16
MIZQUE,desnutricion global,desnutricion moderada (m),2006-09-01,6,11,2,13,8,24,32
MOCOMOCO,desnutricion global,desnutricion moderada (m),2006-09-01,10,10,1,2,11,12,23
MOJOCOYA,desnutricion global,desnutricion moderada (m),2006-09-01,5,5,4,7,9,12,21
MONTEAGUDO,desnutricion global,desnutricion moderada (m),2006-09-01,14,6,11,12,25,18,43
MONTERO,desnutricion global,desnutricion moderada (m),2006-09-01,14,14,13,13,27,27,54
MOROCHATA,desnutricion global,desnutricion moderada (m),2006-09-01,10,8,9,10,19,18,37
OCURI,desnutricion global,desnutricion moderada (m),2006-09-01,34,25,9,13,43,38,81
OKINAWA,desnutricion global,desnutricion moderada (m),2006-09-01,3,1,0,0,3,1,4
OMEREQUE,desnutricion global,desnutricion moderada (m),2006-09-01,0,1,1,1,1,2,3
ORURO,desnutricion global,desnutricion moderada (m),2006-09-01,48,31,25,19,73,50,123
PADCAYA,desnutricion global,desnutricion moderada (m),2006-09-01,3,5,3,7,6,12,18
PADILLA,desnutricion global,desnutricion moderada (m),2006-09-01,10,7,5,7,15,14,29
PAILON,desnutricion global,desnutricion moderada (m),2006-09-01,0,6,2,0,2,6,8
PALCA,desnutricion global,desnutricion moderada (m),2006-09-01,3,2,3,0,6,2,8
PALOS BLANCOS,desnutricion global,desnutricion moderada (m),2006-09-01,2,2,9,5,11,7,18
PAMPA AULLAGAS,desnutricion global,desnutricion moderada (m),2006-09-01,1,0,1,1,2,1,3
PAMPA GRANDE,desnutricion global,desnutricion moderada (m),2006-09-01,0,0,0,3,0,3,3
PAPEL PAMPA,desnutricion global,desnutricion moderada (m),2006-09-01,0,0,1,0,1,0,1
PASORAPA,desnutricion global,desnutricion moderada (m),2006-09-01,1,1,3,2,4,3,7
PATACAMAYA,desnutricion global,desnutricion moderada (m),2006-09-01,3,7,1,1,4,8,12
PAZÑA,desnutricion global,desnutricion moderada (m),2006-09-01,2,2,2,1,4,3,7
PELECHUCO,desnutricion global,desnutricion moderada (m),2006-09-01,7,3,3,4,10,7,17
POCOATA,desnutricion global,desnutricion moderada (m),2006-09-01,15,20,9,15,24,35,59
POCONA,desnutricion global,desnutricion moderada (m),2006-09-01,6,11,5,13,11,24,35
POJO (CBBA),desnutricion global,desnutricion moderada (m),2006-09-01,7,5,3,8,10,13,23
PORCO,desnutricion global,desnutricion moderada (m),2006-09-01,6,7,0,4,6,11,17
POROMA,desnutricion global,desnutricion moderada (m),2006-09-01,32,28,16,29,48,57,105
PORTACHUELO,desnutricion global,desnutricion moderada (m),2006-09-01,1,0,1,0,2,0,2
PORVENIR,desnutricion global,desnutricion moderada (m),2006-09-01,1,1,0,0,1,1,2
POSTRER VALLE,desnutricion global,desnutricion moderada (m),2006-09-01,1,1,2,0,3,1,4
POTOSI,desnutricion global,desnutricion moderada (m),2006-09-01,94,57,29,31,123,88,211
PRESTO,desnutricion global,desnutricion moderada (m),2006-09-01,13,3,8,4,21,7,28
PUCARA,desnutricion global,desnutricion moderada (m),2006-09-01,1,0,0,0,1,0,1
PUCARANI,desnutricion global,desnutricion moderada (m),2006-09-01,3,4,4,0,7,4,11
PUERTO ACOSTA,desnutricion global,desnutricion moderada (m),2006-09-01,7,12,6,5,13,17,30
PUERTO CARABUCO,desnutricion global,desnutricion moderada (m),2006-09-01,6,4,2,3,8,7,15
PUERTO GONZALO MORENO,desnutricion global,desnutricion moderada (m),2006-09-01,3,6,3,1,6,7,13
PUERTO PEREZ,desnutricion global,desnutricion moderada (m),2006-09-01,0,0,1,0,1,0,1
PUERTO QUIJARRO,desnutricion global,desnutricion moderada (m),2006-09-01,3,2,1,0,4,2,6
PUERTO SILES,desnutricion global,desnutricion moderada (m),2006-09-01,0,1,1,1,1,2,3
PUERTO SUAREZ,desnutricion global,desnutricion moderada (m),2006-09-01,2,2,0,1,2,3,5
PUERTO VILLARROEL,desnutricion global,desnutricion moderada (m),2006-09-01,15,31,12,20,27,51,78
PUNA,desnutricion global,desnutricion moderada (m),2006-09-01,42,43,27,31,69,74,143
PUNATA,desnutricion global,desnutricion moderada (m),2006-09-01,7,7,5,2,12,9,21
QUIABAYA,desnutricion global,desnutricion moderada (m),2006-09-01,3,1,1,1,4,2,6
QUILLACOLLO,desnutricion global,desnutricion moderada (m),2006-09-01,9,11,9,13,18,24,42
QUIME,desnutricion global,desnutricion moderada (m),2006-09-01,3,3,0,2,3,5,8
RAVELO,desnutricion global,desnutricion moderada (m),2006-09-01,74,48,35,46,109,94,203
REYES,desnutricion global,desnutricion moderada (m),2006-09-01,4,4,2,4,6,8,14
RIBERALTA,desnutricion global,desnutricion moderada (m),2006-09-01,45,49,14,32,59,81,140
ROBORE,desnutricion global,desnutricion moderada (m),2006-09-01,0,1,2,1,2,2,4
RURRENABAQUE,desnutricion global,desnutricion moderada (m),2006-09-01,3,0,0,2,3,2,5
SABAYA,desnutricion global,desnutricion moderada (m),2006-09-01,1,0,0,0,1,0,1
SACABA,desnutricion global,desnutricion moderada (m),2006-09-01,22,15,14,21,36,36,72
SACABAMBA,desnutricion global,desnutricion moderada (m),2006-09-01,6,7,8,6,14,13,27
SACACA,desnutricion global,desnutricion moderada (m),2006-09-01,31,39,28,28,59,67,126
SAIPINA,desnutricion global,desnutricion moderada (m),2006-09-01,0,2,1,2,1,4,5
SALINAS DE GARCI MENDOZA,desnutricion global,desnutricion moderada (m),2006-09-01,7,1,2,1,9,2,11
SAMAIPATA,desnutricion global,desnutricion moderada (m),2006-09-01,3,1,0,0,3,1,4
SAN ANDRES,desnutricion global,desnutricion moderada (m),2006-09-01,1,1,2,1,3,2,5
SAN ANDRES DE MACHACA,desnutricion global,desnutricion moderada (m),2006-09-01,0,1,0,1,0,2,2
SAN ANTONIO DE ESMORUCO,desnutricion global,desnutricion moderada (m),2006-09-01,0,1,0,0,0,1,1
SAN ANTONIO DE LOMERIO,desnutricion global,desnutricion moderada (m),2006-09-01,6,8,6,4,12,12,24
SAN BENITO,desnutricion global,desnutricion moderada (m),2006-09-01,6,3,7,5,13,8,21
SAN BORJA,desnutricion global,desnutricion moderada (m),2006-09-01,8,11,2,3,10,14,24
SAN BUENA VENTURA,desnutricion global,desnutricion moderada (m),2006-09-01,4,0,0,4,4,4,8
SAN CARLOS,desnutricion global,desnutricion moderada (m),2006-09-01,8,3,0,3,8,6,14
SAN IGNACIO,desnutricion global,desnutricion moderada (m),2006-09-01,6,4,5,13,11,17,28
SAN IGNACIO DE VELASCO,desnutricion global,desnutricion moderada (m),2006-09-01,19,20,12,31,31,51,82
SAN JAVIER(BNI),desnutricion global,desnutricion moderada (m),2006-09-01,0,0,1,2,1,2,3
SAN JOSE DE CHIQUITOS,desnutricion global,desnutricion moderada (m),2006-09-01,1,4,1,1,2,5,7
SAN JUAN DE YAPACANI,desnutricion global,desnutricion moderada (m),2006-09-01,0,0,1,0,1,0,1
SAN JULIAN,desnutricion global,desnutricion moderada (m),2006-09-01,1,6,5,7,6,13,19
SAN LORENZO(TJA),desnutricion global,desnutricion moderada (m),2006-09-01,10,13,12,15,22,28,50
SAN LUCAS,desnutricion global,desnutricion moderada (m),2006-09-01,55,49,47,64,102,113,215
SAN MATIAS,desnutricion global,desnutricion moderada (m),2006-09-01,0,4,2,0,2,4,6
SAN MIGUEL DE VELASCO,desnutricion global,desnutricion moderada (m),2006-09-01,2,1,1,4,3,5,8
SAN PABLO DE LIPEZ,desnutricion global,desnutricion moderada (m),2006-09-01,3,2,1,1,4,3,7
SAN PEDRO,desnutricion global,desnutricion moderada (m),2006-09-01,3,2,0,0,3,2,5
SAN PEDRO DE BUENA VISTA,desnutricion global,desnutricion moderada (m),2006-09-01,21,28,22,14,43,42,85
SAN PEDRO DE CURAHUARA,desnutricion global,desnutricion moderada (m),2006-09-01,0,2,0,3,0,5,5
SAN PEDRO(PND),desnutricion global,desnutricion moderada (m),2006-09-01,0,0,0,1,0,1,1
SAN RAFAEL,desnutricion global,desnutricion moderada (m),2006-09-01,2,3,2,0,4,3,7
SAN RAMON,desnutricion global,desnutricion moderada (m),2006-09-01,1,0,0,0,1,0,1
SANTA ANA,desnutricion global,desnutricion moderada (m),2006-09-01,2,1,0,1,2,2,4
SANTA CRUZ DE LA SIERRA,desnutricion global,desnutricion moderada (m),2006-09-01,64,63,22,28,86,91,177
SANTA ROSA,desnutricion global,desnutricion moderada (m),2006-09-01,5,6,0,2,5,8,13
SANTA ROSA DEL SARA,desnutricion global,desnutricion moderada (m),2006-09-01,5,0,1,1,6,1,7
SANTIAGO DE CALLAPA,desnutricion global,desnutricion moderada (m),2006-09-01,1,0,1,1,2,1,3
SANTIAGO DE HUARI,desnutricion global,desnutricion moderada (m),2006-09-01,4,3,3,1,7,4,11
SANTIVAÑES,desnutricion global,desnutricion moderada (m),2006-09-01,1,3,8,4,9,7,16
SANTUARIO DE QUILLACAS,desnutricion global,desnutricion moderada (m),2006-09-01,0,0,0,1,0,1,1
SAPAHAQUI,desnutricion global,desnutricion moderada (m),2006-09-01,13,7,5,5,18,12,30
SENA,desnutricion global,desnutricion moderada (m),2006-09-01,3,1,1,1,4,2,6
SICA SICA (VILLA AROMA),desnutricion global,desnutricion moderada (m),2006-09-01,20,16,4,6,24,22,46
SICAYA,desnutricion global,desnutricion moderada (m),2006-09-01,3,2,4,1,7,3,10
SIPE SIPE,desnutricion global,desnutricion moderada (m),2006-09-01,21,18,22,18,43,36,79
SOPACHUY,desnutricion global,desnutricion moderada (m),2006-09-01,7,14,13,34,20,48,68
SORACACHI,desnutricion global,desnutricion moderada (m),2006-09-01,8,7,0,2,8,9,17
SORATA,desnutricion global,desnutricion moderada (m),2006-09-01,3,0,2,2,5,2,7
SUCRE,desnutricion global,desnutricion moderada (m),2006-09-01,56,47,23,42,79,89,168
TACACHI,desnutricion global,desnutricion moderada (m),2006-09-01,1,0,1,0,2,0,2
TACACOMA,desnutricion global,desnutricion moderada (m),2006-09-01,0,0,0,1,0,1,1
TACOBAMBA,desnutricion global,desnutricion moderada (m),2006-09-01,10,17,2,4,12,21,33
TACOPAYA,desnutricion global,desnutricion moderada (m),2006-09-01,12,5,12,6,24,11,35
TAHUA,desnutricion global,desnutricion moderada (m),2006-09-01,0,0,0,1,0,1,1
TAPACARI,desnutricion global,desnutricion moderada (m),2006-09-01,44,40,22,36,66,76,142
TARABUCO,desnutricion global,desnutricion moderada (m),2006-09-01,40,17,17,30,57,47,104
TARATA,desnutricion global,desnutricion moderada (m),2006-09-01,2,3,0,2,2,5,7
TARIJA,desnutricion global,desnutricion moderada (m),2006-09-01,16,11,14,15,30,26,56
TARVITA,desnutricion global,desnutricion moderada (m),2006-09-01,23,22,24,28,47,50,97
TEOPONTE,desnutricion global,desnutricion moderada (m),2006-09-01,3,1,2,1,5,2,7
TIAWANACU,desnutricion global,desnutricion moderada (m),2006-09-01,1,1,0,0,1,1,2
TINGUIPAYA,desnutricion global,desnutricion moderada (m),2006-09-01,26,32,31,36,57,68,125
TIPUANI,desnutricion global,desnutricion moderada (m),2006-09-01,0,0,1,0,1,0,1
TIQUIPAYA,desnutricion global,desnutricion moderada (m),2006-09-01,7,6,0,3,7,9,16
TIRAQUE (CBBA),desnutricion global,desnutricion moderada (m),2006-09-01,17,21,19,19,36,40,76
TITO YUPANQUI (PARQUIPUJIO),desnutricion global,desnutricion moderada (m),2006-09-01,0,1,0,1,0,2,2
TOCO,desnutricion global,desnutricion moderada (m),2006-09-01,3,1,0,0,3,1,4
TOLATA,desnutricion global,desnutricion moderada (m),2006-09-01,0,1,0,1,0,2,2
TOLEDO,desnutricion global,desnutricion moderada (m),2006-09-01,0,0,0,1,0,1,1
TOMAVE,desnutricion global,desnutricion moderada (m),2006-09-01,13,3,5,0,18,3,21
TOMINA,desnutricion global,desnutricion moderada (m),2006-09-01,23,19,17,18,40,37,77
TORO TORO,desnutricion global,desnutricion moderada (m),2006-09-01,33,21,9,23,42,44,86
TOTORA(CBBA),desnutricion global,desnutricion moderada (m),2006-09-01,7,18,8,7,15,25,40
TOTORA(ORR),desnutricion global,desnutricion moderada (m),2006-09-01,2,2,2,1,4,3,7
TRIGAL,desnutricion global,desnutricion moderada (m),2006-09-01,0,1,0,0,0,1,1
TRINIDAD,desnutricion global,desnutricion moderada (m),2006-09-01,21,14,9,10,30,24,54
TUPIZA,desnutricion global,desnutricion moderada (m),2006-09-01,12,11,8,9,20,20,40
TURCO,desnutricion global,desnutricion moderada (m),2006-09-01,1,2,1,0,2,2,4
UMALA,desnutricion global,desnutricion moderada (m),2006-09-01,1,2,0,1,1,3,4
UNCIA,desnutricion global,desnutricion moderada (m),2006-09-01,23,11,7,10,30,21,51
URIONDO (A. CONCEPCION),desnutricion global,desnutricion moderada (m),2006-09-01,5,4,3,5,8,9,17
UYUNI,desnutricion global,desnutricion moderada (m),2006-09-01,7,5,0,1,7,6,13
VACAS,desnutricion global,desnutricion moderada (m),2006-09-01,4,3,1,3,5,6,11
VALLEGRANDE,desnutricion global,desnutricion moderada (m),2006-09-01,3,0,1,1,4,1,5
VIACHA,desnutricion global,desnutricion moderada (m),2006-09-01,0,1,1,3,1,4,5
VILA VILA,desnutricion global,desnutricion moderada (m),2006-09-01,2,1,0,4,2,5,7
VILLA MONTES,desnutricion global,desnutricion moderada (m),2006-09-01,1,2,1,2,2,4,6
VILLA NUEVA (LOMA ALTA),desnutricion global,desnutricion moderada (m),2006-09-01,0,2,1,1,1,3,4
VILLA RIVERO,desnutricion global,desnutricion moderada (m),2006-09-01,1,3,0,0,1,3,4
VILLA SERRANO,desnutricion global,desnutricion moderada (m),2006-09-01,9,8,20,15,29,23,52
VILLA TUNARI,desnutricion global,desnutricion moderada (m),2006-09-01,14,19,9,122,23,141,164
VILLA VACA GUZMAN (MUYUPAMPA),desnutricion global,desnutricion moderada (m),2006-09-01,4,1,3,2,7,3,10
VILLAZON,desnutricion global,desnutricion moderada (m),2006-09-01,8,10,7,7,15,17,32
VINTO,desnutricion global,desnutricion moderada (m),2006-09-01,0,6,2,2,2,8,10
VITICHI,desnutricion global,desnutricion moderada (m),2006-09-01,13,11,7,15,20,26,46
WALDO BALLIVIAN,desnutricion global,desnutricion moderada (m),2006-09-01,2,2,0,1,2,3,5
WARNES,desnutricion global,desnutricion moderada (m),2006-09-01,5,12,4,4,9,16,25
YACO,desnutricion global,desnutricion moderada (m),2006-09-01,13,12,5,10,18,22,40
YACUIBA,desnutricion global,desnutricion moderada (m),2006-09-01,9,10,6,9,15,19,34
YAMPARAEZ,desnutricion global,desnutricion moderada (m),2006-09-01,15,9,9,10,24,19,43
YANACACHI,desnutricion global,desnutricion moderada (m),2006-09-01,0,0,0,1,0,1,1
YAPACANI,desnutricion global,desnutricion moderada (m),2006-09-01,6,14,2,4,8,18,26
YOCALLA,desnutricion global,desnutricion moderada (m),2006-09-01,4,0,0,2,4,2,6
YOTALA,desnutricion global,desnutricion moderada (m),2006-09-01,5,7,3,10,8,17,25
YUNCHARA,desnutricion global,desnutricion moderada (m),2006-09-01,2,0,2,4,4,4,8
ZUDAÑEZ,desnutricion global,desnutricion moderada (m),2006-09-01,12,3,6,13,18,16,34
ACACIO,desnutricion global,desnutricion moderada (m),2006-10-01,15,5,8,12,23,17,40
ACHACACHI,desnutricion global,desnutricion moderada (m),2006-10-01,13,6,6,4,19,10,29
ACHOCALLA,desnutricion global,desnutricion moderada (m),2006-10-01,0,2,0,0,0,2,2
AIQUILE,desnutricion global,desnutricion moderada (m),2006-10-01,3,3,5,1,8,4,12
ALCALA,desnutricion global,desnutricion moderada (m),2006-10-01,6,3,7,4,13,7,20
ANCORAIMES,desnutricion global,desnutricion moderada (m),2006-10-01,4,3,0,0,4,3,7
ANDAMARCA,desnutricion global,desnutricion moderada (m),2006-10-01,3,1,0,2,3,3,6
ANZALDO,desnutricion global,desnutricion moderada (m),2006-10-01,0,2,2,5,2,7,9
APOLO,desnutricion global,desnutricion moderada (m),2006-10-01,4,9,4,6,8,15,23
ARAMPAMPA,desnutricion global,desnutricion moderada (m),2006-10-01,8,9,5,7,13,16,29
ARANI,desnutricion global,desnutricion moderada (m),2006-10-01,2,1,3,3,5,4,9
ARBIETO,desnutricion global,desnutricion moderada (m),2006-10-01,3,8,7,3,10,11,21
ARQUE,desnutricion global,desnutricion moderada (m),2006-10-01,9,8,10,16,19,24,43
ASCENCION DE GUARAYOS,desnutricion global,desnutricion moderada (m),2006-10-01,14,25,16,26,30,51,81
ATOCHA,desnutricion global,desnutricion moderada (m),2006-10-01,2,1,5,2,7,3,10
AUCAPATA,desnutricion global,desnutricion moderada (m),2006-10-01,2,1,1,0,3,1,4
AYATA,desnutricion global,desnutricion moderada (m),2006-10-01,8,1,2,1,10,2,12
AYO AYO,desnutricion global,desnutricion moderada (m),2006-10-01,6,2,3,2,9,4,13
AYOPAYA (V. DE INDEPENDENCIA),desnutricion global,desnutricion moderada (m),2006-10-01,10,11,13,22,23,33,56
AZURDUY,desnutricion global,desnutricion moderada (m),2006-10-01,13,11,16,18,29,29,58
BATALLAS,desnutricion global,desnutricion moderada (m),2006-10-01,0,2,3,1,3,3,6
BAURES,desnutricion global,desnutricion moderada (m),2006-10-01,0,0,2,0,2,0,2
BELEN DE ANDAMARCA,desnutricion global,desnutricion moderada (m),2006-10-01,1,1,2,1,3,2,5
BELEN DE URMIRI,desnutricion global,desnutricion moderada (m),2006-10-01,1,0,1,5,2,5,7
BELLA FLOR,desnutricion global,desnutricion moderada (m),2006-10-01,2,1,0,0,2,1,3
BERMEJO,desnutricion global,desnutricion moderada (m),2006-10-01,4,4,1,0,5,4,9
BETANZOS,desnutricion global,desnutricion moderada (m),2006-10-01,19,23,13,12,32,35,67
BOLIVAR,desnutricion global,desnutricion moderada (m),2006-10-01,30,18,9,9,39,27,66
BOLPEBRA,desnutricion global,desnutricion moderada (m),2006-10-01,0,0,0,1,0,1,1
BOYUIBE,desnutricion global,desnutricion moderada (m),2006-10-01,1,0,0,0,1,0,1
BUENA VISTA,desnutricion global,desnutricion moderada (m),2006-10-01,0,0,0,2,0,2,2
CABEZAS,desnutricion global,desnutricion moderada (m),2006-10-01,1,3,6,7,7,10,17
CAIROMA,desnutricion global,desnutricion moderada (m),2006-10-01,13,13,6,8,19,21,40
"CAIZA ""D""",desnutricion global,desnutricion moderada (m),2006-10-01,4,2,0,6,4,8,12
CAJUATA,desnutricion global,desnutricion moderada (m),2006-10-01,8,3,2,0,10,3,13
CALACOTO,desnutricion global,desnutricion moderada (m),2006-10-01,4,2,6,0,10,2,12
CALAMARCA,desnutricion global,desnutricion moderada (m),2006-10-01,27,5,8,12,35,17,52
CAMARGO,desnutricion global,desnutricion moderada (m),2006-10-01,11,15,6,9,17,24,41
CAMATAQUI (C. VILLA ABECIA),desnutricion global,desnutricion moderada (m),2006-10-01,0,0,0,1,0,1,1
CAMIRI,desnutricion global,desnutricion moderada (m),2006-10-01,5,8,6,8,11,16,27
CAPINOTA,desnutricion global,desnutricion moderada (m),2006-10-01,11,7,11,3,22,10,32
CAQUIAVIRI,desnutricion global,desnutricion moderada (m),2006-10-01,0,1,2,0,2,1,3
CARACOLLO,desnutricion global,desnutricion moderada (m),2006-10-01,3,6,8,2,11,8,19
CARANAVI,desnutricion global,desnutricion moderada (m),2006-10-01,12,18,21,10,33,28,61
CARAPARI,desnutricion global,desnutricion moderada (m),2006-10-01,1,0,1,0,2,0,2
CARIPUYO,desnutricion global,desnutricion moderada (m),2006-10-01,9,8,4,9,13,17,30
CARMEN RIVERO TORREZ,desnutricion global,desnutricion moderada (m),2006-10-01,0,0,0,1,0,1,1
CHACARILLA,desnutricion global,desnutricion moderada (m),2006-10-01,0,1,0,0,0,1,1
CHALLAPATA,desnutricion global,desnutricion moderada (m),2006-10-01,22,12,7,10,29,22,51
CHAQUI,desnutricion global,desnutricion moderada (m),2006-10-01,3,5,8,12,11,17,28
CHARAGUA,desnutricion global,desnutricion moderada (m),2006-10-01,10,5,4,2,14,7,21
CHARAÑA,desnutricion global,desnutricion moderada (m),2006-10-01,0,2,0,0,0,2,2
CHAYANTA,desnutricion global,desnutricion moderada (m),2006-10-01,21,22,32,32,53,54,107
CHIMORE,desnutricion global,desnutricion moderada (m),2006-10-01,1,4,2,4,3,8,11
CHULUMANI (V. DE LA LIBERTAD),desnutricion global,desnutricion moderada (m),2006-10-01,2,1,0,0,2,1,3
CHUMA,desnutricion global,desnutricion moderada (m),2006-10-01,7,5,1,2,8,7,15
CLIZA,desnutricion global,desnutricion moderada (m),2006-10-01,1,3,1,3,2,6,8
COBIJA,desnutricion global,desnutricion moderada (m),2006-10-01,11,1,3,5,14,6,20
COCHABAMBA,desnutricion global,desnutricion moderada (m),2006-10-01,88,63,53,44,141,107,248
COLCAPIRHUA,desnutricion global,desnutricion moderada (m),2006-10-01,8,6,6,1,14,7,21
"COLCHA ""K""",desnutricion global,desnutricion moderada (m),2006-10-01,0,1,0,1,0,2,2
COLOMI,desnutricion global,desnutricion moderada (m),2006-10-01,13,5,1,4,14,9,23
COLPA BELGICA,desnutricion global,desnutricion moderada (m),2006-10-01,2,0,1,2,3,2,5
COLQUECHACA,desnutricion global,desnutricion moderada (m),2006-10-01,28,29,15,16,43,45,88
COLQUENCHA,desnutricion global,desnutricion moderada (m),2006-10-01,9,8,4,3,13,11,24
COLQUIRI,desnutricion global,desnutricion moderada (m),2006-10-01,5,12,4,2,9,14,23
COMARAPA,desnutricion global,desnutricion moderada (m),2006-10-01,4,6,2,3,6,9,15
COMBAYA,desnutricion global,desnutricion moderada (m),2006-10-01,1,0,0,0,1,0,1
CONCEPCION,desnutricion global,desnutricion moderada (m),2006-10-01,3,5,2,1,5,6,11
COPACABANA,desnutricion global,desnutricion moderada (m),2006-10-01,2,3,1,2,3,5,8
CORO CORO,desnutricion global,desnutricion moderada (m),2006-10-01,6,5,5,4,11,9,20
COROICO,desnutricion global,desnutricion moderada (m),2006-10-01,6,8,5,3,11,11,22
CORQUE,desnutricion global,desnutricion moderada (m),2006-10-01,3,3,1,2,4,5,9
COTAGAITA,desnutricion global,desnutricion moderada (m),2006-10-01,17,23,26,27,43,50,93
COTOCA,desnutricion global,desnutricion moderada (m),2006-10-01,3,3,0,3,3,6,9
CUATRO CAÑADAS,desnutricion global,desnutricion moderada (m),2006-10-01,0,1,0,0,0,1,1
CUEVO,desnutricion global,desnutricion moderada (m),2006-10-01,4,2,1,0,5,2,7
CULPINA,desnutricion global,desnutricion moderada (m),2006-10-01,23,18,16,22,39,40,79
CURAHUARA DE CARANGAS,desnutricion global,desnutricion moderada (m),2006-10-01,1,0,2,1,3,1,4
CURVA,desnutricion global,desnutricion moderada (m),2006-10-01,4,0,1,0,5,0,5
DESAGUADERO,desnutricion global,desnutricion moderada (m),2006-10-01,2,0,0,0,2,0,2
EL ALTO,desnutricion global,desnutricion moderada (m),2006-10-01,221,170,105,119,326,289,615
EL CHORO,desnutricion global,desnutricion moderada (m),2006-10-01,0,0,1,0,1,0,1
EL PUENTE(STC),desnutricion global,desnutricion moderada (m),2006-10-01,1,4,3,1,4,5,9
EL PUENTE(TJA),desnutricion global,desnutricion moderada (m),2006-10-01,0,6,2,4,2,10,12
EL TORNO,desnutricion global,desnutricion moderada (m),2006-10-01,2,4,7,7,9,11,20
EL VILLAR,desnutricion global,desnutricion moderada (m),2006-10-01,3,4,2,9,5,13,18
ENTRE RIOS,desnutricion global,desnutricion moderada (m),2006-10-01,7,14,4,5,11,19,30
ENTRE RIOS,desnutricion global,desnutricion moderada (m),2006-10-01,3,6,7,6,10,12,22
EUCALIPTUS,desnutricion global,desnutricion moderada (m),2006-10-01,1,0,0,0,1,0,1
EXALTACION,desnutricion global,desnutricion moderada (m),2006-10-01,0,1,0,0,0,1,1
FERNANDEZ ALONSO,desnutricion global,desnutricion moderada (m),2006-10-01,1,0,1,0,2,0,2
FILADELFIA,desnutricion global,desnutricion moderada (m),2006-10-01,0,0,1,3,1,3,4
GENERAL SAAVEDRA,desnutricion global,desnutricion moderada (m),2006-10-01,6,5,5,4,11,9,20
GRAL. J.J. PEREZ (CHARAZANI),desnutricion global,desnutricion moderada (m),2006-10-01,3,1,1,2,4,3,7
GUANAY,desnutricion global,desnutricion moderada (m),2006-10-01,3,2,5,5,8,7,15
GUAQUI,desnutricion global,desnutricion moderada (m),2006-10-01,0,0,2,3,2,3,5
GUAYARAMERIN,desnutricion global,desnutricion moderada (m),2006-10-01,14,8,6,6,20,14,34
GUTIERREZ,desnutricion global,desnutricion moderada (m),2006-10-01,14,12,9,20,23,32,55
HUACARETA,desnutricion global,desnutricion moderada (m),2006-10-01,5,6,4,2,9,8,17
HUACAYA (VILLA DE HUACAYA),desnutricion global,desnutricion moderada (m),2006-10-01,1,0,3,0,4,0,4
HUANUNI,desnutricion global,desnutricion moderada (m),2006-10-01,11,7,2,3,13,10,23
HUARACAJE,desnutricion global,desnutricion moderada (m),2006-10-01,2,1,0,0,2,1,3
HUAYLLAMARCA,desnutricion global,desnutricion moderada (m),2006-10-01,0,1,0,0,0,1,1
ICHOCA,desnutricion global,desnutricion moderada (m),2006-10-01,1,2,0,2,1,4,5
ICLA,desnutricion global,desnutricion moderada (m),2006-10-01,21,24,19,30,40,54,94
INCAHUASI,desnutricion global,desnutricion moderada (m),2006-10-01,22,23,17,20,39,43,82
INGAVI (HUMAITA),desnutricion global,desnutricion moderada (m),2006-10-01,1,1,0,0,1,1,2
INQUISIVI,desnutricion global,desnutricion moderada (m),2006-10-01,3,11,2,3,5,14,19
IRUPANA (VILLA DE LANZA),desnutricion global,desnutricion moderada (m),2006-10-01,1,3,2,1,3,4,7
IXIAMAS,desnutricion global,desnutricion moderada (m),2006-10-01,1,5,1,11,2,16,18
JESUS DE MACHACA,desnutricion global,desnutricion moderada (m),2006-10-01,4,1,1,4,5,5,10
LA ASUNTA,desnutricion global,desnutricion moderada (m),2006-10-01,2,4,1,0,3,4,7
LA GUARDIA,desnutricion global,desnutricion moderada (m),2006-10-01,4,10,7,2,11,12,23
LA PAZ,desnutricion global,desnutricion moderada (m),2006-10-01,144,134,52,59,196,193,389
LAGUNILLAS,desnutricion global,desnutricion moderada (m),2006-10-01,4,5,8,3,12,8,20
LAJA,desnutricion global,desnutricion moderada (m),2006-10-01,5,2,0,0,5,2,7
LAS CARRERAS,desnutricion global,desnutricion moderada (m),2006-10-01,0,1,3,2,3,3,6
LICOMA PAMPA,desnutricion global,desnutricion moderada (m),2006-10-01,1,1,0,0,1,1,2
LLALLAGUA,desnutricion global,desnutricion moderada (m),2006-10-01,24,27,23,16,47,43,90
LLICA,desnutricion global,desnutricion moderada (m),2006-10-01,1,1,2,1,3,2,5
LORETO,desnutricion global,desnutricion moderada (m),2006-10-01,0,3,0,0,0,3,3
LURIBAY,desnutricion global,desnutricion moderada (m),2006-10-01,5,3,7,5,12,8,20
MACHACAMARCA,desnutricion global,desnutricion moderada (m),2006-10-01,1,1,1,3,2,4,6
MACHARETI,desnutricion global,desnutricion moderada (m),2006-10-01,2,1,1,2,3,3,6
MAGDALENA,desnutricion global,desnutricion moderada (m),2006-10-01,0,3,0,2,0,5,5
MAIRANA,desnutricion global,desnutricion moderada (m),2006-10-01,1,0,3,0,4,0,4
MALLA,desnutricion global,desnutricion moderada (m),2006-10-01,2,1,4,3,6,4,10
MAPIRI,desnutricion global,desnutricion moderada (m),2006-10-01,1,2,1,1,2,3,5
MECAPACA,desnutricion global,desnutricion moderada (m),2006-10-01,0,0,1,0,1,0,1
MINEROS,desnutricion global,desnutricion moderada (m),2006-10-01,14,10,1,1,15,11,26
MIZQUE,desnutricion global,desnutricion moderada (m),2006-10-01,11,12,7,4,18,16,34
MOCOMOCO,desnutricion global,desnutricion moderada (m),2006-10-01,6,9,6,8,12,17,29
MOJOCOYA,desnutricion global,desnutricion moderada (m),2006-10-01,3,5,3,7,6,12,18
MONTEAGUDO,desnutricion global,desnutricion moderada (m),2006-10-01,17,10,13,15,30,25,55
MONTERO,desnutricion global,desnutricion moderada (m),2006-10-01,23,34,23,15,46,49,95
MOROCHATA,desnutricion global,desnutricion moderada (m),2006-10-01,15,16,7,6,22,22,44
OCURI,desnutricion global,desnutricion moderada (m),2006-10-01,19,8,4,10,23,18,41
OKINAWA,desnutricion global,desnutricion moderada (m),2006-10-01,4,0,1,2,5,2,7
OMEREQUE,desnutricion global,desnutricion moderada (m),2006-10-01,0,1,0,1,0,2,2
ORURO,desnutricion global,desnutricion moderada (m),2006-10-01,54,40,27,17,81,57,138
PADCAYA,desnutricion global,desnutricion moderada (m),2006-10-01,18,5,3,8,21,13,34
PADILLA,desnutricion global,desnutricion moderada (m),2006-10-01,7,8,9,6,16,14,30
PAILON,desnutricion global,desnutricion moderada (m),2006-10-01,0,10,2,0,2,10,12
PALCA,desnutricion global,desnutricion moderada (m),2006-10-01,3,3,3,1,6,4,10
PALOS BLANCOS,desnutricion global,desnutricion moderada (m),2006-10-01,1,6,6,13,7,19,26
PAMPA AULLAGAS,desnutricion global,desnutricion moderada (m),2006-10-01,2,0,0,4,2,4,6
PAMPA GRANDE,desnutricion global,desnutricion moderada (m),2006-10-01,3,0,1,3,4,3,7
PAPEL PAMPA,desnutricion global,desnutricion moderada (m),2006-10-01,3,0,1,0,4,0,4
PASORAPA,desnutricion global,desnutricion moderada (m),2006-10-01,1,2,0,3,1,5,6
PATACAMAYA,desnutricion global,desnutricion moderada (m),2006-10-01,10,11,3,4,13,15,28
PAZÑA,desnutricion global,desnutricion moderada (m),2006-10-01,1,2,3,0,4,2,6
PELECHUCO,desnutricion global,desnutricion moderada (m),2006-10-01,3,3,5,2,8,5,13
POCOATA,desnutricion global,desnutricion moderada (m),2006-10-01,12,29,4,13,16,42,58
POCONA,desnutricion global,desnutricion moderada (m),2006-10-01,6,4,5,6,11,10,21
POJO (CBBA),desnutricion global,desnutricion moderada (m),2006-10-01,1,2,1,3,2,5,7
POOPO,desnutricion global,desnutricion moderada (m),2006-10-01,1,3,1,1,2,4,6
PORCO,desnutricion global,desnutricion moderada (m),2006-10-01,4,9,5,7,9,16,25
POROMA,desnutricion global,desnutricion moderada (m),2006-10-01,13,21,21,17,34,38,72
PORONGO,desnutricion global,desnutricion moderada (m),2006-10-01,0,1,0,0,0,1,1
PORTACHUELO,desnutricion global,desnutricion moderada (m),2006-10-01,3,1,1,2,4,3,7
PORVENIR,desnutricion global,desnutricion moderada (m),2006-10-01,0,1,1,1,1,2,3
POSTRER VALLE,desnutricion global,desnutricion moderada (m),2006-10-01,0,0,1,4,1,4,5
POTOSI,desnutricion global,desnutricion moderada (m),2006-10-01,97,66,32,45,129,111,240
PRESTO,desnutricion global,desnutricion moderada (m),2006-10-01,15,6,12,9,27,15,42
PUCARA,desnutricion global,desnutricion moderada (m),2006-10-01,0,0,1,2,1,2,3
PUCARANI,desnutricion global,desnutricion moderada (m),2006-10-01,2,10,1,5,3,15,18
PUERTO ACOSTA,desnutricion global,desnutricion moderada (m),2006-10-01,3,5,1,1,4,6,10
PUERTO CARABUCO,desnutricion global,desnutricion moderada (m),2006-10-01,5,3,1,2,6,5,11
PUERTO GONZALO MORENO,desnutricion global,desnutricion moderada (m),2006-10-01,5,3,8,12,13,15,28
PUERTO PEREZ,desnutricion global,desnutricion moderada (m),2006-10-01,1,2,1,2,2,4,6
PUERTO QUIJARRO,desnutricion global,desnutricion moderada (m),2006-10-01,1,3,2,2,3,5,8
PUERTO SILES,desnutricion global,desnutricion moderada (m),2006-10-01,1,0,0,0,1,0,1
PUERTO SUAREZ,desnutricion global,desnutricion moderada (m),2006-10-01,1,3,2,2,3,5,8
PUERTO VILLARROEL,desnutricion global,desnutricion moderada (m),2006-10-01,31,32,10,12,41,44,85
PUNA,desnutricion global,desnutricion moderada (m),2006-10-01,30,27,19,33,49,60,109
PUNATA,desnutricion global,desnutricion moderada (m),2006-10-01,2,3,3,3,5,6,11
QUIABAYA,desnutricion global,desnutricion moderada (m),2006-10-01,0,1,0,0,0,1,1
QUILLACOLLO,desnutricion global,desnutricion moderada (m),2006-10-01,12,9,6,12,18,21,39
QUIME,desnutricion global,desnutricion moderada (m),2006-10-01,3,5,5,4,8,9,17
RAVELO,desnutricion global,desnutricion moderada (m),2006-10-01,51,40,48,53,99,93,192
REYES,desnutricion global,desnutricion moderada (m),2006-10-01,2,5,0,4,2,9,11
RIBERALTA,desnutricion global,desnutricion moderada (m),2006-10-01,34,62,15,30,49,92,141
ROBORE,desnutricion global,desnutricion moderada (m),2006-10-01,2,4,2,0,4,4,8
RURRENABAQUE,desnutricion global,desnutricion moderada (m),2006-10-01,3,4,0,0,3,4,7
SABAYA,desnutricion global,desnutricion moderada (m),2006-10-01,0,0,1,0,1,0,1
SACABA,desnutricion global,desnutricion moderada (m),2006-10-01,13,10,12,17,25,27,52
SACABAMBA,desnutricion global,desnutricion moderada (m),2006-10-01,2,7,4,3,6,10,16
SACACA,desnutricion global,desnutricion moderada (m),2006-10-01,34,25,25,33,59,58,117
SAIPINA,desnutricion global,desnutricion moderada (m),2006-10-01,1,0,1,1,2,1,3
SALINAS DE GARCI MENDOZA,desnutricion global,desnutricion moderada (m),2006-10-01,1,0,2,0,3,0,3
SAMAIPATA,desnutricion global,desnutricion moderada (m),2006-10-01,0,1,1,1,1,2,3
SAN AGUSTIN,desnutricion global,desnutricion moderada (m),2006-10-01,0,0,0,1,0,1,1
SAN ANDRES,desnutricion global,desnutricion moderada (m),2006-10-01,2,2,2,4,4,6,10
SAN ANDRES DE MACHACA,desnutricion global,desnutricion moderada (m),2006-10-01,1,1,0,1,1,2,3
SAN ANTONIO DE ESMORUCO,desnutricion global,desnutricion moderada (m),2006-10-01,0,1,1,0,1,1,2
SAN ANTONIO DE LOMERIO,desnutricion global,desnutricion moderada (m),2006-10-01,5,10,6,7,11,17,28
SAN BENITO,desnutricion global,desnutricion moderada (m),2006-10-01,4,2,4,2,8,4,12
SAN BORJA,desnutricion global,desnutricion moderada (m),2006-10-01,13,12,8,12,21,24,45
SAN BUENA VENTURA,desnutricion global,desnutricion moderada (m),2006-10-01,5,4,4,3,9,7,16
SAN CARLOS,desnutricion global,desnutricion moderada (m),2006-10-01,2,5,2,1,4,6,10
SAN IGNACIO,desnutricion global,desnutricion moderada (m),2006-10-01,12,9,4,1,16,10,26
SAN IGNACIO DE VELASCO,desnutricion global,desnutricion moderada (m),2006-10-01,11,19,21,21,32,40,72
SAN JOAQUIN,desnutricion global,desnutricion moderada (m),2006-10-01,0,3,0,2,0,5,5
SAN JOSE DE CHIQUITOS,desnutricion global,desnutricion moderada (m),2006-10-01,2,11,2,2,4,13,17
SAN JUAN DE YAPACANI,desnutricion global,desnutricion moderada (m),2006-10-01,2,2,2,1,4,3,7
SAN JULIAN,desnutricion global,desnutricion moderada (m),2006-10-01,0,1,4,2,4,3,7
SAN LORENZO(PND),desnutricion global,desnutricion moderada (m),2006-10-01,3,3,0,0,3,3,6
SAN LORENZO(TJA),desnutricion global,desnutricion moderada (m),2006-10-01,13,6,9,10,22,16,38
SAN LUCAS,desnutricion global,desnutricion moderada (m),2006-10-01,63,47,39,43,102,90,192
SAN MATIAS,desnutricion global,desnutricion moderada (m),2006-10-01,2,1,1,2,3,3,6
SAN MIGUEL DE VELASCO,desnutricion global,desnutricion moderada (m),2006-10-01,1,1,1,0,2,1,3
SAN PABLO DE LIPEZ,desnutricion global,desnutricion moderada (m),2006-10-01,0,1,1,0,1,1,2
SAN PEDRO,desnutricion global,desnutricion moderada (m),2006-10-01,2,2,3,0,5,2,7
SAN PEDRO DE BUENA VISTA,desnutricion global,desnutricion moderada (m),2006-10-01,14,12,18,19,32,31,63
SAN PEDRO DE CURAHUARA,desnutricion global,desnutricion moderada (m),2006-10-01,2,0,0,1,2,1,3
SAN PEDRO DE TIQUINA,desnutricion global,desnutricion moderada (m),2006-10-01,1,1,0,2,1,3,4
SAN PEDRO(PND),desnutricion global,desnutricion moderada (m),2006-10-01,1,1,1,2,2,3,5
SAN RAFAEL,desnutricion global,desnutricion moderada (m),2006-10-01,6,0,0,1,6,1,7
SAN RAMON,desnutricion global,desnutricion moderada (m),2006-10-01,1,0,0,0,1,0,1
SANTA ANA,desnutricion global,desnutricion moderada (m),2006-10-01,2,4,0,1,2,5,7
SANTA CRUZ DE LA SIERRA,desnutricion global,desnutricion moderada (m),2006-10-01,72,59,24,32,96,91,187
SANTA ROSA,desnutricion global,desnutricion moderada (m),2006-10-01,1,1,0,0,1,1,2
SANTA ROSA DEL SARA,desnutricion global,desnutricion moderada (m),2006-10-01,2,3,4,1,6,4,10
SANTIAGO DE CALLAPA,desnutricion global,desnutricion moderada (m),2006-10-01,1,0,0,1,1,1,2
SANTIAGO DE HUARI,desnutricion global,desnutricion moderada (m),2006-10-01,1,4,4,2,5,6,11
SANTIAGO DE MACHACA,desnutricion global,desnutricion moderada (m),2006-10-01,0,0,0,1,0,1,1
SANTIVAÑES,desnutricion global,desnutricion moderada (m),2006-10-01,2,3,0,0,2,3,5
SANTUARIO DE QUILLACAS,desnutricion global,desnutricion moderada (m),2006-10-01,0,2,2,0,2,2,4
SAPAHAQUI,desnutricion global,desnutricion moderada (m),2006-10-01,9,2,2,4,11,6,17
SENA,desnutricion global,desnutricion moderada (m),2006-10-01,2,2,5,2,7,4,11
SICA SICA (VILLA AROMA),desnutricion global,desnutricion moderada (m),2006-10-01,7,5,2,4,9,9,18
SICAYA,desnutricion global,desnutricion moderada (m),2006-10-01,4,6,1,0,5,6,11
SIPE SIPE,desnutricion global,desnutricion moderada (m),2006-10-01,15,19,9,9,24,28,52
SOPACHUY,desnutricion global,desnutricion moderada (m),2006-10-01,5,15,8,30,13,45,58
SORACACHI,desnutricion global,desnutricion moderada (m),2006-10-01,0,4,6,1,6,5,11
SORATA,desnutricion global,desnutricion moderada (m),2006-10-01,1,0,0,0,1,0,1
SUCRE,desnutricion global,desnutricion moderada (m),2006-10-01,79,52,45,54,124,106,230
TACACHI,desnutricion global,desnutricion moderada (m),2006-10-01,0,1,1,0,1,1,2
TACOBAMBA,desnutricion global,desnutricion moderada (m),2006-10-01,8,10,3,2,11,12,23
TACOPAYA,desnutricion global,desnutricion moderada (m),2006-10-01,22,17,5,12,27,29,56
TAPACARI,desnutricion global,desnutricion moderada (m),2006-10-01,43,36,19,17,62,53,115
TARABUCO,desnutricion global,desnutricion moderada (m),2006-10-01,44,36,43,44,87,80,167
TARACO,desnutricion global,desnutricion moderada (m),2006-10-01,0,1,0,0,0,1,1
TARATA,desnutricion global,desnutricion moderada (m),2006-10-01,3,2,0,0,3,2,5
TARIJA,desnutricion global,desnutricion moderada (m),2006-10-01,13,19,13,26,26,45,71
TARVITA,desnutricion global,desnutricion moderada (m),2006-10-01,18,12,12,14,30,26,56
TEOPONTE,desnutricion global,desnutricion moderada (m),2006-10-01,2,4,0,0,2,4,6
TIAWANACU,desnutricion global,desnutricion moderada (m),2006-10-01,1,1,1,2,2,3,5
TINGUIPAYA,desnutricion global,desnutricion moderada (m),2006-10-01,23,27,30,17,53,44,97
TIPUANI,desnutricion global,desnutricion moderada (m),2006-10-01,2,0,0,0,2,0,2
TIQUIPAYA,desnutricion global,desnutricion moderada (m),2006-10-01,6,9,4,8,10,17,27
TIRAQUE (CBBA),desnutricion global,desnutricion moderada (m),2006-10-01,14,13,15,6,29,19,48
TITO YUPANQUI (PARQUIPUJIO),desnutricion global,desnutricion moderada (m),2006-10-01,1,0,0,0,1,0,1
TOCO,desnutricion global,desnutricion moderada (m),2006-10-01,0,0,3,0,3,0,3
TOLATA,desnutricion global,desnutricion moderada (m),2006-10-01,0,0,1,0,1,0,1
TOLEDO,desnutricion global,desnutricion moderada (m),2006-10-01,0,2,1,0,1,2,3
TOMAVE,desnutricion global,desnutricion moderada (m),2006-10-01,3,5,0,3,3,8,11
TOMINA,desnutricion global,desnutricion moderada (m),2006-10-01,23,19,20,18,43,37,80
TORO TORO,desnutricion global,desnutricion moderada (m),2006-10-01,13,14,11,4,24,18,42
TOTORA(CBBA),desnutricion global,desnutricion moderada (m),2006-10-01,2,4,1,3,3,7,10
TOTORA(ORR),desnutricion global,desnutricion moderada (m),2006-10-01,2,3,2,2,4,5,9
TRIGAL,desnutricion global,desnutricion moderada (m),2006-10-01,0,1,0,0,0,1,1
TRINIDAD,desnutricion global,desnutricion moderada (m),2006-10-01,20,18,3,4,23,22,45
TUPIZA,desnutricion global,desnutricion moderada (m),2006-10-01,11,14,4,10,15,24,39
UMALA,desnutricion global,desnutricion moderada (m),2006-10-01,0,1,3,1,3,2,5
UNCIA,desnutricion global,desnutricion moderada (m),2006-10-01,3,9,8,8,11,17,28
URIONDO (A. CONCEPCION),desnutricion global,desnutricion moderada (m),2006-10-01,2,1,2,5,4,6,10
URUBICHA,desnutricion global,desnutricion moderada (m),2006-10-01,10,10,3,21,13,31,44
UYUNI,desnutricion global,desnutricion moderada (m),2006-10-01,4,7,4,4,8,11,19
VACAS,desnutricion global,desnutricion moderada (m),2006-10-01,5,3,1,3,6,6,12
VALLEGRANDE,desnutricion global,desnutricion moderada (m),2006-10-01,3,6,1,0,4,6,10
VIACHA,desnutricion global,desnutricion moderada (m),2006-10-01,7,3,2,6,9,9,18
VILA VILA,desnutricion global,desnutricion moderada (m),2006-10-01,1,6,4,3,5,9,14
VILLA MONTES,desnutricion global,desnutricion moderada (m),2006-10-01,1,3,2,3,3,6,9
VILLA NUEVA (LOMA ALTA),desnutricion global,desnutricion moderada (m),2006-10-01,0,2,1,0,1,2,3
VILLA RIVERO,desnutricion global,desnutricion moderada (m),2006-10-01,7,5,4,3,11,8,19
VILLA SERRANO,desnutricion global,desnutricion moderada (m),2006-10-01,7,7,19,11,26,18,44
VILLA TUNARI,desnutricion global,desnutricion moderada (m),2006-10-01,18,18,13,13,31,31,62
VILLA VACA GUZMAN (MUYUPAMPA),desnutricion global,desnutricion moderada (m),2006-10-01,3,2,1,10,4,12,16
VILLAZON,desnutricion global,desnutricion moderada (m),2006-10-01,13,12,7,8,20,20,40
VINTO,desnutricion global,desnutricion moderada (m),2006-10-01,4,6,0,3,4,9,13
VITICHI,desnutricion global,desnutricion moderada (m),2006-10-01,13,14,19,21,32,35,67
WALDO BALLIVIAN,desnutricion global,desnutricion moderada (m),2006-10-01,0,3,1,3,1,6,7
WARNES,desnutricion global,desnutricion moderada (m),2006-10-01,11,9,3,5,14,14,28
YACO,desnutricion global,desnutricion moderada (m),2006-10-01,12,11,7,10,19,21,40
YACUIBA,desnutricion global,desnutricion moderada (m),2006-10-01,8,9,11,11,19,20,39
YAMPARAEZ,desnutricion global,desnutricion moderada (m),2006-10-01,18,12,15,15,33,27,60
YANACACHI,desnutricion global,desnutricion moderada (m),2006-10-01,0,1,0,2,0,3,3
YAPACANI,desnutricion global,desnutricion moderada (m),2006-10-01,4,9,4,3,8,12,20
YOCALLA,desnutricion global,desnutricion moderada (m),2006-10-01,2,0,2,2,4,2,6
YOTALA,desnutricion global,desnutricion moderada (m),2006-10-01,5,3,3,7,8,10,18
YUNCHARA,desnutricion global,desnutricion moderada (m),2006-10-01,9,6,8,12,17,18,35
ZUDAÑEZ,desnutricion global,desnutricion moderada (m),2006-10-01,12,8,9,8,21,16,37
ACACIO,desnutricion global,desnutricion moderada (m),2006-11-01,10,10,5,6,15,16,31
ACHACACHI,desnutricion global,desnutricion moderada (m),2006-11-01,6,8,8,8,14,16,30
ACHOCALLA,desnutricion global,desnutricion moderada (m),2006-11-01,1,2,0,0,1,2,3
AIQUILE,desnutricion global,desnutricion moderada (m),2006-11-01,10,11,5,8,15,19,34
ALCALA,desnutricion global,desnutricion moderada (m),2006-11-01,5,5,9,3,14,8,22
ANCORAIMES,desnutricion global,desnutricion moderada (m),2006-11-01,3,5,4,1,7,6,13
ANDAMARCA,desnutricion global,desnutricion moderada (m),2006-11-01,1,1,1,1,2,2,4
ANTEQUERA,desnutricion global,desnutricion moderada (m),2006-11-01,2,0,0,3,2,3,5
ANZALDO,desnutricion global,desnutricion moderada (m),2006-11-01,3,2,9,4,12,6,18
APOLO,desnutricion global,desnutricion moderada (m),2006-11-01,11,5,6,4,17,9,26
ARAMPAMPA,desnutricion global,desnutricion moderada (m),2006-11-01,8,5,4,4,12,9,21
ARANI,desnutricion global,desnutricion moderada (m),2006-11-01,2,9,5,9,7,18,25
ARBIETO,desnutricion global,desnutricion moderada (m),2006-11-01,3,1,0,2,3,3,6
ARQUE,desnutricion global,desnutricion moderada (m),2006-11-01,12,13,15,13,27,26,53
ASCENCION DE GUARAYOS,desnutricion global,desnutricion moderada (m),2006-11-01,6,9,5,6,11,15,26
ATOCHA,desnutricion global,desnutricion moderada (m),2006-11-01,9,13,10,4,19,17,36
AUCAPATA,desnutricion global,desnutricion moderada (m),2006-11-01,5,1,3,1,8,2,10
AYATA,desnutricion global,desnutricion moderada (m),2006-11-01,6,0,2,3,8,3,11
AYO AYO,desnutricion global,desnutricion moderada (m),2006-11-01,4,1,0,0,4,1,5
AYOPAYA (V. DE INDEPENDENCIA),desnutricion global,desnutricion moderada (m),2006-11-01,3,7,10,15,13,22,35
AZURDUY,desnutricion global,desnutricion moderada (m),2006-11-01,10,21,21,13,31,34,65
BATALLAS,desnutricion global,desnutricion moderada (m),2006-11-01,2,4,1,1,3,5,8
BAURES,desnutricion global,desnutricion moderada (m),2006-11-01,1,2,1,0,2,2,4
BELEN DE ANDAMARCA,desnutricion global,desnutricion moderada (m),2006-11-01,0,0,2,0,2,0,2
BELLA FLOR,desnutricion global,desnutricion moderada (m),2006-11-01,1,3,3,3,4,6,10
BERMEJO,desnutricion global,desnutricion moderada (m),2006-11-01,0,0,1,1,1,1,2
BETANZOS,desnutricion global,desnutricion moderada (m),2006-11-01,28,28,26,44,54,72,126
BOLIVAR,desnutricion global,desnutricion moderada (m),2006-11-01,19,18,6,11,25,29,54
BOLPEBRA,desnutricion global,desnutricion moderada (m),2006-11-01,0,1,0,0,0,1,1
BOYUIBE,desnutricion global,desnutricion moderada (m),2006-11-01,1,0,0,2,1,2,3
BUENA VISTA,desnutricion global,desnutricion moderada (m),2006-11-01,2,0,0,2,2,2,4
CABEZAS,desnutricion global,desnutricion moderada (m),2006-11-01,2,6,4,2,6,8,14
CAIROMA,desnutricion global,desnutricion moderada (m),2006-11-01,13,23,13,20,26,43,69
"CAIZA ""D""",desnutricion global,desnutricion moderada (m),2006-11-01,8,3,6,9,14,12,26
CAJUATA,desnutricion global,desnutricion moderada (m),2006-11-01,0,1,1,1,1,2,3
CALACOTO,desnutricion global,desnutricion moderada (m),2006-11-01,1,0,0,1,1,1,2
CALAMARCA,desnutricion global,desnutricion moderada (m),2006-11-01,20,12,13,8,33,20,53
CAMARGO,desnutricion global,desnutricion moderada (m),2006-11-01,14,22,8,13,22,35,57
CAMATAQUI (C. VILLA ABECIA),desnutricion global,desnutricion moderada (m),2006-11-01,0,1,3,0,3,1,4
CAMIRI,desnutricion global,desnutricion moderada (m),2006-11-01,6,5,3,8,9,13,22
CAPINOTA,desnutricion global,desnutricion moderada (m),2006-11-01,5,8,14,11,19,19,38
CAQUIAVIRI,desnutricion global,desnutricion moderada (m),2006-11-01,1,1,1,0,2,1,3
CARACOLLO,desnutricion global,desnutricion moderada (m),2006-11-01,3,1,1,4,4,5,9
CARANAVI,desnutricion global,desnutricion moderada (m),2006-11-01,14,24,7,14,21,38,59
CARAPARI,desnutricion global,desnutricion moderada (m),2006-11-01,0,1,1,1,1,2,3
CARIPUYO,desnutricion global,desnutricion moderada (m),2006-11-01,12,12,6,8,18,20,38
CARMEN RIVERO TORREZ,desnutricion global,desnutricion moderada (m),2006-11-01,1,0,0,0,1,0,1
CHALLAPATA,desnutricion global,desnutricion moderada (m),2006-11-01,18,18,12,8,30,26,56
CHAQUI,desnutricion global,desnutricion moderada (m),2006-11-01,2,2,2,1,4,3,7
CHARAGUA,desnutricion global,desnutricion moderada (m),2006-11-01,11,8,5,4,16,12,28
CHAYANTA,desnutricion global,desnutricion moderada (m),2006-11-01,17,22,17,12,34,34,68
CHIMORE,desnutricion global,desnutricion moderada (m),2006-11-01,4,7,5,7,9,14,23
CHIPAYA,desnutricion global,desnutricion moderada (m),2006-11-01,1,2,1,1,2,3,5
CHOQUE COTA,desnutricion global,desnutricion moderada (m),2006-11-01,0,0,0,1,0,1,1
CHULUMANI (V. DE LA LIBERTAD),desnutricion global,desnutricion moderada (m),2006-11-01,1,5,0,2,1,7,8
CHUMA,desnutricion global,desnutricion moderada (m),2006-11-01,14,8,5,3,19,11,30
CLIZA,desnutricion global,desnutricion moderada (m),2006-11-01,5,3,0,3,5,6,11
COBIJA,desnutricion global,desnutricion moderada (m),2006-11-01,3,6,4,6,7,12,19
COCHABAMBA,desnutricion global,desnutricion moderada (m),2006-11-01,106,101,52,62,158,163,321
COIPASA,desnutricion global,desnutricion moderada (m),2006-11-01,0,1,0,3,0,4,4
COLCAPIRHUA,desnutricion global,desnutricion moderada (m),2006-11-01,10,7,8,9,18,16,34
"COLCHA ""K""",desnutricion global,desnutricion moderada (m),2006-11-01,4,1,0,3,4,4,8
COLLANA,desnutricion global,desnutricion moderada (m),2006-11-01,0,0,0,1,0,1,1
COLOMI,desnutricion global,desnutricion moderada (m),2006-11-01,12,8,3,5,15,13,28
COLPA BELGICA,desnutricion global,desnutricion moderada (m),2006-11-01,2,4,1,0,3,4,7
COLQUECHACA,desnutricion global,desnutricion moderada (m),2006-11-01,21,18,10,29,31,47,78
COLQUENCHA,desnutricion global,desnutricion moderada (m),2006-11-01,6,4,2,1,8,5,13
COLQUIRI,desnutricion global,desnutricion moderada (m),2006-11-01,7,5,4,2,11,7,18
COMANCHE,desnutricion global,desnutricion moderada (m),2006-11-01,0,0,1,1,1,1,2
COMARAPA,desnutricion global,desnutricion moderada (m),2006-11-01,7,8,1,4,8,12,20
COMBAYA,desnutricion global,desnutricion moderada (m),2006-11-01,2,3,2,0,4,3,7
CONCEPCION,desnutricion global,desnutricion moderada (m),2006-11-01,3,9,5,5,8,14,22
COPACABANA,desnutricion global,desnutricion moderada (m),2006-11-01,3,3,2,1,5,4,9
CORIPATA,desnutricion global,desnutricion moderada (m),2006-11-01,0,2,0,0,0,2,2
CORO CORO,desnutricion global,desnutricion moderada (m),2006-11-01,8,4,5,6,13,10,23
COROICO,desnutricion global,desnutricion moderada (m),2006-11-01,4,4,6,7,10,11,21
CORQUE,desnutricion global,desnutricion moderada (m),2006-11-01,2,4,0,1,2,5,7
COTAGAITA,desnutricion global,desnutricion moderada (m),2006-11-01,7,15,19,18,26,33,59
COTOCA,desnutricion global,desnutricion moderada (m),2006-11-01,7,5,2,2,9,7,16
CUATRO CAÑADAS,desnutricion global,desnutricion moderada (m),2006-11-01,0,3,2,0,2,3,5
CUCHUMUELA (V. G. VILLARROEL),desnutricion global,desnutricion moderada (m),2006-11-01,1,0,0,2,1,2,3
CUEVO,desnutricion global,desnutricion moderada (m),2006-11-01,0,3,1,2,1,5,6
CULPINA,desnutricion global,desnutricion moderada (m),2006-11-01,24,17,13,12,37,29,66
CURAHUARA DE CARANGAS,desnutricion global,desnutricion moderada (m),2006-11-01,5,1,2,2,7,3,10
CURVA,desnutricion global,desnutricion moderada (m),2006-11-01,0,2,0,1,0,3,3
EL ALTO,desnutricion global,desnutricion moderada (m),2006-11-01,226,185,124,119,350,304,654
EL PUENTE(STC),desnutricion global,desnutricion moderada (m),2006-11-01,3,2,5,0,8,2,10
EL PUENTE(TJA),desnutricion global,desnutricion moderada (m),2006-11-01,1,0,2,1,3,1,4
EL TORNO,desnutricion global,desnutricion moderada (m),2006-11-01,0,0,7,6,7,6,13
EL VILLAR,desnutricion global,desnutricion moderada (m),2006-11-01,1,5,0,8,1,13,14
ENTRE RIOS,desnutricion global,desnutricion moderada (m),2006-11-01,7,5,8,15,15,20,35
ENTRE RIOS,desnutricion global,desnutricion moderada (m),2006-11-01,3,8,4,9,7,17,24
EUCALIPTUS,desnutricion global,desnutricion moderada (m),2006-11-01,0,0,2,1,2,1,3
EXALTACION,desnutricion global,desnutricion moderada (m),2006-11-01,1,0,0,0,1,0,1
FERNANDEZ ALONSO,desnutricion global,desnutricion moderada (m),2006-11-01,2,0,0,0,2,0,2
GENERAL SAAVEDRA,desnutricion global,desnutricion moderada (m),2006-11-01,3,7,2,9,5,16,21
GRAL. J.J. PEREZ (CHARAZANI),desnutricion global,desnutricion moderada (m),2006-11-01,5,4,0,3,5,7,12
GUANAY,desnutricion global,desnutricion moderada (m),2006-11-01,1,1,0,2,1,3,4
GUAQUI,desnutricion global,desnutricion moderada (m),2006-11-01,2,0,0,0,2,0,2
GUAYARAMERIN,desnutricion global,desnutricion moderada (m),2006-11-01,26,10,9,13,35,23,58
GUTIERREZ,desnutricion global,desnutricion moderada (m),2006-11-01,10,10,11,13,21,23,44
HUACARETA,desnutricion global,desnutricion moderada (m),2006-11-01,5,4,1,4,6,8,14
HUACAYA (VILLA DE HUACAYA),desnutricion global,desnutricion moderada (m),2006-11-01,1,0,1,0,2,0,2
HUACHACALLA,desnutricion global,desnutricion moderada (m),2006-11-01,1,0,0,0,1,0,1
HUANUNI,desnutricion global,desnutricion moderada (m),2006-11-01,6,4,2,1,8,5,13
HUARACAJE,desnutricion global,desnutricion moderada (m),2006-11-01,0,1,0,0,0,1,1
HUAYLLAMARCA,desnutricion global,desnutricion moderada (m),2006-11-01,0,0,0,1,0,1,1
ICHOCA,desnutricion global,desnutricion moderada (m),2006-11-01,0,4,0,2,0,6,6
ICLA,desnutricion global,desnutricion moderada (m),2006-11-01,14,20,28,37,42,57,99
INCAHUASI,desnutricion global,desnutricion moderada (m),2006-11-01,18,24,15,19,33,43,76
INQUISIVI,desnutricion global,desnutricion moderada (m),2006-11-01,5,6,1,3,6,9,15
IRUPANA (VILLA DE LANZA),desnutricion global,desnutricion moderada (m),2006-11-01,5,6,3,1,8,7,15
IXIAMAS,desnutricion global,desnutricion moderada (m),2006-11-01,5,4,2,3,7,7,14
JESUS DE MACHACA,desnutricion global,desnutricion moderada (m),2006-11-01,4,4,2,1,6,5,11
LA ASUNTA,desnutricion global,desnutricion moderada (m),2006-11-01,4,5,6,8,10,13,23
LA GUARDIA,desnutricion global,desnutricion moderada (m),2006-11-01,8,10,8,4,16,14,30
LA PAZ,desnutricion global,desnutricion moderada (m),2006-11-01,161,142,67,66,228,208,436
LAGUNILLAS,desnutricion global,desnutricion moderada (m),2006-11-01,3,1,0,2,3,3,6
LAJA,desnutricion global,desnutricion moderada (m),2006-11-01,4,2,2,3,6,5,11
LAS CARRERAS,desnutricion global,desnutricion moderada (m),2006-11-01,1,2,2,4,3,6,9
LICOMA PAMPA,desnutricion global,desnutricion moderada (m),2006-11-01,3,0,0,0,3,0,3
LLALLAGUA,desnutricion global,desnutricion moderada (m),2006-11-01,25,21,24,27,49,48,97
LLICA,desnutricion global,desnutricion moderada (m),2006-11-01,1,0,0,0,1,0,1
LORETO,desnutricion global,desnutricion moderada (m),2006-11-01,1,2,0,1,1,3,4
LURIBAY,desnutricion global,desnutricion moderada (m),2006-11-01,5,6,3,6,8,12,20
MACHACAMARCA,desnutricion global,desnutricion moderada (m),2006-11-01,2,3,0,1,2,4,6
MACHARETI,desnutricion global,desnutricion moderada (m),2006-11-01,5,0,2,3,7,3,10
MAGDALENA,desnutricion global,desnutricion moderada (m),2006-11-01,1,1,1,1,2,2,4
MAIRANA,desnutricion global,desnutricion moderada (m),2006-11-01,1,1,0,1,1,2,3
MALLA,desnutricion global,desnutricion moderada (m),2006-11-01,4,5,2,4,6,9,15
MAPIRI,desnutricion global,desnutricion moderada (m),2006-11-01,1,6,3,3,4,9,13
MECAPACA,desnutricion global,desnutricion moderada (m),2006-11-01,2,1,0,1,2,2,4
MINEROS,desnutricion global,desnutricion moderada (m),2006-11-01,3,6,2,1,5,7,12
MIZQUE,desnutricion global,desnutricion moderada (m),2006-11-01,10,17,9,8,19,25,44
MOCOMOCO,desnutricion global,desnutricion moderada (m),2006-11-01,8,6,4,5,12,11,23
MOJINETE,desnutricion global,desnutricion moderada (m),2006-11-01,1,0,1,0,2,0,2
MOJOCOYA,desnutricion global,desnutricion moderada (m),2006-11-01,5,1,4,3,9,4,13
MONTEAGUDO,desnutricion global,desnutricion moderada (m),2006-11-01,11,16,6,21,17,37,54
MONTERO,desnutricion global,desnutricion moderada (m),2006-11-01,28,37,24,26,52,63,115
MORO MORO,desnutricion global,desnutricion moderada (m),2006-11-01,1,0,0,0,1,0,1
MOROCHATA,desnutricion global,desnutricion moderada (m),2006-11-01,7,7,22,12,29,19,48
NACEBE (SANTA ROSA DEL ABUNA),desnutricion global,desnutricion moderada (m),2006-11-01,1,0,0,0,1,0,1
OCURI,desnutricion global,desnutricion moderada (m),2006-11-01,33,25,24,20,57,45,102
OKINAWA,desnutricion global,desnutricion moderada (m),2006-11-01,2,0,0,0,2,0,2
OMEREQUE,desnutricion global,desnutricion moderada (m),2006-11-01,0,1,2,0,2,1,3
ORURO,desnutricion global,desnutricion moderada (m),2006-11-01,99,77,55,45,154,122,276
PADCAYA,desnutricion global,desnutricion moderada (m),2006-11-01,3,1,2,2,5,3,8
PADILLA,desnutricion global,desnutricion moderada (m),2006-11-01,5,5,7,12,12,17,29
PAILON,desnutricion global,desnutricion moderada (m),2006-11-01,0,8,2,0,2,8,10
PALCA,desnutricion global,desnutricion moderada (m),2006-11-01,3,7,2,2,5,9,14
PALOS BLANCOS,desnutricion global,desnutricion moderada (m),2006-11-01,3,4,3,5,6,9,15
PAMPA AULLAGAS,desnutricion global,desnutricion moderada (m),2006-11-01,1,1,2,2,3,3,6
PAMPA GRANDE,desnutricion global,desnutricion moderada (m),2006-11-01,0,1,2,3,2,4,6
PAPEL PAMPA,desnutricion global,desnutricion moderada (m),2006-11-01,1,2,0,1,1,3,4
PASORAPA,desnutricion global,desnutricion moderada (m),2006-11-01,1,2,1,2,2,4,6
PATACAMAYA,desnutricion global,desnutricion moderada (m),2006-11-01,8,7,3,12,11,19,30
PAZÑA,desnutricion global,desnutricion moderada (m),2006-11-01,3,0,0,2,3,2,5
PELECHUCO,desnutricion global,desnutricion moderada (m),2006-11-01,2,2,1,2,3,4,7
POCOATA,desnutricion global,desnutricion moderada (m),2006-11-01,19,24,12,16,31,40,71
POCONA,desnutricion global,desnutricion moderada (m),2006-11-01,5,4,12,14,17,18,35
POJO (CBBA),desnutricion global,desnutricion moderada (m),2006-11-01,7,6,7,7,14,13,27
POOPO,desnutricion global,desnutricion moderada (m),2006-11-01,3,0,2,1,5,1,6
PORCO,desnutricion global,desnutricion moderada (m),2006-11-01,0,3,1,3,1,6,7
POROMA,desnutricion global,desnutricion moderada (m),2006-11-01,19,27,23,13,42,40,82
PORONGO,desnutricion global,desnutricion moderada (m),2006-11-01,2,1,0,0,2,1,3
PORTACHUELO,desnutricion global,desnutricion moderada (m),2006-11-01,2,0,2,7,4,7,11
PORVENIR,desnutricion global,desnutricion moderada (m),2006-11-01,1,2,0,1,1,3,4
POSTRER VALLE,desnutricion global,desnutricion moderada (m),2006-11-01,1,1,0,1,1,2,3
POTOSI,desnutricion global,desnutricion moderada (m),2006-11-01,128,86,34,56,162,142,304
PRESTO,desnutricion global,desnutricion moderada (m),2006-11-01,11,3,8,13,19,16,35
PUCARANI,desnutricion global,desnutricion moderada (m),2006-11-01,3,6,2,3,5,9,14
PUERTO ACOSTA,desnutricion global,desnutricion moderada (m),2006-11-01,9,13,6,12,15,25,40
PUERTO CARABUCO,desnutricion global,desnutricion moderada (m),2006-11-01,4,4,1,5,5,9,14
PUERTO GONZALO MORENO,desnutricion global,desnutricion moderada (m),2006-11-01,7,8,4,5,11,13,24
PUERTO PEREZ,desnutricion global,desnutricion moderada (m),2006-11-01,2,5,0,1,2,6,8
PUERTO QUIJARRO,desnutricion global,desnutricion moderada (m),2006-11-01,4,3,0,0,4,3,7
PUERTO SILES,desnutricion global,desnutricion moderada (m),2006-11-01,0,4,1,1,1,5,6
PUERTO SUAREZ,desnutricion global,desnutricion moderada (m),2006-11-01,0,5,0,0,0,5,5
PUERTO VILLARROEL,desnutricion global,desnutricion moderada (m),2006-11-01,11,53,15,17,26,70,96
PUNA,desnutricion global,desnutricion moderada (m),2006-11-01,41,33,27,36,68,69,137
PUNATA,desnutricion global,desnutricion moderada (m),2006-11-01,11,15,6,12,17,27,44
QUIABAYA,desnutricion global,desnutricion moderada (m),2006-11-01,1,1,1,1,2,2,4
QUILLACOLLO,desnutricion global,desnutricion moderada (m),2006-11-01,22,14,10,6,32,20,52
QUIME,desnutricion global,desnutricion moderada (m),2006-11-01,0,3,2,4,2,7,9
QUIRUSILLAS,desnutricion global,desnutricion moderada (m),2006-11-01,1,0,0,0,1,0,1
RAVELO,desnutricion global,desnutricion moderada (m),2006-11-01,47,34,37,47,84,81,165
REYES,desnutricion global,desnutricion moderada (m),2006-11-01,4,4,1,4,5,8,13
RIBERALTA,desnutricion global,desnutricion moderada (m),2006-11-01,48,70,22,46,70,116,186
ROBORE,desnutricion global,desnutricion moderada (m),2006-11-01,3,7,2,1,5,8,13
RURRENABAQUE,desnutricion global,desnutricion moderada (m),2006-11-01,1,2,0,0,1,2,3
SABAYA,desnutricion global,desnutricion moderada (m),2006-11-01,2,1,1,1,3,2,5
SACABA,desnutricion global,desnutricion moderada (m),2006-11-01,23,23,14,21,37,44,81
SACABAMBA,desnutricion global,desnutricion moderada (m),2006-11-01,1,2,3,4,4,6,10
SACACA,desnutricion global,desnutricion moderada (m),2006-11-01,40,28,45,35,85,63,148
SAIPINA,desnutricion global,desnutricion moderada (m),2006-11-01,1,0,1,0,2,0,2
SALINAS DE GARCI MENDOZA,desnutricion global,desnutricion moderada (m),2006-11-01,4,5,3,4,7,9,16
SAMAIPATA,desnutricion global,desnutricion moderada (m),2006-11-01,2,3,1,0,3,3,6
SAN AGUSTIN,desnutricion global,desnutricion moderada (m),2006-11-01,1,1,0,0,1,1,2
SAN ANDRES,desnutricion global,desnutricion moderada (m),2006-11-01,1,5,2,3,3,8,11
SAN ANDRES DE MACHACA,desnutricion global,desnutricion moderada (m),2006-11-01,2,0,0,0,2,0,2
SAN ANTONIO DE ESMORUCO,desnutricion global,desnutricion moderada (m),2006-11-01,0,2,0,0,0,2,2
SAN ANTONIO DE LOMERIO,desnutricion global,desnutricion moderada (m),2006-11-01,9,13,9,9,18,22,40
SAN BENITO,desnutricion global,desnutricion moderada (m),2006-11-01,1,0,4,7,5,7,12
SAN BORJA,desnutricion global,desnutricion moderada (m),2006-11-01,25,17,8,16,33,33,66
SAN BUENA VENTURA,desnutricion global,desnutricion moderada (m),2006-11-01,7,4,2,1,9,5,14
SAN CARLOS,desnutricion global,desnutricion moderada (m),2006-11-01,9,5,3,1,12,6,18
SAN IGNACIO,desnutricion global,desnutricion moderada (m),2006-11-01,20,8,6,38,26,46,72
SAN IGNACIO DE VELASCO,desnutricion global,desnutricion moderada (m),2006-11-01,44,46,20,39,64,85,149
SAN JOAQUIN,desnutricion global,desnutricion moderada (m),2006-11-01,2,1,1,1,3,2,5
SAN JOSE DE CHIQUITOS,desnutricion global,desnutricion moderada (m),2006-11-01,5,4,4,2,9,6,15
SAN JUAN DE YAPACANI,desnutricion global,desnutricion moderada (m),2006-11-01,4,9,6,4,10,13,23
SAN JULIAN,desnutricion global,desnutricion moderada (m),2006-11-01,4,8,2,8,6,16,22
SAN LORENZO(PND),desnutricion global,desnutricion moderada (m),2006-11-01,1,0,0,0,1,0,1
SAN LORENZO(TJA),desnutricion global,desnutricion moderada (m),2006-11-01,4,6,10,5,14,11,25
SAN LUCAS,desnutricion global,desnutricion moderada (m),2006-11-01,52,57,48,51,100,108,208
SAN MATIAS,desnutricion global,desnutricion moderada (m),2006-11-01,5,0,1,2,6,2,8
SAN MIGUEL DE VELASCO,desnutricion global,desnutricion moderada (m),2006-11-01,3,2,2,2,5,4,9
SAN PABLO DE LIPEZ,desnutricion global,desnutricion moderada (m),2006-11-01,1,0,0,1,1,1,2
SAN PEDRO,desnutricion global,desnutricion moderada (m),2006-11-01,2,2,2,1,4,3,7
SAN PEDRO DE BUENA VISTA,desnutricion global,desnutricion moderada (m),2006-11-01,21,24,20,21,41,45,86
SAN PEDRO DE CURAHUARA,desnutricion global,desnutricion moderada (m),2006-11-01,1,1,2,5,3,6,9
SAN PEDRO DE TIQUINA,desnutricion global,desnutricion moderada (m),2006-11-01,0,11,0,0,0,11,11
SAN PEDRO(PND),desnutricion global,desnutricion moderada (m),2006-11-01,0,2,0,0,0,2,2
SAN RAFAEL,desnutricion global,desnutricion moderada (m),2006-11-01,1,1,1,2,2,3,5
SAN RAMON,desnutricion global,desnutricion moderada (m),2006-11-01,0,0,1,0,1,0,1
SANTA ANA,desnutricion global,desnutricion moderada (m),2006-11-01,4,6,0,2,4,8,12
SANTA CRUZ DE LA SIERRA,desnutricion global,desnutricion moderada (m),2006-11-01,97,88,29,44,126,132,258
SANTA ROSA,desnutricion global,desnutricion moderada (m),2006-11-01,3,2,0,1,3,3,6
SANTA ROSA DEL SARA,desnutricion global,desnutricion moderada (m),2006-11-01,4,3,1,4,5,7,12
SANTIAGO DE CALLAPA,desnutricion global,desnutricion moderada (m),2006-11-01,2,1,1,1,3,2,5
SANTIAGO DE HUARI,desnutricion global,desnutricion moderada (m),2006-11-01,1,1,1,6,2,7,9
SANTIAGO DE MACHACA,desnutricion global,desnutricion moderada (m),2006-11-01,1,1,2,2,3,3,6
SANTIVAÑES,desnutricion global,desnutricion moderada (m),2006-11-01,1,3,0,1,1,4,5
SANTUARIO DE QUILLACAS,desnutricion global,desnutricion moderada (m),2006-11-01,1,1,1,1,2,2,4
SAPAHAQUI,desnutricion global,desnutricion moderada (m),2006-11-01,14,10,10,10,24,20,44
SENA,desnutricion global,desnutricion moderada (m),2006-11-01,5,0,2,2,7,2,9
SICA SICA (VILLA AROMA),desnutricion global,desnutricion moderada (m),2006-11-01,14,13,6,12,20,25,45
SICAYA,desnutricion global,desnutricion moderada (m),2006-11-01,2,4,1,3,3,7,10
SIPE SIPE,desnutricion global,desnutricion moderada (m),2006-11-01,37,28,14,12,51,40,91
SOPACHUY,desnutricion global,desnutricion moderada (m),2006-11-01,6,12,8,21,14,33,47
SORACACHI,desnutricion global,desnutricion moderada (m),2006-11-01,7,6,5,2,12,8,20
SORATA,desnutricion global,desnutricion moderada (m),2006-11-01,1,1,0,0,1,1,2
SUCRE,desnutricion global,desnutricion moderada (m),2006-11-01,55,53,40,62,95,115,210
TACACHI,desnutricion global,desnutricion moderada (m),2006-11-01,2,0,0,0,2,0,2
TACOBAMBA,desnutricion global,desnutricion moderada (m),2006-11-01,13,14,2,8,15,22,37
TACOPAYA,desnutricion global,desnutricion moderada (m),2006-11-01,5,4,3,4,8,8,16
TAHUA,desnutricion global,desnutricion moderada (m),2006-11-01,1,1,0,0,1,1,2
TAPACARI,desnutricion global,desnutricion moderada (m),2006-11-01,39,25,27,26,66,51,117
TARABUCO,desnutricion global,desnutricion moderada (m),2006-11-01,49,22,30,43,79,65,144
TARATA,desnutricion global,desnutricion moderada (m),2006-11-01,3,3,0,4,3,7,10
TARIJA,desnutricion global,desnutricion moderada (m),2006-11-01,28,29,23,25,51,54,105
TARVITA,desnutricion global,desnutricion moderada (m),2006-11-01,21,17,27,31,48,48,96
TEOPONTE,desnutricion global,desnutricion moderada (m),2006-11-01,6,13,6,6,12,19,31
TIAWANACU,desnutricion global,desnutricion moderada (m),2006-11-01,2,0,0,0,2,0,2
TINGUIPAYA,desnutricion global,desnutricion moderada (m),2006-11-01,24,23,16,21,40,44,84
TIPUANI,desnutricion global,desnutricion moderada (m),2006-11-01,1,0,3,1,4,1,5
TIQUIPAYA,desnutricion global,desnutricion moderada (m),2006-11-01,7,1,0,0,7,1,8
TIRAQUE (CBBA),desnutricion global,desnutricion moderada (m),2006-11-01,29,37,19,39,48,76,124
TOLEDO,desnutricion global,desnutricion moderada (m),2006-11-01,1,0,0,2,1,2,3
TOMAVE,desnutricion global,desnutricion moderada (m),2006-11-01,2,7,1,11,3,18,21
TOMINA,desnutricion global,desnutricion moderada (m),2006-11-01,20,12,26,16,46,28,74
TORO TORO,desnutricion global,desnutricion moderada (m),2006-11-01,19,18,7,5,26,23,49
TOTORA(CBBA),desnutricion global,desnutricion moderada (m),2006-11-01,8,4,3,3,11,7,18
TOTORA(ORR),desnutricion global,desnutricion moderada (m),2006-11-01,2,0,0,2,2,2,4
TRINIDAD,desnutricion global,desnutricion moderada (m),2006-11-01,27,11,12,9,39,20,59
TUPIZA,desnutricion global,desnutricion moderada (m),2006-11-01,5,11,5,10,10,21,31
TURCO,desnutricion global,desnutricion moderada (m),2006-11-01,1,0,0,2,1,2,3
UMALA,desnutricion global,desnutricion moderada (m),2006-11-01,5,1,0,0,5,1,6
UNCIA,desnutricion global,desnutricion moderada (m),2006-11-01,14,8,13,6,27,14,41
URIONDO (A. CONCEPCION),desnutricion global,desnutricion moderada (m),2006-11-01,4,7,2,9,6,16,22
URUBICHA,desnutricion global,desnutricion moderada (m),2006-11-01,1,0,0,4,1,4,5
UYUNI,desnutricion global,desnutricion moderada (m),2006-11-01,10,5,5,3,15,8,23
VACAS,desnutricion global,desnutricion moderada (m),2006-11-01,7,4,0,3,7,7,14
VALLEGRANDE,desnutricion global,desnutricion moderada (m),2006-11-01,2,2,2,0,4,2,6
VIACHA,desnutricion global,desnutricion moderada (m),2006-11-01,4,2,3,6,7,8,15
VILA VILA,desnutricion global,desnutricion moderada (m),2006-11-01,2,8,1,4,3,12,15
VILLA MONTES,desnutricion global,desnutricion moderada (m),2006-11-01,5,2,0,8,5,10,15
VILLA NUEVA (LOMA ALTA),desnutricion global,desnutricion moderada (m),2006-11-01,0,1,0,0,0,1,1
VILLA RIVERO,desnutricion global,desnutricion moderada (m),2006-11-01,5,4,2,2,7,6,13
VILLA SERRANO,desnutricion global,desnutricion moderada (m),2006-11-01,8,7,14,16,22,23,45
VILLA TUNARI,desnutricion global,desnutricion moderada (m),2006-11-01,33,39,11,18,44,57,101
VILLA VACA GUZMAN (MUYUPAMPA),desnutricion global,desnutricion moderada (m),2006-11-01,4,2,3,5,7,7,14
VILLAZON,desnutricion global,desnutricion moderada (m),2006-11-01,11,8,5,9,16,17,33
VINTO,desnutricion global,desnutricion moderada (m),2006-11-01,3,3,0,1,3,4,7
VITICHI,desnutricion global,desnutricion moderada (m),2006-11-01,15,12,21,30,36,42,78
WALDO BALLIVIAN,desnutricion global,desnutricion moderada (m),2006-11-01,1,2,1,2,2,4,6
WARNES,desnutricion global,desnutricion moderada (m),2006-11-01,7,20,6,3,13,23,36
YACO,desnutricion global,desnutricion moderada (m),2006-11-01,8,7,3,14,11,21,32
YACUIBA,desnutricion global,desnutricion moderada (m),2006-11-01,6,19,12,14,18,33,51
YAMPARAEZ,desnutricion global,desnutricion moderada (m),2006-11-01,18,8,11,19,29,27,56
YANACACHI,desnutricion global,desnutricion moderada (m),2006-11-01,0,0,0,1,0,1,1
YAPACANI,desnutricion global,desnutricion moderada (m),2006-11-01,11,8,3,5,14,13,27
YOCALLA,desnutricion global,desnutricion moderada (m),2006-11-01,1,2,0,1,1,3,4
YOTALA,desnutricion global,desnutricion moderada (m),2006-11-01,10,13,5,8,15,21,36
YUNCHARA,desnutricion global,desnutricion moderada (m),2006-11-01,7,1,4,4,11,5,16
ZUDAÑEZ,desnutricion global,desnutricion moderada (m),2006-11-01,13,5,10,15,23,20,43
ACACIO,desnutricion global,desnutricion moderada (m),2006-12-01,12,9,12,12,24,21,45
ACHACACHI,desnutricion global,desnutricion moderada (m),2006-12-01,3,5,1,0,4,5,9
AIQUILE,desnutricion global,desnutricion moderada (m),2006-12-01,5,4,3,4,8,8,16
ALCALA,desnutricion global,desnutricion moderada (m),2006-12-01,5,4,7,6,12,10,22
ANCORAIMES,desnutricion global,desnutricion moderada (m),2006-12-01,1,1,1,0,2,1,3
ANDAMARCA,desnutricion global,desnutricion moderada (m),2006-12-01,0,0,2,2,2,2,4
ANTEQUERA,desnutricion global,desnutricion moderada (m),2006-12-01,2,1,0,2,2,3,5
ANZALDO,desnutricion global,desnutricion moderada (m),2006-12-01,0,1,5,0,5,1,6
APOLO,desnutricion global,desnutricion moderada (m),2006-12-01,2,4,1,6,3,10,13
ARAMPAMPA,desnutricion global,desnutricion moderada (m),2006-12-01,5,4,4,16,9,20,29
ARANI,desnutricion global,desnutricion moderada (m),2006-12-01,4,0,0,0,4,0,4
ARBIETO,desnutricion global,desnutricion moderada (m),2006-12-01,3,0,1,0,4,0,4
ARQUE,desnutricion global,desnutricion moderada (m),2006-12-01,3,5,9,12,12,17,29
ASCENCION DE GUARAYOS,desnutricion global,desnutricion moderada (m),2006-12-01,22,23,24,17,46,40,86
ATOCHA,desnutricion global,desnutricion moderada (m),2006-12-01,4,2,2,1,6,3,9
AUCAPATA,desnutricion global,desnutricion moderada (m),2006-12-01,0,2,3,1,3,3,6
AYATA,desnutricion global,desnutricion moderada (m),2006-12-01,4,6,4,4,8,10,18
AYO AYO,desnutricion global,desnutricion moderada (m),2006-12-01,2,2,3,2,5,4,9
AYOPAYA (V. DE INDEPENDENCIA),desnutricion global,desnutricion moderada (m),2006-12-01,8,5,6,9,14,14,28
AZURDUY,desnutricion global,desnutricion moderada (m),2006-12-01,7,16,15,15,22,31,53
BATALLAS,desnutricion global,desnutricion moderada (m),2006-12-01,3,1,2,3,5,4,9
BAURES,desnutricion global,desnutricion moderada (m),2006-12-01,1,0,0,1,1,1,2
BELEN DE ANDAMARCA,desnutricion global,desnutricion moderada (m),2006-12-01,1,1,0,1,1,2,3
BELEN DE URMIRI,desnutricion global,desnutricion moderada (m),2006-12-01,0,1,1,0,1,1,2
BELLA FLOR,desnutricion global,desnutricion moderada (m),2006-12-01,2,2,2,1,4,3,7
BERMEJO,desnutricion global,desnutricion moderada (m),2006-12-01,0,0,0,1,0,1,1
BETANZOS,desnutricion global,desnutricion moderada (m),2006-12-01,18,18,15,18,33,36,69
BOLIVAR,desnutricion global,desnutricion moderada (m),2006-12-01,20,15,8,8,28,23,51
BOYUIBE,desnutricion global,desnutricion moderada (m),2006-12-01,1,0,1,6,2,6,8
BUENA VISTA,desnutricion global,desnutricion moderada (m),2006-12-01,1,4,0,0,1,4,5
CABEZAS,desnutricion global,desnutricion moderada (m),2006-12-01,1,3,1,2,2,5,7
CAIROMA,desnutricion global,desnutricion moderada (m),2006-12-01,7,7,9,2,16,9,25
"CAIZA ""D""",desnutricion global,desnutricion moderada (m),2006-12-01,3,0,4,3,7,3,10
CAJUATA,desnutricion global,desnutricion moderada (m),2006-12-01,0,3,2,0,2,3,5
CALACOTO,desnutricion global,desnutricion moderada (m),2006-12-01,1,0,0,3,1,3,4
CALAMARCA,desnutricion global,desnutricion moderada (m),2006-12-01,15,8,8,8,23,16,39
CAMARGO,desnutricion global,desnutricion moderada (m),2006-12-01,11,16,3,9,14,25,39
CAMATAQUI (C. VILLA ABECIA),desnutricion global,desnutricion moderada (m),2006-12-01,2,4,1,0,3,4,7
CAMIRI,desnutricion global,desnutricion moderada (m),2006-12-01,5,11,5,4,10,15,25
CAPINOTA,desnutricion global,desnutricion moderada (m),2006-12-01,9,7,2,2,11,9,20
CAQUIAVIRI,desnutricion global,desnutricion moderada (m),2006-12-01,1,1,1,0,2,1,3
CARACOLLO,desnutricion global,desnutricion moderada (m),2006-12-01,1,1,2,0,3,1,4
CARANAVI,desnutricion global,desnutricion moderada (m),2006-12-01,14,17,6,9,20,26,46
CARANGAS,desnutricion global,desnutricion moderada (m),2006-12-01,0,0,1,0,1,0,1
CARAPARI,desnutricion global,desnutricion moderada (m),2006-12-01,1,0,2,3,3,3,6
CARIPUYO,desnutricion global,desnutricion moderada (m),2006-12-01,5,9,6,20,11,29,40
CARMEN RIVERO TORREZ,desnutricion global,desnutricion moderada (m),2006-12-01,0,0,0,1,0,1,1
CHACARILLA,desnutricion global,desnutricion moderada (m),2006-12-01,0,1,0,0,0,1,1
CHALLAPATA,desnutricion global,desnutricion moderada (m),2006-12-01,12,17,6,7,18,24,42
CHAQUI,desnutricion global,desnutricion moderada (m),2006-12-01,8,3,3,4,11,7,18
CHARAGUA,desnutricion global,desnutricion moderada (m),2006-12-01,7,8,5,1,12,9,21
CHARAÑA,desnutricion global,desnutricion moderada (m),2006-12-01,1,0,0,0,1,0,1
CHAYANTA,desnutricion global,desnutricion moderada (m),2006-12-01,25,20,24,30,49,50,99
CHIMORE,desnutricion global,desnutricion moderada (m),2006-12-01,11,17,12,6,23,23,46
CHIPAYA,desnutricion global,desnutricion moderada (m),2006-12-01,1,0,1,3,2,3,5
CHOQUE COTA,desnutricion global,desnutricion moderada (m),2006-12-01,1,1,1,2,2,3,5
CHULUMANI (V. DE LA LIBERTAD),desnutricion global,desnutricion moderada (m),2006-12-01,1,3,0,0,1,3,4
CHUMA,desnutricion global,desnutricion moderada (m),2006-12-01,12,10,1,7,13,17,30
CLIZA,desnutricion global,desnutricion moderada (m),2006-12-01,1,3,1,4,2,7,9
COBIJA,desnutricion global,desnutricion moderada (m),2006-12-01,10,3,12,7,22,10,32
COCHABAMBA,desnutricion global,desnutricion moderada (m),2006-12-01,75,73,44,45,119,118,237
COIPASA,desnutricion global,desnutricion moderada (m),2006-12-01,0,0,0,1,0,1,1
COLCAPIRHUA,desnutricion global,desnutricion moderada (m),2006-12-01,8,3,0,2,8,5,13
"COLCHA ""K""",desnutricion global,desnutricion moderada (m),2006-12-01,2,0,0,0,2,0,2
COLLANA,desnutricion global,desnutricion moderada (m),2006-12-01,0,0,0,1,0,1,1
COLOMI,desnutricion global,desnutricion moderada (m),2006-12-01,10,7,2,2,12,9,21
COLQUECHACA,desnutricion global,desnutricion moderada (m),2006-12-01,18,15,24,17,42,32,74
COLQUENCHA,desnutricion global,desnutricion moderada (m),2006-12-01,10,8,5,5,15,13,28
COLQUIRI,desnutricion global,desnutricion moderada (m),2006-12-01,9,10,4,5,13,15,28
COMANCHE,desnutricion global,desnutricion moderada (m),2006-12-01,0,0,0,1,0,1,1
COMARAPA,desnutricion global,desnutricion moderada (m),2006-12-01,4,3,0,8,4,11,15
COMBAYA,desnutricion global,desnutricion moderada (m),2006-12-01,0,0,0,1,0,1,1
CONCEPCION,desnutricion global,desnutricion moderada (m),2006-12-01,3,3,0,1,3,4,7
COPACABANA,desnutricion global,desnutricion moderada (m),2006-12-01,3,1,0,3,3,4,7
CORO CORO,desnutricion global,desnutricion moderada (m),2006-12-01,1,1,2,0,3,1,4
COROICO,desnutricion global,desnutricion moderada (m),2006-12-01,4,2,0,2,4,4,8
CORQUE,desnutricion global,desnutricion moderada (m),2006-12-01,1,0,0,2,1,2,3
COTAGAITA,desnutricion global,desnutricion moderada (m),2006-12-01,14,18,27,27,41,45,86
COTOCA,desnutricion global,desnutricion moderada (m),2006-12-01,2,6,0,3,2,9,11
CUATRO CAÑADAS,desnutricion global,desnutricion moderada (m),2006-12-01,0,2,0,2,0,4,4
CUCHUMUELA (V. G. VILLARROEL),desnutricion global,desnutricion moderada (m),2006-12-01,0,0,0,2,0,2,2
CULPINA,desnutricion global,desnutricion moderada (m),2006-12-01,17,18,13,17,30,35,65
CURAHUARA DE CARANGAS,desnutricion global,desnutricion moderada (m),2006-12-01,1,4,2,1,3,5,8
CURVA,desnutricion global,desnutricion moderada (m),2006-12-01,2,1,0,1,2,2,4
DESAGUADERO,desnutricion global,desnutricion moderada (m),2006-12-01,2,0,0,0,2,0,2
EL ALTO,desnutricion global,desnutricion moderada (m),2006-12-01,164,135,81,99,245,234,479
EL CHORO,desnutricion global,desnutricion moderada (m),2006-12-01,0,1,0,0,0,1,1
EL PUENTE(STC),desnutricion global,desnutricion moderada (m),2006-12-01,1,2,0,0,1,2,3
EL PUENTE(TJA),desnutricion global,desnutricion moderada (m),2006-12-01,0,1,1,0,1,1,2
EL TORNO,desnutricion global,desnutricion moderada (m),2006-12-01,1,5,3,7,4,12,16
EL VILLAR,desnutricion global,desnutricion moderada (m),2006-12-01,2,4,5,4,7,8,15
ENTRE RIOS,desnutricion global,desnutricion moderada (m),2006-12-01,5,6,10,5,15,11,26
ENTRE RIOS,desnutricion global,desnutricion moderada (m),2006-12-01,4,9,4,6,8,15,23
EUCALIPTUS,desnutricion global,desnutricion moderada (m),2006-12-01,0,0,0,1,0,1,1
FERNANDEZ ALONSO,desnutricion global,desnutricion moderada (m),2006-12-01,3,2,0,2,3,4,7
GENERAL SAAVEDRA,desnutricion global,desnutricion moderada (m),2006-12-01,5,15,5,4,10,19,29
GRAL. J.J. PEREZ (CHARAZANI),desnutricion global,desnutricion moderada (m),2006-12-01,3,3,3,4,6,7,13
GUANAY,desnutricion global,desnutricion moderada (m),2006-12-01,4,5,0,3,4,8,12
GUAQUI,desnutricion global,desnutricion moderada (m),2006-12-01,2,3,0,0,2,3,5
GUAYARAMERIN,desnutricion global,desnutricion moderada (m),2006-12-01,15,17,5,9,20,26,46
GUTIERREZ,desnutricion global,desnutricion moderada (m),2006-12-01,15,8,9,12,24,20,44
HUACARETA,desnutricion global,desnutricion moderada (m),2006-12-01,4,4,0,2,4,6,10
HUACAYA (VILLA DE HUACAYA),desnutricion global,desnutricion moderada (m),2006-12-01,0,0,4,0,4,0,4
HUACHACALLA,desnutricion global,desnutricion moderada (m),2006-12-01,1,0,1,0,2,0,2
HUANUNI,desnutricion global,desnutricion moderada (m),2006-12-01,11,7,6,3,17,10,27
ICHOCA,desnutricion global,desnutricion moderada (m),2006-12-01,0,0,0,1,0,1,1
ICLA,desnutricion global,desnutricion moderada (m),2006-12-01,8,18,19,16,27,34,61
INCAHUASI,desnutricion global,desnutricion moderada (m),2006-12-01,24,22,25,17,49,39,88
INQUISIVI,desnutricion global,desnutricion moderada (m),2006-12-01,9,3,2,3,11,6,17
IRUPANA (VILLA DE LANZA),desnutricion global,desnutricion moderada (m),2006-12-01,4,4,1,5,5,9,14
IXIAMAS,desnutricion global,desnutricion moderada (m),2006-12-01,1,2,1,3,2,5,7
JESUS DE MACHACA,desnutricion global,desnutricion moderada (m),2006-12-01,3,2,6,1,9,3,12
LA ASUNTA,desnutricion global,desnutricion moderada (m),2006-12-01,1,7,0,2,1,9,10
LA GUARDIA,desnutricion global,desnutricion moderada (m),2006-12-01,8,12,4,5,12,17,29
LA PAZ,desnutricion global,desnutricion moderada (m),2006-12-01,105,88,28,26,133,114,247
LAGUNILLAS,desnutricion global,desnutricion moderada (m),2006-12-01,1,1,1,1,2,2,4
LAJA,desnutricion global,desnutricion moderada (m),2006-12-01,7,3,2,0,9,3,12
LAS CARRERAS,desnutricion global,desnutricion moderada (m),2006-12-01,1,2,2,4,3,6,9
LLALLAGUA,desnutricion global,desnutricion moderada (m),2006-12-01,17,15,11,7,28,22,50
LLICA,desnutricion global,desnutricion moderada (m),2006-12-01,1,0,1,0,2,0,2
LURIBAY,desnutricion global,desnutricion moderada (m),2006-12-01,7,2,1,6,8,8,16
MACHACAMARCA,desnutricion global,desnutricion moderada (m),2006-12-01,2,1,1,1,3,2,5
MACHARETI,desnutricion global,desnutricion moderada (m),2006-12-01,4,4,3,5,7,9,16
MAGDALENA,desnutricion global,desnutricion moderada (m),2006-12-01,1,0,0,0,1,0,1
MAIRANA,desnutricion global,desnutricion moderada (m),2006-12-01,1,2,2,1,3,3,6
MALLA,desnutricion global,desnutricion moderada (m),2006-12-01,1,1,2,1,3,2,5
MAPIRI,desnutricion global,desnutricion moderada (m),2006-12-01,1,1,0,0,1,1,2
MINEROS,desnutricion global,desnutricion moderada (m),2006-12-01,2,11,2,1,4,12,16
MIZQUE,desnutricion global,desnutricion moderada (m),2006-12-01,2,8,3,6,5,14,19
MOCOMOCO,desnutricion global,desnutricion moderada (m),2006-12-01,5,1,4,1,9,2,11
MOJOCOYA,desnutricion global,desnutricion moderada (m),2006-12-01,1,2,1,5,2,7,9
MONTEAGUDO,desnutricion global,desnutricion moderada (m),2006-12-01,9,8,6,13,15,21,36
MONTERO,desnutricion global,desnutricion moderada (m),2006-12-01,18,23,17,16,35,39,74
MORO MORO,desnutricion global,desnutricion moderada (m),2006-12-01,1,0,0,0,1,0,1
MOROCHATA,desnutricion global,desnutricion moderada (m),2006-12-01,3,8,3,9,6,17,23
NACEBE (SANTA ROSA DEL ABUNA),desnutricion global,desnutricion moderada (m),2006-12-01,1,0,0,0,1,0,1
OCURI,desnutricion global,desnutricion moderada (m),2006-12-01,30,28,20,27,50,55,105
OKINAWA,desnutricion global,desnutricion moderada (m),2006-12-01,0,0,0,1,0,1,1
OMEREQUE,desnutricion global,desnutricion moderada (m),2006-12-01,1,3,2,2,3,5,8
ORURO,desnutricion global,desnutricion moderada (m),2006-12-01,58,63,36,37,94,100,194
PADCAYA,desnutricion global,desnutricion moderada (m),2006-12-01,2,4,2,3,4,7,11
PADILLA,desnutricion global,desnutricion moderada (m),2006-12-01,14,3,8,5,22,8,30
PAILON,desnutricion global,desnutricion moderada (m),2006-12-01,6,8,3,3,9,11,20
PALCA,desnutricion global,desnutricion moderada (m),2006-12-01,0,1,1,2,1,3,4
PALOS BLANCOS,desnutricion global,desnutricion moderada (m),2006-12-01,3,3,3,0,6,3,9
PAMPA AULLAGAS,desnutricion global,desnutricion moderada (m),2006-12-01,2,0,0,2,2,2,4
PAMPA GRANDE,desnutricion global,desnutricion moderada (m),2006-12-01,0,0,2,1,2,1,3
PAPEL PAMPA,desnutricion global,desnutricion moderada (m),2006-12-01,1,1,0,0,1,1,2
PASORAPA,desnutricion global,desnutricion moderada (m),2006-12-01,0,0,1,1,1,1,2
PATACAMAYA,desnutricion global,desnutricion moderada (m),2006-12-01,11,4,2,7,13,11,24
PAZÑA,desnutricion global,desnutricion moderada (m),2006-12-01,1,1,1,2,2,3,5
PELECHUCO,desnutricion global,desnutricion moderada (m),2006-12-01,3,7,4,5,7,12,19
POCOATA,desnutricion global,desnutricion moderada (m),2006-12-01,14,24,11,15,25,39,64
POCONA,desnutricion global,desnutricion moderada (m),2006-12-01,3,1,6,4,9,5,14
POJO (CBBA),desnutricion global,desnutricion moderada (m),2006-12-01,4,1,0,2,4,3,7
POOPO,desnutricion global,desnutricion moderada (m),2006-12-01,0,1,0,0,0,1,1
PORCO,desnutricion global,desnutricion moderada (m),2006-12-01,6,10,4,7,10,17,27
POROMA,desnutricion global,desnutricion moderada (m),2006-12-01,30,25,14,22,44,47,91
PORONGO,desnutricion global,desnutricion moderada (m),2006-12-01,1,0,0,0,1,0,1
PORTACHUELO,desnutricion global,desnutricion moderada (m),2006-12-01,2,2,4,3,6,5,11
POSTRER VALLE,desnutricion global,desnutricion moderada (m),2006-12-01,0,1,0,0,0,1,1
POTOSI,desnutricion global,desnutricion moderada (m),2006-12-01,59,58,28,25,87,83,170
PRESTO,desnutricion global,desnutricion moderada (m),2006-12-01,0,0,0,1,0,1,1
PUCARA,desnutricion global,desnutricion moderada (m),2006-12-01,0,0,0,2,0,2,2
PUCARANI,desnutricion global,desnutricion moderada (m),2006-12-01,6,7,1,3,7,10,17
PUERTO ACOSTA,desnutricion global,desnutricion moderada (m),2006-12-01,7,7,3,5,10,12,22
PUERTO CARABUCO,desnutricion global,desnutricion moderada (m),2006-12-01,0,2,0,2,0,4,4
PUERTO GONZALO MORENO,desnutricion global,desnutricion moderada (m),2006-12-01,3,3,2,2,5,5,10
PUERTO QUIJARRO,desnutricion global,desnutricion moderada (m),2006-12-01,1,2,0,0,1,2,3
PUERTO SUAREZ,desnutricion global,desnutricion moderada (m),2006-12-01,1,1,0,0,1,1,2
PUERTO VILLARROEL,desnutricion global,desnutricion moderada (m),2006-12-01,20,22,16,14,36,36,72
PUNA,desnutricion global,desnutricion moderada (m),2006-12-01,31,13,20,29,51,42,93
PUNATA,desnutricion global,desnutricion moderada (m),2006-12-01,7,3,4,2,11,5,16
QUIABAYA,desnutricion global,desnutricion moderada (m),2006-12-01,1,1,2,0,3,1,4
QUILLACOLLO,desnutricion global,desnutricion moderada (m),2006-12-01,13,14,12,14,25,28,53
QUIME,desnutricion global,desnutricion moderada (m),2006-12-01,3,4,1,6,4,10,14
RAVELO,desnutricion global,desnutricion moderada (m),2006-12-01,47,27,32,45,79,72,151
REYES,desnutricion global,desnutricion moderada (m),2006-12-01,9,2,3,2,12,4,16
RIBERALTA,desnutricion global,desnutricion moderada (m),2006-12-01,48,60,22,32,70,92,162
ROBORE,desnutricion global,desnutricion moderada (m),2006-12-01,4,4,3,1,7,5,12
SABAYA,desnutricion global,desnutricion moderada (m),2006-12-01,2,2,1,1,3,3,6
SACABA,desnutricion global,desnutricion moderada (m),2006-12-01,9,16,13,11,22,27,49
SACABAMBA,desnutricion global,desnutricion moderada (m),2006-12-01,3,2,0,0,3,2,5
SACACA,desnutricion global,desnutricion moderada (m),2006-12-01,28,37,35,34,63,71,134
SAIPINA,desnutricion global,desnutricion moderada (m),2006-12-01,0,2,0,0,0,2,2
SALINAS DE GARCI MENDOZA,desnutricion global,desnutricion moderada (m),2006-12-01,4,2,2,6,6,8,14
SAMAIPATA,desnutricion global,desnutricion moderada (m),2006-12-01,0,1,0,0,0,1,1
SAN AGUSTIN,desnutricion global,desnutricion moderada (m),2006-12-01,1,0,0,0,1,0,1
SAN ANDRES,desnutricion global,desnutricion moderada (m),2006-12-01,3,3,0,1,3,4,7
SAN ANDRES DE MACHACA,desnutricion global,desnutricion moderada (m),2006-12-01,0,2,0,0,0,2,2
SAN ANTONIO DE ESMORUCO,desnutricion global,desnutricion moderada (m),2006-12-01,2,1,2,0,4,1,5
SAN ANTONIO DE LOMERIO,desnutricion global,desnutricion moderada (m),2006-12-01,5,11,8,6,13,17,30
SAN BENITO,desnutricion global,desnutricion moderada (m),2006-12-01,1,2,1,2,2,4,6
SAN BORJA,desnutricion global,desnutricion moderada (m),2006-12-01,13,15,8,14,21,29,50
SAN BUENA VENTURA,desnutricion global,desnutricion moderada (m),2006-12-01,2,3,3,1,5,4,9
SAN CARLOS,desnutricion global,desnutricion moderada (m),2006-12-01,2,2,1,1,3,3,6
SAN IGNACIO,desnutricion global,desnutricion moderada (m),2006-12-01,4,7,3,2,7,9,16
SAN IGNACIO DE VELASCO,desnutricion global,desnutricion moderada (m),2006-12-01,19,38,13,20,32,58,90
SAN JOAQUIN,desnutricion global,desnutricion moderada (m),2006-12-01,0,1,0,0,0,1,1
SAN JOSE DE CHIQUITOS,desnutricion global,desnutricion moderada (m),2006-12-01,5,5,1,2,6,7,13
SAN JULIAN,desnutricion global,desnutricion moderada (m),2006-12-01,1,1,2,3,3,4,7
SAN LORENZO(PND),desnutricion global,desnutricion moderada (m),2006-12-01,1,1,0,0,1,1,2
SAN LORENZO(TJA),desnutricion global,desnutricion moderada (m),2006-12-01,8,11,12,18,20,29,49
SAN LUCAS,desnutricion global,desnutricion moderada (m),2006-12-01,59,39,42,52,101,91,192
SAN MATIAS,desnutricion global,desnutricion moderada (m),2006-12-01,1,2,1,0,2,2,4
SAN MIGUEL DE VELASCO,desnutricion global,desnutricion moderada (m),2006-12-01,2,1,1,2,3,3,6
SAN PABLO DE LIPEZ,desnutricion global,desnutricion moderada (m),2006-12-01,1,0,3,3,4,3,7
SAN PEDRO,desnutricion global,desnutricion moderada (m),2006-12-01,0,2,2,2,2,4,6
SAN PEDRO DE BUENA VISTA,desnutricion global,desnutricion moderada (m),2006-12-01,19,16,9,14,28,30,58
SAN PEDRO DE CURAHUARA,desnutricion global,desnutricion moderada (m),2006-12-01,1,0,0,1,1,1,2
SAN PEDRO DE QUEMES,desnutricion global,desnutricion moderada (m),2006-12-01,0,3,1,1,1,4,5
SAN PEDRO DE TIQUINA,desnutricion global,desnutricion moderada (m),2006-12-01,1,0,2,1,3,1,4
SAN PEDRO(PND),desnutricion global,desnutricion moderada (m),2006-12-01,0,0,0,1,0,1,1
SAN RAFAEL,desnutricion global,desnutricion moderada (m),2006-12-01,3,2,0,6,3,8,11
SAN RAMON,desnutricion global,desnutricion moderada (m),2006-12-01,1,0,1,0,2,0,2
SANTA ANA,desnutricion global,desnutricion moderada (m),2006-12-01,0,1,1,0,1,1,2
SANTA CRUZ DE LA SIERRA,desnutricion global,desnutricion moderada (m),2006-12-01,83,95,20,46,103,141,244
SANTA ROSA,desnutricion global,desnutricion moderada (m),2006-12-01,3,1,0,1,3,2,5
SANTA ROSA DEL SARA,desnutricion global,desnutricion moderada (m),2006-12-01,5,7,2,2,7,9,16
SANTIAGO DE HUARI,desnutricion global,desnutricion moderada (m),2006-12-01,2,2,1,0,3,2,5
SANTIAGO DE MACHACA,desnutricion global,desnutricion moderada (m),2006-12-01,1,0,0,1,1,1,2
SANTIVAÑES,desnutricion global,desnutricion moderada (m),2006-12-01,0,1,1,2,1,3,4
SANTUARIO DE QUILLACAS,desnutricion global,desnutricion moderada (m),2006-12-01,0,0,1,0,1,0,1
SAPAHAQUI,desnutricion global,desnutricion moderada (m),2006-12-01,10,7,4,4,14,11,25
SENA,desnutricion global,desnutricion moderada (m),2006-12-01,0,2,1,0,1,2,3
SICA SICA (VILLA AROMA),desnutricion global,desnutricion moderada (m),2006-12-01,8,1,2,6,10,7,17
SICAYA,desnutricion global,desnutricion moderada (m),2006-12-01,1,2,0,0,1,2,3
SIPE SIPE,desnutricion global,desnutricion moderada (m),2006-12-01,22,10,10,14,32,24,56
SOPACHUY,desnutricion global,desnutricion moderada (m),2006-12-01,0,14,9,22,9,36,45
SORACACHI,desnutricion global,desnutricion moderada (m),2006-12-01,5,5,1,0,6,5,11
SORATA,desnutricion global,desnutricion moderada (m),2006-12-01,0,0,1,0,1,0,1
SUCRE,desnutricion global,desnutricion moderada (m),2006-12-01,40,21,21,20,61,41,102
TACOBAMBA,desnutricion global,desnutricion moderada (m),2006-12-01,10,12,5,4,15,16,31
TACOPAYA,desnutricion global,desnutricion moderada (m),2006-12-01,13,14,9,13,22,27,49
TAPACARI,desnutricion global,desnutricion moderada (m),2006-12-01,32,22,22,13,54,35,89
TARABUCO,desnutricion global,desnutricion moderada (m),2006-12-01,48,38,40,54,88,92,180
TARACO,desnutricion global,desnutricion moderada (m),2006-12-01,0,0,0,1,0,1,1
TARATA,desnutricion global,desnutricion moderada (m),2006-12-01,2,0,4,3,6,3,9
TARIJA,desnutricion global,desnutricion moderada (m),2006-12-01,18,21,10,14,28,35,63
TARVITA,desnutricion global,desnutricion moderada (m),2006-12-01,5,16,4,4,9,20,29
TEOPONTE,desnutricion global,desnutricion moderada (m),2006-12-01,2,4,0,1,2,5,7
TIAWANACU,desnutricion global,desnutricion moderada (m),2006-12-01,1,0,1,0,2,0,2
TINGUIPAYA,desnutricion global,desnutricion moderada (m),2006-12-01,11,10,16,12,27,22,49
TIPUANI,desnutricion global,desnutricion moderada (m),2006-12-01,0,1,0,0,0,1,1
TIQUIPAYA,desnutricion global,desnutricion moderada (m),2006-12-01,11,6,1,3,12,9,21
TIRAQUE (CBBA),desnutricion global,desnutricion moderada (m),2006-12-01,23,13,11,7,34,20,54
TOCO,desnutricion global,desnutricion moderada (m),2006-12-01,1,1,0,1,1,2,3
TOLATA,desnutricion global,desnutricion moderada (m),2006-12-01,0,1,0,0,0,1,1
TOLEDO,desnutricion global,desnutricion moderada (m),2006-12-01,1,1,1,2,2,3,5
TOMAVE,desnutricion global,desnutricion moderada (m),2006-12-01,2,10,2,5,4,15,19
TOMINA,desnutricion global,desnutricion moderada (m),2006-12-01,6,8,9,12,15,20,35
TORO TORO,desnutricion global,desnutricion moderada (m),2006-12-01,20,19,10,17,30,36,66
TOTORA(CBBA),desnutricion global,desnutricion moderada (m),2006-12-01,6,5,4,6,10,11,21
TOTORA(ORR),desnutricion global,desnutricion moderada (m),2006-12-01,4,5,1,2,5,7,12
TRIGAL,desnutricion global,desnutricion moderada (m),2006-12-01,0,0,1,0,1,0,1
TRINIDAD,desnutricion global,desnutricion moderada (m),2006-12-01,22,18,3,4,25,22,47
TUPIZA,desnutricion global,desnutricion moderada (m),2006-12-01,14,13,10,13,24,26,50
TURCO,desnutricion global,desnutricion moderada (m),2006-12-01,0,2,0,2,0,4,4
UMALA,desnutricion global,desnutricion moderada (m),2006-12-01,1,0,0,0,1,0,1
UNCIA,desnutricion global,desnutricion moderada (m),2006-12-01,5,8,4,11,9,19,28
URIONDO (A. CONCEPCION),desnutricion global,desnutricion moderada (m),2006-12-01,2,3,4,6,6,9,15
URUBICHA,desnutricion global,desnutricion moderada (m),2006-12-01,12,10,7,17,19,27,46
UYUNI,desnutricion global,desnutricion moderada (m),2006-12-01,8,7,3,6,11,13,24
VACAS,desnutricion global,desnutricion moderada (m),2006-12-01,4,3,1,4,5,7,12
VALLEGRANDE,desnutricion global,desnutricion moderada (m),2006-12-01,2,0,1,0,3,0,3
VIACHA,desnutricion global,desnutricion moderada (m),2006-12-01,7,4,4,3,11,7,18
VILA VILA,desnutricion global,desnutricion moderada (m),2006-12-01,1,1,0,0,1,1,2
VILLA MONTES,desnutricion global,desnutricion moderada (m),2006-12-01,7,2,3,1,10,3,13
VILLA RIVERO,desnutricion global,desnutricion moderada (m),2006-12-01,2,1,0,0,2,1,3
VILLA SERRANO,desnutricion global,desnutricion moderada (m),2006-12-01,9,8,16,10,25,18,43
VILLA TUNARI,desnutricion global,desnutricion moderada (m),2006-12-01,25,21,15,23,40,44,84
VILLA VACA GUZMAN (MUYUPAMPA),desnutricion global,desnutricion moderada (m),2006-12-01,3,0,1,4,4,4,8
VILLAZON,desnutricion global,desnutricion moderada (m),2006-12-01,17,11,9,5,26,16,42
VINTO,desnutricion global,desnutricion moderada (m),2006-12-01,1,1,0,2,1,3,4
VITICHI,desnutricion global,desnutricion moderada (m),2006-12-01,16,2,15,10,31,12,43
WALDO BALLIVIAN,desnutricion global,desnutricion moderada (m),2006-12-01,3,2,2,2,5,4,9
WARNES,desnutricion global,desnutricion moderada (m),2006-12-01,13,17,3,13,16,30,46
YACO,desnutricion global,desnutricion moderada (m),2006-12-01,5,3,3,3,8,6,14
YACUIBA,desnutricion global,desnutricion moderada (m),2006-12-01,11,9,5,6,16,15,31
YAMPARAEZ,desnutricion global,desnutricion moderada (m),2006-12-01,20,15,10,16,30,31,61
YANACACHI,desnutricion global,desnutricion moderada (m),2006-12-01,1,0,0,0,1,0,1
YAPACANI,desnutricion global,desnutricion moderada (m),2006-12-01,8,8,4,6,12,14,26
YOCALLA,desnutricion global,desnutricion moderada (m),2006-12-01,0,0,0,1,0,1,1
YOTALA,desnutricion global,desnutricion moderada (m),2006-12-01,7,6,5,9,12,15,27
YUNCHARA,desnutricion global,desnutricion moderada (m),2006-12-01,2,2,20,18,22,20,42
ZUDAÑEZ,desnutricion global,desnutricion moderada (m),2006-12-01,16,6,10,18,26,24,50
