municipality,group,variable,month,< de 2 años-H,< de 2 años-M,2 a 4 años-H,2 a 4 años-M,TOTAL-H,TOTAL-M,TOTAL
ACACIO,desnutricion global,sobrepeso (s),2006-01-01,4,0,0,3,4,3,7
ACHACACHI,desnutricion global,sobrepeso (s),2006-01-01,26,19,6,7,32,26,58
ACHOCALLA,desnutricion global,sobrepeso (s),2006-01-01,3,2,0,0,3,2,5
AIQUILE,desnutricion global,sobrepeso (s),2006-01-01,6,4,3,1,9,5,14
ALALAY,desnutricion global,sobrepeso (s),2006-01-01,2,1,0,0,2,1,3
ALCALA,desnutricion global,sobrepeso (s),2006-01-01,7,5,0,2,7,7,14
ANCORAIMES,desnutricion global,sobrepeso (s),2006-01-01,5,1,0,1,5,2,7
ANZALDO,desnutricion global,sobrepeso (s),2006-01-01,0,8,4,2,4,10,14
APOLO,desnutricion global,sobrepeso (s),2006-01-01,4,9,2,1,6,10,16
ARAMPAMPA,desnutricion global,sobrepeso (s),2006-01-01,1,3,0,1,1,4,5
ARANI,desnutricion global,sobrepeso (s),2006-01-01,1,1,0,0,1,1,2
ARBIETO,desnutricion global,sobrepeso (s),2006-01-01,6,0,1,0,7,0,7
ARQUE,desnutricion global,sobrepeso (s),2006-01-01,3,0,0,0,3,0,3
ATOCHA,desnutricion global,sobrepeso (s),2006-01-01,13,4,2,0,15,4,19
AUCAPATA,desnutricion global,sobrepeso (s),2006-01-01,1,2,0,0,1,2,3
AYATA,desnutricion global,sobrepeso (s),2006-01-01,2,1,1,0,3,1,4
AYO AYO,desnutricion global,sobrepeso (s),2006-01-01,2,1,0,0,2,1,3
AYOPAYA (V. DE INDEPENDENCIA),desnutricion global,sobrepeso (s),2006-01-01,3,12,2,0,5,12,17
AZURDUY,desnutricion global,sobrepeso (s),2006-01-01,11,8,3,0,14,8,22
BATALLAS,desnutricion global,sobrepeso (s),2006-01-01,5,6,0,3,5,9,14
BAURES,desnutricion global,sobrepeso (s),2006-01-01,5,6,0,0,5,6,11
BELEN DE ANDAMARCA,desnutricion global,sobrepeso (s),2006-01-01,2,0,0,0,2,0,2
BELLA FLOR,desnutricion global,sobrepeso (s),2006-01-01,2,1,0,0,2,1,3
BERMEJO,desnutricion global,sobrepeso (s),2006-01-01,21,16,4,5,25,21,46
BETANZOS,desnutricion global,sobrepeso (s),2006-01-01,25,13,11,10,36,23,59
BOLPEBRA,desnutricion global,sobrepeso (s),2006-01-01,2,1,0,0,2,1,3
BOYUIBE,desnutricion global,sobrepeso (s),2006-01-01,10,6,5,4,15,10,25
BUENA VISTA,desnutricion global,sobrepeso (s),2006-01-01,46,29,12,27,58,56,114
CABEZAS,desnutricion global,sobrepeso (s),2006-01-01,16,25,14,3,30,28,58
CAIROMA,desnutricion global,sobrepeso (s),2006-01-01,6,5,1,0,7,5,12
"CAIZA ""D""",desnutricion global,sobrepeso (s),2006-01-01,5,7,2,0,7,7,14
CAJUATA,desnutricion global,sobrepeso (s),2006-01-01,3,5,1,2,4,7,11
CALACOTO,desnutricion global,sobrepeso (s),2006-01-01,2,0,0,0,2,0,2
CALAMARCA,desnutricion global,sobrepeso (s),2006-01-01,6,3,0,1,6,4,10
CAMARGO,desnutricion global,sobrepeso (s),2006-01-01,16,16,5,0,21,16,37
CAMATAQUI (C. VILLA ABECIA),desnutricion global,sobrepeso (s),2006-01-01,1,4,1,0,2,4,6
CAMIRI,desnutricion global,sobrepeso (s),2006-01-01,102,67,21,16,123,83,206
CAPINOTA,desnutricion global,sobrepeso (s),2006-01-01,3,7,0,2,3,9,12
CAQUIAVIRI,desnutricion global,sobrepeso (s),2006-01-01,3,2,1,1,4,3,7
CARACOLLO,desnutricion global,sobrepeso (s),2006-01-01,6,3,3,1,9,4,13
CARANAVI,desnutricion global,sobrepeso (s),2006-01-01,107,59,7,7,114,66,180
CARAPARI,desnutricion global,sobrepeso (s),2006-01-01,10,20,3,1,13,21,34
CARIPUYO,desnutricion global,sobrepeso (s),2006-01-01,4,6,3,0,7,6,13
CARMEN RIVERO TORREZ,desnutricion global,sobrepeso (s),2006-01-01,5,2,0,2,5,4,9
CHACARILLA,desnutricion global,sobrepeso (s),2006-01-01,0,1,0,0,0,1,1
CHALLAPATA,desnutricion global,sobrepeso (s),2006-01-01,15,12,1,1,16,13,29
CHAQUI,desnutricion global,sobrepeso (s),2006-01-01,9,7,1,2,10,9,19
CHARAGUA,desnutricion global,sobrepeso (s),2006-01-01,42,51,4,17,46,68,114
CHARAÑA,desnutricion global,sobrepeso (s),2006-01-01,1,1,0,0,1,1,2
CHAYANTA,desnutricion global,sobrepeso (s),2006-01-01,11,9,0,0,11,9,20
CHIMORE,desnutricion global,sobrepeso (s),2006-01-01,4,3,1,0,5,3,8
CHIPAYA,desnutricion global,sobrepeso (s),2006-01-01,2,1,0,0,2,1,3
CHOQUE COTA,desnutricion global,sobrepeso (s),2006-01-01,1,3,0,0,1,3,4
CHULUMANI (V. DE LA LIBERTAD),desnutricion global,sobrepeso (s),2006-01-01,2,4,0,0,2,4,6
CHUMA,desnutricion global,sobrepeso (s),2006-01-01,5,2,0,1,5,3,8
CLIZA,desnutricion global,sobrepeso (s),2006-01-01,33,23,5,3,38,26,64
COBIJA,desnutricion global,sobrepeso (s),2006-01-01,79,73,9,12,88,85,173
COCHABAMBA,desnutricion global,sobrepeso (s),2006-01-01,299,269,61,51,360,320,680
COLCAPIRHUA,desnutricion global,sobrepeso (s),2006-01-01,29,29,3,3,32,32,64
"COLCHA ""K""",desnutricion global,sobrepeso (s),2006-01-01,7,7,1,1,8,8,16
COLLANA,desnutricion global,sobrepeso (s),2006-01-01,4,0,0,1,4,1,5
COLOMI,desnutricion global,sobrepeso (s),2006-01-01,16,13,5,2,21,15,36
COLPA BELGICA,desnutricion global,sobrepeso (s),2006-01-01,10,9,2,6,12,15,27
COLQUECHACA,desnutricion global,sobrepeso (s),2006-01-01,4,2,1,0,5,2,7
COLQUENCHA,desnutricion global,sobrepeso (s),2006-01-01,5,3,1,0,6,3,9
COLQUIRI,desnutricion global,sobrepeso (s),2006-01-01,1,9,7,5,8,14,22
COMARAPA,desnutricion global,sobrepeso (s),2006-01-01,53,61,13,11,66,72,138
CONCEPCION,desnutricion global,sobrepeso (s),2006-01-01,7,1,1,0,8,1,9
COPACABANA,desnutricion global,sobrepeso (s),2006-01-01,14,4,1,5,15,9,24
CORIPATA,desnutricion global,sobrepeso (s),2006-01-01,23,18,1,0,24,18,42
CORO CORO,desnutricion global,sobrepeso (s),2006-01-01,6,6,0,1,6,7,13
COROICO,desnutricion global,sobrepeso (s),2006-01-01,5,2,4,1,9,3,12
CORQUE,desnutricion global,sobrepeso (s),2006-01-01,4,1,1,0,5,1,6
COTAGAITA,desnutricion global,sobrepeso (s),2006-01-01,18,9,3,0,21,9,30
COTOCA,desnutricion global,sobrepeso (s),2006-01-01,52,24,8,2,60,26,86
CUATRO CAÑADAS,desnutricion global,sobrepeso (s),2006-01-01,29,9,2,1,31,10,41
CUCHUMUELA (V. G. VILLARROEL),desnutricion global,sobrepeso (s),2006-01-01,2,0,0,0,2,0,2
CUEVO,desnutricion global,sobrepeso (s),2006-01-01,6,1,1,1,7,2,9
CULPINA,desnutricion global,sobrepeso (s),2006-01-01,14,8,3,3,17,11,28
CURAHUARA DE CARANGAS,desnutricion global,sobrepeso (s),2006-01-01,3,3,0,0,3,3,6
CURVA,desnutricion global,sobrepeso (s),2006-01-01,0,2,1,1,1,3,4
DESAGUADERO,desnutricion global,sobrepeso (s),2006-01-01,6,10,1,0,7,10,17
EL ALTO,desnutricion global,sobrepeso (s),2006-01-01,480,432,78,101,558,533,1091
EL CHORO,desnutricion global,sobrepeso (s),2006-01-01,3,3,0,0,3,3,6
EL PUENTE(STC),desnutricion global,sobrepeso (s),2006-01-01,17,16,3,0,20,16,36
EL PUENTE(TJA),desnutricion global,sobrepeso (s),2006-01-01,5,5,0,0,5,5,10
EL TORNO,desnutricion global,sobrepeso (s),2006-01-01,68,40,11,6,79,46,125
EL VILLAR,desnutricion global,sobrepeso (s),2006-01-01,8,6,5,1,13,7,20
ENTRE RIOS,desnutricion global,sobrepeso (s),2006-01-01,28,23,3,7,31,30,61
ENTRE RIOS,desnutricion global,sobrepeso (s),2006-01-01,44,27,3,4,47,31,78
EUCALIPTUS,desnutricion global,sobrepeso (s),2006-01-01,12,6,2,0,14,6,20
EUREKA (SANTOS MERCADO),desnutricion global,sobrepeso (s),2006-01-01,1,0,2,1,3,1,4
EXALTACION,desnutricion global,sobrepeso (s),2006-01-01,8,2,3,1,11,3,14
FERNANDEZ ALONSO,desnutricion global,sobrepeso (s),2006-01-01,32,18,3,6,35,24,59
FILADELFIA,desnutricion global,sobrepeso (s),2006-01-01,9,4,2,3,11,7,18
GENERAL SAAVEDRA,desnutricion global,sobrepeso (s),2006-01-01,18,22,3,7,21,29,50
GRAL. J.J. PEREZ (CHARAZANI),desnutricion global,sobrepeso (s),2006-01-01,6,7,0,1,6,8,14
GUANAY,desnutricion global,sobrepeso (s),2006-01-01,21,19,4,0,25,19,44
GUAQUI,desnutricion global,sobrepeso (s),2006-01-01,3,5,1,0,4,5,9
GUAYARAMERIN,desnutricion global,sobrepeso (s),2006-01-01,97,60,11,15,108,75,183
GUTIERREZ,desnutricion global,sobrepeso (s),2006-01-01,19,21,7,5,26,26,52
HUACARETA,desnutricion global,sobrepeso (s),2006-01-01,8,14,5,3,13,17,30
HUACAYA (VILLA DE HUACAYA),desnutricion global,sobrepeso (s),2006-01-01,4,4,0,0,4,4,8
HUACHACALLA,desnutricion global,sobrepeso (s),2006-01-01,1,0,0,0,1,0,1
HUANUNI,desnutricion global,sobrepeso (s),2006-01-01,20,16,0,4,20,20,40
HUARACAJE,desnutricion global,sobrepeso (s),2006-01-01,6,3,1,1,7,4,11
ICHOCA,desnutricion global,sobrepeso (s),2006-01-01,5,1,0,1,5,2,7
ICLA,desnutricion global,sobrepeso (s),2006-01-01,4,5,2,0,6,5,11
INCAHUASI,desnutricion global,sobrepeso (s),2006-01-01,16,26,1,3,17,29,46
INQUISIVI,desnutricion global,sobrepeso (s),2006-01-01,19,17,2,3,21,20,41
IRUPANA (VILLA DE LANZA),desnutricion global,sobrepeso (s),2006-01-01,8,7,9,2,17,9,26
IXIAMAS,desnutricion global,sobrepeso (s),2006-01-01,11,4,2,2,13,6,19
JESUS DE MACHACA,desnutricion global,sobrepeso (s),2006-01-01,4,4,0,0,4,4,8
LA ASUNTA,desnutricion global,sobrepeso (s),2006-01-01,15,17,0,0,15,17,32
LA GUARDIA,desnutricion global,sobrepeso (s),2006-01-01,91,40,18,18,109,58,167
LA PAZ,desnutricion global,sobrepeso (s),2006-01-01,501,463,195,168,696,631,1327
LAGUNILLAS,desnutricion global,sobrepeso (s),2006-01-01,15,20,4,5,19,25,44
LAJA,desnutricion global,sobrepeso (s),2006-01-01,16,9,2,1,18,10,28
LAS CARRERAS,desnutricion global,sobrepeso (s),2006-01-01,3,4,2,0,5,4,9
LLALLAGUA,desnutricion global,sobrepeso (s),2006-01-01,49,46,9,10,58,56,114
LLICA,desnutricion global,sobrepeso (s),2006-01-01,1,1,0,0,1,1,2
LORETO,desnutricion global,sobrepeso (s),2006-01-01,11,5,1,1,12,6,18
LURIBAY,desnutricion global,sobrepeso (s),2006-01-01,6,3,0,0,6,3,9
MACHACAMARCA,desnutricion global,sobrepeso (s),2006-01-01,4,3,1,0,5,3,8
MACHARETI,desnutricion global,sobrepeso (s),2006-01-01,14,27,11,14,25,41,66
MAGDALENA,desnutricion global,sobrepeso (s),2006-01-01,24,17,0,3,24,20,44
MAIRANA,desnutricion global,sobrepeso (s),2006-01-01,20,21,5,2,25,23,48
MALLA,desnutricion global,sobrepeso (s),2006-01-01,2,2,0,0,2,2,4
MAPIRI,desnutricion global,sobrepeso (s),2006-01-01,20,5,1,7,21,12,33
MECAPACA,desnutricion global,sobrepeso (s),2006-01-01,12,3,1,1,13,4,17
MINEROS,desnutricion global,sobrepeso (s),2006-01-01,58,38,8,13,66,51,117
MIZQUE,desnutricion global,sobrepeso (s),2006-01-01,19,6,3,2,22,8,30
MOCOMOCO,desnutricion global,sobrepeso (s),2006-01-01,4,2,1,0,5,2,7
MOJOCOYA,desnutricion global,sobrepeso (s),2006-01-01,11,7,3,2,14,9,23
MONTEAGUDO,desnutricion global,sobrepeso (s),2006-01-01,58,55,12,5,70,60,130
MONTERO,desnutricion global,sobrepeso (s),2006-01-01,228,179,75,76,303,255,558
MORO MORO,desnutricion global,sobrepeso (s),2006-01-01,4,4,3,0,7,4,11
MOROCHATA,desnutricion global,sobrepeso (s),2006-01-01,13,12,2,0,15,12,27
NACEBE (SANTA ROSA DEL ABUNA),desnutricion global,sobrepeso (s),2006-01-01,0,1,0,0,0,1,1
NUEVO MANOA (NUEVA ESPERANZA),desnutricion global,sobrepeso (s),2006-01-01,1,1,0,1,1,2,3
OCURI,desnutricion global,sobrepeso (s),2006-01-01,3,6,1,0,4,6,10
OKINAWA,desnutricion global,sobrepeso (s),2006-01-01,13,10,1,2,14,12,26
OMEREQUE,desnutricion global,sobrepeso (s),2006-01-01,6,9,2,0,8,9,17
ORURO,desnutricion global,sobrepeso (s),2006-01-01,196,162,31,24,227,186,413
PADCAYA,desnutricion global,sobrepeso (s),2006-01-01,20,13,11,6,31,19,50
PADILLA,desnutricion global,sobrepeso (s),2006-01-01,25,24,6,1,31,25,56
PAILON,desnutricion global,sobrepeso (s),2006-01-01,20,47,13,0,33,47,80
PALCA,desnutricion global,sobrepeso (s),2006-01-01,8,6,1,2,9,8,17
PALOS BLANCOS,desnutricion global,sobrepeso (s),2006-01-01,20,27,4,3,24,30,54
PAMPA AULLAGAS,desnutricion global,sobrepeso (s),2006-01-01,1,1,0,0,1,1,2
PAMPA GRANDE,desnutricion global,sobrepeso (s),2006-01-01,16,12,3,1,19,13,32
PASORAPA,desnutricion global,sobrepeso (s),2006-01-01,2,11,0,3,2,14,16
PATACAMAYA,desnutricion global,sobrepeso (s),2006-01-01,11,5,2,3,13,8,21
PAZÑA,desnutricion global,sobrepeso (s),2006-01-01,4,2,0,0,4,2,6
PELECHUCO,desnutricion global,sobrepeso (s),2006-01-01,1,3,0,0,1,3,4
POCOATA,desnutricion global,sobrepeso (s),2006-01-01,10,8,3,4,13,12,25
POCONA,desnutricion global,sobrepeso (s),2006-01-01,8,10,4,2,12,12,24
POJO (CBBA),desnutricion global,sobrepeso (s),2006-01-01,8,7,2,0,10,7,17
POOPO,desnutricion global,sobrepeso (s),2006-01-01,2,4,0,2,2,6,8
PORCO,desnutricion global,sobrepeso (s),2006-01-01,3,2,1,0,4,2,6
POROMA,desnutricion global,sobrepeso (s),2006-01-01,12,7,0,2,12,9,21
PORONGO,desnutricion global,sobrepeso (s),2006-01-01,3,7,1,0,4,7,11
PORTACHUELO,desnutricion global,sobrepeso (s),2006-01-01,57,52,12,14,69,66,135
PORVENIR,desnutricion global,sobrepeso (s),2006-01-01,6,5,2,0,8,5,13
POSTRER VALLE,desnutricion global,sobrepeso (s),2006-01-01,4,9,5,0,9,9,18
POTOSI,desnutricion global,sobrepeso (s),2006-01-01,82,51,8,6,90,57,147
PRESTO,desnutricion global,sobrepeso (s),2006-01-01,6,2,0,1,6,3,9
PUCARA,desnutricion global,sobrepeso (s),2006-01-01,1,0,1,0,2,0,2
PUCARANI,desnutricion global,sobrepeso (s),2006-01-01,30,18,2,3,32,21,53
PUERTO ACOSTA,desnutricion global,sobrepeso (s),2006-01-01,17,8,20,20,37,28,65
PUERTO CARABUCO,desnutricion global,sobrepeso (s),2006-01-01,21,8,4,3,25,11,36
PUERTO GONZALO MORENO,desnutricion global,sobrepeso (s),2006-01-01,2,1,0,0,2,1,3
PUERTO PEREZ,desnutricion global,sobrepeso (s),2006-01-01,9,2,0,2,9,4,13
PUERTO QUIJARRO,desnutricion global,sobrepeso (s),2006-01-01,31,41,3,4,34,45,79
PUERTO RICO,desnutricion global,sobrepeso (s),2006-01-01,11,17,2,1,13,18,31
PUERTO SILES,desnutricion global,sobrepeso (s),2006-01-01,3,2,1,1,4,3,7
PUERTO SUAREZ,desnutricion global,sobrepeso (s),2006-01-01,21,24,8,8,29,32,61
PUERTO VILLARROEL,desnutricion global,sobrepeso (s),2006-01-01,74,49,10,3,84,52,136
PUNA,desnutricion global,sobrepeso (s),2006-01-01,15,5,3,2,18,7,25
PUNATA,desnutricion global,sobrepeso (s),2006-01-01,12,15,2,1,14,16,30
QUILLACOLLO,desnutricion global,sobrepeso (s),2006-01-01,71,69,17,11,88,80,168
QUIME,desnutricion global,sobrepeso (s),2006-01-01,3,8,1,3,4,11,15
QUIRUSILLAS,desnutricion global,sobrepeso (s),2006-01-01,6,4,1,0,7,4,11
RAVELO,desnutricion global,sobrepeso (s),2006-01-01,3,3,0,0,3,3,6
REYES,desnutricion global,sobrepeso (s),2006-01-01,30,26,3,5,33,31,64
RIBERALTA,desnutricion global,sobrepeso (s),2006-01-01,40,23,10,3,50,26,76
ROBORE,desnutricion global,sobrepeso (s),2006-01-01,13,11,11,8,24,19,43
RURRENABAQUE,desnutricion global,sobrepeso (s),2006-01-01,60,30,6,4,66,34,100
SABAYA,desnutricion global,sobrepeso (s),2006-01-01,4,0,0,0,4,0,4
SACABA,desnutricion global,sobrepeso (s),2006-01-01,29,19,2,1,31,20,51
SACABAMBA,desnutricion global,sobrepeso (s),2006-01-01,1,0,0,0,1,0,1
SACACA,desnutricion global,sobrepeso (s),2006-01-01,2,4,1,0,3,4,7
SAIPINA,desnutricion global,sobrepeso (s),2006-01-01,36,20,12,4,48,24,72
SALINAS DE GARCI MENDOZA,desnutricion global,sobrepeso (s),2006-01-01,10,3,2,1,12,4,16
SAMAIPATA,desnutricion global,sobrepeso (s),2006-01-01,18,12,5,2,23,14,37
SAN AGUSTIN,desnutricion global,sobrepeso (s),2006-01-01,0,2,0,0,0,2,2
SAN ANDRES,desnutricion global,sobrepeso (s),2006-01-01,12,5,1,0,13,5,18
SAN ANTONIO DE LOMERIO,desnutricion global,sobrepeso (s),2006-01-01,3,2,0,1,3,3,6
SAN BENITO,desnutricion global,sobrepeso (s),2006-01-01,10,1,0,0,10,1,11
SAN BORJA,desnutricion global,sobrepeso (s),2006-01-01,60,38,13,6,73,44,117
SAN BUENA VENTURA,desnutricion global,sobrepeso (s),2006-01-01,11,8,0,1,11,9,20
SAN CARLOS,desnutricion global,sobrepeso (s),2006-01-01,32,35,16,13,48,48,96
SAN IGNACIO,desnutricion global,sobrepeso (s),2006-01-01,18,9,2,1,20,10,30
SAN IGNACIO DE VELASCO,desnutricion global,sobrepeso (s),2006-01-01,78,49,7,10,85,59,144
SAN JAVIER(BNI),desnutricion global,sobrepeso (s),2006-01-01,0,1,0,3,0,4,4
SAN JOAQUIN,desnutricion global,sobrepeso (s),2006-01-01,0,0,9,5,9,5,14
SAN JOSE DE CHIQUITOS,desnutricion global,sobrepeso (s),2006-01-01,16,9,11,6,27,15,42
SAN JUAN DE YAPACANI,desnutricion global,sobrepeso (s),2006-01-01,24,17,1,2,25,19,44
SAN JULIAN,desnutricion global,sobrepeso (s),2006-01-01,14,17,6,6,20,23,43
SAN LORENZO(PND),desnutricion global,sobrepeso (s),2006-01-01,2,3,0,0,2,3,5
SAN LORENZO(TJA),desnutricion global,sobrepeso (s),2006-01-01,17,7,8,2,25,9,34
SAN LUCAS,desnutricion global,sobrepeso (s),2006-01-01,14,23,2,2,16,25,41
SAN MATIAS,desnutricion global,sobrepeso (s),2006-01-01,14,11,5,0,19,11,30
SAN MIGUEL DE VELASCO,desnutricion global,sobrepeso (s),2006-01-01,11,16,3,1,14,17,31
SAN PEDRO,desnutricion global,sobrepeso (s),2006-01-01,47,33,7,11,54,44,98
SAN PEDRO DE BUENA VISTA,desnutricion global,sobrepeso (s),2006-01-01,8,2,3,2,11,4,15
SAN PEDRO DE CURAHUARA,desnutricion global,sobrepeso (s),2006-01-01,9,6,0,1,9,7,16
SAN PEDRO DE TIQUINA,desnutricion global,sobrepeso (s),2006-01-01,0,4,1,0,1,4,5
SAN PEDRO(PND),desnutricion global,sobrepeso (s),2006-01-01,1,0,0,0,1,0,1
SAN RAFAEL,desnutricion global,sobrepeso (s),2006-01-01,3,7,3,0,6,7,13
SAN RAMON,desnutricion global,sobrepeso (s),2006-01-01,11,9,3,3,14,12,26
SANTA ANA,desnutricion global,sobrepeso (s),2006-01-01,85,41,29,15,114,56,170
SANTA CRUZ DE LA SIERRA,desnutricion global,sobrepeso (s),2006-01-01,1387,1082,455,453,1842,1535,3377
SANTA ROSA,desnutricion global,sobrepeso (s),2006-01-01,25,25,1,2,26,27,53
SANTA ROSA DEL SARA,desnutricion global,sobrepeso (s),2006-01-01,20,14,16,10,36,24,60
SANTIAGO DE CALLAPA,desnutricion global,sobrepeso (s),2006-01-01,1,0,0,0,1,0,1
SANTIAGO DE HUARI,desnutricion global,sobrepeso (s),2006-01-01,2,3,0,1,2,4,6
SANTIAGO DE MACHACA,desnutricion global,sobrepeso (s),2006-01-01,1,0,0,0,1,0,1
SANTIVAÑES,desnutricion global,sobrepeso (s),2006-01-01,7,5,3,0,10,5,15
SAPAHAQUI,desnutricion global,sobrepeso (s),2006-01-01,4,1,2,3,6,4,10
SENA,desnutricion global,sobrepeso (s),2006-01-01,6,4,3,1,9,5,14
SICA SICA (VILLA AROMA),desnutricion global,sobrepeso (s),2006-01-01,3,5,2,0,5,5,10
SICAYA,desnutricion global,sobrepeso (s),2006-01-01,2,0,0,0,2,0,2
SIPE SIPE,desnutricion global,sobrepeso (s),2006-01-01,38,40,11,9,49,49,98
SOPACHUY,desnutricion global,sobrepeso (s),2006-01-01,8,3,0,1,8,4,12
SORACACHI,desnutricion global,sobrepeso (s),2006-01-01,4,1,0,2,4,3,7
SORATA,desnutricion global,sobrepeso (s),2006-01-01,12,14,1,1,13,15,28
SUCRE,desnutricion global,sobrepeso (s),2006-01-01,170,152,31,35,201,187,388
TACACHI,desnutricion global,sobrepeso (s),2006-01-01,0,1,0,0,0,1,1
TACACOMA,desnutricion global,sobrepeso (s),2006-01-01,8,8,1,1,9,9,18
TACOBAMBA,desnutricion global,sobrepeso (s),2006-01-01,12,7,1,0,13,7,20
TACOPAYA,desnutricion global,sobrepeso (s),2006-01-01,7,1,1,1,8,2,10
TAPACARI,desnutricion global,sobrepeso (s),2006-01-01,1,3,0,1,1,4,5
TARABUCO,desnutricion global,sobrepeso (s),2006-01-01,19,17,1,3,20,20,40
TARATA,desnutricion global,sobrepeso (s),2006-01-01,9,9,2,1,11,10,21
TARIJA,desnutricion global,sobrepeso (s),2006-01-01,305,220,54,44,359,264,623
TARVITA,desnutricion global,sobrepeso (s),2006-01-01,12,11,5,0,17,11,28
TEOPONTE,desnutricion global,sobrepeso (s),2006-01-01,27,31,9,5,36,36,72
TIAWANACU,desnutricion global,sobrepeso (s),2006-01-01,3,5,0,2,3,7,10
TINGUIPAYA,desnutricion global,sobrepeso (s),2006-01-01,8,5,0,1,8,6,14
TIPUANI,desnutricion global,sobrepeso (s),2006-01-01,20,10,0,0,20,10,30
TIQUIPAYA,desnutricion global,sobrepeso (s),2006-01-01,20,21,4,6,24,27,51
TIRAQUE (CBBA),desnutricion global,sobrepeso (s),2006-01-01,59,67,8,10,67,77,144
TITO YUPANQUI (PARQUIPUJIO),desnutricion global,sobrepeso (s),2006-01-01,3,2,0,0,3,2,5
TOCO,desnutricion global,sobrepeso (s),2006-01-01,2,0,0,0,2,0,2
TOLATA,desnutricion global,sobrepeso (s),2006-01-01,1,0,0,0,1,0,1
TOLEDO,desnutricion global,sobrepeso (s),2006-01-01,1,2,0,0,1,2,3
TOMAVE,desnutricion global,sobrepeso (s),2006-01-01,1,2,0,0,1,2,3
TOMINA,desnutricion global,sobrepeso (s),2006-01-01,14,20,10,8,24,28,52
TORO TORO,desnutricion global,sobrepeso (s),2006-01-01,2,5,1,2,3,7,10
TOTORA(CBBA),desnutricion global,sobrepeso (s),2006-01-01,7,3,0,0,7,3,10
TOTORA(ORR),desnutricion global,sobrepeso (s),2006-01-01,1,1,0,0,1,1,2
TRIGAL,desnutricion global,sobrepeso (s),2006-01-01,12,0,4,1,16,1,17
TRINIDAD,desnutricion global,sobrepeso (s),2006-01-01,172,118,33,14,205,132,337
TUPIZA,desnutricion global,sobrepeso (s),2006-01-01,23,21,5,4,28,25,53
TURCO,desnutricion global,sobrepeso (s),2006-01-01,4,3,0,0,4,3,7
UMALA,desnutricion global,sobrepeso (s),2006-01-01,1,4,0,0,1,4,5
UNCIA,desnutricion global,sobrepeso (s),2006-01-01,2,2,0,0,2,2,4
URIONDO (A. CONCEPCION),desnutricion global,sobrepeso (s),2006-01-01,38,14,32,12,70,26,96
UYUNI,desnutricion global,sobrepeso (s),2006-01-01,3,2,0,0,3,2,5
VACAS,desnutricion global,sobrepeso (s),2006-01-01,2,3,2,3,4,6,10
VALLEGRANDE,desnutricion global,sobrepeso (s),2006-01-01,21,24,6,5,27,29,56
VIACHA,desnutricion global,sobrepeso (s),2006-01-01,33,23,3,13,36,36,72
VILA VILA,desnutricion global,sobrepeso (s),2006-01-01,2,0,0,0,2,0,2
VILLA MONTES,desnutricion global,sobrepeso (s),2006-01-01,59,35,6,11,65,46,111
VILLA NUEVA (LOMA ALTA),desnutricion global,sobrepeso (s),2006-01-01,3,5,0,0,3,5,8
VILLA RIVERO,desnutricion global,sobrepeso (s),2006-01-01,0,6,0,0,0,6,6
VILLA SERRANO,desnutricion global,sobrepeso (s),2006-01-01,18,9,2,3,20,12,32
VILLA TUNARI,desnutricion global,sobrepeso (s),2006-01-01,29,19,8,5,37,24,61
VILLA VACA GUZMAN (MUYUPAMPA),desnutricion global,sobrepeso (s),2006-01-01,20,13,7,3,27,16,43
VILLAZON,desnutricion global,sobrepeso (s),2006-01-01,45,31,4,4,49,35,84
VITICHI,desnutricion global,sobrepeso (s),2006-01-01,9,5,0,1,9,6,15
WALDO BALLIVIAN,desnutricion global,sobrepeso (s),2006-01-01,1,0,0,0,1,0,1
WARNES,desnutricion global,sobrepeso (s),2006-01-01,89,105,28,20,117,125,242
YACO,desnutricion global,sobrepeso (s),2006-01-01,0,1,0,0,0,1,1
YACUIBA,desnutricion global,sobrepeso (s),2006-01-01,49,47,5,3,54,50,104
YAMPARAEZ,desnutricion global,sobrepeso (s),2006-01-01,6,5,0,0,6,5,11
YAPACANI,desnutricion global,sobrepeso (s),2006-01-01,89,97,14,21,103,118,221
YOCALLA,desnutricion global,sobrepeso (s),2006-01-01,1,1,1,2,2,3,5
YOTALA,desnutricion global,sobrepeso (s),2006-01-01,8,7,2,2,10,9,19
YUNCHARA,desnutricion global,sobrepeso (s),2006-01-01,9,9,13,12,22,21,43
ZUDAÑEZ,desnutricion global,sobrepeso (s),2006-01-01,11,5,2,1,13,6,19
ACACIO,desnutricion global,sobrepeso (s),2006-02-01,6,8,1,0,7,8,15
ACHACACHI,desnutricion global,sobrepeso (s),2006-02-01,28,31,14,11,42,42,84
ACHOCALLA,desnutricion global,sobrepeso (s),2006-02-01,18,5,4,2,22,7,29
AIQUILE,desnutricion global,sobrepeso (s),2006-02-01,10,9,3,5,13,14,27
ALALAY,desnutricion global,sobrepeso (s),2006-02-01,0,1,0,3,0,4,4
ALCALA,desnutricion global,sobrepeso (s),2006-02-01,7,4,0,0,7,4,11
ANCORAIMES,desnutricion global,sobrepeso (s),2006-02-01,1,2,2,0,3,2,5
ANDAMARCA,desnutricion global,sobrepeso (s),2006-02-01,0,2,1,4,1,6,7
ANZALDO,desnutricion global,sobrepeso (s),2006-02-01,2,3,3,2,5,5,10
APOLO,desnutricion global,sobrepeso (s),2006-02-01,30,20,3,3,33,23,56
ARAMPAMPA,desnutricion global,sobrepeso (s),2006-02-01,4,0,2,0,6,0,6
ARANI,desnutricion global,sobrepeso (s),2006-02-01,6,5,0,2,6,7,13
ARBIETO,desnutricion global,sobrepeso (s),2006-02-01,4,4,0,1,4,5,9
ARQUE,desnutricion global,sobrepeso (s),2006-02-01,2,2,1,1,3,3,6
ASCENCION DE GUARAYOS,desnutricion global,sobrepeso (s),2006-02-01,40,50,14,11,54,61,115
ATOCHA,desnutricion global,sobrepeso (s),2006-02-01,13,20,4,3,17,23,40
AUCAPATA,desnutricion global,sobrepeso (s),2006-02-01,4,1,0,0,4,1,5
AYATA,desnutricion global,sobrepeso (s),2006-02-01,4,1,0,0,4,1,5
AYO AYO,desnutricion global,sobrepeso (s),2006-02-01,4,4,0,0,4,4,8
AYOPAYA (V. DE INDEPENDENCIA),desnutricion global,sobrepeso (s),2006-02-01,17,17,1,0,18,17,35
AZURDUY,desnutricion global,sobrepeso (s),2006-02-01,8,6,2,1,10,7,17
BATALLAS,desnutricion global,sobrepeso (s),2006-02-01,5,2,1,1,6,3,9
BAURES,desnutricion global,sobrepeso (s),2006-02-01,7,9,2,3,9,12,21
BELEN DE ANDAMARCA,desnutricion global,sobrepeso (s),2006-02-01,1,1,0,0,1,1,2
BELEN DE URMIRI,desnutricion global,sobrepeso (s),2006-02-01,1,2,0,0,1,2,3
BELLA FLOR,desnutricion global,sobrepeso (s),2006-02-01,2,3,0,0,2,3,5
BERMEJO,desnutricion global,sobrepeso (s),2006-02-01,14,8,3,1,17,9,26
BETANZOS,desnutricion global,sobrepeso (s),2006-02-01,10,11,0,0,10,11,21
BOLIVAR,desnutricion global,sobrepeso (s),2006-02-01,0,0,0,1,0,1,1
BOYUIBE,desnutricion global,sobrepeso (s),2006-02-01,2,4,0,3,2,7,9
BUENA VISTA,desnutricion global,sobrepeso (s),2006-02-01,28,24,10,17,38,41,79
CABEZAS,desnutricion global,sobrepeso (s),2006-02-01,40,31,3,16,43,47,90
CAIROMA,desnutricion global,sobrepeso (s),2006-02-01,6,7,0,0,6,7,13
"CAIZA ""D""",desnutricion global,sobrepeso (s),2006-02-01,4,7,0,0,4,7,11
CAJUATA,desnutricion global,sobrepeso (s),2006-02-01,13,7,1,0,14,7,21
CALACOTO,desnutricion global,sobrepeso (s),2006-02-01,1,1,0,0,1,1,2
CALAMARCA,desnutricion global,sobrepeso (s),2006-02-01,11,4,0,2,11,6,17
CAMARGO,desnutricion global,sobrepeso (s),2006-02-01,25,12,7,1,32,13,45
CAMATAQUI (C. VILLA ABECIA),desnutricion global,sobrepeso (s),2006-02-01,4,3,0,1,4,4,8
CAMIRI,desnutricion global,sobrepeso (s),2006-02-01,100,60,26,10,126,70,196
CAPINOTA,desnutricion global,sobrepeso (s),2006-02-01,11,5,2,2,13,7,20
CAQUIAVIRI,desnutricion global,sobrepeso (s),2006-02-01,13,3,1,2,14,5,19
CARACOLLO,desnutricion global,sobrepeso (s),2006-02-01,15,4,0,0,15,4,19
CARANAVI,desnutricion global,sobrepeso (s),2006-02-01,102,72,11,6,113,78,191
CARAPARI,desnutricion global,sobrepeso (s),2006-02-01,25,21,9,0,34,21,55
CARIPUYO,desnutricion global,sobrepeso (s),2006-02-01,2,1,0,0,2,1,3
CARMEN RIVERO TORREZ,desnutricion global,sobrepeso (s),2006-02-01,8,2,1,0,9,2,11
CHALLAPATA,desnutricion global,sobrepeso (s),2006-02-01,11,20,1,2,12,22,34
CHAQUI,desnutricion global,sobrepeso (s),2006-02-01,3,8,0,1,3,9,12
CHARAGUA,desnutricion global,sobrepeso (s),2006-02-01,62,49,7,13,69,62,131
CHARAÑA,desnutricion global,sobrepeso (s),2006-02-01,0,1,0,0,0,1,1
CHAYANTA,desnutricion global,sobrepeso (s),2006-02-01,5,6,0,1,5,7,12
CHIMORE,desnutricion global,sobrepeso (s),2006-02-01,0,3,0,3,0,6,6
CHIPAYA,desnutricion global,sobrepeso (s),2006-02-01,3,0,0,0,3,0,3
CHOQUE COTA,desnutricion global,sobrepeso (s),2006-02-01,0,1,0,0,0,1,1
CHULUMANI (V. DE LA LIBERTAD),desnutricion global,sobrepeso (s),2006-02-01,9,3,0,1,9,4,13
CHUMA,desnutricion global,sobrepeso (s),2006-02-01,3,3,1,0,4,3,7
CLIZA,desnutricion global,sobrepeso (s),2006-02-01,24,17,7,3,31,20,51
COBIJA,desnutricion global,sobrepeso (s),2006-02-01,75,68,8,10,83,78,161
COCHABAMBA,desnutricion global,sobrepeso (s),2006-02-01,301,302,52,49,353,351,704
COIPASA,desnutricion global,sobrepeso (s),2006-02-01,0,1,0,0,0,1,1
COLCAPIRHUA,desnutricion global,sobrepeso (s),2006-02-01,28,33,2,7,30,40,70
"COLCHA ""K""",desnutricion global,sobrepeso (s),2006-02-01,6,5,1,0,7,5,12
COLLANA,desnutricion global,sobrepeso (s),2006-02-01,5,3,0,2,5,5,10
COLOMI,desnutricion global,sobrepeso (s),2006-02-01,18,18,2,1,20,19,39
COLPA BELGICA,desnutricion global,sobrepeso (s),2006-02-01,9,11,2,5,11,16,27
COLQUECHACA,desnutricion global,sobrepeso (s),2006-02-01,23,23,7,2,30,25,55
COLQUENCHA,desnutricion global,sobrepeso (s),2006-02-01,4,0,1,0,5,0,5
COLQUIRI,desnutricion global,sobrepeso (s),2006-02-01,3,17,5,3,8,20,28
COMANCHE,desnutricion global,sobrepeso (s),2006-02-01,1,0,0,0,1,0,1
COMARAPA,desnutricion global,sobrepeso (s),2006-02-01,52,46,32,27,84,73,157
CONCEPCION,desnutricion global,sobrepeso (s),2006-02-01,2,6,0,1,2,7,9
COPACABANA,desnutricion global,sobrepeso (s),2006-02-01,30,8,4,4,34,12,46
CORIPATA,desnutricion global,sobrepeso (s),2006-02-01,30,24,3,2,33,26,59
CORO CORO,desnutricion global,sobrepeso (s),2006-02-01,4,2,1,3,5,5,10
COROICO,desnutricion global,sobrepeso (s),2006-02-01,0,2,3,1,3,3,6
CORQUE,desnutricion global,sobrepeso (s),2006-02-01,3,2,0,0,3,2,5
COTAGAITA,desnutricion global,sobrepeso (s),2006-02-01,9,11,4,2,13,13,26
COTOCA,desnutricion global,sobrepeso (s),2006-02-01,47,18,6,2,53,20,73
CUATRO CAÑADAS,desnutricion global,sobrepeso (s),2006-02-01,26,12,1,1,27,13,40
CUCHUMUELA (V. G. VILLARROEL),desnutricion global,sobrepeso (s),2006-02-01,1,0,1,0,2,0,2
CUEVO,desnutricion global,sobrepeso (s),2006-02-01,2,6,2,1,4,7,11
CULPINA,desnutricion global,sobrepeso (s),2006-02-01,12,10,3,1,15,11,26
CURAHUARA DE CARANGAS,desnutricion global,sobrepeso (s),2006-02-01,4,10,0,1,4,11,15
CURVA,desnutricion global,sobrepeso (s),2006-02-01,3,6,1,0,4,6,10
DESAGUADERO,desnutricion global,sobrepeso (s),2006-02-01,5,2,0,0,5,2,7
EL ALTO,desnutricion global,sobrepeso (s),2006-02-01,473,450,96,111,569,561,1130
EL CHORO,desnutricion global,sobrepeso (s),2006-02-01,3,2,0,0,3,2,5
EL PUENTE(STC),desnutricion global,sobrepeso (s),2006-02-01,15,14,2,0,17,14,31
EL PUENTE(TJA),desnutricion global,sobrepeso (s),2006-02-01,7,5,0,0,7,5,12
EL TORNO,desnutricion global,sobrepeso (s),2006-02-01,57,27,11,2,68,29,97
EL VILLAR,desnutricion global,sobrepeso (s),2006-02-01,11,2,3,1,14,3,17
ENTRE RIOS,desnutricion global,sobrepeso (s),2006-02-01,54,32,11,12,65,44,109
ENTRE RIOS,desnutricion global,sobrepeso (s),2006-02-01,48,31,2,9,50,40,90
EUCALIPTUS,desnutricion global,sobrepeso (s),2006-02-01,6,4,0,4,6,8,14
EXALTACION,desnutricion global,sobrepeso (s),2006-02-01,3,7,4,1,7,8,15
FERNANDEZ ALONSO,desnutricion global,sobrepeso (s),2006-02-01,22,15,5,6,27,21,48
FILADELFIA,desnutricion global,sobrepeso (s),2006-02-01,2,2,0,0,2,2,4
GENERAL SAAVEDRA,desnutricion global,sobrepeso (s),2006-02-01,43,37,16,5,59,42,101
GRAL. J.J. PEREZ (CHARAZANI),desnutricion global,sobrepeso (s),2006-02-01,5,7,0,0,5,7,12
GUANAY,desnutricion global,sobrepeso (s),2006-02-01,22,12,6,3,28,15,43
GUAQUI,desnutricion global,sobrepeso (s),2006-02-01,3,1,3,0,6,1,7
GUAYARAMERIN,desnutricion global,sobrepeso (s),2006-02-01,75,76,8,7,83,83,166
GUTIERREZ,desnutricion global,sobrepeso (s),2006-02-01,57,20,6,4,63,24,87
HUACARETA,desnutricion global,sobrepeso (s),2006-02-01,11,17,4,3,15,20,35
HUACAYA (VILLA DE HUACAYA),desnutricion global,sobrepeso (s),2006-02-01,0,3,2,0,2,3,5
HUACHACALLA,desnutricion global,sobrepeso (s),2006-02-01,2,2,0,0,2,2,4
HUANUNI,desnutricion global,sobrepeso (s),2006-02-01,26,29,1,1,27,30,57
HUARACAJE,desnutricion global,sobrepeso (s),2006-02-01,5,2,1,0,6,2,8
ICHOCA,desnutricion global,sobrepeso (s),2006-02-01,4,2,0,1,4,3,7
ICLA,desnutricion global,sobrepeso (s),2006-02-01,7,4,1,0,8,4,12
INCAHUASI,desnutricion global,sobrepeso (s),2006-02-01,14,19,3,0,17,19,36
INGAVI (HUMAITA),desnutricion global,sobrepeso (s),2006-02-01,1,4,0,1,1,5,6
INQUISIVI,desnutricion global,sobrepeso (s),2006-02-01,5,11,3,1,8,12,20
IRUPANA (VILLA DE LANZA),desnutricion global,sobrepeso (s),2006-02-01,23,9,4,4,27,13,40
IXIAMAS,desnutricion global,sobrepeso (s),2006-02-01,12,3,0,0,12,3,15
JESUS DE MACHACA,desnutricion global,sobrepeso (s),2006-02-01,1,3,0,0,1,3,4
LA ASUNTA,desnutricion global,sobrepeso (s),2006-02-01,14,14,1,1,15,15,30
LA GUARDIA,desnutricion global,sobrepeso (s),2006-02-01,100,52,33,23,133,75,208
LA PAZ,desnutricion global,sobrepeso (s),2006-02-01,483,490,185,182,668,672,1340
LAGUNILLAS,desnutricion global,sobrepeso (s),2006-02-01,27,14,17,12,44,26,70
LAJA,desnutricion global,sobrepeso (s),2006-02-01,11,7,1,1,12,8,20
LAS CARRERAS,desnutricion global,sobrepeso (s),2006-02-01,6,4,1,1,7,5,12
LLALLAGUA,desnutricion global,sobrepeso (s),2006-02-01,50,49,10,11,60,60,120
LLICA,desnutricion global,sobrepeso (s),2006-02-01,0,1,0,0,0,1,1
LORETO,desnutricion global,sobrepeso (s),2006-02-01,8,5,4,2,12,7,19
LURIBAY,desnutricion global,sobrepeso (s),2006-02-01,6,4,1,0,7,4,11
MACHACAMARCA,desnutricion global,sobrepeso (s),2006-02-01,5,5,1,0,6,5,11
MACHARETI,desnutricion global,sobrepeso (s),2006-02-01,21,24,10,11,31,35,66
MAGDALENA,desnutricion global,sobrepeso (s),2006-02-01,16,11,1,1,17,12,29
MAIRANA,desnutricion global,sobrepeso (s),2006-02-01,16,24,1,1,17,25,42
MALLA,desnutricion global,sobrepeso (s),2006-02-01,1,2,0,0,1,2,3
MAPIRI,desnutricion global,sobrepeso (s),2006-02-01,13,14,1,0,14,14,28
MECAPACA,desnutricion global,sobrepeso (s),2006-02-01,11,4,1,0,12,4,16
MINEROS,desnutricion global,sobrepeso (s),2006-02-01,31,32,7,9,38,41,79
MIZQUE,desnutricion global,sobrepeso (s),2006-02-01,39,13,5,4,44,17,61
MOCOMOCO,desnutricion global,sobrepeso (s),2006-02-01,12,5,1,0,13,5,18
MOJINETE,desnutricion global,sobrepeso (s),2006-02-01,0,2,1,0,1,2,3
MOJOCOYA,desnutricion global,sobrepeso (s),2006-02-01,7,6,2,0,9,6,15
MONTEAGUDO,desnutricion global,sobrepeso (s),2006-02-01,76,39,12,11,88,50,138
MONTERO,desnutricion global,sobrepeso (s),2006-02-01,199,195,71,64,270,259,529
MORO MORO,desnutricion global,sobrepeso (s),2006-02-01,5,4,3,0,8,4,12
MOROCHATA,desnutricion global,sobrepeso (s),2006-02-01,17,11,2,2,19,13,32
NACEBE (SANTA ROSA DEL ABUNA),desnutricion global,sobrepeso (s),2006-02-01,1,2,0,0,1,2,3
OCURI,desnutricion global,sobrepeso (s),2006-02-01,4,6,0,2,4,8,12
OKINAWA,desnutricion global,sobrepeso (s),2006-02-01,15,10,0,1,15,11,26
OMEREQUE,desnutricion global,sobrepeso (s),2006-02-01,15,4,1,2,16,6,22
ORURO,desnutricion global,sobrepeso (s),2006-02-01,185,168,46,33,231,201,432
PADCAYA,desnutricion global,sobrepeso (s),2006-02-01,32,24,9,7,41,31,72
PADILLA,desnutricion global,sobrepeso (s),2006-02-01,22,19,2,3,24,22,46
PAILON,desnutricion global,sobrepeso (s),2006-02-01,3,53,12,0,15,53,68
PALCA,desnutricion global,sobrepeso (s),2006-02-01,8,0,1,0,9,0,9
PALOS BLANCOS,desnutricion global,sobrepeso (s),2006-02-01,45,23,4,10,49,33,82
PAMPA AULLAGAS,desnutricion global,sobrepeso (s),2006-02-01,1,4,0,0,1,4,5
PAMPA GRANDE,desnutricion global,sobrepeso (s),2006-02-01,8,5,6,0,14,5,19
PAPEL PAMPA,desnutricion global,sobrepeso (s),2006-02-01,0,1,1,0,1,1,2
PASORAPA,desnutricion global,sobrepeso (s),2006-02-01,6,12,4,1,10,13,23
PATACAMAYA,desnutricion global,sobrepeso (s),2006-02-01,15,13,1,1,16,14,30
PAZÑA,desnutricion global,sobrepeso (s),2006-02-01,5,7,0,1,5,8,13
PELECHUCO,desnutricion global,sobrepeso (s),2006-02-01,1,3,1,0,2,3,5
POCOATA,desnutricion global,sobrepeso (s),2006-02-01,10,10,4,2,14,12,26
POCONA,desnutricion global,sobrepeso (s),2006-02-01,18,5,5,2,23,7,30
POJO (CBBA),desnutricion global,sobrepeso (s),2006-02-01,8,11,1,0,9,11,20
POOPO,desnutricion global,sobrepeso (s),2006-02-01,2,2,0,0,2,2,4
PORCO,desnutricion global,sobrepeso (s),2006-02-01,1,9,2,0,3,9,12
POROMA,desnutricion global,sobrepeso (s),2006-02-01,18,5,1,2,19,7,26
PORONGO,desnutricion global,sobrepeso (s),2006-02-01,2,0,1,0,3,0,3
PORTACHUELO,desnutricion global,sobrepeso (s),2006-02-01,57,41,22,14,79,55,134
PORVENIR,desnutricion global,sobrepeso (s),2006-02-01,2,0,0,0,2,0,2
POSTRER VALLE,desnutricion global,sobrepeso (s),2006-02-01,3,1,3,3,6,4,10
POTOSI,desnutricion global,sobrepeso (s),2006-02-01,89,53,14,9,103,62,165
PRESTO,desnutricion global,sobrepeso (s),2006-02-01,7,7,0,2,7,9,16
PUCARA,desnutricion global,sobrepeso (s),2006-02-01,4,1,0,0,4,1,5
PUCARANI,desnutricion global,sobrepeso (s),2006-02-01,20,19,4,5,24,24,48
PUERTO ACOSTA,desnutricion global,sobrepeso (s),2006-02-01,9,3,6,11,15,14,29
PUERTO CARABUCO,desnutricion global,sobrepeso (s),2006-02-01,6,4,1,0,7,4,11
PUERTO GONZALO MORENO,desnutricion global,sobrepeso (s),2006-02-01,3,2,1,1,4,3,7
PUERTO PEREZ,desnutricion global,sobrepeso (s),2006-02-01,3,0,0,0,3,0,3
PUERTO QUIJARRO,desnutricion global,sobrepeso (s),2006-02-01,37,48,2,2,39,50,89
PUERTO RICO,desnutricion global,sobrepeso (s),2006-02-01,12,8,1,1,13,9,22
PUERTO SILES,desnutricion global,sobrepeso (s),2006-02-01,7,8,3,1,10,9,19
PUERTO SUAREZ,desnutricion global,sobrepeso (s),2006-02-01,18,18,2,6,20,24,44
PUERTO VILLARROEL,desnutricion global,sobrepeso (s),2006-02-01,61,47,13,12,74,59,133
PUNA,desnutricion global,sobrepeso (s),2006-02-01,13,10,1,2,14,12,26
PUNATA,desnutricion global,sobrepeso (s),2006-02-01,10,5,2,0,12,5,17
QUIABAYA,desnutricion global,sobrepeso (s),2006-02-01,2,2,0,1,2,3,5
QUILLACOLLO,desnutricion global,sobrepeso (s),2006-02-01,52,35,5,6,57,41,98
QUIME,desnutricion global,sobrepeso (s),2006-02-01,5,8,0,2,5,10,15
QUIRUSILLAS,desnutricion global,sobrepeso (s),2006-02-01,2,2,2,1,4,3,7
RAVELO,desnutricion global,sobrepeso (s),2006-02-01,8,8,1,0,9,8,17
REYES,desnutricion global,sobrepeso (s),2006-02-01,12,16,5,4,17,20,37
RIBERALTA,desnutricion global,sobrepeso (s),2006-02-01,52,30,5,12,57,42,99
ROBORE,desnutricion global,sobrepeso (s),2006-02-01,14,12,6,1,20,13,33
RURRENABAQUE,desnutricion global,sobrepeso (s),2006-02-01,37,35,4,4,41,39,80
SABAYA,desnutricion global,sobrepeso (s),2006-02-01,3,0,0,0,3,0,3
SACABA,desnutricion global,sobrepeso (s),2006-02-01,39,36,5,2,44,38,82
SACABAMBA,desnutricion global,sobrepeso (s),2006-02-01,3,4,0,1,3,5,8
SACACA,desnutricion global,sobrepeso (s),2006-02-01,5,8,0,0,5,8,13
SAIPINA,desnutricion global,sobrepeso (s),2006-02-01,33,19,7,8,40,27,67
SALINAS DE GARCI MENDOZA,desnutricion global,sobrepeso (s),2006-02-01,6,6,1,1,7,7,14
SAMAIPATA,desnutricion global,sobrepeso (s),2006-02-01,17,8,7,1,24,9,33
SAN AGUSTIN,desnutricion global,sobrepeso (s),2006-02-01,0,1,0,0,0,1,1
SAN ANDRES,desnutricion global,sobrepeso (s),2006-02-01,14,7,7,2,21,9,30
SAN ANDRES DE MACHACA,desnutricion global,sobrepeso (s),2006-02-01,0,2,0,0,0,2,2
SAN ANTONIO DE LOMERIO,desnutricion global,sobrepeso (s),2006-02-01,1,1,0,1,1,2,3
SAN BENITO,desnutricion global,sobrepeso (s),2006-02-01,8,3,2,0,10,3,13
SAN BORJA,desnutricion global,sobrepeso (s),2006-02-01,50,35,11,9,61,44,105
SAN BUENA VENTURA,desnutricion global,sobrepeso (s),2006-02-01,12,7,0,2,12,9,21
SAN CARLOS,desnutricion global,sobrepeso (s),2006-02-01,45,24,15,22,60,46,106
SAN IGNACIO,desnutricion global,sobrepeso (s),2006-02-01,12,8,9,2,21,10,31
SAN IGNACIO DE VELASCO,desnutricion global,sobrepeso (s),2006-02-01,66,36,12,13,78,49,127
SAN JAVIER(BNI),desnutricion global,sobrepeso (s),2006-02-01,3,1,0,1,3,2,5
SAN JAVIER(STC),desnutricion global,sobrepeso (s),2006-02-01,17,9,0,0,17,9,26
SAN JOAQUIN,desnutricion global,sobrepeso (s),2006-02-01,18,13,2,0,20,13,33
SAN JOSE DE CHIQUITOS,desnutricion global,sobrepeso (s),2006-02-01,19,11,9,9,28,20,48
SAN JUAN DE YAPACANI,desnutricion global,sobrepeso (s),2006-02-01,16,10,3,2,19,12,31
SAN JULIAN,desnutricion global,sobrepeso (s),2006-02-01,22,17,10,15,32,32,64
SAN LORENZO(PND),desnutricion global,sobrepeso (s),2006-02-01,2,0,1,0,3,0,3
SAN LORENZO(TJA),desnutricion global,sobrepeso (s),2006-02-01,8,9,1,1,9,10,19
SAN LUCAS,desnutricion global,sobrepeso (s),2006-02-01,15,11,3,2,18,13,31
SAN MATIAS,desnutricion global,sobrepeso (s),2006-02-01,18,13,5,2,23,15,38
SAN MIGUEL DE VELASCO,desnutricion global,sobrepeso (s),2006-02-01,19,16,1,0,20,16,36
SAN PEDRO,desnutricion global,sobrepeso (s),2006-02-01,34,33,14,6,48,39,87
SAN PEDRO DE BUENA VISTA,desnutricion global,sobrepeso (s),2006-02-01,8,6,1,4,9,10,19
SAN PEDRO DE CURAHUARA,desnutricion global,sobrepeso (s),2006-02-01,0,0,1,0,1,0,1
SAN RAFAEL,desnutricion global,sobrepeso (s),2006-02-01,2,6,1,0,3,6,9
SAN RAMON,desnutricion global,sobrepeso (s),2006-02-01,16,9,9,4,25,13,38
SANTA ANA,desnutricion global,sobrepeso (s),2006-02-01,50,37,11,7,61,44,105
SANTA CRUZ DE LA SIERRA,desnutricion global,sobrepeso (s),2006-02-01,1334,1007,504,451,1838,1458,3296
SANTA ROSA,desnutricion global,sobrepeso (s),2006-02-01,2,4,1,2,3,6,9
SANTA ROSA DEL SARA,desnutricion global,sobrepeso (s),2006-02-01,17,9,15,15,32,24,56
SANTIAGO DE CALLAPA,desnutricion global,sobrepeso (s),2006-02-01,1,0,0,0,1,0,1
SANTIAGO DE HUARI,desnutricion global,sobrepeso (s),2006-02-01,5,3,1,2,6,5,11
SANTIAGO DE MACHACA,desnutricion global,sobrepeso (s),2006-02-01,0,0,0,1,0,1,1
SANTIVAÑES,desnutricion global,sobrepeso (s),2006-02-01,6,9,4,3,10,12,22
SANTUARIO DE QUILLACAS,desnutricion global,sobrepeso (s),2006-02-01,0,3,1,0,1,3,4
SAPAHAQUI,desnutricion global,sobrepeso (s),2006-02-01,5,7,0,0,5,7,12
SENA,desnutricion global,sobrepeso (s),2006-02-01,3,4,6,5,9,9,18
SICA SICA (VILLA AROMA),desnutricion global,sobrepeso (s),2006-02-01,4,6,0,0,4,6,10
SICAYA,desnutricion global,sobrepeso (s),2006-02-01,1,2,0,0,1,2,3
SIPE SIPE,desnutricion global,sobrepeso (s),2006-02-01,42,49,11,12,53,61,114
SOPACHUY,desnutricion global,sobrepeso (s),2006-02-01,6,4,1,0,7,4,11
SORACACHI,desnutricion global,sobrepeso (s),2006-02-01,3,3,2,2,5,5,10
SORATA,desnutricion global,sobrepeso (s),2006-02-01,12,15,7,2,19,17,36
SUCRE,desnutricion global,sobrepeso (s),2006-02-01,183,191,52,44,235,235,470
TACACHI,desnutricion global,sobrepeso (s),2006-02-01,1,0,0,0,1,0,1
TACACOMA,desnutricion global,sobrepeso (s),2006-02-01,12,5,0,1,12,6,18
TACOBAMBA,desnutricion global,sobrepeso (s),2006-02-01,13,7,0,0,13,7,20
TACOPAYA,desnutricion global,sobrepeso (s),2006-02-01,1,1,3,0,4,1,5
TAPACARI,desnutricion global,sobrepeso (s),2006-02-01,5,2,2,0,7,2,9
TARABUCO,desnutricion global,sobrepeso (s),2006-02-01,15,21,12,4,27,25,52
TARACO,desnutricion global,sobrepeso (s),2006-02-01,0,1,0,0,0,1,1
TARATA,desnutricion global,sobrepeso (s),2006-02-01,13,13,2,0,15,13,28
TARIJA,desnutricion global,sobrepeso (s),2006-02-01,303,218,50,44,353,262,615
TARVITA,desnutricion global,sobrepeso (s),2006-02-01,5,9,0,0,5,9,14
TEOPONTE,desnutricion global,sobrepeso (s),2006-02-01,13,20,7,11,20,31,51
TIAWANACU,desnutricion global,sobrepeso (s),2006-02-01,7,12,4,2,11,14,25
TINGUIPAYA,desnutricion global,sobrepeso (s),2006-02-01,7,8,0,0,7,8,15
TIPUANI,desnutricion global,sobrepeso (s),2006-02-01,20,6,0,0,20,6,26
TIQUIPAYA,desnutricion global,sobrepeso (s),2006-02-01,19,15,5,3,24,18,42
TIRAQUE (CBBA),desnutricion global,sobrepeso (s),2006-02-01,54,60,13,14,67,74,141
TITO YUPANQUI (PARQUIPUJIO),desnutricion global,sobrepeso (s),2006-02-01,0,1,0,0,0,1,1
TOCO,desnutricion global,sobrepeso (s),2006-02-01,1,2,1,0,2,2,4
TOLATA,desnutricion global,sobrepeso (s),2006-02-01,5,2,1,1,6,3,9
TOLEDO,desnutricion global,sobrepeso (s),2006-02-01,1,2,0,0,1,2,3
TOMAVE,desnutricion global,sobrepeso (s),2006-02-01,10,6,2,1,12,7,19
TOMINA,desnutricion global,sobrepeso (s),2006-02-01,6,17,9,0,15,17,32
TORO TORO,desnutricion global,sobrepeso (s),2006-02-01,9,2,1,0,10,2,12
TOTORA(CBBA),desnutricion global,sobrepeso (s),2006-02-01,7,9,1,0,8,9,17
TOTORA(ORR),desnutricion global,sobrepeso (s),2006-02-01,1,1,0,0,1,1,2
TRIGAL,desnutricion global,sobrepeso (s),2006-02-01,1,1,0,2,1,3,4
TRINIDAD,desnutricion global,sobrepeso (s),2006-02-01,182,96,35,16,217,112,329
TUPIZA,desnutricion global,sobrepeso (s),2006-02-01,43,38,12,7,55,45,100
TURCO,desnutricion global,sobrepeso (s),2006-02-01,4,7,2,0,6,7,13
UMALA,desnutricion global,sobrepeso (s),2006-02-01,3,6,0,3,3,9,12
UNCIA,desnutricion global,sobrepeso (s),2006-02-01,12,5,1,1,13,6,19
URIONDO (A. CONCEPCION),desnutricion global,sobrepeso (s),2006-02-01,26,12,1,4,27,16,43
URUBICHA,desnutricion global,sobrepeso (s),2006-02-01,9,14,3,0,12,14,26
UYUNI,desnutricion global,sobrepeso (s),2006-02-01,20,12,3,0,23,12,35
VACAS,desnutricion global,sobrepeso (s),2006-02-01,2,2,1,0,3,2,5
VALLEGRANDE,desnutricion global,sobrepeso (s),2006-02-01,27,27,12,7,39,34,73
VIACHA,desnutricion global,sobrepeso (s),2006-02-01,37,31,4,6,41,37,78
VILA VILA,desnutricion global,sobrepeso (s),2006-02-01,0,5,0,5,0,10,10
VILLA MONTES,desnutricion global,sobrepeso (s),2006-02-01,35,38,8,5,43,43,86
VILLA RIVERO,desnutricion global,sobrepeso (s),2006-02-01,2,11,2,1,4,12,16
VILLA SERRANO,desnutricion global,sobrepeso (s),2006-02-01,16,9,1,1,17,10,27
VILLA TUNARI,desnutricion global,sobrepeso (s),2006-02-01,38,32,13,9,51,41,92
VILLA VACA GUZMAN (MUYUPAMPA),desnutricion global,sobrepeso (s),2006-02-01,15,9,0,0,15,9,24
VILLAZON,desnutricion global,sobrepeso (s),2006-02-01,41,40,7,1,48,41,89
VINTO,desnutricion global,sobrepeso (s),2006-02-01,1,0,0,0,1,0,1
VITICHI,desnutricion global,sobrepeso (s),2006-02-01,3,9,0,2,3,11,14
WALDO BALLIVIAN,desnutricion global,sobrepeso (s),2006-02-01,1,0,0,0,1,0,1
WARNES,desnutricion global,sobrepeso (s),2006-02-01,92,84,27,31,119,115,234
YACO,desnutricion global,sobrepeso (s),2006-02-01,2,3,0,1,2,4,6
YACUIBA,desnutricion global,sobrepeso (s),2006-02-01,105,87,6,9,111,96,207
YAMPARAEZ,desnutricion global,sobrepeso (s),2006-02-01,9,10,1,2,10,12,22
YANACACHI,desnutricion global,sobrepeso (s),2006-02-01,4,1,0,0,4,1,5
YAPACANI,desnutricion global,sobrepeso (s),2006-02-01,160,121,71,40,231,161,392
YOCALLA,desnutricion global,sobrepeso (s),2006-02-01,2,2,0,0,2,2,4
YOTALA,desnutricion global,sobrepeso (s),2006-02-01,8,8,3,3,11,11,22
YUNCHARA,desnutricion global,sobrepeso (s),2006-02-01,5,10,0,0,5,10,15
ZUDAÑEZ,desnutricion global,sobrepeso (s),2006-02-01,4,5,3,0,7,5,12
ACACIO,desnutricion global,sobrepeso (s),2006-03-01,3,3,0,1,3,4,7
ACHACACHI,desnutricion global,sobrepeso (s),2006-03-01,25,20,8,7,33,27,60
ACHOCALLA,desnutricion global,sobrepeso (s),2006-03-01,5,3,0,1,5,4,9
AIQUILE,desnutricion global,sobrepeso (s),2006-03-01,9,9,0,4,9,13,22
ALALAY,desnutricion global,sobrepeso (s),2006-03-01,0,1,0,0,0,1,1
ALCALA,desnutricion global,sobrepeso (s),2006-03-01,7,5,2,1,9,6,15
ANCORAIMES,desnutricion global,sobrepeso (s),2006-03-01,1,2,0,1,1,3,4
ANDAMARCA,desnutricion global,sobrepeso (s),2006-03-01,0,1,0,0,0,1,1
ANZALDO,desnutricion global,sobrepeso (s),2006-03-01,1,11,1,1,2,12,14
APOLO,desnutricion global,sobrepeso (s),2006-03-01,16,22,1,0,17,22,39
ARAMPAMPA,desnutricion global,sobrepeso (s),2006-03-01,8,4,2,1,10,5,15
ARANI,desnutricion global,sobrepeso (s),2006-03-01,11,4,0,1,11,5,16
ARBIETO,desnutricion global,sobrepeso (s),2006-03-01,3,1,1,0,4,1,5
ARQUE,desnutricion global,sobrepeso (s),2006-03-01,2,2,0,0,2,2,4
ASCENCION DE GUARAYOS,desnutricion global,sobrepeso (s),2006-03-01,1,0,1,0,2,0,2
ATOCHA,desnutricion global,sobrepeso (s),2006-03-01,11,7,3,1,14,8,22
AUCAPATA,desnutricion global,sobrepeso (s),2006-03-01,3,1,0,0,3,1,4
AYATA,desnutricion global,sobrepeso (s),2006-03-01,5,4,0,0,5,4,9
AYO AYO,desnutricion global,sobrepeso (s),2006-03-01,2,3,0,0,2,3,5
AYOPAYA (V. DE INDEPENDENCIA),desnutricion global,sobrepeso (s),2006-03-01,17,13,0,0,17,13,30
AZURDUY,desnutricion global,sobrepeso (s),2006-03-01,15,9,5,2,20,11,31
BATALLAS,desnutricion global,sobrepeso (s),2006-03-01,12,6,0,0,12,6,18
BAURES,desnutricion global,sobrepeso (s),2006-03-01,6,8,1,1,7,9,16
BELEN DE URMIRI,desnutricion global,sobrepeso (s),2006-03-01,0,2,0,0,0,2,2
BELLA FLOR,desnutricion global,sobrepeso (s),2006-03-01,4,6,1,2,5,8,13
BERMEJO,desnutricion global,sobrepeso (s),2006-03-01,20,6,1,0,21,6,27
BETANZOS,desnutricion global,sobrepeso (s),2006-03-01,19,17,4,4,23,21,44
BOLPEBRA,desnutricion global,sobrepeso (s),2006-03-01,1,1,0,0,1,1,2
BOYUIBE,desnutricion global,sobrepeso (s),2006-03-01,3,0,0,0,3,0,3
BUENA VISTA,desnutricion global,sobrepeso (s),2006-03-01,22,20,9,3,31,23,54
CABEZAS,desnutricion global,sobrepeso (s),2006-03-01,20,14,7,5,27,19,46
CAIROMA,desnutricion global,sobrepeso (s),2006-03-01,6,6,0,1,6,7,13
"CAIZA ""D""",desnutricion global,sobrepeso (s),2006-03-01,8,8,2,0,10,8,18
CAJUATA,desnutricion global,sobrepeso (s),2006-03-01,25,13,0,1,25,14,39
CALACOTO,desnutricion global,sobrepeso (s),2006-03-01,2,2,0,2,2,4,6
CALAMARCA,desnutricion global,sobrepeso (s),2006-03-01,7,2,0,1,7,3,10
CAMARGO,desnutricion global,sobrepeso (s),2006-03-01,29,10,9,5,38,15,53
CAMATAQUI (C. VILLA ABECIA),desnutricion global,sobrepeso (s),2006-03-01,2,5,0,0,2,5,7
CAMIRI,desnutricion global,sobrepeso (s),2006-03-01,81,77,27,19,108,96,204
CAPINOTA,desnutricion global,sobrepeso (s),2006-03-01,7,7,0,2,7,9,16
CAQUIAVIRI,desnutricion global,sobrepeso (s),2006-03-01,13,11,2,4,15,15,30
CARACOLLO,desnutricion global,sobrepeso (s),2006-03-01,13,11,1,3,14,14,28
CARANAVI,desnutricion global,sobrepeso (s),2006-03-01,104,70,24,6,128,76,204
CARAPARI,desnutricion global,sobrepeso (s),2006-03-01,18,25,5,3,23,28,51
CARIPUYO,desnutricion global,sobrepeso (s),2006-03-01,5,6,2,0,7,6,13
CARMEN RIVERO TORREZ,desnutricion global,sobrepeso (s),2006-03-01,11,4,1,4,12,8,20
CHALLAPATA,desnutricion global,sobrepeso (s),2006-03-01,21,25,0,0,21,25,46
CHAQUI,desnutricion global,sobrepeso (s),2006-03-01,10,6,0,1,10,7,17
CHARAGUA,desnutricion global,sobrepeso (s),2006-03-01,40,30,17,13,57,43,100
CHARAÑA,desnutricion global,sobrepeso (s),2006-03-01,4,4,0,1,4,5,9
CHAYANTA,desnutricion global,sobrepeso (s),2006-03-01,6,9,0,0,6,9,15
CHIMORE,desnutricion global,sobrepeso (s),2006-03-01,8,2,1,1,9,3,12
CHIPAYA,desnutricion global,sobrepeso (s),2006-03-01,3,2,0,1,3,3,6
CHOQUE COTA,desnutricion global,sobrepeso (s),2006-03-01,1,2,1,0,2,2,4
CHULUMANI (V. DE LA LIBERTAD),desnutricion global,sobrepeso (s),2006-03-01,7,7,1,2,8,9,17
CHUMA,desnutricion global,sobrepeso (s),2006-03-01,10,7,2,0,12,7,19
CLIZA,desnutricion global,sobrepeso (s),2006-03-01,36,13,8,10,44,23,67
COBIJA,desnutricion global,sobrepeso (s),2006-03-01,50,67,12,14,62,81,143
COCHABAMBA,desnutricion global,sobrepeso (s),2006-03-01,387,349,99,76,486,425,911
COLCAPIRHUA,desnutricion global,sobrepeso (s),2006-03-01,58,46,4,11,62,57,119
"COLCHA ""K""",desnutricion global,sobrepeso (s),2006-03-01,5,11,0,2,5,13,18
COLLANA,desnutricion global,sobrepeso (s),2006-03-01,6,0,1,1,7,1,8
COLOMI,desnutricion global,sobrepeso (s),2006-03-01,12,27,4,1,16,28,44
COLPA BELGICA,desnutricion global,sobrepeso (s),2006-03-01,7,16,7,6,14,22,36
COLQUECHACA,desnutricion global,sobrepeso (s),2006-03-01,7,4,2,0,9,4,13
COLQUENCHA,desnutricion global,sobrepeso (s),2006-03-01,2,3,0,0,2,3,5
COLQUIRI,desnutricion global,sobrepeso (s),2006-03-01,7,7,1,4,8,11,19
COMARAPA,desnutricion global,sobrepeso (s),2006-03-01,61,64,17,15,78,79,157
COMBAYA,desnutricion global,sobrepeso (s),2006-03-01,0,1,0,0,0,1,1
CONCEPCION,desnutricion global,sobrepeso (s),2006-03-01,14,9,2,2,16,11,27
COPACABANA,desnutricion global,sobrepeso (s),2006-03-01,15,7,1,2,16,9,25
CORIPATA,desnutricion global,sobrepeso (s),2006-03-01,15,7,0,4,15,11,26
CORO CORO,desnutricion global,sobrepeso (s),2006-03-01,3,5,0,1,3,6,9
COROICO,desnutricion global,sobrepeso (s),2006-03-01,2,1,3,2,5,3,8
CORQUE,desnutricion global,sobrepeso (s),2006-03-01,1,1,3,1,4,2,6
COTAGAITA,desnutricion global,sobrepeso (s),2006-03-01,14,19,9,3,23,22,45
COTOCA,desnutricion global,sobrepeso (s),2006-03-01,78,38,3,3,81,41,122
CUATRO CAÑADAS,desnutricion global,sobrepeso (s),2006-03-01,18,14,2,0,20,14,34
CUEVO,desnutricion global,sobrepeso (s),2006-03-01,9,6,1,0,10,6,16
CULPINA,desnutricion global,sobrepeso (s),2006-03-01,19,16,5,4,24,20,44
CURAHUARA DE CARANGAS,desnutricion global,sobrepeso (s),2006-03-01,3,6,1,1,4,7,11
DESAGUADERO,desnutricion global,sobrepeso (s),2006-03-01,2,0,0,0,2,0,2
EL ALTO,desnutricion global,sobrepeso (s),2006-03-01,591,565,140,165,731,730,1461
EL CHORO,desnutricion global,sobrepeso (s),2006-03-01,4,1,0,1,4,2,6
EL PUENTE(STC),desnutricion global,sobrepeso (s),2006-03-01,50,19,2,0,52,19,71
EL PUENTE(TJA),desnutricion global,sobrepeso (s),2006-03-01,4,3,0,0,4,3,7
EL TORNO,desnutricion global,sobrepeso (s),2006-03-01,42,26,10,6,52,32,84
EL VILLAR,desnutricion global,sobrepeso (s),2006-03-01,7,1,2,1,9,2,11
ENTRE RIOS,desnutricion global,sobrepeso (s),2006-03-01,44,26,6,7,50,33,83
ENTRE RIOS,desnutricion global,sobrepeso (s),2006-03-01,45,35,5,5,50,40,90
EUCALIPTUS,desnutricion global,sobrepeso (s),2006-03-01,6,10,1,1,7,11,18
EUREKA (SANTOS MERCADO),desnutricion global,sobrepeso (s),2006-03-01,2,1,2,0,4,1,5
EXALTACION,desnutricion global,sobrepeso (s),2006-03-01,6,2,2,2,8,4,12
FERNANDEZ ALONSO,desnutricion global,sobrepeso (s),2006-03-01,32,21,7,6,39,27,66
FILADELFIA,desnutricion global,sobrepeso (s),2006-03-01,13,4,1,2,14,6,20
GENERAL SAAVEDRA,desnutricion global,sobrepeso (s),2006-03-01,29,35,14,10,43,45,88
GRAL. J.J. PEREZ (CHARAZANI),desnutricion global,sobrepeso (s),2006-03-01,7,7,1,0,8,7,15
GUANAY,desnutricion global,sobrepeso (s),2006-03-01,10,15,1,2,11,17,28
GUAQUI,desnutricion global,sobrepeso (s),2006-03-01,8,2,0,1,8,3,11
GUAYARAMERIN,desnutricion global,sobrepeso (s),2006-03-01,81,89,9,11,90,100,190
GUTIERREZ,desnutricion global,sobrepeso (s),2006-03-01,28,18,7,7,35,25,60
HUACARETA,desnutricion global,sobrepeso (s),2006-03-01,22,7,3,4,25,11,36
HUACAYA (VILLA DE HUACAYA),desnutricion global,sobrepeso (s),2006-03-01,4,7,2,0,6,7,13
HUACHACALLA,desnutricion global,sobrepeso (s),2006-03-01,1,1,0,0,1,1,2
HUANUNI,desnutricion global,sobrepeso (s),2006-03-01,37,27,0,1,37,28,65
HUARACAJE,desnutricion global,sobrepeso (s),2006-03-01,9,3,5,3,14,6,20
HUAYLLAMARCA,desnutricion global,sobrepeso (s),2006-03-01,1,3,1,1,2,4,6
ICHOCA,desnutricion global,sobrepeso (s),2006-03-01,5,2,0,0,5,2,7
ICLA,desnutricion global,sobrepeso (s),2006-03-01,4,2,1,0,5,2,7
INCAHUASI,desnutricion global,sobrepeso (s),2006-03-01,13,9,1,2,14,11,25
INQUISIVI,desnutricion global,sobrepeso (s),2006-03-01,12,11,2,0,14,11,25
IRUPANA (VILLA DE LANZA),desnutricion global,sobrepeso (s),2006-03-01,13,12,4,4,17,16,33
IXIAMAS,desnutricion global,sobrepeso (s),2006-03-01,8,6,4,2,12,8,20
JESUS DE MACHACA,desnutricion global,sobrepeso (s),2006-03-01,3,4,0,0,3,4,7
LA ASUNTA,desnutricion global,sobrepeso (s),2006-03-01,13,12,2,3,15,15,30
LA GUARDIA,desnutricion global,sobrepeso (s),2006-03-01,129,84,41,28,170,112,282
LA PAZ,desnutricion global,sobrepeso (s),2006-03-01,514,509,232,218,746,727,1473
LAGUNILLAS,desnutricion global,sobrepeso (s),2006-03-01,20,9,6,4,26,13,39
LAJA,desnutricion global,sobrepeso (s),2006-03-01,14,11,0,1,14,12,26
LAS CARRERAS,desnutricion global,sobrepeso (s),2006-03-01,5,2,4,4,9,6,15
LICOMA PAMPA,desnutricion global,sobrepeso (s),2006-03-01,1,0,1,0,2,0,2
LLALLAGUA,desnutricion global,sobrepeso (s),2006-03-01,56,56,7,8,63,64,127
LLICA,desnutricion global,sobrepeso (s),2006-03-01,1,2,0,0,1,2,3
LORETO,desnutricion global,sobrepeso (s),2006-03-01,3,9,1,0,4,9,13
LURIBAY,desnutricion global,sobrepeso (s),2006-03-01,7,4,2,0,9,4,13
MACHACAMARCA,desnutricion global,sobrepeso (s),2006-03-01,3,8,1,3,4,11,15
MACHARETI,desnutricion global,sobrepeso (s),2006-03-01,16,14,10,4,26,18,44
MAGDALENA,desnutricion global,sobrepeso (s),2006-03-01,18,12,1,4,19,16,35
MAIRANA,desnutricion global,sobrepeso (s),2006-03-01,6,13,2,2,8,15,23
MALLA,desnutricion global,sobrepeso (s),2006-03-01,1,0,0,0,1,0,1
MAPIRI,desnutricion global,sobrepeso (s),2006-03-01,12,10,1,1,13,11,24
MECAPACA,desnutricion global,sobrepeso (s),2006-03-01,12,3,0,0,12,3,15
MINEROS,desnutricion global,sobrepeso (s),2006-03-01,61,31,17,19,78,50,128
MIZQUE,desnutricion global,sobrepeso (s),2006-03-01,29,13,7,5,36,18,54
MOCOMOCO,desnutricion global,sobrepeso (s),2006-03-01,10,1,1,1,11,2,13
MOJOCOYA,desnutricion global,sobrepeso (s),2006-03-01,9,7,2,0,11,7,18
MONTEAGUDO,desnutricion global,sobrepeso (s),2006-03-01,68,39,18,7,86,46,132
MONTERO,desnutricion global,sobrepeso (s),2006-03-01,265,226,107,72,372,298,670
MORO MORO,desnutricion global,sobrepeso (s),2006-03-01,2,6,0,0,2,6,8
MOROCHATA,desnutricion global,sobrepeso (s),2006-03-01,14,9,2,1,16,10,26
NACEBE (SANTA ROSA DEL ABUNA),desnutricion global,sobrepeso (s),2006-03-01,2,1,1,1,3,2,5
OCURI,desnutricion global,sobrepeso (s),2006-03-01,9,7,1,1,10,8,18
OKINAWA,desnutricion global,sobrepeso (s),2006-03-01,22,12,1,2,23,14,37
OMEREQUE,desnutricion global,sobrepeso (s),2006-03-01,6,7,0,0,6,7,13
ORURO,desnutricion global,sobrepeso (s),2006-03-01,247,179,49,30,296,209,505
PADCAYA,desnutricion global,sobrepeso (s),2006-03-01,34,21,11,8,45,29,74
PADILLA,desnutricion global,sobrepeso (s),2006-03-01,14,18,9,6,23,24,47
PAILON,desnutricion global,sobrepeso (s),2006-03-01,2,61,23,0,25,61,86
PALCA,desnutricion global,sobrepeso (s),2006-03-01,6,12,1,0,7,12,19
PALOS BLANCOS,desnutricion global,sobrepeso (s),2006-03-01,51,18,9,8,60,26,86
PAMPA AULLAGAS,desnutricion global,sobrepeso (s),2006-03-01,4,3,0,0,4,3,7
PAMPA GRANDE,desnutricion global,sobrepeso (s),2006-03-01,7,10,3,1,10,11,21
PAPEL PAMPA,desnutricion global,sobrepeso (s),2006-03-01,1,2,0,0,1,2,3
PASORAPA,desnutricion global,sobrepeso (s),2006-03-01,1,5,1,0,2,5,7
PATACAMAYA,desnutricion global,sobrepeso (s),2006-03-01,14,14,1,3,15,17,32
PAZÑA,desnutricion global,sobrepeso (s),2006-03-01,6,6,0,0,6,6,12
PELECHUCO,desnutricion global,sobrepeso (s),2006-03-01,1,2,0,0,1,2,3
POCOATA,desnutricion global,sobrepeso (s),2006-03-01,12,14,5,2,17,16,33
POCONA,desnutricion global,sobrepeso (s),2006-03-01,9,5,3,2,12,7,19
POJO (CBBA),desnutricion global,sobrepeso (s),2006-03-01,23,13,2,0,25,13,38
POOPO,desnutricion global,sobrepeso (s),2006-03-01,3,3,0,2,3,5,8
PORCO,desnutricion global,sobrepeso (s),2006-03-01,7,6,0,0,7,6,13
POROMA,desnutricion global,sobrepeso (s),2006-03-01,23,8,3,3,26,11,37
PORONGO,desnutricion global,sobrepeso (s),2006-03-01,8,4,0,0,8,4,12
PORTACHUELO,desnutricion global,sobrepeso (s),2006-03-01,75,62,54,61,129,123,252
PORVENIR,desnutricion global,sobrepeso (s),2006-03-01,6,6,0,1,6,7,13
POSTRER VALLE,desnutricion global,sobrepeso (s),2006-03-01,3,4,1,0,4,4,8
POTOSI,desnutricion global,sobrepeso (s),2006-03-01,115,78,29,18,144,96,240
PRESTO,desnutricion global,sobrepeso (s),2006-03-01,9,1,2,0,11,1,12
PUCARA,desnutricion global,sobrepeso (s),2006-03-01,1,1,1,0,2,1,3
PUCARANI,desnutricion global,sobrepeso (s),2006-03-01,26,27,1,5,27,32,59
PUERTO ACOSTA,desnutricion global,sobrepeso (s),2006-03-01,14,7,1,1,15,8,23
PUERTO CARABUCO,desnutricion global,sobrepeso (s),2006-03-01,18,10,4,2,22,12,34
PUERTO GONZALO MORENO,desnutricion global,sobrepeso (s),2006-03-01,11,3,4,0,15,3,18
PUERTO PEREZ,desnutricion global,sobrepeso (s),2006-03-01,3,2,0,0,3,2,5
PUERTO QUIJARRO,desnutricion global,sobrepeso (s),2006-03-01,25,31,3,9,28,40,68
PUERTO RICO,desnutricion global,sobrepeso (s),2006-03-01,21,30,0,0,21,30,51
PUERTO SILES,desnutricion global,sobrepeso (s),2006-03-01,2,2,2,2,4,4,8
PUERTO SUAREZ,desnutricion global,sobrepeso (s),2006-03-01,25,15,7,9,32,24,56
PUERTO VILLARROEL,desnutricion global,sobrepeso (s),2006-03-01,74,52,16,15,90,67,157
PUNA,desnutricion global,sobrepeso (s),2006-03-01,14,14,2,1,16,15,31
PUNATA,desnutricion global,sobrepeso (s),2006-03-01,17,9,5,0,22,9,31
QUIABAYA,desnutricion global,sobrepeso (s),2006-03-01,1,0,0,0,1,0,1
QUILLACOLLO,desnutricion global,sobrepeso (s),2006-03-01,81,35,7,4,88,39,127
QUIME,desnutricion global,sobrepeso (s),2006-03-01,9,4,1,1,10,5,15
QUIRUSILLAS,desnutricion global,sobrepeso (s),2006-03-01,9,7,3,1,12,8,20
RAVELO,desnutricion global,sobrepeso (s),2006-03-01,7,2,0,0,7,2,9
REYES,desnutricion global,sobrepeso (s),2006-03-01,28,12,3,4,31,16,47
RIBERALTA,desnutricion global,sobrepeso (s),2006-03-01,72,27,6,3,78,30,108
ROBORE,desnutricion global,sobrepeso (s),2006-03-01,10,10,6,0,16,10,26
RURRENABAQUE,desnutricion global,sobrepeso (s),2006-03-01,60,34,5,4,65,38,103
SABAYA,desnutricion global,sobrepeso (s),2006-03-01,5,2,1,0,6,2,8
SACABA,desnutricion global,sobrepeso (s),2006-03-01,57,52,8,3,65,55,120
SACACA,desnutricion global,sobrepeso (s),2006-03-01,4,0,1,2,5,2,7
SAIPINA,desnutricion global,sobrepeso (s),2006-03-01,45,22,11,11,56,33,89
SALINAS DE GARCI MENDOZA,desnutricion global,sobrepeso (s),2006-03-01,12,9,3,2,15,11,26
SAMAIPATA,desnutricion global,sobrepeso (s),2006-03-01,22,15,3,3,25,18,43
SAN AGUSTIN,desnutricion global,sobrepeso (s),2006-03-01,4,4,1,0,5,4,9
SAN ANDRES,desnutricion global,sobrepeso (s),2006-03-01,13,7,1,13,14,20,34
SAN ANDRES DE MACHACA,desnutricion global,sobrepeso (s),2006-03-01,4,0,0,1,4,1,5
SAN ANTONIO DE ESMORUCO,desnutricion global,sobrepeso (s),2006-03-01,1,8,0,0,1,8,9
SAN ANTONIO DE LOMERIO,desnutricion global,sobrepeso (s),2006-03-01,7,3,0,0,7,3,10
SAN BENITO,desnutricion global,sobrepeso (s),2006-03-01,6,1,1,0,7,1,8
SAN BORJA,desnutricion global,sobrepeso (s),2006-03-01,59,31,7,11,66,42,108
SAN BUENA VENTURA,desnutricion global,sobrepeso (s),2006-03-01,8,5,1,0,9,5,14
SAN CARLOS,desnutricion global,sobrepeso (s),2006-03-01,67,50,12,16,79,66,145
SAN IGNACIO,desnutricion global,sobrepeso (s),2006-03-01,15,14,10,4,25,18,43
SAN IGNACIO DE VELASCO,desnutricion global,sobrepeso (s),2006-03-01,145,75,24,18,169,93,262
SAN JAVIER(BNI),desnutricion global,sobrepeso (s),2006-03-01,3,5,2,0,5,5,10
SAN JAVIER(STC),desnutricion global,sobrepeso (s),2006-03-01,7,2,0,0,7,2,9
SAN JOAQUIN,desnutricion global,sobrepeso (s),2006-03-01,8,13,7,2,15,15,30
SAN JOSE DE CHIQUITOS,desnutricion global,sobrepeso (s),2006-03-01,32,14,8,4,40,18,58
SAN JUAN DE YAPACANI,desnutricion global,sobrepeso (s),2006-03-01,57,22,4,4,61,26,87
SAN JULIAN,desnutricion global,sobrepeso (s),2006-03-01,57,27,29,17,86,44,130
SAN LORENZO(PND),desnutricion global,sobrepeso (s),2006-03-01,4,6,7,5,11,11,22
SAN LORENZO(TJA),desnutricion global,sobrepeso (s),2006-03-01,16,7,3,2,19,9,28
SAN LUCAS,desnutricion global,sobrepeso (s),2006-03-01,29,25,4,0,33,25,58
SAN MATIAS,desnutricion global,sobrepeso (s),2006-03-01,24,12,6,4,30,16,46
SAN MIGUEL DE VELASCO,desnutricion global,sobrepeso (s),2006-03-01,9,11,4,2,13,13,26
SAN PABLO DE LIPEZ,desnutricion global,sobrepeso (s),2006-03-01,4,1,0,0,4,1,5
SAN PEDRO,desnutricion global,sobrepeso (s),2006-03-01,44,26,15,10,59,36,95
SAN PEDRO DE BUENA VISTA,desnutricion global,sobrepeso (s),2006-03-01,6,8,4,7,10,15,25
SAN PEDRO DE CURAHUARA,desnutricion global,sobrepeso (s),2006-03-01,4,2,1,0,5,2,7
SAN PEDRO DE QUEMES,desnutricion global,sobrepeso (s),2006-03-01,1,1,0,0,1,1,2
SAN PEDRO DE TIQUINA,desnutricion global,sobrepeso (s),2006-03-01,1,2,0,0,1,2,3
SAN RAFAEL,desnutricion global,sobrepeso (s),2006-03-01,2,4,2,1,4,5,9
SAN RAMON,desnutricion global,sobrepeso (s),2006-03-01,24,5,5,10,29,15,44
SANTA ANA,desnutricion global,sobrepeso (s),2006-03-01,55,28,15,11,70,39,109
SANTA CRUZ DE LA SIERRA,desnutricion global,sobrepeso (s),2006-03-01,1689,1370,629,537,2318,1907,4225
SANTA ROSA,desnutricion global,sobrepeso (s),2006-03-01,21,19,3,6,24,25,49
SANTA ROSA DEL SARA,desnutricion global,sobrepeso (s),2006-03-01,25,18,20,10,45,28,73
SANTIAGO DE CALLAPA,desnutricion global,sobrepeso (s),2006-03-01,0,2,3,0,3,2,5
SANTIAGO DE HUARI,desnutricion global,sobrepeso (s),2006-03-01,6,1,0,0,6,1,7
SANTIAGO DE MACHACA,desnutricion global,sobrepeso (s),2006-03-01,1,1,0,0,1,1,2
SANTIVAÑES,desnutricion global,sobrepeso (s),2006-03-01,2,7,0,0,2,7,9
SANTUARIO DE QUILLACAS,desnutricion global,sobrepeso (s),2006-03-01,0,4,0,0,0,4,4
SAPAHAQUI,desnutricion global,sobrepeso (s),2006-03-01,5,5,2,0,7,5,12
SENA,desnutricion global,sobrepeso (s),2006-03-01,7,4,3,1,10,5,15
SICA SICA (VILLA AROMA),desnutricion global,sobrepeso (s),2006-03-01,7,7,0,4,7,11,18
SICAYA,desnutricion global,sobrepeso (s),2006-03-01,1,0,0,0,1,0,1
SIPE SIPE,desnutricion global,sobrepeso (s),2006-03-01,66,60,14,14,80,74,154
SOPACHUY,desnutricion global,sobrepeso (s),2006-03-01,9,2,0,0,9,2,11
SORACACHI,desnutricion global,sobrepeso (s),2006-03-01,10,6,1,3,11,9,20
SORATA,desnutricion global,sobrepeso (s),2006-03-01,15,8,3,1,18,9,27
SUCRE,desnutricion global,sobrepeso (s),2006-03-01,214,195,47,48,261,243,504
TACACHI,desnutricion global,sobrepeso (s),2006-03-01,0,1,0,0,0,1,1
TACACOMA,desnutricion global,sobrepeso (s),2006-03-01,7,3,2,2,9,5,14
TACOBAMBA,desnutricion global,sobrepeso (s),2006-03-01,8,9,2,0,10,9,19
TACOPAYA,desnutricion global,sobrepeso (s),2006-03-01,3,1,1,0,4,1,5
TAHUA,desnutricion global,sobrepeso (s),2006-03-01,1,0,0,0,1,0,1
TAPACARI,desnutricion global,sobrepeso (s),2006-03-01,9,6,2,1,11,7,18
TARABUCO,desnutricion global,sobrepeso (s),2006-03-01,14,14,1,2,15,16,31
TARACO,desnutricion global,sobrepeso (s),2006-03-01,0,2,0,1,0,3,3
TARATA,desnutricion global,sobrepeso (s),2006-03-01,1,8,0,0,1,8,9
TARIJA,desnutricion global,sobrepeso (s),2006-03-01,294,203,60,59,354,262,616
TARVITA,desnutricion global,sobrepeso (s),2006-03-01,9,6,3,0,12,6,18
TEOPONTE,desnutricion global,sobrepeso (s),2006-03-01,22,15,13,6,35,21,56
TIAWANACU,desnutricion global,sobrepeso (s),2006-03-01,6,10,3,9,9,19,28
TINGUIPAYA,desnutricion global,sobrepeso (s),2006-03-01,15,9,1,0,16,9,25
TIPUANI,desnutricion global,sobrepeso (s),2006-03-01,10,12,0,1,10,13,23
TIQUIPAYA,desnutricion global,sobrepeso (s),2006-03-01,26,23,8,5,34,28,62
TIRAQUE (CBBA),desnutricion global,sobrepeso (s),2006-03-01,57,60,11,12,68,72,140
TITO YUPANQUI (PARQUIPUJIO),desnutricion global,sobrepeso (s),2006-03-01,0,4,0,0,0,4,4
TOCO,desnutricion global,sobrepeso (s),2006-03-01,8,1,0,0,8,1,9
TOLATA,desnutricion global,sobrepeso (s),2006-03-01,4,6,5,0,9,6,15
TOLEDO,desnutricion global,sobrepeso (s),2006-03-01,2,0,1,0,3,0,3
TOMAVE,desnutricion global,sobrepeso (s),2006-03-01,4,3,0,0,4,3,7
TOMINA,desnutricion global,sobrepeso (s),2006-03-01,10,20,1,0,11,20,31
TORO TORO,desnutricion global,sobrepeso (s),2006-03-01,9,6,1,1,10,7,17
TOTORA(CBBA),desnutricion global,sobrepeso (s),2006-03-01,8,8,2,2,10,10,20
TOTORA(ORR),desnutricion global,sobrepeso (s),2006-03-01,2,2,0,0,2,2,4
TRIGAL,desnutricion global,sobrepeso (s),2006-03-01,3,4,2,2,5,6,11
TRINIDAD,desnutricion global,sobrepeso (s),2006-03-01,197,149,58,44,255,193,448
TUPIZA,desnutricion global,sobrepeso (s),2006-03-01,41,43,19,10,60,53,113
TURCO,desnutricion global,sobrepeso (s),2006-03-01,7,7,3,0,10,7,17
UMALA,desnutricion global,sobrepeso (s),2006-03-01,0,1,0,0,0,1,1
UNCIA,desnutricion global,sobrepeso (s),2006-03-01,5,3,0,2,5,5,10
URIONDO (A. CONCEPCION),desnutricion global,sobrepeso (s),2006-03-01,21,22,9,10,30,32,62
UYUNI,desnutricion global,sobrepeso (s),2006-03-01,62,27,4,1,66,28,94
VACAS,desnutricion global,sobrepeso (s),2006-03-01,2,0,0,0,2,0,2
VALLEGRANDE,desnutricion global,sobrepeso (s),2006-03-01,29,24,8,9,37,33,70
VIACHA,desnutricion global,sobrepeso (s),2006-03-01,45,47,9,7,54,54,108
VILA VILA,desnutricion global,sobrepeso (s),2006-03-01,4,5,1,0,5,5,10
VILLA MONTES,desnutricion global,sobrepeso (s),2006-03-01,53,30,14,3,67,33,100
VILLA NUEVA (LOMA ALTA),desnutricion global,sobrepeso (s),2006-03-01,2,4,3,1,5,5,10
VILLA RIVERO,desnutricion global,sobrepeso (s),2006-03-01,6,7,0,2,6,9,15
VILLA SERRANO,desnutricion global,sobrepeso (s),2006-03-01,16,17,4,1,20,18,38
VILLA TUNARI,desnutricion global,sobrepeso (s),2006-03-01,56,59,5,3,61,62,123
VILLA VACA GUZMAN (MUYUPAMPA),desnutricion global,sobrepeso (s),2006-03-01,15,15,6,0,21,15,36
VILLAZON,desnutricion global,sobrepeso (s),2006-03-01,38,42,5,8,43,50,93
VINTO,desnutricion global,sobrepeso (s),2006-03-01,15,9,2,1,17,10,27
VITICHI,desnutricion global,sobrepeso (s),2006-03-01,2,4,0,0,2,4,6
WALDO BALLIVIAN,desnutricion global,sobrepeso (s),2006-03-01,1,0,1,0,2,0,2
WARNES,desnutricion global,sobrepeso (s),2006-03-01,104,63,24,14,128,77,205
YACO,desnutricion global,sobrepeso (s),2006-03-01,1,3,0,0,1,3,4
YACUIBA,desnutricion global,sobrepeso (s),2006-03-01,93,77,15,12,108,89,197
YAMPARAEZ,desnutricion global,sobrepeso (s),2006-03-01,8,9,2,1,10,10,20
YANACACHI,desnutricion global,sobrepeso (s),2006-03-01,5,3,1,0,6,3,9
YAPACANI,desnutricion global,sobrepeso (s),2006-03-01,73,85,23,8,96,93,189
YOCALLA,desnutricion global,sobrepeso (s),2006-03-01,1,0,0,0,1,0,1
YOTALA,desnutricion global,sobrepeso (s),2006-03-01,16,15,4,11,20,26,46
YUNCHARA,desnutricion global,sobrepeso (s),2006-03-01,6,2,0,0,6,2,8
ZUDAÑEZ,desnutricion global,sobrepeso (s),2006-03-01,9,6,1,1,10,7,17
ACACIO,desnutricion global,sobrepeso (s),2006-04-01,7,4,4,0,11,4,15
ACHACACHI,desnutricion global,sobrepeso (s),2006-04-01,23,15,6,2,29,17,46
ACHOCALLA,desnutricion global,sobrepeso (s),2006-04-01,3,4,2,0,5,4,9
AIQUILE,desnutricion global,sobrepeso (s),2006-04-01,4,2,3,1,7,3,10
ALALAY,desnutricion global,sobrepeso (s),2006-04-01,6,1,3,0,9,1,10
ALCALA,desnutricion global,sobrepeso (s),2006-04-01,3,4,0,1,3,5,8
ANCORAIMES,desnutricion global,sobrepeso (s),2006-04-01,2,2,1,1,3,3,6
ANDAMARCA,desnutricion global,sobrepeso (s),2006-04-01,1,1,2,0,3,1,4
ANTEQUERA,desnutricion global,sobrepeso (s),2006-04-01,0,3,0,0,0,3,3
ANZALDO,desnutricion global,sobrepeso (s),2006-04-01,6,5,7,7,13,12,25
APOLO,desnutricion global,sobrepeso (s),2006-04-01,15,11,0,0,15,11,26
ARAMPAMPA,desnutricion global,sobrepeso (s),2006-04-01,3,4,1,1,4,5,9
ARANI,desnutricion global,sobrepeso (s),2006-04-01,6,4,2,0,8,4,12
ARBIETO,desnutricion global,sobrepeso (s),2006-04-01,2,4,0,1,2,5,7
ARQUE,desnutricion global,sobrepeso (s),2006-04-01,1,2,1,1,2,3,5
ASCENCION DE GUARAYOS,desnutricion global,sobrepeso (s),2006-04-01,42,45,13,6,55,51,106
ATOCHA,desnutricion global,sobrepeso (s),2006-04-01,11,12,9,5,20,17,37
AUCAPATA,desnutricion global,sobrepeso (s),2006-04-01,5,4,0,0,5,4,9
AYATA,desnutricion global,sobrepeso (s),2006-04-01,1,1,0,0,1,1,2
AYOPAYA (V. DE INDEPENDENCIA),desnutricion global,sobrepeso (s),2006-04-01,17,14,4,3,21,17,38
AZURDUY,desnutricion global,sobrepeso (s),2006-04-01,12,7,5,1,17,8,25
BATALLAS,desnutricion global,sobrepeso (s),2006-04-01,3,2,0,1,3,3,6
BAURES,desnutricion global,sobrepeso (s),2006-04-01,6,5,1,2,7,7,14
BELEN DE ANDAMARCA,desnutricion global,sobrepeso (s),2006-04-01,0,1,0,0,0,1,1
BELLA FLOR,desnutricion global,sobrepeso (s),2006-04-01,3,2,1,1,4,3,7
BERMEJO,desnutricion global,sobrepeso (s),2006-04-01,16,7,15,14,31,21,52
BETANZOS,desnutricion global,sobrepeso (s),2006-04-01,9,7,2,0,11,7,18
BOLPEBRA,desnutricion global,sobrepeso (s),2006-04-01,0,3,0,0,0,3,3
BOYUIBE,desnutricion global,sobrepeso (s),2006-04-01,6,1,1,4,7,5,12
BUENA VISTA,desnutricion global,sobrepeso (s),2006-04-01,28,9,5,2,33,11,44
CABEZAS,desnutricion global,sobrepeso (s),2006-04-01,34,25,10,6,44,31,75
CAIROMA,desnutricion global,sobrepeso (s),2006-04-01,9,11,0,0,9,11,20
"CAIZA ""D""",desnutricion global,sobrepeso (s),2006-04-01,7,6,2,0,9,6,15
CAJUATA,desnutricion global,sobrepeso (s),2006-04-01,17,16,4,7,21,23,44
CALACOTO,desnutricion global,sobrepeso (s),2006-04-01,2,1,0,0,2,1,3
CALAMARCA,desnutricion global,sobrepeso (s),2006-04-01,3,1,1,0,4,1,5
CAMARGO,desnutricion global,sobrepeso (s),2006-04-01,25,12,5,2,30,14,44
CAMATAQUI (C. VILLA ABECIA),desnutricion global,sobrepeso (s),2006-04-01,5,6,2,0,7,6,13
CAMIRI,desnutricion global,sobrepeso (s),2006-04-01,85,81,33,22,118,103,221
CAPINOTA,desnutricion global,sobrepeso (s),2006-04-01,4,2,1,1,5,3,8
CAQUIAVIRI,desnutricion global,sobrepeso (s),2006-04-01,15,3,0,1,15,4,19
CARACOLLO,desnutricion global,sobrepeso (s),2006-04-01,28,22,15,24,43,46,89
CARANAVI,desnutricion global,sobrepeso (s),2006-04-01,82,61,7,34,89,95,184
CARAPARI,desnutricion global,sobrepeso (s),2006-04-01,23,28,6,5,29,33,62
CARIPUYO,desnutricion global,sobrepeso (s),2006-04-01,6,5,0,0,6,5,11
CARMEN RIVERO TORREZ,desnutricion global,sobrepeso (s),2006-04-01,3,3,1,2,4,5,9
CHACARILLA,desnutricion global,sobrepeso (s),2006-04-01,0,2,0,0,0,2,2
CHALLAPATA,desnutricion global,sobrepeso (s),2006-04-01,14,13,1,0,15,13,28
CHAQUI,desnutricion global,sobrepeso (s),2006-04-01,5,4,0,0,5,4,9
CHARAGUA,desnutricion global,sobrepeso (s),2006-04-01,41,45,10,8,51,53,104
CHARAÑA,desnutricion global,sobrepeso (s),2006-04-01,0,1,0,0,0,1,1
CHAYANTA,desnutricion global,sobrepeso (s),2006-04-01,13,9,2,5,15,14,29
CHIMORE,desnutricion global,sobrepeso (s),2006-04-01,3,2,1,1,4,3,7
CHIPAYA,desnutricion global,sobrepeso (s),2006-04-01,2,1,4,0,6,1,7
CHULUMANI (V. DE LA LIBERTAD),desnutricion global,sobrepeso (s),2006-04-01,40,20,5,4,45,24,69
CHUMA,desnutricion global,sobrepeso (s),2006-04-01,7,3,0,0,7,3,10
CLIZA,desnutricion global,sobrepeso (s),2006-04-01,45,39,7,5,52,44,96
COBIJA,desnutricion global,sobrepeso (s),2006-04-01,48,47,8,8,56,55,111
COCHABAMBA,desnutricion global,sobrepeso (s),2006-04-01,297,226,49,39,346,265,611
COIPASA,desnutricion global,sobrepeso (s),2006-04-01,0,1,0,0,0,1,1
COLCAPIRHUA,desnutricion global,sobrepeso (s),2006-04-01,39,46,9,4,48,50,98
"COLCHA ""K""",desnutricion global,sobrepeso (s),2006-04-01,7,6,1,1,8,7,15
COLLANA,desnutricion global,sobrepeso (s),2006-04-01,4,0,0,0,4,0,4
COLOMI,desnutricion global,sobrepeso (s),2006-04-01,10,7,3,0,13,7,20
COLPA BELGICA,desnutricion global,sobrepeso (s),2006-04-01,12,11,4,5,16,16,32
COLQUECHACA,desnutricion global,sobrepeso (s),2006-04-01,16,14,7,2,23,16,39
COLQUENCHA,desnutricion global,sobrepeso (s),2006-04-01,4,3,3,0,7,3,10
COLQUIRI,desnutricion global,sobrepeso (s),2006-04-01,8,6,1,0,9,6,15
COMANCHE,desnutricion global,sobrepeso (s),2006-04-01,0,1,0,0,0,1,1
COMARAPA,desnutricion global,sobrepeso (s),2006-04-01,70,61,15,23,85,84,169
COMBAYA,desnutricion global,sobrepeso (s),2006-04-01,0,1,0,0,0,1,1
CONCEPCION,desnutricion global,sobrepeso (s),2006-04-01,8,1,1,2,9,3,12
COPACABANA,desnutricion global,sobrepeso (s),2006-04-01,17,6,1,3,18,9,27
CORIPATA,desnutricion global,sobrepeso (s),2006-04-01,17,18,1,1,18,19,37
CORO CORO,desnutricion global,sobrepeso (s),2006-04-01,4,4,0,0,4,4,8
COROICO,desnutricion global,sobrepeso (s),2006-04-01,0,1,1,1,1,2,3
CORQUE,desnutricion global,sobrepeso (s),2006-04-01,4,2,1,0,5,2,7
COTAGAITA,desnutricion global,sobrepeso (s),2006-04-01,9,12,4,1,13,13,26
COTOCA,desnutricion global,sobrepeso (s),2006-04-01,40,38,5,3,45,41,86
CUATRO CAÑADAS,desnutricion global,sobrepeso (s),2006-04-01,22,17,0,0,22,17,39
CUCHUMUELA (V. G. VILLARROEL),desnutricion global,sobrepeso (s),2006-04-01,2,0,0,0,2,0,2
CUEVO,desnutricion global,sobrepeso (s),2006-04-01,6,5,1,0,7,5,12
CULPINA,desnutricion global,sobrepeso (s),2006-04-01,16,10,4,1,20,11,31
CURAHUARA DE CARANGAS,desnutricion global,sobrepeso (s),2006-04-01,5,4,0,1,5,5,10
CURVA,desnutricion global,sobrepeso (s),2006-04-01,8,6,0,0,8,6,14
DESAGUADERO,desnutricion global,sobrepeso (s),2006-04-01,2,0,1,0,3,0,3
EL ALTO,desnutricion global,sobrepeso (s),2006-04-01,483,451,123,114,606,565,1171
EL CHORO,desnutricion global,sobrepeso (s),2006-04-01,3,2,0,0,3,2,5
EL PUENTE(STC),desnutricion global,sobrepeso (s),2006-04-01,23,4,2,0,25,4,29
EL PUENTE(TJA),desnutricion global,sobrepeso (s),2006-04-01,11,6,1,1,12,7,19
EL TORNO,desnutricion global,sobrepeso (s),2006-04-01,29,28,8,2,37,30,67
EL VILLAR,desnutricion global,sobrepeso (s),2006-04-01,6,2,3,1,9,3,12
ENTRE RIOS,desnutricion global,sobrepeso (s),2006-04-01,45,39,6,6,51,45,96
ENTRE RIOS,desnutricion global,sobrepeso (s),2006-04-01,29,24,6,2,35,26,61
EUCALIPTUS,desnutricion global,sobrepeso (s),2006-04-01,7,8,1,1,8,9,17
EUREKA (SANTOS MERCADO),desnutricion global,sobrepeso (s),2006-04-01,2,0,0,0,2,0,2
EXALTACION,desnutricion global,sobrepeso (s),2006-04-01,2,7,4,3,6,10,16
FERNANDEZ ALONSO,desnutricion global,sobrepeso (s),2006-04-01,28,15,3,4,31,19,50
FILADELFIA,desnutricion global,sobrepeso (s),2006-04-01,4,0,1,0,5,0,5
GENERAL SAAVEDRA,desnutricion global,sobrepeso (s),2006-04-01,28,20,11,6,39,26,65
GRAL. J.J. PEREZ (CHARAZANI),desnutricion global,sobrepeso (s),2006-04-01,4,4,1,0,5,4,9
GUANAY,desnutricion global,sobrepeso (s),2006-04-01,13,8,2,3,15,11,26
GUAQUI,desnutricion global,sobrepeso (s),2006-04-01,3,3,0,0,3,3,6
GUAYARAMERIN,desnutricion global,sobrepeso (s),2006-04-01,92,95,12,17,104,112,216
GUTIERREZ,desnutricion global,sobrepeso (s),2006-04-01,38,31,14,7,52,38,90
HUACARETA,desnutricion global,sobrepeso (s),2006-04-01,16,10,10,8,26,18,44
HUACAYA (VILLA DE HUACAYA),desnutricion global,sobrepeso (s),2006-04-01,13,12,3,1,16,13,29
HUANUNI,desnutricion global,sobrepeso (s),2006-04-01,21,28,2,1,23,29,52
HUARACAJE,desnutricion global,sobrepeso (s),2006-04-01,4,5,1,0,5,5,10
ICHOCA,desnutricion global,sobrepeso (s),2006-04-01,23,7,0,0,23,7,30
ICLA,desnutricion global,sobrepeso (s),2006-04-01,6,9,2,0,8,9,17
INCAHUASI,desnutricion global,sobrepeso (s),2006-04-01,10,11,1,3,11,14,25
INGAVI (HUMAITA),desnutricion global,sobrepeso (s),2006-04-01,2,4,1,11,3,15,18
INQUISIVI,desnutricion global,sobrepeso (s),2006-04-01,14,9,0,0,14,9,23
IRUPANA (VILLA DE LANZA),desnutricion global,sobrepeso (s),2006-04-01,7,7,2,3,9,10,19
IXIAMAS,desnutricion global,sobrepeso (s),2006-04-01,16,13,3,2,19,15,34
JESUS DE MACHACA,desnutricion global,sobrepeso (s),2006-04-01,2,3,2,1,4,4,8
LA ASUNTA,desnutricion global,sobrepeso (s),2006-04-01,27,16,3,2,30,18,48
LA GUARDIA,desnutricion global,sobrepeso (s),2006-04-01,93,55,35,26,128,81,209
LA PAZ,desnutricion global,sobrepeso (s),2006-04-01,442,462,256,223,698,685,1383
LAGUNILLAS,desnutricion global,sobrepeso (s),2006-04-01,14,12,4,8,18,20,38
LAJA,desnutricion global,sobrepeso (s),2006-04-01,13,4,2,2,15,6,21
LAS CARRERAS,desnutricion global,sobrepeso (s),2006-04-01,9,3,1,0,10,3,13
LICOMA PAMPA,desnutricion global,sobrepeso (s),2006-04-01,1,0,0,0,1,0,1
LLALLAGUA,desnutricion global,sobrepeso (s),2006-04-01,53,69,4,11,57,80,137
LLICA,desnutricion global,sobrepeso (s),2006-04-01,2,4,0,0,2,4,6
LORETO,desnutricion global,sobrepeso (s),2006-04-01,7,3,0,3,7,6,13
LURIBAY,desnutricion global,sobrepeso (s),2006-04-01,3,1,3,0,6,1,7
MACHACAMARCA,desnutricion global,sobrepeso (s),2006-04-01,1,7,0,2,1,9,10
MACHARETI,desnutricion global,sobrepeso (s),2006-04-01,19,22,7,7,26,29,55
MAGDALENA,desnutricion global,sobrepeso (s),2006-04-01,18,7,1,0,19,7,26
MAIRANA,desnutricion global,sobrepeso (s),2006-04-01,17,8,1,1,18,9,27
MALLA,desnutricion global,sobrepeso (s),2006-04-01,1,0,0,0,1,0,1
MAPIRI,desnutricion global,sobrepeso (s),2006-04-01,16,8,0,1,16,9,25
MECAPACA,desnutricion global,sobrepeso (s),2006-04-01,4,3,1,0,5,3,8
MINEROS,desnutricion global,sobrepeso (s),2006-04-01,47,33,15,12,62,45,107
MIZQUE,desnutricion global,sobrepeso (s),2006-04-01,31,13,14,12,45,25,70
MOCOMOCO,desnutricion global,sobrepeso (s),2006-04-01,4,3,1,0,5,3,8
MOJOCOYA,desnutricion global,sobrepeso (s),2006-04-01,14,4,6,1,20,5,25
MONTEAGUDO,desnutricion global,sobrepeso (s),2006-04-01,60,47,11,14,71,61,132
MONTERO,desnutricion global,sobrepeso (s),2006-04-01,280,148,114,80,394,228,622
MORO MORO,desnutricion global,sobrepeso (s),2006-04-01,3,4,3,0,6,4,10
MOROCHATA,desnutricion global,sobrepeso (s),2006-04-01,8,4,3,3,11,7,18
NACEBE (SANTA ROSA DEL ABUNA),desnutricion global,sobrepeso (s),2006-04-01,1,1,0,0,1,1,2
OCURI,desnutricion global,sobrepeso (s),2006-04-01,6,3,1,1,7,4,11
OKINAWA,desnutricion global,sobrepeso (s),2006-04-01,8,8,3,2,11,10,21
OMEREQUE,desnutricion global,sobrepeso (s),2006-04-01,8,7,0,0,8,7,15
ORURO,desnutricion global,sobrepeso (s),2006-04-01,160,152,27,35,187,187,374
PADCAYA,desnutricion global,sobrepeso (s),2006-04-01,19,5,8,5,27,10,37
PADILLA,desnutricion global,sobrepeso (s),2006-04-01,15,13,6,1,21,14,35
PAILON,desnutricion global,sobrepeso (s),2006-04-01,1,53,19,1,20,54,74
PALCA,desnutricion global,sobrepeso (s),2006-04-01,2,10,1,0,3,10,13
PALOS BLANCOS,desnutricion global,sobrepeso (s),2006-04-01,29,18,3,1,32,19,51
PAMPA AULLAGAS,desnutricion global,sobrepeso (s),2006-04-01,1,3,0,0,1,3,4
PAMPA GRANDE,desnutricion global,sobrepeso (s),2006-04-01,11,9,0,0,11,9,20
PAPEL PAMPA,desnutricion global,sobrepeso (s),2006-04-01,0,2,0,0,0,2,2
PASORAPA,desnutricion global,sobrepeso (s),2006-04-01,1,3,1,0,2,3,5
PATACAMAYA,desnutricion global,sobrepeso (s),2006-04-01,11,11,6,2,17,13,30
PAZÑA,desnutricion global,sobrepeso (s),2006-04-01,6,6,1,1,7,7,14
PELECHUCO,desnutricion global,sobrepeso (s),2006-04-01,4,5,0,0,4,5,9
POCOATA,desnutricion global,sobrepeso (s),2006-04-01,14,8,1,0,15,8,23
POCONA,desnutricion global,sobrepeso (s),2006-04-01,9,3,3,3,12,6,18
POJO (CBBA),desnutricion global,sobrepeso (s),2006-04-01,22,11,4,2,26,13,39
POOPO,desnutricion global,sobrepeso (s),2006-04-01,2,4,1,1,3,5,8
PORCO,desnutricion global,sobrepeso (s),2006-04-01,3,2,0,0,3,2,5
POROMA,desnutricion global,sobrepeso (s),2006-04-01,17,8,1,0,18,8,26
PORONGO,desnutricion global,sobrepeso (s),2006-04-01,9,7,2,1,11,8,19
PORTACHUELO,desnutricion global,sobrepeso (s),2006-04-01,62,53,46,32,108,85,193
PORVENIR,desnutricion global,sobrepeso (s),2006-04-01,6,17,2,0,8,17,25
POSTRER VALLE,desnutricion global,sobrepeso (s),2006-04-01,2,0,3,2,5,2,7
POTOSI,desnutricion global,sobrepeso (s),2006-04-01,93,48,9,6,102,54,156
PRESTO,desnutricion global,sobrepeso (s),2006-04-01,11,3,2,1,13,4,17
PUCARA,desnutricion global,sobrepeso (s),2006-04-01,4,1,2,0,6,1,7
PUCARANI,desnutricion global,sobrepeso (s),2006-04-01,23,12,3,4,26,16,42
PUERTO ACOSTA,desnutricion global,sobrepeso (s),2006-04-01,8,7,2,1,10,8,18
PUERTO CARABUCO,desnutricion global,sobrepeso (s),2006-04-01,6,4,2,0,8,4,12
PUERTO GONZALO MORENO,desnutricion global,sobrepeso (s),2006-04-01,1,1,1,0,2,1,3
PUERTO PEREZ,desnutricion global,sobrepeso (s),2006-04-01,2,2,0,0,2,2,4
PUERTO QUIJARRO,desnutricion global,sobrepeso (s),2006-04-01,28,18,4,2,32,20,52
PUERTO RICO,desnutricion global,sobrepeso (s),2006-04-01,11,12,0,1,11,13,24
PUERTO SILES,desnutricion global,sobrepeso (s),2006-04-01,7,3,2,2,9,5,14
PUERTO SUAREZ,desnutricion global,sobrepeso (s),2006-04-01,15,25,7,6,22,31,53
PUERTO VILLARROEL,desnutricion global,sobrepeso (s),2006-04-01,46,26,2,4,48,30,78
PUNA,desnutricion global,sobrepeso (s),2006-04-01,15,11,4,0,19,11,30
PUNATA,desnutricion global,sobrepeso (s),2006-04-01,10,6,3,2,13,8,21
QUIABAYA,desnutricion global,sobrepeso (s),2006-04-01,0,1,0,0,0,1,1
QUILLACOLLO,desnutricion global,sobrepeso (s),2006-04-01,39,23,9,4,48,27,75
QUIME,desnutricion global,sobrepeso (s),2006-04-01,4,4,0,0,4,4,8
QUIRUSILLAS,desnutricion global,sobrepeso (s),2006-04-01,4,3,3,1,7,4,11
RAVELO,desnutricion global,sobrepeso (s),2006-04-01,3,1,0,0,3,1,4
REYES,desnutricion global,sobrepeso (s),2006-04-01,16,13,4,6,20,19,39
RIBERALTA,desnutricion global,sobrepeso (s),2006-04-01,85,35,7,4,92,39,131
ROBORE,desnutricion global,sobrepeso (s),2006-04-01,12,4,4,1,16,5,21
RURRENABAQUE,desnutricion global,sobrepeso (s),2006-04-01,23,10,4,4,27,14,41
SABAYA,desnutricion global,sobrepeso (s),2006-04-01,0,1,0,0,0,1,1
SACABA,desnutricion global,sobrepeso (s),2006-04-01,45,29,3,2,48,31,79
SACABAMBA,desnutricion global,sobrepeso (s),2006-04-01,0,0,0,1,0,1,1
SACACA,desnutricion global,sobrepeso (s),2006-04-01,2,3,1,1,3,4,7
SAIPINA,desnutricion global,sobrepeso (s),2006-04-01,46,34,19,23,65,57,122
SALINAS DE GARCI MENDOZA,desnutricion global,sobrepeso (s),2006-04-01,9,11,3,1,12,12,24
SAMAIPATA,desnutricion global,sobrepeso (s),2006-04-01,15,6,6,3,21,9,30
SAN ANDRES,desnutricion global,sobrepeso (s),2006-04-01,13,6,2,1,15,7,22
SAN ANDRES DE MACHACA,desnutricion global,sobrepeso (s),2006-04-01,2,2,0,0,2,2,4
SAN ANTONIO DE ESMORUCO,desnutricion global,sobrepeso (s),2006-04-01,1,0,0,0,1,0,1
SAN ANTONIO DE LOMERIO,desnutricion global,sobrepeso (s),2006-04-01,2,3,0,0,2,3,5
SAN BENITO,desnutricion global,sobrepeso (s),2006-04-01,1,1,5,0,6,1,7
SAN BORJA,desnutricion global,sobrepeso (s),2006-04-01,40,27,6,5,46,32,78
SAN BUENA VENTURA,desnutricion global,sobrepeso (s),2006-04-01,15,6,1,0,16,6,22
SAN CARLOS,desnutricion global,sobrepeso (s),2006-04-01,35,26,12,8,47,34,81
SAN IGNACIO,desnutricion global,sobrepeso (s),2006-04-01,27,22,14,10,41,32,73
SAN IGNACIO DE VELASCO,desnutricion global,sobrepeso (s),2006-04-01,84,56,18,15,102,71,173
SAN JAVIER(BNI),desnutricion global,sobrepeso (s),2006-04-01,9,5,3,0,12,5,17
SAN JAVIER(STC),desnutricion global,sobrepeso (s),2006-04-01,5,4,1,1,6,5,11
SAN JOAQUIN,desnutricion global,sobrepeso (s),2006-04-01,11,6,3,1,14,7,21
SAN JOSE DE CHIQUITOS,desnutricion global,sobrepeso (s),2006-04-01,10,7,9,10,19,17,36
SAN JUAN DE YAPACANI,desnutricion global,sobrepeso (s),2006-04-01,12,15,6,5,18,20,38
SAN JULIAN,desnutricion global,sobrepeso (s),2006-04-01,27,44,25,16,52,60,112
SAN LORENZO(PND),desnutricion global,sobrepeso (s),2006-04-01,29,20,9,11,38,31,69
SAN LORENZO(TJA),desnutricion global,sobrepeso (s),2006-04-01,17,11,9,4,26,15,41
SAN LUCAS,desnutricion global,sobrepeso (s),2006-04-01,23,23,2,2,25,25,50
SAN MATIAS,desnutricion global,sobrepeso (s),2006-04-01,17,15,5,19,22,34,56
SAN MIGUEL DE VELASCO,desnutricion global,sobrepeso (s),2006-04-01,6,7,2,1,8,8,16
SAN PABLO DE LIPEZ,desnutricion global,sobrepeso (s),2006-04-01,0,1,0,0,0,1,1
SAN PEDRO,desnutricion global,sobrepeso (s),2006-04-01,42,32,8,5,50,37,87
SAN PEDRO DE BUENA VISTA,desnutricion global,sobrepeso (s),2006-04-01,10,9,6,7,16,16,32
SAN PEDRO DE CURAHUARA,desnutricion global,sobrepeso (s),2006-04-01,2,2,0,2,2,4,6
SAN PEDRO DE TIQUINA,desnutricion global,sobrepeso (s),2006-04-01,1,3,0,0,1,3,4
SAN PEDRO(PND),desnutricion global,sobrepeso (s),2006-04-01,3,5,1,4,4,9,13
SAN RAFAEL,desnutricion global,sobrepeso (s),2006-04-01,3,5,1,0,4,5,9
SAN RAMON,desnutricion global,sobrepeso (s),2006-04-01,14,8,5,2,19,10,29
SANTA ANA,desnutricion global,sobrepeso (s),2006-04-01,71,51,17,18,88,69,157
SANTA CRUZ DE LA SIERRA,desnutricion global,sobrepeso (s),2006-04-01,1968,1252,680,556,2648,1808,4456
SANTA ROSA,desnutricion global,sobrepeso (s),2006-04-01,22,11,0,3,22,14,36
SANTA ROSA DEL SARA,desnutricion global,sobrepeso (s),2006-04-01,29,12,11,9,40,21,61
SANTIAGO DE CALLAPA,desnutricion global,sobrepeso (s),2006-04-01,1,1,3,1,4,2,6
SANTIAGO DE HUARI,desnutricion global,sobrepeso (s),2006-04-01,5,1,1,12,6,13,19
SANTIAGO DE MACHACA,desnutricion global,sobrepeso (s),2006-04-01,1,0,0,0,1,0,1
SANTIVAÑES,desnutricion global,sobrepeso (s),2006-04-01,6,3,0,1,6,4,10
SANTUARIO DE QUILLACAS,desnutricion global,sobrepeso (s),2006-04-01,0,2,0,0,0,2,2
SAPAHAQUI,desnutricion global,sobrepeso (s),2006-04-01,1,5,0,0,1,5,6
SENA,desnutricion global,sobrepeso (s),2006-04-01,2,2,2,0,4,2,6
SICA SICA (VILLA AROMA),desnutricion global,sobrepeso (s),2006-04-01,8,4,3,0,11,4,15
SICAYA,desnutricion global,sobrepeso (s),2006-04-01,0,1,0,0,0,1,1
SIPE SIPE,desnutricion global,sobrepeso (s),2006-04-01,32,49,18,5,50,54,104
SOPACHUY,desnutricion global,sobrepeso (s),2006-04-01,1,1,0,0,1,1,2
SORACACHI,desnutricion global,sobrepeso (s),2006-04-01,9,4,3,5,12,9,21
SORATA,desnutricion global,sobrepeso (s),2006-04-01,14,13,4,0,18,13,31
SUCRE,desnutricion global,sobrepeso (s),2006-04-01,216,181,43,35,259,216,475
TACACHI,desnutricion global,sobrepeso (s),2006-04-01,0,1,0,0,0,1,1
TACACOMA,desnutricion global,sobrepeso (s),2006-04-01,11,7,1,0,12,7,19
TACOBAMBA,desnutricion global,sobrepeso (s),2006-04-01,12,9,1,1,13,10,23
TACOPAYA,desnutricion global,sobrepeso (s),2006-04-01,6,2,1,0,7,2,9
TAHUA,desnutricion global,sobrepeso (s),2006-04-01,3,1,1,1,4,2,6
TAPACARI,desnutricion global,sobrepeso (s),2006-04-01,6,4,1,0,7,4,11
TARABUCO,desnutricion global,sobrepeso (s),2006-04-01,10,15,2,1,12,16,28
TARACO,desnutricion global,sobrepeso (s),2006-04-01,2,0,0,0,2,0,2
TARATA,desnutricion global,sobrepeso (s),2006-04-01,8,12,6,9,14,21,35
TARIJA,desnutricion global,sobrepeso (s),2006-04-01,308,217,80,64,388,281,669
TARVITA,desnutricion global,sobrepeso (s),2006-04-01,7,4,2,0,9,4,13
TEOPONTE,desnutricion global,sobrepeso (s),2006-04-01,15,8,3,5,18,13,31
TIAWANACU,desnutricion global,sobrepeso (s),2006-04-01,9,8,4,10,13,18,31
TINGUIPAYA,desnutricion global,sobrepeso (s),2006-04-01,15,6,5,0,20,6,26
TIPUANI,desnutricion global,sobrepeso (s),2006-04-01,11,15,2,2,13,17,30
TIQUIPAYA,desnutricion global,sobrepeso (s),2006-04-01,17,9,4,5,21,14,35
TIRAQUE (CBBA),desnutricion global,sobrepeso (s),2006-04-01,62,57,9,11,71,68,139
TITO YUPANQUI (PARQUIPUJIO),desnutricion global,sobrepeso (s),2006-04-01,0,2,0,0,0,2,2
TOCO,desnutricion global,sobrepeso (s),2006-04-01,1,4,0,0,1,4,5
TOLATA,desnutricion global,sobrepeso (s),2006-04-01,0,1,0,0,0,1,1
TOLEDO,desnutricion global,sobrepeso (s),2006-04-01,1,1,0,0,1,1,2
TOMAVE,desnutricion global,sobrepeso (s),2006-04-01,4,1,0,0,4,1,5
TOMINA,desnutricion global,sobrepeso (s),2006-04-01,10,12,0,0,10,12,22
TORO TORO,desnutricion global,sobrepeso (s),2006-04-01,3,1,1,0,4,1,5
TOTORA(CBBA),desnutricion global,sobrepeso (s),2006-04-01,7,1,2,0,9,1,10
TRIGAL,desnutricion global,sobrepeso (s),2006-04-01,2,0,2,2,4,2,6
TRINIDAD,desnutricion global,sobrepeso (s),2006-04-01,208,114,24,24,232,138,370
TUPIZA,desnutricion global,sobrepeso (s),2006-04-01,37,30,12,10,49,40,89
TURCO,desnutricion global,sobrepeso (s),2006-04-01,3,2,0,0,3,2,5
UNCIA,desnutricion global,sobrepeso (s),2006-04-01,5,9,3,2,8,11,19
URIONDO (A. CONCEPCION),desnutricion global,sobrepeso (s),2006-04-01,25,13,5,3,30,16,46
URUBICHA,desnutricion global,sobrepeso (s),2006-04-01,27,20,30,6,57,26,83
UYUNI,desnutricion global,sobrepeso (s),2006-04-01,23,16,4,5,27,21,48
VACAS,desnutricion global,sobrepeso (s),2006-04-01,0,2,0,0,0,2,2
VALLEGRANDE,desnutricion global,sobrepeso (s),2006-04-01,24,16,13,5,37,21,58
VIACHA,desnutricion global,sobrepeso (s),2006-04-01,56,36,8,9,64,45,109
VILA VILA,desnutricion global,sobrepeso (s),2006-04-01,1,3,1,1,2,4,6
VILLA MONTES,desnutricion global,sobrepeso (s),2006-04-01,39,26,4,6,43,32,75
VILLA NUEVA (LOMA ALTA),desnutricion global,sobrepeso (s),2006-04-01,1,0,0,0,1,0,1
VILLA RIVERO,desnutricion global,sobrepeso (s),2006-04-01,4,2,0,0,4,2,6
VILLA SERRANO,desnutricion global,sobrepeso (s),2006-04-01,20,9,4,3,24,12,36
VILLA TUNARI,desnutricion global,sobrepeso (s),2006-04-01,58,59,7,6,65,65,130
VILLA VACA GUZMAN (MUYUPAMPA),desnutricion global,sobrepeso (s),2006-04-01,27,13,5,2,32,15,47
VILLAZON,desnutricion global,sobrepeso (s),2006-04-01,31,35,9,2,40,37,77
VINTO,desnutricion global,sobrepeso (s),2006-04-01,16,9,3,4,19,13,32
VITICHI,desnutricion global,sobrepeso (s),2006-04-01,2,4,1,0,3,4,7
WALDO BALLIVIAN,desnutricion global,sobrepeso (s),2006-04-01,1,0,1,0,2,0,2
WARNES,desnutricion global,sobrepeso (s),2006-04-01,83,70,26,23,109,93,202
YACO,desnutricion global,sobrepeso (s),2006-04-01,3,2,0,0,3,2,5
YACUIBA,desnutricion global,sobrepeso (s),2006-04-01,88,97,12,8,100,105,205
YAMPARAEZ,desnutricion global,sobrepeso (s),2006-04-01,7,11,0,1,7,12,19
YANACACHI,desnutricion global,sobrepeso (s),2006-04-01,2,2,0,1,2,3,5
YAPACANI,desnutricion global,sobrepeso (s),2006-04-01,79,84,7,12,86,96,182
YOCALLA,desnutricion global,sobrepeso (s),2006-04-01,4,2,0,0,4,2,6
YOTALA,desnutricion global,sobrepeso (s),2006-04-01,14,15,6,9,20,24,44
YUNCHARA,desnutricion global,sobrepeso (s),2006-04-01,0,4,0,2,0,6,6
ZUDAÑEZ,desnutricion global,sobrepeso (s),2006-04-01,11,5,1,0,12,5,17
ACACIO,desnutricion global,sobrepeso (s),2006-05-01,0,0,0,3,0,3,3
ACHACACHI,desnutricion global,sobrepeso (s),2006-05-01,22,16,6,3,28,19,47
ACHOCALLA,desnutricion global,sobrepeso (s),2006-05-01,3,5,1,1,4,6,10
AIQUILE,desnutricion global,sobrepeso (s),2006-05-01,1,0,0,0,1,0,1
ALCALA,desnutricion global,sobrepeso (s),2006-05-01,2,7,0,0,2,7,9
ANCORAIMES,desnutricion global,sobrepeso (s),2006-05-01,1,1,1,0,2,1,3
ANDAMARCA,desnutricion global,sobrepeso (s),2006-05-01,1,0,2,0,3,0,3
ANTEQUERA,desnutricion global,sobrepeso (s),2006-05-01,2,4,0,1,2,5,7
ANZALDO,desnutricion global,sobrepeso (s),2006-05-01,8,1,11,2,19,3,22
APOLO,desnutricion global,sobrepeso (s),2006-05-01,20,16,2,2,22,18,40
ARAMPAMPA,desnutricion global,sobrepeso (s),2006-05-01,4,1,0,1,4,2,6
ARANI,desnutricion global,sobrepeso (s),2006-05-01,0,1,0,0,0,1,1
ARBIETO,desnutricion global,sobrepeso (s),2006-05-01,2,2,0,3,2,5,7
ATOCHA,desnutricion global,sobrepeso (s),2006-05-01,10,6,3,3,13,9,22
AUCAPATA,desnutricion global,sobrepeso (s),2006-05-01,0,2,0,1,0,3,3
AYATA,desnutricion global,sobrepeso (s),2006-05-01,6,0,1,0,7,0,7
AYO AYO,desnutricion global,sobrepeso (s),2006-05-01,0,1,1,0,1,1,2
AYOPAYA (V. DE INDEPENDENCIA),desnutricion global,sobrepeso (s),2006-05-01,14,13,4,2,18,15,33
AZURDUY,desnutricion global,sobrepeso (s),2006-05-01,15,3,5,0,20,3,23
BATALLAS,desnutricion global,sobrepeso (s),2006-05-01,2,2,0,0,2,2,4
BAURES,desnutricion global,sobrepeso (s),2006-05-01,9,9,3,2,12,11,23
BELEN DE ANDAMARCA,desnutricion global,sobrepeso (s),2006-05-01,0,2,0,1,0,3,3
BELEN DE URMIRI,desnutricion global,sobrepeso (s),2006-05-01,1,2,1,0,2,2,4
BELLA FLOR,desnutricion global,sobrepeso (s),2006-05-01,1,0,0,0,1,0,1
BERMEJO,desnutricion global,sobrepeso (s),2006-05-01,19,11,1,0,20,11,31
BETANZOS,desnutricion global,sobrepeso (s),2006-05-01,18,16,3,2,21,18,39
BOLIVAR,desnutricion global,sobrepeso (s),2006-05-01,0,0,1,1,1,1,2
BOLPEBRA,desnutricion global,sobrepeso (s),2006-05-01,1,4,0,1,1,5,6
BOYUIBE,desnutricion global,sobrepeso (s),2006-05-01,10,0,1,4,11,4,15
BUENA VISTA,desnutricion global,sobrepeso (s),2006-05-01,18,16,5,3,23,19,42
CABEZAS,desnutricion global,sobrepeso (s),2006-05-01,56,24,9,11,65,35,100
CAIROMA,desnutricion global,sobrepeso (s),2006-05-01,6,4,1,0,7,4,11
"CAIZA ""D""",desnutricion global,sobrepeso (s),2006-05-01,11,7,2,2,13,9,22
CAJUATA,desnutricion global,sobrepeso (s),2006-05-01,9,11,1,2,10,13,23
CALACOTO,desnutricion global,sobrepeso (s),2006-05-01,2,0,0,0,2,0,2
CALAMARCA,desnutricion global,sobrepeso (s),2006-05-01,3,2,0,0,3,2,5
CAMARGO,desnutricion global,sobrepeso (s),2006-05-01,40,10,3,7,43,17,60
CAMATAQUI (C. VILLA ABECIA),desnutricion global,sobrepeso (s),2006-05-01,4,2,1,1,5,3,8
CAMIRI,desnutricion global,sobrepeso (s),2006-05-01,77,53,24,21,101,74,175
CAPINOTA,desnutricion global,sobrepeso (s),2006-05-01,2,1,4,4,6,5,11
CAQUIAVIRI,desnutricion global,sobrepeso (s),2006-05-01,10,13,4,2,14,15,29
CARACOLLO,desnutricion global,sobrepeso (s),2006-05-01,3,7,1,0,4,7,11
CARANAVI,desnutricion global,sobrepeso (s),2006-05-01,102,78,8,5,110,83,193
CARANGAS,desnutricion global,sobrepeso (s),2006-05-01,1,0,0,0,1,0,1
CARAPARI,desnutricion global,sobrepeso (s),2006-05-01,37,47,9,10,46,57,103
CARIPUYO,desnutricion global,sobrepeso (s),2006-05-01,7,2,3,0,10,2,12
CARMEN RIVERO TORREZ,desnutricion global,sobrepeso (s),2006-05-01,8,2,5,3,13,5,18
CHACARILLA,desnutricion global,sobrepeso (s),2006-05-01,3,6,2,0,5,6,11
CHALLAPATA,desnutricion global,sobrepeso (s),2006-05-01,25,29,3,1,28,30,58
CHAQUI,desnutricion global,sobrepeso (s),2006-05-01,6,3,0,0,6,3,9
CHARAGUA,desnutricion global,sobrepeso (s),2006-05-01,32,20,14,8,46,28,74
CHARAÑA,desnutricion global,sobrepeso (s),2006-05-01,1,0,0,1,1,1,2
CHAYANTA,desnutricion global,sobrepeso (s),2006-05-01,16,13,1,0,17,13,30
CHIMORE,desnutricion global,sobrepeso (s),2006-05-01,10,8,3,1,13,9,22
CHIPAYA,desnutricion global,sobrepeso (s),2006-05-01,4,1,0,0,4,1,5
CHOQUE COTA,desnutricion global,sobrepeso (s),2006-05-01,0,1,0,0,0,1,1
CHULUMANI (V. DE LA LIBERTAD),desnutricion global,sobrepeso (s),2006-05-01,15,15,2,2,17,17,34
CHUMA,desnutricion global,sobrepeso (s),2006-05-01,6,7,0,3,6,10,16
CLIZA,desnutricion global,sobrepeso (s),2006-05-01,38,28,13,12,51,40,91
COBIJA,desnutricion global,sobrepeso (s),2006-05-01,69,59,7,8,76,67,143
COCHABAMBA,desnutricion global,sobrepeso (s),2006-05-01,415,287,92,57,507,344,851
COIPASA,desnutricion global,sobrepeso (s),2006-05-01,0,4,2,0,2,4,6
COLCAPIRHUA,desnutricion global,sobrepeso (s),2006-05-01,29,102,15,7,44,109,153
"COLCHA ""K""",desnutricion global,sobrepeso (s),2006-05-01,6,10,2,2,8,12,20
COLLANA,desnutricion global,sobrepeso (s),2006-05-01,1,0,0,0,1,0,1
COLOMI,desnutricion global,sobrepeso (s),2006-05-01,14,12,3,0,17,12,29
COLPA BELGICA,desnutricion global,sobrepeso (s),2006-05-01,10,8,4,4,14,12,26
COLQUECHACA,desnutricion global,sobrepeso (s),2006-05-01,2,4,1,2,3,6,9
COLQUENCHA,desnutricion global,sobrepeso (s),2006-05-01,3,4,0,0,3,4,7
COLQUIRI,desnutricion global,sobrepeso (s),2006-05-01,10,5,1,2,11,7,18
COMANCHE,desnutricion global,sobrepeso (s),2006-05-01,1,0,1,0,2,0,2
COMARAPA,desnutricion global,sobrepeso (s),2006-05-01,70,69,17,16,87,85,172
COMBAYA,desnutricion global,sobrepeso (s),2006-05-01,0,1,0,0,0,1,1
CONCEPCION,desnutricion global,sobrepeso (s),2006-05-01,4,3,0,1,4,4,8
COPACABANA,desnutricion global,sobrepeso (s),2006-05-01,17,12,1,5,18,17,35
CORIPATA,desnutricion global,sobrepeso (s),2006-05-01,19,9,0,2,19,11,30
CORO CORO,desnutricion global,sobrepeso (s),2006-05-01,6,1,1,2,7,3,10
CORQUE,desnutricion global,sobrepeso (s),2006-05-01,23,2,2,1,25,3,28
COTAGAITA,desnutricion global,sobrepeso (s),2006-05-01,14,19,4,2,18,21,39
COTOCA,desnutricion global,sobrepeso (s),2006-05-01,57,29,1,4,58,33,91
CUATRO CAÑADAS,desnutricion global,sobrepeso (s),2006-05-01,19,9,2,4,21,13,34
CUCHUMUELA (V. G. VILLARROEL),desnutricion global,sobrepeso (s),2006-05-01,1,0,0,0,1,0,1
CUEVO,desnutricion global,sobrepeso (s),2006-05-01,4,3,0,0,4,3,7
CULPINA,desnutricion global,sobrepeso (s),2006-05-01,22,11,4,1,26,12,38
CURAHUARA DE CARANGAS,desnutricion global,sobrepeso (s),2006-05-01,3,3,1,0,4,3,7
CURVA,desnutricion global,sobrepeso (s),2006-05-01,8,6,1,0,9,6,15
DESAGUADERO,desnutricion global,sobrepeso (s),2006-05-01,0,2,1,0,1,2,3
EL ALTO,desnutricion global,sobrepeso (s),2006-05-01,522,467,140,147,662,614,1276
EL CHORO,desnutricion global,sobrepeso (s),2006-05-01,1,1,0,0,1,1,2
EL PUENTE(STC),desnutricion global,sobrepeso (s),2006-05-01,14,10,0,2,14,12,26
EL PUENTE(TJA),desnutricion global,sobrepeso (s),2006-05-01,5,5,2,1,7,6,13
EL TORNO,desnutricion global,sobrepeso (s),2006-05-01,56,24,6,7,62,31,93
EL VILLAR,desnutricion global,sobrepeso (s),2006-05-01,9,3,3,1,12,4,16
ENTRE RIOS,desnutricion global,sobrepeso (s),2006-05-01,33,23,13,7,46,30,76
ENTRE RIOS,desnutricion global,sobrepeso (s),2006-05-01,44,27,12,4,56,31,87
EUCALIPTUS,desnutricion global,sobrepeso (s),2006-05-01,6,6,2,2,8,8,16
EUREKA (SANTOS MERCADO),desnutricion global,sobrepeso (s),2006-05-01,1,1,0,0,1,1,2
EXALTACION,desnutricion global,sobrepeso (s),2006-05-01,13,14,2,5,15,19,34
FERNANDEZ ALONSO,desnutricion global,sobrepeso (s),2006-05-01,31,24,2,7,33,31,64
FILADELFIA,desnutricion global,sobrepeso (s),2006-05-01,12,6,1,1,13,7,20
GENERAL SAAVEDRA,desnutricion global,sobrepeso (s),2006-05-01,16,9,7,5,23,14,37
GRAL. J.J. PEREZ (CHARAZANI),desnutricion global,sobrepeso (s),2006-05-01,13,8,0,0,13,8,21
GUANAY,desnutricion global,sobrepeso (s),2006-05-01,15,12,4,4,19,16,35
GUAQUI,desnutricion global,sobrepeso (s),2006-05-01,1,2,4,2,5,4,9
GUAYARAMERIN,desnutricion global,sobrepeso (s),2006-05-01,98,89,10,12,108,101,209
GUTIERREZ,desnutricion global,sobrepeso (s),2006-05-01,23,14,11,4,34,18,52
HUACARETA,desnutricion global,sobrepeso (s),2006-05-01,16,11,4,0,20,11,31
HUACAYA (VILLA DE HUACAYA),desnutricion global,sobrepeso (s),2006-05-01,7,7,1,0,8,7,15
HUANUNI,desnutricion global,sobrepeso (s),2006-05-01,43,38,2,1,45,39,84
HUARACAJE,desnutricion global,sobrepeso (s),2006-05-01,9,4,1,0,10,4,14
ICHOCA,desnutricion global,sobrepeso (s),2006-05-01,7,1,2,0,9,1,10
ICLA,desnutricion global,sobrepeso (s),2006-05-01,7,4,1,1,8,5,13
INCAHUASI,desnutricion global,sobrepeso (s),2006-05-01,11,12,3,3,14,15,29
INQUISIVI,desnutricion global,sobrepeso (s),2006-05-01,13,17,1,2,14,19,33
IRUPANA (VILLA DE LANZA),desnutricion global,sobrepeso (s),2006-05-01,10,6,6,1,16,7,23
IXIAMAS,desnutricion global,sobrepeso (s),2006-05-01,15,13,3,6,18,19,37
JESUS DE MACHACA,desnutricion global,sobrepeso (s),2006-05-01,4,4,2,0,6,4,10
LA ASUNTA,desnutricion global,sobrepeso (s),2006-05-01,18,6,3,1,21,7,28
LA GUARDIA,desnutricion global,sobrepeso (s),2006-05-01,135,89,38,34,173,123,296
LA PAZ,desnutricion global,sobrepeso (s),2006-05-01,553,510,253,242,806,752,1558
LAGUNILLAS,desnutricion global,sobrepeso (s),2006-05-01,16,19,6,10,22,29,51
LAJA,desnutricion global,sobrepeso (s),2006-05-01,14,9,1,2,15,11,26
LAS CARRERAS,desnutricion global,sobrepeso (s),2006-05-01,9,6,0,1,9,7,16
LICOMA PAMPA,desnutricion global,sobrepeso (s),2006-05-01,2,0,0,0,2,0,2
LLALLAGUA,desnutricion global,sobrepeso (s),2006-05-01,64,62,33,23,97,85,182
LLICA,desnutricion global,sobrepeso (s),2006-05-01,3,5,1,1,4,6,10
LORETO,desnutricion global,sobrepeso (s),2006-05-01,4,2,3,0,7,2,9
LURIBAY,desnutricion global,sobrepeso (s),2006-05-01,7,8,3,0,10,8,18
MACHACAMARCA,desnutricion global,sobrepeso (s),2006-05-01,4,3,1,1,5,4,9
MACHARETI,desnutricion global,sobrepeso (s),2006-05-01,17,16,19,10,36,26,62
MAGDALENA,desnutricion global,sobrepeso (s),2006-05-01,26,8,2,1,28,9,37
MAIRANA,desnutricion global,sobrepeso (s),2006-05-01,18,16,2,3,20,19,39
MALLA,desnutricion global,sobrepeso (s),2006-05-01,3,2,0,0,3,2,5
MAPIRI,desnutricion global,sobrepeso (s),2006-05-01,7,7,1,8,8,15,23
MECAPACA,desnutricion global,sobrepeso (s),2006-05-01,9,4,0,0,9,4,13
MINEROS,desnutricion global,sobrepeso (s),2006-05-01,58,37,21,21,79,58,137
MIZQUE,desnutricion global,sobrepeso (s),2006-05-01,46,31,5,7,51,38,89
MOCOMOCO,desnutricion global,sobrepeso (s),2006-05-01,10,0,0,0,10,0,10
MOJINETE,desnutricion global,sobrepeso (s),2006-05-01,1,0,0,0,1,0,1
MOJOCOYA,desnutricion global,sobrepeso (s),2006-05-01,11,7,2,2,13,9,22
MONTEAGUDO,desnutricion global,sobrepeso (s),2006-05-01,99,67,24,18,123,85,208
MONTERO,desnutricion global,sobrepeso (s),2006-05-01,289,214,90,71,379,285,664
MORO MORO,desnutricion global,sobrepeso (s),2006-05-01,7,8,6,0,13,8,21
MOROCHATA,desnutricion global,sobrepeso (s),2006-05-01,13,15,5,8,18,23,41
OCURI,desnutricion global,sobrepeso (s),2006-05-01,5,2,2,0,7,2,9
OKINAWA,desnutricion global,sobrepeso (s),2006-05-01,15,14,2,5,17,19,36
OMEREQUE,desnutricion global,sobrepeso (s),2006-05-01,8,6,3,3,11,9,20
ORURO,desnutricion global,sobrepeso (s),2006-05-01,222,192,47,55,269,247,516
PADCAYA,desnutricion global,sobrepeso (s),2006-05-01,24,27,10,17,34,44,78
PADILLA,desnutricion global,sobrepeso (s),2006-05-01,20,14,7,7,27,21,48
PAILON,desnutricion global,sobrepeso (s),2006-05-01,4,50,22,1,26,51,77
PALCA,desnutricion global,sobrepeso (s),2006-05-01,4,7,0,1,4,8,12
PALOS BLANCOS,desnutricion global,sobrepeso (s),2006-05-01,25,22,9,5,34,27,61
PAMPA AULLAGAS,desnutricion global,sobrepeso (s),2006-05-01,4,4,0,0,4,4,8
PAMPA GRANDE,desnutricion global,sobrepeso (s),2006-05-01,12,5,1,0,13,5,18
PAPEL PAMPA,desnutricion global,sobrepeso (s),2006-05-01,3,4,0,2,3,6,9
PASORAPA,desnutricion global,sobrepeso (s),2006-05-01,2,5,0,1,2,6,8
PATACAMAYA,desnutricion global,sobrepeso (s),2006-05-01,11,12,1,2,12,14,26
PAZÑA,desnutricion global,sobrepeso (s),2006-05-01,6,4,0,0,6,4,10
PELECHUCO,desnutricion global,sobrepeso (s),2006-05-01,4,4,3,1,7,5,12
POCOATA,desnutricion global,sobrepeso (s),2006-05-01,15,13,1,0,16,13,29
POCONA,desnutricion global,sobrepeso (s),2006-05-01,6,6,0,0,6,6,12
POJO (CBBA),desnutricion global,sobrepeso (s),2006-05-01,20,8,1,3,21,11,32
POOPO,desnutricion global,sobrepeso (s),2006-05-01,1,1,1,0,2,1,3
PORCO,desnutricion global,sobrepeso (s),2006-05-01,3,5,2,0,5,5,10
POROMA,desnutricion global,sobrepeso (s),2006-05-01,13,14,0,1,13,15,28
PORONGO,desnutricion global,sobrepeso (s),2006-05-01,2,4,0,0,2,4,6
PORTACHUELO,desnutricion global,sobrepeso (s),2006-05-01,94,78,32,36,126,114,240
PORVENIR,desnutricion global,sobrepeso (s),2006-05-01,15,19,1,0,16,19,35
POSTRER VALLE,desnutricion global,sobrepeso (s),2006-05-01,3,3,1,0,4,3,7
POTOSI,desnutricion global,sobrepeso (s),2006-05-01,98,51,9,4,107,55,162
PRESTO,desnutricion global,sobrepeso (s),2006-05-01,2,3,2,0,4,3,7
PUCARANI,desnutricion global,sobrepeso (s),2006-05-01,26,16,5,4,31,20,51
PUERTO ACOSTA,desnutricion global,sobrepeso (s),2006-05-01,9,0,0,0,9,0,9
PUERTO CARABUCO,desnutricion global,sobrepeso (s),2006-05-01,16,9,0,1,16,10,26
PUERTO GONZALO MORENO,desnutricion global,sobrepeso (s),2006-05-01,2,4,2,1,4,5,9
PUERTO PEREZ,desnutricion global,sobrepeso (s),2006-05-01,2,3,0,0,2,3,5
PUERTO QUIJARRO,desnutricion global,sobrepeso (s),2006-05-01,21,21,3,2,24,23,47
PUERTO RICO,desnutricion global,sobrepeso (s),2006-05-01,20,23,1,0,21,23,44
PUERTO SILES,desnutricion global,sobrepeso (s),2006-05-01,3,0,1,0,4,0,4
PUERTO SUAREZ,desnutricion global,sobrepeso (s),2006-05-01,27,30,9,10,36,40,76
PUERTO VILLARROEL,desnutricion global,sobrepeso (s),2006-05-01,33,30,11,6,44,36,80
PUNA,desnutricion global,sobrepeso (s),2006-05-01,22,16,10,3,32,19,51
PUNATA,desnutricion global,sobrepeso (s),2006-05-01,21,16,4,1,25,17,42
QUILLACOLLO,desnutricion global,sobrepeso (s),2006-05-01,26,12,4,1,30,13,43
QUIME,desnutricion global,sobrepeso (s),2006-05-01,5,4,2,0,7,4,11
QUIRUSILLAS,desnutricion global,sobrepeso (s),2006-05-01,1,2,0,0,1,2,3
RAVELO,desnutricion global,sobrepeso (s),2006-05-01,8,3,1,1,9,4,13
REYES,desnutricion global,sobrepeso (s),2006-05-01,29,22,11,7,40,29,69
RIBERALTA,desnutricion global,sobrepeso (s),2006-05-01,77,27,8,4,85,31,116
ROBORE,desnutricion global,sobrepeso (s),2006-05-01,25,17,9,9,34,26,60
RURRENABAQUE,desnutricion global,sobrepeso (s),2006-05-01,19,9,10,4,29,13,42
SABAYA,desnutricion global,sobrepeso (s),2006-05-01,2,1,0,0,2,1,3
SACABA,desnutricion global,sobrepeso (s),2006-05-01,78,42,9,6,87,48,135
SACACA,desnutricion global,sobrepeso (s),2006-05-01,6,5,0,0,6,5,11
SAIPINA,desnutricion global,sobrepeso (s),2006-05-01,43,30,11,11,54,41,95
SALINAS DE GARCI MENDOZA,desnutricion global,sobrepeso (s),2006-05-01,13,14,5,5,18,19,37
SAMAIPATA,desnutricion global,sobrepeso (s),2006-05-01,31,18,2,4,33,22,55
SAN AGUSTIN,desnutricion global,sobrepeso (s),2006-05-01,0,4,0,0,0,4,4
SAN ANDRES,desnutricion global,sobrepeso (s),2006-05-01,16,9,4,0,20,9,29
SAN ANDRES DE MACHACA,desnutricion global,sobrepeso (s),2006-05-01,1,1,0,1,1,2,3
SAN ANTONIO DE ESMORUCO,desnutricion global,sobrepeso (s),2006-05-01,4,10,0,0,4,10,14
SAN ANTONIO DE LOMERIO,desnutricion global,sobrepeso (s),2006-05-01,4,2,0,0,4,2,6
SAN BENITO,desnutricion global,sobrepeso (s),2006-05-01,13,5,2,2,15,7,22
SAN BORJA,desnutricion global,sobrepeso (s),2006-05-01,50,31,5,6,55,37,92
SAN BUENA VENTURA,desnutricion global,sobrepeso (s),2006-05-01,12,8,2,0,14,8,22
SAN CARLOS,desnutricion global,sobrepeso (s),2006-05-01,22,22,6,5,28,27,55
SAN IGNACIO,desnutricion global,sobrepeso (s),2006-05-01,24,23,11,7,35,30,65
SAN IGNACIO DE VELASCO,desnutricion global,sobrepeso (s),2006-05-01,106,65,22,14,128,79,207
SAN JAVIER(BNI),desnutricion global,sobrepeso (s),2006-05-01,7,3,1,1,8,4,12
SAN JAVIER(STC),desnutricion global,sobrepeso (s),2006-05-01,12,2,0,0,12,2,14
SAN JOAQUIN,desnutricion global,sobrepeso (s),2006-05-01,15,6,6,7,21,13,34
SAN JOSE DE CHIQUITOS,desnutricion global,sobrepeso (s),2006-05-01,16,12,9,4,25,16,41
SAN JUAN DE YAPACANI,desnutricion global,sobrepeso (s),2006-05-01,25,20,7,2,32,22,54
SAN JULIAN,desnutricion global,sobrepeso (s),2006-05-01,18,19,9,5,27,24,51
SAN LORENZO(PND),desnutricion global,sobrepeso (s),2006-05-01,14,7,1,6,15,13,28
SAN LORENZO(TJA),desnutricion global,sobrepeso (s),2006-05-01,7,6,4,3,11,9,20
SAN LUCAS,desnutricion global,sobrepeso (s),2006-05-01,22,18,0,1,22,19,41
SAN MATIAS,desnutricion global,sobrepeso (s),2006-05-01,29,15,5,3,34,18,52
SAN MIGUEL DE VELASCO,desnutricion global,sobrepeso (s),2006-05-01,10,10,3,2,13,12,25
SAN PABLO DE LIPEZ,desnutricion global,sobrepeso (s),2006-05-01,1,0,0,0,1,0,1
SAN PEDRO,desnutricion global,sobrepeso (s),2006-05-01,46,38,8,2,54,40,94
SAN PEDRO DE BUENA VISTA,desnutricion global,sobrepeso (s),2006-05-01,16,10,12,14,28,24,52
SAN PEDRO DE CURAHUARA,desnutricion global,sobrepeso (s),2006-05-01,4,2,1,0,5,2,7
SAN PEDRO DE QUEMES,desnutricion global,sobrepeso (s),2006-05-01,0,1,0,0,0,1,1
SAN PEDRO DE TIQUINA,desnutricion global,sobrepeso (s),2006-05-01,1,1,1,0,2,1,3
SAN PEDRO(PND),desnutricion global,sobrepeso (s),2006-05-01,0,1,0,0,0,1,1
SAN RAFAEL,desnutricion global,sobrepeso (s),2006-05-01,3,4,1,0,4,4,8
SAN RAMON,desnutricion global,sobrepeso (s),2006-05-01,30,9,9,6,39,15,54
SAN RAMON,desnutricion global,sobrepeso (s),2006-05-01,32,7,12,1,44,8,52
SANTA ANA,desnutricion global,sobrepeso (s),2006-05-01,53,29,33,25,86,54,140
SANTA CRUZ DE LA SIERRA,desnutricion global,sobrepeso (s),2006-05-01,1355,1056,446,373,1801,1429,3230
SANTA ROSA,desnutricion global,sobrepeso (s),2006-05-01,27,32,13,10,40,42,82
SANTA ROSA DEL SARA,desnutricion global,sobrepeso (s),2006-05-01,43,19,13,13,56,32,88
SANTIAGO DE CALLAPA,desnutricion global,sobrepeso (s),2006-05-01,4,7,1,0,5,7,12
SANTIAGO DE HUARI,desnutricion global,sobrepeso (s),2006-05-01,3,2,1,1,4,3,7
SANTIAGO DE MACHACA,desnutricion global,sobrepeso (s),2006-05-01,1,0,0,0,1,0,1
SANTIVAÑES,desnutricion global,sobrepeso (s),2006-05-01,0,2,0,0,0,2,2
SANTUARIO DE QUILLACAS,desnutricion global,sobrepeso (s),2006-05-01,2,0,2,0,4,0,4
SAPAHAQUI,desnutricion global,sobrepeso (s),2006-05-01,7,4,1,2,8,6,14
SENA,desnutricion global,sobrepeso (s),2006-05-01,4,5,3,1,7,6,13
SICA SICA (VILLA AROMA),desnutricion global,sobrepeso (s),2006-05-01,3,4,0,1,3,5,8
SICAYA,desnutricion global,sobrepeso (s),2006-05-01,0,1,0,0,0,1,1
SIPE SIPE,desnutricion global,sobrepeso (s),2006-05-01,40,55,10,11,50,66,116
SOPACHUY,desnutricion global,sobrepeso (s),2006-05-01,5,3,0,0,5,3,8
SORACACHI,desnutricion global,sobrepeso (s),2006-05-01,10,11,4,4,14,15,29
SORATA,desnutricion global,sobrepeso (s),2006-05-01,10,7,2,0,12,7,19
SUCRE,desnutricion global,sobrepeso (s),2006-05-01,230,175,41,44,271,219,490
TACACHI,desnutricion global,sobrepeso (s),2006-05-01,0,1,0,0,0,1,1
TACACOMA,desnutricion global,sobrepeso (s),2006-05-01,8,8,0,0,8,8,16
TACOBAMBA,desnutricion global,sobrepeso (s),2006-05-01,16,12,2,2,18,14,32
TACOPAYA,desnutricion global,sobrepeso (s),2006-05-01,1,1,1,0,2,1,3
TAHUA,desnutricion global,sobrepeso (s),2006-05-01,1,0,0,0,1,0,1
TAPACARI,desnutricion global,sobrepeso (s),2006-05-01,7,7,2,0,9,7,16
TARABUCO,desnutricion global,sobrepeso (s),2006-05-01,14,16,2,2,16,18,34
TARACO,desnutricion global,sobrepeso (s),2006-05-01,1,1,0,0,1,1,2
TARATA,desnutricion global,sobrepeso (s),2006-05-01,15,7,0,2,15,9,24
TARIJA,desnutricion global,sobrepeso (s),2006-05-01,424,302,102,133,526,435,961
TARVITA,desnutricion global,sobrepeso (s),2006-05-01,6,6,4,0,10,6,16
TEOPONTE,desnutricion global,sobrepeso (s),2006-05-01,12,17,8,9,20,26,46
TIAWANACU,desnutricion global,sobrepeso (s),2006-05-01,11,9,4,3,15,12,27
TINGUIPAYA,desnutricion global,sobrepeso (s),2006-05-01,17,11,0,5,17,16,33
TIPUANI,desnutricion global,sobrepeso (s),2006-05-01,15,14,1,1,16,15,31
TIQUIPAYA,desnutricion global,sobrepeso (s),2006-05-01,26,19,8,3,34,22,56
TIRAQUE (CBBA),desnutricion global,sobrepeso (s),2006-05-01,73,62,15,11,88,73,161
TITO YUPANQUI (PARQUIPUJIO),desnutricion global,sobrepeso (s),2006-05-01,0,1,0,0,0,1,1
TOCO,desnutricion global,sobrepeso (s),2006-05-01,2,5,3,2,5,7,12
TODOS SANTOS,desnutricion global,sobrepeso (s),2006-05-01,2,0,0,0,2,0,2
TOLATA,desnutricion global,sobrepeso (s),2006-05-01,0,2,5,0,5,2,7
TOLEDO,desnutricion global,sobrepeso (s),2006-05-01,2,4,0,0,2,4,6
TOMAVE,desnutricion global,sobrepeso (s),2006-05-01,7,0,1,0,8,0,8
TOMINA,desnutricion global,sobrepeso (s),2006-05-01,12,11,0,0,12,11,23
TORO TORO,desnutricion global,sobrepeso (s),2006-05-01,8,4,2,1,10,5,15
TOTORA(CBBA),desnutricion global,sobrepeso (s),2006-05-01,8,2,0,1,8,3,11
TOTORA(ORR),desnutricion global,sobrepeso (s),2006-05-01,1,1,0,0,1,1,2
TRIGAL,desnutricion global,sobrepeso (s),2006-05-01,5,1,1,1,6,2,8
TRINIDAD,desnutricion global,sobrepeso (s),2006-05-01,224,117,35,23,259,140,399
TUPIZA,desnutricion global,sobrepeso (s),2006-05-01,43,38,12,5,55,43,98
TURCO,desnutricion global,sobrepeso (s),2006-05-01,4,5,0,1,4,6,10
UNCIA,desnutricion global,sobrepeso (s),2006-05-01,30,25,22,22,52,47,99
URIONDO (A. CONCEPCION),desnutricion global,sobrepeso (s),2006-05-01,35,21,4,18,39,39,78
UYUNI,desnutricion global,sobrepeso (s),2006-05-01,23,18,2,1,25,19,44
VACAS,desnutricion global,sobrepeso (s),2006-05-01,2,0,2,0,4,0,4
VALLEGRANDE,desnutricion global,sobrepeso (s),2006-05-01,22,25,11,5,33,30,63
VIACHA,desnutricion global,sobrepeso (s),2006-05-01,54,32,11,10,65,42,107
VILA VILA,desnutricion global,sobrepeso (s),2006-05-01,2,0,0,0,2,0,2
VILLA MONTES,desnutricion global,sobrepeso (s),2006-05-01,60,47,12,9,72,56,128
VILLA NUEVA (LOMA ALTA),desnutricion global,sobrepeso (s),2006-05-01,1,1,1,0,2,1,3
VILLA RIVERO,desnutricion global,sobrepeso (s),2006-05-01,2,5,1,2,3,7,10
VILLA SERRANO,desnutricion global,sobrepeso (s),2006-05-01,14,7,4,4,18,11,29
VILLA TUNARI,desnutricion global,sobrepeso (s),2006-05-01,63,48,10,4,73,52,125
VILLA VACA GUZMAN (MUYUPAMPA),desnutricion global,sobrepeso (s),2006-05-01,24,14,4,2,28,16,44
VILLAZON,desnutricion global,sobrepeso (s),2006-05-01,38,54,11,9,49,63,112
VINTO,desnutricion global,sobrepeso (s),2006-05-01,25,9,1,3,26,12,38
VITICHI,desnutricion global,sobrepeso (s),2006-05-01,1,1,0,0,1,1,2
WARNES,desnutricion global,sobrepeso (s),2006-05-01,124,84,23,12,147,96,243
YACO,desnutricion global,sobrepeso (s),2006-05-01,1,5,0,1,1,6,7
YACUIBA,desnutricion global,sobrepeso (s),2006-05-01,92,85,11,13,103,98,201
YAMPARAEZ,desnutricion global,sobrepeso (s),2006-05-01,9,6,1,1,10,7,17
YANACACHI,desnutricion global,sobrepeso (s),2006-05-01,3,2,0,0,3,2,5
YAPACANI,desnutricion global,sobrepeso (s),2006-05-01,106,137,10,9,116,146,262
YOCALLA,desnutricion global,sobrepeso (s),2006-05-01,6,0,0,1,6,1,7
YOTALA,desnutricion global,sobrepeso (s),2006-05-01,11,17,5,5,16,22,38
YUNCHARA,desnutricion global,sobrepeso (s),2006-05-01,5,5,1,1,6,6,12
ZUDAÑEZ,desnutricion global,sobrepeso (s),2006-05-01,7,3,3,0,10,3,13
ACACIO,desnutricion global,sobrepeso (s),2006-06-01,4,4,0,2,4,6,10
ACHACACHI,desnutricion global,sobrepeso (s),2006-06-01,12,8,2,4,14,12,26
ACHOCALLA,desnutricion global,sobrepeso (s),2006-06-01,4,1,1,0,5,1,6
AIQUILE,desnutricion global,sobrepeso (s),2006-06-01,3,1,1,0,4,1,5
ALALAY,desnutricion global,sobrepeso (s),2006-06-01,0,1,0,0,0,1,1
ALCALA,desnutricion global,sobrepeso (s),2006-06-01,4,4,0,0,4,4,8
ANCORAIMES,desnutricion global,sobrepeso (s),2006-06-01,2,2,2,0,4,2,6
ANDAMARCA,desnutricion global,sobrepeso (s),2006-06-01,1,0,0,0,1,0,1
ANTEQUERA,desnutricion global,sobrepeso (s),2006-06-01,4,4,0,0,4,4,8
ANZALDO,desnutricion global,sobrepeso (s),2006-06-01,1,0,2,0,3,0,3
APOLO,desnutricion global,sobrepeso (s),2006-06-01,19,13,0,0,19,13,32
ARAMPAMPA,desnutricion global,sobrepeso (s),2006-06-01,14,10,10,11,24,21,45
ARANI,desnutricion global,sobrepeso (s),2006-06-01,4,2,0,0,4,2,6
ARBIETO,desnutricion global,sobrepeso (s),2006-06-01,9,9,2,3,11,12,23
ASCENCION DE GUARAYOS,desnutricion global,sobrepeso (s),2006-06-01,69,36,19,11,88,47,135
ATOCHA,desnutricion global,sobrepeso (s),2006-06-01,6,4,4,3,10,7,17
AUCAPATA,desnutricion global,sobrepeso (s),2006-06-01,4,7,1,0,5,7,12
AYATA,desnutricion global,sobrepeso (s),2006-06-01,2,1,0,0,2,1,3
AYO AYO,desnutricion global,sobrepeso (s),2006-06-01,3,0,0,0,3,0,3
AYOPAYA (V. DE INDEPENDENCIA),desnutricion global,sobrepeso (s),2006-06-01,13,13,3,2,16,15,31
AZURDUY,desnutricion global,sobrepeso (s),2006-06-01,18,9,3,0,21,9,30
BATALLAS,desnutricion global,sobrepeso (s),2006-06-01,6,4,1,0,7,4,11
BAURES,desnutricion global,sobrepeso (s),2006-06-01,4,4,3,5,7,9,16
BELEN DE URMIRI,desnutricion global,sobrepeso (s),2006-06-01,0,1,1,0,1,1,2
BELLA FLOR,desnutricion global,sobrepeso (s),2006-06-01,3,1,0,0,3,1,4
BERMEJO,desnutricion global,sobrepeso (s),2006-06-01,21,22,1,1,22,23,45
BETANZOS,desnutricion global,sobrepeso (s),2006-06-01,7,22,0,3,7,25,32
BOLIVAR,desnutricion global,sobrepeso (s),2006-06-01,1,0,0,0,1,0,1
BOYUIBE,desnutricion global,sobrepeso (s),2006-06-01,7,0,0,4,7,4,11
BUENA VISTA,desnutricion global,sobrepeso (s),2006-06-01,29,20,4,1,33,21,54
CABEZAS,desnutricion global,sobrepeso (s),2006-06-01,77,24,9,8,86,32,118
CAIROMA,desnutricion global,sobrepeso (s),2006-06-01,7,4,0,0,7,4,11
"CAIZA ""D""",desnutricion global,sobrepeso (s),2006-06-01,3,8,0,0,3,8,11
CAJUATA,desnutricion global,sobrepeso (s),2006-06-01,12,13,0,0,12,13,25
CALAMARCA,desnutricion global,sobrepeso (s),2006-06-01,3,1,0,1,3,2,5
CAMARGO,desnutricion global,sobrepeso (s),2006-06-01,22,7,4,1,26,8,34
CAMATAQUI (C. VILLA ABECIA),desnutricion global,sobrepeso (s),2006-06-01,3,5,1,0,4,5,9
CAMIRI,desnutricion global,sobrepeso (s),2006-06-01,99,82,36,26,135,108,243
CAPINOTA,desnutricion global,sobrepeso (s),2006-06-01,11,2,0,2,11,4,15
CAQUIAVIRI,desnutricion global,sobrepeso (s),2006-06-01,6,10,0,1,6,11,17
CARACOLLO,desnutricion global,sobrepeso (s),2006-06-01,9,7,0,0,9,7,16
CARANAVI,desnutricion global,sobrepeso (s),2006-06-01,108,64,6,4,114,68,182
CARAPARI,desnutricion global,sobrepeso (s),2006-06-01,32,24,6,5,38,29,67
CARIPUYO,desnutricion global,sobrepeso (s),2006-06-01,8,5,1,2,9,7,16
CARMEN RIVERO TORREZ,desnutricion global,sobrepeso (s),2006-06-01,6,2,4,0,10,2,12
CHALLAPATA,desnutricion global,sobrepeso (s),2006-06-01,10,12,2,0,12,12,24
CHAQUI,desnutricion global,sobrepeso (s),2006-06-01,6,4,0,0,6,4,10
CHARAGUA,desnutricion global,sobrepeso (s),2006-06-01,75,44,9,15,84,59,143
CHARAÑA,desnutricion global,sobrepeso (s),2006-06-01,0,1,0,0,0,1,1
CHAYANTA,desnutricion global,sobrepeso (s),2006-06-01,22,17,3,7,25,24,49
CHIMORE,desnutricion global,sobrepeso (s),2006-06-01,9,7,2,1,11,8,19
CHIPAYA,desnutricion global,sobrepeso (s),2006-06-01,0,2,0,0,0,2,2
CHULUMANI (V. DE LA LIBERTAD),desnutricion global,sobrepeso (s),2006-06-01,3,1,0,1,3,2,5
CHUMA,desnutricion global,sobrepeso (s),2006-06-01,4,1,1,0,5,1,6
CLIZA,desnutricion global,sobrepeso (s),2006-06-01,35,9,9,7,44,16,60
COBIJA,desnutricion global,sobrepeso (s),2006-06-01,50,68,12,14,62,82,144
COCHABAMBA,desnutricion global,sobrepeso (s),2006-06-01,264,230,65,42,329,272,601
COIPASA,desnutricion global,sobrepeso (s),2006-06-01,0,2,0,0,0,2,2
COLCAPIRHUA,desnutricion global,sobrepeso (s),2006-06-01,19,28,5,4,24,32,56
"COLCHA ""K""",desnutricion global,sobrepeso (s),2006-06-01,11,8,0,1,11,9,20
COLLANA,desnutricion global,sobrepeso (s),2006-06-01,4,0,0,0,4,0,4
COLOMI,desnutricion global,sobrepeso (s),2006-06-01,8,18,1,3,9,21,30
COLPA BELGICA,desnutricion global,sobrepeso (s),2006-06-01,14,4,2,2,16,6,22
COLQUECHACA,desnutricion global,sobrepeso (s),2006-06-01,19,14,0,5,19,19,38
COLQUENCHA,desnutricion global,sobrepeso (s),2006-06-01,3,2,2,0,5,2,7
COLQUIRI,desnutricion global,sobrepeso (s),2006-06-01,13,12,1,1,14,13,27
COMANCHE,desnutricion global,sobrepeso (s),2006-06-01,1,0,0,0,1,0,1
COMARAPA,desnutricion global,sobrepeso (s),2006-06-01,73,48,20,18,93,66,159
CONCEPCION,desnutricion global,sobrepeso (s),2006-06-01,99,77,29,19,128,96,224
COPACABANA,desnutricion global,sobrepeso (s),2006-06-01,23,8,3,1,26,9,35
CORIPATA,desnutricion global,sobrepeso (s),2006-06-01,29,14,6,3,35,17,52
CORO CORO,desnutricion global,sobrepeso (s),2006-06-01,2,2,0,0,2,2,4
COROICO,desnutricion global,sobrepeso (s),2006-06-01,1,1,0,0,1,1,2
CORQUE,desnutricion global,sobrepeso (s),2006-06-01,3,3,2,0,5,3,8
COTAGAITA,desnutricion global,sobrepeso (s),2006-06-01,5,12,9,6,14,18,32
COTOCA,desnutricion global,sobrepeso (s),2006-06-01,52,25,7,4,59,29,88
CUATRO CAÑADAS,desnutricion global,sobrepeso (s),2006-06-01,32,18,6,4,38,22,60
CUCHUMUELA (V. G. VILLARROEL),desnutricion global,sobrepeso (s),2006-06-01,2,2,0,0,2,2,4
CUEVO,desnutricion global,sobrepeso (s),2006-06-01,5,2,2,3,7,5,12
CULPINA,desnutricion global,sobrepeso (s),2006-06-01,13,20,3,1,16,21,37
CURAHUARA DE CARANGAS,desnutricion global,sobrepeso (s),2006-06-01,4,4,1,0,5,4,9
DESAGUADERO,desnutricion global,sobrepeso (s),2006-06-01,2,2,3,0,5,2,7
EL ALTO,desnutricion global,sobrepeso (s),2006-06-01,393,356,68,78,461,434,895
EL CHORO,desnutricion global,sobrepeso (s),2006-06-01,1,1,0,1,1,2,3
EL PUENTE(STC),desnutricion global,sobrepeso (s),2006-06-01,24,12,2,0,26,12,38
EL PUENTE(TJA),desnutricion global,sobrepeso (s),2006-06-01,4,3,2,4,6,7,13
EL TORNO,desnutricion global,sobrepeso (s),2006-06-01,37,23,11,8,48,31,79
EL VILLAR,desnutricion global,sobrepeso (s),2006-06-01,6,1,3,1,9,2,11
ENTRE RIOS,desnutricion global,sobrepeso (s),2006-06-01,33,22,5,11,38,33,71
ENTRE RIOS,desnutricion global,sobrepeso (s),2006-06-01,33,22,3,2,36,24,60
EUCALIPTUS,desnutricion global,sobrepeso (s),2006-06-01,5,6,2,1,7,7,14
EUREKA (SANTOS MERCADO),desnutricion global,sobrepeso (s),2006-06-01,1,0,0,0,1,0,1
EXALTACION,desnutricion global,sobrepeso (s),2006-06-01,7,8,4,1,11,9,20
FERNANDEZ ALONSO,desnutricion global,sobrepeso (s),2006-06-01,25,18,9,1,34,19,53
FILADELFIA,desnutricion global,sobrepeso (s),2006-06-01,1,2,1,0,2,2,4
GENERAL SAAVEDRA,desnutricion global,sobrepeso (s),2006-06-01,33,21,10,5,43,26,69
GRAL. J.J. PEREZ (CHARAZANI),desnutricion global,sobrepeso (s),2006-06-01,12,6,1,0,13,6,19
GUANAY,desnutricion global,sobrepeso (s),2006-06-01,17,17,5,7,22,24,46
GUAQUI,desnutricion global,sobrepeso (s),2006-06-01,3,3,1,5,4,8,12
GUAYARAMERIN,desnutricion global,sobrepeso (s),2006-06-01,110,98,13,10,123,108,231
GUTIERREZ,desnutricion global,sobrepeso (s),2006-06-01,28,32,12,10,40,42,82
HUACARETA,desnutricion global,sobrepeso (s),2006-06-01,12,14,6,2,18,16,34
HUACAYA (VILLA DE HUACAYA),desnutricion global,sobrepeso (s),2006-06-01,11,9,2,2,13,11,24
HUACHACALLA,desnutricion global,sobrepeso (s),2006-06-01,1,0,0,0,1,0,1
HUANUNI,desnutricion global,sobrepeso (s),2006-06-01,16,20,0,1,16,21,37
HUARACAJE,desnutricion global,sobrepeso (s),2006-06-01,11,2,0,1,11,3,14
HUAYLLAMARCA,desnutricion global,sobrepeso (s),2006-06-01,1,0,0,0,1,0,1
ICHOCA,desnutricion global,sobrepeso (s),2006-06-01,4,2,1,0,5,2,7
ICLA,desnutricion global,sobrepeso (s),2006-06-01,10,4,2,2,12,6,18
INCAHUASI,desnutricion global,sobrepeso (s),2006-06-01,17,12,4,2,21,14,35
INGAVI (HUMAITA),desnutricion global,sobrepeso (s),2006-06-01,5,4,1,0,6,4,10
INQUISIVI,desnutricion global,sobrepeso (s),2006-06-01,10,14,5,1,15,15,30
IRUPANA (VILLA DE LANZA),desnutricion global,sobrepeso (s),2006-06-01,8,4,3,0,11,4,15
IXIAMAS,desnutricion global,sobrepeso (s),2006-06-01,24,15,3,3,27,18,45
JESUS DE MACHACA,desnutricion global,sobrepeso (s),2006-06-01,4,4,0,0,4,4,8
LA ASUNTA,desnutricion global,sobrepeso (s),2006-06-01,22,14,1,2,23,16,39
LA GUARDIA,desnutricion global,sobrepeso (s),2006-06-01,130,68,27,37,157,105,262
LA PAZ,desnutricion global,sobrepeso (s),2006-06-01,473,421,150,174,623,595,1218
LAGUNILLAS,desnutricion global,sobrepeso (s),2006-06-01,10,20,8,10,18,30,48
LAJA,desnutricion global,sobrepeso (s),2006-06-01,11,14,4,3,15,17,32
LAS CARRERAS,desnutricion global,sobrepeso (s),2006-06-01,7,5,1,3,8,8,16
LICOMA PAMPA,desnutricion global,sobrepeso (s),2006-06-01,2,1,0,0,2,1,3
LLALLAGUA,desnutricion global,sobrepeso (s),2006-06-01,113,94,58,68,171,162,333
LLICA,desnutricion global,sobrepeso (s),2006-06-01,5,1,0,0,5,1,6
LORETO,desnutricion global,sobrepeso (s),2006-06-01,2,4,2,1,4,5,9
LURIBAY,desnutricion global,sobrepeso (s),2006-06-01,6,1,2,0,8,1,9
MACHACAMARCA,desnutricion global,sobrepeso (s),2006-06-01,3,1,0,1,3,2,5
MACHARETI,desnutricion global,sobrepeso (s),2006-06-01,14,27,11,10,25,37,62
MAGDALENA,desnutricion global,sobrepeso (s),2006-06-01,25,18,3,2,28,20,48
MAIRANA,desnutricion global,sobrepeso (s),2006-06-01,9,12,6,3,15,15,30
MALLA,desnutricion global,sobrepeso (s),2006-06-01,3,5,0,0,3,5,8
MAPIRI,desnutricion global,sobrepeso (s),2006-06-01,11,9,2,0,13,9,22
MECAPACA,desnutricion global,sobrepeso (s),2006-06-01,4,11,1,3,5,14,19
MINEROS,desnutricion global,sobrepeso (s),2006-06-01,52,50,16,23,68,73,141
MIZQUE,desnutricion global,sobrepeso (s),2006-06-01,23,17,1,2,24,19,43
MOCOMOCO,desnutricion global,sobrepeso (s),2006-06-01,5,6,0,0,5,6,11
MOJOCOYA,desnutricion global,sobrepeso (s),2006-06-01,11,4,1,3,12,7,19
MONTEAGUDO,desnutricion global,sobrepeso (s),2006-06-01,73,47,14,7,87,54,141
MONTERO,desnutricion global,sobrepeso (s),2006-06-01,273,231,71,71,344,302,646
MORO MORO,desnutricion global,sobrepeso (s),2006-06-01,4,7,2,0,6,7,13
MOROCHATA,desnutricion global,sobrepeso (s),2006-06-01,6,5,1,1,7,6,13
NACEBE (SANTA ROSA DEL ABUNA),desnutricion global,sobrepeso (s),2006-06-01,1,3,1,0,2,3,5
OCURI,desnutricion global,sobrepeso (s),2006-06-01,9,2,1,1,10,3,13
OKINAWA,desnutricion global,sobrepeso (s),2006-06-01,15,7,3,2,18,9,27
OMEREQUE,desnutricion global,sobrepeso (s),2006-06-01,7,9,2,0,9,9,18
ORURO,desnutricion global,sobrepeso (s),2006-06-01,213,151,34,22,247,173,420
PADCAYA,desnutricion global,sobrepeso (s),2006-06-01,28,15,10,16,38,31,69
PADILLA,desnutricion global,sobrepeso (s),2006-06-01,15,13,5,3,20,16,36
PAILON,desnutricion global,sobrepeso (s),2006-06-01,0,52,13,0,13,52,65
PALCA,desnutricion global,sobrepeso (s),2006-06-01,1,1,0,0,1,1,2
PALOS BLANCOS,desnutricion global,sobrepeso (s),2006-06-01,20,25,4,3,24,28,52
PAMPA AULLAGAS,desnutricion global,sobrepeso (s),2006-06-01,7,1,1,0,8,1,9
PAMPA GRANDE,desnutricion global,sobrepeso (s),2006-06-01,11,4,2,1,13,5,18
PAPEL PAMPA,desnutricion global,sobrepeso (s),2006-06-01,2,1,0,0,2,1,3
PASORAPA,desnutricion global,sobrepeso (s),2006-06-01,1,7,1,1,2,8,10
PATACAMAYA,desnutricion global,sobrepeso (s),2006-06-01,6,5,2,0,8,5,13
PAZÑA,desnutricion global,sobrepeso (s),2006-06-01,6,1,0,1,6,2,8
PELECHUCO,desnutricion global,sobrepeso (s),2006-06-01,0,2,0,0,0,2,2
POCOATA,desnutricion global,sobrepeso (s),2006-06-01,20,11,1,1,21,12,33
POCONA,desnutricion global,sobrepeso (s),2006-06-01,8,6,1,1,9,7,16
POJO (CBBA),desnutricion global,sobrepeso (s),2006-06-01,19,15,2,1,21,16,37
POOPO,desnutricion global,sobrepeso (s),2006-06-01,3,1,0,0,3,1,4
PORCO,desnutricion global,sobrepeso (s),2006-06-01,5,6,0,1,5,7,12
POROMA,desnutricion global,sobrepeso (s),2006-06-01,13,19,0,0,13,19,32
PORONGO,desnutricion global,sobrepeso (s),2006-06-01,7,4,0,0,7,4,11
PORTACHUELO,desnutricion global,sobrepeso (s),2006-06-01,78,62,29,24,107,86,193
PORVENIR,desnutricion global,sobrepeso (s),2006-06-01,12,15,1,1,13,16,29
POSTRER VALLE,desnutricion global,sobrepeso (s),2006-06-01,5,7,9,7,14,14,28
POTOSI,desnutricion global,sobrepeso (s),2006-06-01,86,64,12,12,98,76,174
PRESTO,desnutricion global,sobrepeso (s),2006-06-01,7,2,1,1,8,3,11
PUCARA,desnutricion global,sobrepeso (s),2006-06-01,3,1,2,0,5,1,6
PUCARANI,desnutricion global,sobrepeso (s),2006-06-01,14,15,2,0,16,15,31
PUERTO ACOSTA,desnutricion global,sobrepeso (s),2006-06-01,7,4,3,3,10,7,17
PUERTO CARABUCO,desnutricion global,sobrepeso (s),2006-06-01,12,1,0,0,12,1,13
PUERTO GONZALO MORENO,desnutricion global,sobrepeso (s),2006-06-01,4,5,0,0,4,5,9
PUERTO PEREZ,desnutricion global,sobrepeso (s),2006-06-01,1,4,0,0,1,4,5
PUERTO QUIJARRO,desnutricion global,sobrepeso (s),2006-06-01,33,32,7,8,40,40,80
PUERTO RICO,desnutricion global,sobrepeso (s),2006-06-01,18,18,0,2,18,20,38
PUERTO SILES,desnutricion global,sobrepeso (s),2006-06-01,1,4,0,0,1,4,5
PUERTO SUAREZ,desnutricion global,sobrepeso (s),2006-06-01,23,28,6,7,29,35,64
PUERTO VILLARROEL,desnutricion global,sobrepeso (s),2006-06-01,45,41,18,16,63,57,120
PUNA,desnutricion global,sobrepeso (s),2006-06-01,4,10,4,0,8,10,18
PUNATA,desnutricion global,sobrepeso (s),2006-06-01,17,7,7,2,24,9,33
QUIABAYA,desnutricion global,sobrepeso (s),2006-06-01,0,1,0,0,0,1,1
QUILLACOLLO,desnutricion global,sobrepeso (s),2006-06-01,41,27,7,4,48,31,79
QUIME,desnutricion global,sobrepeso (s),2006-06-01,3,5,0,0,3,5,8
QUIRUSILLAS,desnutricion global,sobrepeso (s),2006-06-01,5,6,3,1,8,7,15
RAVELO,desnutricion global,sobrepeso (s),2006-06-01,2,1,1,0,3,1,4
REYES,desnutricion global,sobrepeso (s),2006-06-01,18,20,3,7,21,27,48
RIBERALTA,desnutricion global,sobrepeso (s),2006-06-01,68,28,8,4,76,32,108
ROBORE,desnutricion global,sobrepeso (s),2006-06-01,17,9,13,6,30,15,45
RURRENABAQUE,desnutricion global,sobrepeso (s),2006-06-01,12,5,3,3,15,8,23
SABAYA,desnutricion global,sobrepeso (s),2006-06-01,0,4,1,0,1,4,5
SACABA,desnutricion global,sobrepeso (s),2006-06-01,58,51,8,4,66,55,121
SACACA,desnutricion global,sobrepeso (s),2006-06-01,3,4,0,1,3,5,8
SAIPINA,desnutricion global,sobrepeso (s),2006-06-01,39,27,19,12,58,39,97
SALINAS DE GARCI MENDOZA,desnutricion global,sobrepeso (s),2006-06-01,8,8,1,1,9,9,18
SAMAIPATA,desnutricion global,sobrepeso (s),2006-06-01,21,17,4,4,25,21,46
SAN AGUSTIN,desnutricion global,sobrepeso (s),2006-06-01,0,1,1,0,1,1,2
SAN ANDRES,desnutricion global,sobrepeso (s),2006-06-01,14,12,2,2,16,14,30
SAN ANDRES DE MACHACA,desnutricion global,sobrepeso (s),2006-06-01,0,1,0,1,0,2,2
SAN ANTONIO DE ESMORUCO,desnutricion global,sobrepeso (s),2006-06-01,2,4,0,0,2,4,6
SAN ANTONIO DE LOMERIO,desnutricion global,sobrepeso (s),2006-06-01,8,6,1,1,9,7,16
SAN BENITO,desnutricion global,sobrepeso (s),2006-06-01,5,3,2,0,7,3,10
SAN BORJA,desnutricion global,sobrepeso (s),2006-06-01,59,31,7,6,66,37,103
SAN BUENA VENTURA,desnutricion global,sobrepeso (s),2006-06-01,5,3,2,1,7,4,11
SAN CARLOS,desnutricion global,sobrepeso (s),2006-06-01,37,40,15,22,52,62,114
SAN IGNACIO,desnutricion global,sobrepeso (s),2006-06-01,36,11,5,1,41,12,53
SAN IGNACIO DE VELASCO,desnutricion global,sobrepeso (s),2006-06-01,102,55,15,11,117,66,183
SAN JAVIER(BNI),desnutricion global,sobrepeso (s),2006-06-01,12,2,0,0,12,2,14
SAN JAVIER(STC),desnutricion global,sobrepeso (s),2006-06-01,4,5,2,1,6,6,12
SAN JOAQUIN,desnutricion global,sobrepeso (s),2006-06-01,7,3,7,3,14,6,20
SAN JOSE DE CHIQUITOS,desnutricion global,sobrepeso (s),2006-06-01,21,16,10,4,31,20,51
SAN JUAN DE YAPACANI,desnutricion global,sobrepeso (s),2006-06-01,15,12,1,2,16,14,30
SAN JULIAN,desnutricion global,sobrepeso (s),2006-06-01,36,32,23,19,59,51,110
SAN LORENZO(PND),desnutricion global,sobrepeso (s),2006-06-01,13,12,8,4,21,16,37
SAN LORENZO(TJA),desnutricion global,sobrepeso (s),2006-06-01,8,4,1,1,9,5,14
SAN LUCAS,desnutricion global,sobrepeso (s),2006-06-01,14,18,1,10,15,28,43
SAN MATIAS,desnutricion global,sobrepeso (s),2006-06-01,16,6,2,3,18,9,27
SAN MIGUEL DE VELASCO,desnutricion global,sobrepeso (s),2006-06-01,17,12,5,1,22,13,35
SAN PABLO DE LIPEZ,desnutricion global,sobrepeso (s),2006-06-01,0,0,1,0,1,0,1
SAN PEDRO,desnutricion global,sobrepeso (s),2006-06-01,58,34,9,7,67,41,108
SAN PEDRO DE BUENA VISTA,desnutricion global,sobrepeso (s),2006-06-01,10,6,4,2,14,8,22
SAN PEDRO DE QUEMES,desnutricion global,sobrepeso (s),2006-06-01,1,0,0,0,1,0,1
SAN PEDRO DE TIQUINA,desnutricion global,sobrepeso (s),2006-06-01,3,1,1,0,4,1,5
SAN PEDRO(PND),desnutricion global,sobrepeso (s),2006-06-01,6,4,4,2,10,6,16
SAN RAFAEL,desnutricion global,sobrepeso (s),2006-06-01,2,5,2,1,4,6,10
SAN RAMON,desnutricion global,sobrepeso (s),2006-06-01,13,6,4,1,17,7,24
SANTA ANA,desnutricion global,sobrepeso (s),2006-06-01,189,43,21,12,210,55,265
SANTA CRUZ DE LA SIERRA,desnutricion global,sobrepeso (s),2006-06-01,1496,1088,514,541,2010,1629,3639
SANTA ROSA,desnutricion global,sobrepeso (s),2006-06-01,26,20,7,3,33,23,56
SANTA ROSA DEL SARA,desnutricion global,sobrepeso (s),2006-06-01,29,12,12,12,41,24,65
SANTIAGO DE CALLAPA,desnutricion global,sobrepeso (s),2006-06-01,1,1,1,1,2,2,4
SANTIAGO DE HUARI,desnutricion global,sobrepeso (s),2006-06-01,8,9,1,1,9,10,19
SANTIAGO DE MACHACA,desnutricion global,sobrepeso (s),2006-06-01,1,1,0,0,1,1,2
SANTIVAÑES,desnutricion global,sobrepeso (s),2006-06-01,3,2,0,0,3,2,5
SANTUARIO DE QUILLACAS,desnutricion global,sobrepeso (s),2006-06-01,0,1,0,1,0,2,2
SAPAHAQUI,desnutricion global,sobrepeso (s),2006-06-01,5,3,0,0,5,3,8
SENA,desnutricion global,sobrepeso (s),2006-06-01,3,4,0,0,3,4,7
SICA SICA (VILLA AROMA),desnutricion global,sobrepeso (s),2006-06-01,6,6,2,0,8,6,14
SIPE SIPE,desnutricion global,sobrepeso (s),2006-06-01,33,30,12,6,45,36,81
SOPACHUY,desnutricion global,sobrepeso (s),2006-06-01,9,2,0,0,9,2,11
SORACACHI,desnutricion global,sobrepeso (s),2006-06-01,5,2,1,1,6,3,9
SORATA,desnutricion global,sobrepeso (s),2006-06-01,10,12,5,2,15,14,29
SUCRE,desnutricion global,sobrepeso (s),2006-06-01,166,153,52,36,218,189,407
TACACOMA,desnutricion global,sobrepeso (s),2006-06-01,11,5,1,1,12,6,18
TACOBAMBA,desnutricion global,sobrepeso (s),2006-06-01,7,3,2,1,9,4,13
TACOPAYA,desnutricion global,sobrepeso (s),2006-06-01,2,1,1,0,3,1,4
TAHUA,desnutricion global,sobrepeso (s),2006-06-01,3,0,0,0,3,0,3
TAPACARI,desnutricion global,sobrepeso (s),2006-06-01,7,2,1,0,8,2,10
TARABUCO,desnutricion global,sobrepeso (s),2006-06-01,13,15,3,5,16,20,36
TARACO,desnutricion global,sobrepeso (s),2006-06-01,2,0,0,2,2,2,4
TARATA,desnutricion global,sobrepeso (s),2006-06-01,9,3,3,1,12,4,16
TARIJA,desnutricion global,sobrepeso (s),2006-06-01,325,220,79,75,404,295,699
TARVITA,desnutricion global,sobrepeso (s),2006-06-01,8,1,0,0,8,1,9
TEOPONTE,desnutricion global,sobrepeso (s),2006-06-01,29,10,15,11,44,21,65
TIAWANACU,desnutricion global,sobrepeso (s),2006-06-01,13,6,3,2,16,8,24
TINGUIPAYA,desnutricion global,sobrepeso (s),2006-06-01,23,15,9,6,32,21,53
TIPUANI,desnutricion global,sobrepeso (s),2006-06-01,14,8,0,0,14,8,22
TIQUIPAYA,desnutricion global,sobrepeso (s),2006-06-01,19,11,0,1,19,12,31
TIRAQUE (CBBA),desnutricion global,sobrepeso (s),2006-06-01,71,60,13,11,84,71,155
TOCO,desnutricion global,sobrepeso (s),2006-06-01,1,2,1,1,2,3,5
TOLATA,desnutricion global,sobrepeso (s),2006-06-01,2,0,0,0,2,0,2
TOLEDO,desnutricion global,sobrepeso (s),2006-06-01,2,3,2,1,4,4,8
TOMAVE,desnutricion global,sobrepeso (s),2006-06-01,2,2,0,0,2,2,4
TOMINA,desnutricion global,sobrepeso (s),2006-06-01,12,7,0,1,12,8,20
TORO TORO,desnutricion global,sobrepeso (s),2006-06-01,2,2,0,1,2,3,5
TOTORA(CBBA),desnutricion global,sobrepeso (s),2006-06-01,7,8,1,1,8,9,17
TOTORA(ORR),desnutricion global,sobrepeso (s),2006-06-01,2,0,0,0,2,0,2
TRIGAL,desnutricion global,sobrepeso (s),2006-06-01,4,1,0,0,4,1,5
TRINIDAD,desnutricion global,sobrepeso (s),2006-06-01,211,111,42,20,253,131,384
TUPIZA,desnutricion global,sobrepeso (s),2006-06-01,46,42,15,5,61,47,108
TURCO,desnutricion global,sobrepeso (s),2006-06-01,5,3,1,0,6,3,9
UMALA,desnutricion global,sobrepeso (s),2006-06-01,3,2,1,1,4,3,7
UNCIA,desnutricion global,sobrepeso (s),2006-06-01,14,9,0,1,14,10,24
URIONDO (A. CONCEPCION),desnutricion global,sobrepeso (s),2006-06-01,18,16,6,3,24,19,43
URUBICHA,desnutricion global,sobrepeso (s),2006-06-01,8,13,16,11,24,24,48
UYUNI,desnutricion global,sobrepeso (s),2006-06-01,31,21,8,2,39,23,62
VACAS,desnutricion global,sobrepeso (s),2006-06-01,2,1,1,0,3,1,4
VALLEGRANDE,desnutricion global,sobrepeso (s),2006-06-01,27,19,6,6,33,25,58
VIACHA,desnutricion global,sobrepeso (s),2006-06-01,35,15,0,4,35,19,54
VILA VILA,desnutricion global,sobrepeso (s),2006-06-01,2,3,2,0,4,3,7
VILLA MONTES,desnutricion global,sobrepeso (s),2006-06-01,48,33,15,9,63,42,105
VILLA NUEVA (LOMA ALTA),desnutricion global,sobrepeso (s),2006-06-01,1,0,0,0,1,0,1
VILLA RIVERO,desnutricion global,sobrepeso (s),2006-06-01,3,5,2,1,5,6,11
VILLA SERRANO,desnutricion global,sobrepeso (s),2006-06-01,7,8,3,2,10,10,20
VILLA TUNARI,desnutricion global,sobrepeso (s),2006-06-01,64,40,7,4,71,44,115
VILLA VACA GUZMAN (MUYUPAMPA),desnutricion global,sobrepeso (s),2006-06-01,17,9,1,0,18,9,27
VILLAZON,desnutricion global,sobrepeso (s),2006-06-01,35,29,11,8,46,37,83
VINTO,desnutricion global,sobrepeso (s),2006-06-01,22,21,0,0,22,21,43
VITICHI,desnutricion global,sobrepeso (s),2006-06-01,5,1,0,1,5,2,7
WALDO BALLIVIAN,desnutricion global,sobrepeso (s),2006-06-01,1,0,0,0,1,0,1
WARNES,desnutricion global,sobrepeso (s),2006-06-01,151,101,26,14,177,115,292
YACO,desnutricion global,sobrepeso (s),2006-06-01,1,2,0,0,1,2,3
YACUIBA,desnutricion global,sobrepeso (s),2006-06-01,94,86,6,3,100,89,189
YAMPARAEZ,desnutricion global,sobrepeso (s),2006-06-01,7,9,3,0,10,9,19
YANACACHI,desnutricion global,sobrepeso (s),2006-06-01,3,1,0,0,3,1,4
YAPACANI,desnutricion global,sobrepeso (s),2006-06-01,97,104,13,6,110,110,220
YOCALLA,desnutricion global,sobrepeso (s),2006-06-01,3,2,1,0,4,2,6
YOTALA,desnutricion global,sobrepeso (s),2006-06-01,12,12,4,3,16,15,31
YUNCHARA,desnutricion global,sobrepeso (s),2006-06-01,1,1,0,0,1,1,2
ZUDAÑEZ,desnutricion global,sobrepeso (s),2006-06-01,7,3,1,0,8,3,11
ACACIO,desnutricion global,sobrepeso (s),2006-07-01,3,1,0,0,3,1,4
ACHACACHI,desnutricion global,sobrepeso (s),2006-07-01,22,23,12,6,34,29,63
ACHOCALLA,desnutricion global,sobrepeso (s),2006-07-01,1,1,1,0,2,1,3
AIQUILE,desnutricion global,sobrepeso (s),2006-07-01,10,2,0,1,10,3,13
ALCALA,desnutricion global,sobrepeso (s),2006-07-01,6,5,0,0,6,5,11
ANCORAIMES,desnutricion global,sobrepeso (s),2006-07-01,3,0,0,3,3,3,6
ANDAMARCA,desnutricion global,sobrepeso (s),2006-07-01,0,1,0,0,0,1,1
ANTEQUERA,desnutricion global,sobrepeso (s),2006-07-01,0,0,0,1,0,1,1
ANZALDO,desnutricion global,sobrepeso (s),2006-07-01,5,0,1,0,6,0,6
APOLO,desnutricion global,sobrepeso (s),2006-07-01,23,14,0,0,23,14,37
ARAMPAMPA,desnutricion global,sobrepeso (s),2006-07-01,2,2,0,0,2,2,4
ARANI,desnutricion global,sobrepeso (s),2006-07-01,3,2,0,0,3,2,5
ARBIETO,desnutricion global,sobrepeso (s),2006-07-01,11,2,1,4,12,6,18
ARQUE,desnutricion global,sobrepeso (s),2006-07-01,1,3,0,0,1,3,4
ATOCHA,desnutricion global,sobrepeso (s),2006-07-01,4,7,2,2,6,9,15
AYATA,desnutricion global,sobrepeso (s),2006-07-01,3,0,0,0,3,0,3
AYO AYO,desnutricion global,sobrepeso (s),2006-07-01,2,0,0,0,2,0,2
AYOPAYA (V. DE INDEPENDENCIA),desnutricion global,sobrepeso (s),2006-07-01,13,8,0,2,13,10,23
AZURDUY,desnutricion global,sobrepeso (s),2006-07-01,14,7,4,0,18,7,25
BATALLAS,desnutricion global,sobrepeso (s),2006-07-01,4,3,1,0,5,3,8
BAURES,desnutricion global,sobrepeso (s),2006-07-01,13,10,4,6,17,16,33
BELEN DE URMIRI,desnutricion global,sobrepeso (s),2006-07-01,2,4,0,0,2,4,6
BELLA FLOR,desnutricion global,sobrepeso (s),2006-07-01,0,3,0,0,0,3,3
BERMEJO,desnutricion global,sobrepeso (s),2006-07-01,7,12,1,1,8,13,21
BETANZOS,desnutricion global,sobrepeso (s),2006-07-01,14,14,5,2,19,16,35
BOLIVAR,desnutricion global,sobrepeso (s),2006-07-01,2,2,0,0,2,2,4
BOLPEBRA,desnutricion global,sobrepeso (s),2006-07-01,0,1,0,2,0,3,3
BOYUIBE,desnutricion global,sobrepeso (s),2006-07-01,7,9,1,1,8,10,18
BUENA VISTA,desnutricion global,sobrepeso (s),2006-07-01,27,18,3,6,30,24,54
CABEZAS,desnutricion global,sobrepeso (s),2006-07-01,31,35,21,6,52,41,93
CAIROMA,desnutricion global,sobrepeso (s),2006-07-01,5,4,0,1,5,5,10
"CAIZA ""D""",desnutricion global,sobrepeso (s),2006-07-01,8,8,4,0,12,8,20
CAJUATA,desnutricion global,sobrepeso (s),2006-07-01,11,15,3,0,14,15,29
CALAMARCA,desnutricion global,sobrepeso (s),2006-07-01,4,1,0,0,4,1,5
CAMARGO,desnutricion global,sobrepeso (s),2006-07-01,27,13,1,0,28,13,41
CAMATAQUI (C. VILLA ABECIA),desnutricion global,sobrepeso (s),2006-07-01,2,7,1,0,3,7,10
CAMIRI,desnutricion global,sobrepeso (s),2006-07-01,155,87,44,37,199,124,323
CAPINOTA,desnutricion global,sobrepeso (s),2006-07-01,2,2,5,2,7,4,11
CAQUIAVIRI,desnutricion global,sobrepeso (s),2006-07-01,4,8,0,1,4,9,13
CARACOLLO,desnutricion global,sobrepeso (s),2006-07-01,8,4,1,0,9,4,13
CARANAVI,desnutricion global,sobrepeso (s),2006-07-01,99,68,8,3,107,71,178
CARAPARI,desnutricion global,sobrepeso (s),2006-07-01,31,24,7,8,38,32,70
CARIPUYO,desnutricion global,sobrepeso (s),2006-07-01,12,11,3,1,15,12,27
CARMEN RIVERO TORREZ,desnutricion global,sobrepeso (s),2006-07-01,8,11,5,1,13,12,25
CHACARILLA,desnutricion global,sobrepeso (s),2006-07-01,2,0,0,0,2,0,2
CHALLAPATA,desnutricion global,sobrepeso (s),2006-07-01,16,19,1,1,17,20,37
CHAQUI,desnutricion global,sobrepeso (s),2006-07-01,6,1,0,0,6,1,7
CHARAGUA,desnutricion global,sobrepeso (s),2006-07-01,50,34,10,11,60,45,105
CHARAÑA,desnutricion global,sobrepeso (s),2006-07-01,1,0,0,0,1,0,1
CHAYANTA,desnutricion global,sobrepeso (s),2006-07-01,20,22,2,4,22,26,48
CHIMORE,desnutricion global,sobrepeso (s),2006-07-01,4,8,0,0,4,8,12
CHIPAYA,desnutricion global,sobrepeso (s),2006-07-01,2,1,0,0,2,1,3
CHOQUE COTA,desnutricion global,sobrepeso (s),2006-07-01,0,1,0,0,0,1,1
CHULUMANI (V. DE LA LIBERTAD),desnutricion global,sobrepeso (s),2006-07-01,8,4,3,0,11,4,15
CHUMA,desnutricion global,sobrepeso (s),2006-07-01,3,1,1,0,4,1,5
CLIZA,desnutricion global,sobrepeso (s),2006-07-01,17,6,5,1,22,7,29
COBIJA,desnutricion global,sobrepeso (s),2006-07-01,80,73,9,24,89,97,186
COCHABAMBA,desnutricion global,sobrepeso (s),2006-07-01,278,264,67,40,345,304,649
COIPASA,desnutricion global,sobrepeso (s),2006-07-01,1,1,2,0,3,1,4
COLCAPIRHUA,desnutricion global,sobrepeso (s),2006-07-01,30,33,15,4,45,37,82
"COLCHA ""K""",desnutricion global,sobrepeso (s),2006-07-01,2,4,0,0,2,4,6
COLLANA,desnutricion global,sobrepeso (s),2006-07-01,1,0,0,0,1,0,1
COLOMI,desnutricion global,sobrepeso (s),2006-07-01,9,7,1,0,10,7,17
COLPA BELGICA,desnutricion global,sobrepeso (s),2006-07-01,15,8,1,3,16,11,27
COLQUECHACA,desnutricion global,sobrepeso (s),2006-07-01,11,3,1,0,12,3,15
COLQUENCHA,desnutricion global,sobrepeso (s),2006-07-01,9,2,2,1,11,3,14
COLQUIRI,desnutricion global,sobrepeso (s),2006-07-01,7,11,4,3,11,14,25
COMARAPA,desnutricion global,sobrepeso (s),2006-07-01,64,41,11,10,75,51,126
CONCEPCION,desnutricion global,sobrepeso (s),2006-07-01,34,31,8,5,42,36,78
COPACABANA,desnutricion global,sobrepeso (s),2006-07-01,11,7,0,1,11,8,19
CORIPATA,desnutricion global,sobrepeso (s),2006-07-01,5,6,1,0,6,6,12
CORO CORO,desnutricion global,sobrepeso (s),2006-07-01,1,2,0,1,1,3,4
CORQUE,desnutricion global,sobrepeso (s),2006-07-01,2,2,0,1,2,3,5
COTAGAITA,desnutricion global,sobrepeso (s),2006-07-01,11,8,3,0,14,8,22
COTOCA,desnutricion global,sobrepeso (s),2006-07-01,76,29,4,3,80,32,112
CUATRO CAÑADAS,desnutricion global,sobrepeso (s),2006-07-01,22,8,2,0,24,8,32
CUCHUMUELA (V. G. VILLARROEL),desnutricion global,sobrepeso (s),2006-07-01,0,1,0,0,0,1,1
CUEVO,desnutricion global,sobrepeso (s),2006-07-01,7,6,1,2,8,8,16
CULPINA,desnutricion global,sobrepeso (s),2006-07-01,23,13,7,9,30,22,52
CURAHUARA DE CARANGAS,desnutricion global,sobrepeso (s),2006-07-01,6,4,2,0,8,4,12
CURVA,desnutricion global,sobrepeso (s),2006-07-01,1,3,0,0,1,3,4
EL ALTO,desnutricion global,sobrepeso (s),2006-07-01,436,421,92,84,528,505,1033
EL CHORO,desnutricion global,sobrepeso (s),2006-07-01,3,1,1,1,4,2,6
EL PUENTE(STC),desnutricion global,sobrepeso (s),2006-07-01,21,11,4,1,25,12,37
EL PUENTE(TJA),desnutricion global,sobrepeso (s),2006-07-01,5,8,5,2,10,10,20
EL TORNO,desnutricion global,sobrepeso (s),2006-07-01,54,30,13,8,67,38,105
EL VILLAR,desnutricion global,sobrepeso (s),2006-07-01,8,1,2,1,10,2,12
ENTRE RIOS,desnutricion global,sobrepeso (s),2006-07-01,26,25,2,5,28,30,58
ENTRE RIOS,desnutricion global,sobrepeso (s),2006-07-01,44,30,7,6,51,36,87
EUCALIPTUS,desnutricion global,sobrepeso (s),2006-07-01,9,1,2,3,11,4,15
EUREKA (SANTOS MERCADO),desnutricion global,sobrepeso (s),2006-07-01,1,1,0,0,1,1,2
EXALTACION,desnutricion global,sobrepeso (s),2006-07-01,7,3,3,0,10,3,13
FERNANDEZ ALONSO,desnutricion global,sobrepeso (s),2006-07-01,17,10,2,5,19,15,34
FILADELFIA,desnutricion global,sobrepeso (s),2006-07-01,6,6,3,1,9,7,16
GENERAL SAAVEDRA,desnutricion global,sobrepeso (s),2006-07-01,28,19,13,11,41,30,71
GRAL. J.J. PEREZ (CHARAZANI),desnutricion global,sobrepeso (s),2006-07-01,15,13,2,0,17,13,30
GUANAY,desnutricion global,sobrepeso (s),2006-07-01,17,16,2,4,19,20,39
GUAQUI,desnutricion global,sobrepeso (s),2006-07-01,5,5,0,0,5,5,10
GUAYARAMERIN,desnutricion global,sobrepeso (s),2006-07-01,115,103,15,14,130,117,247
GUTIERREZ,desnutricion global,sobrepeso (s),2006-07-01,30,22,8,11,38,33,71
HUACARETA,desnutricion global,sobrepeso (s),2006-07-01,13,13,3,1,16,14,30
HUACAYA (VILLA DE HUACAYA),desnutricion global,sobrepeso (s),2006-07-01,6,12,0,1,6,13,19
HUANUNI,desnutricion global,sobrepeso (s),2006-07-01,23,26,2,9,25,35,60
HUARACAJE,desnutricion global,sobrepeso (s),2006-07-01,6,1,3,1,9,2,11
ICHOCA,desnutricion global,sobrepeso (s),2006-07-01,3,0,0,0,3,0,3
ICLA,desnutricion global,sobrepeso (s),2006-07-01,10,1,2,0,12,1,13
INCAHUASI,desnutricion global,sobrepeso (s),2006-07-01,15,10,0,0,15,10,25
INQUISIVI,desnutricion global,sobrepeso (s),2006-07-01,13,10,4,1,17,11,28
IRUPANA (VILLA DE LANZA),desnutricion global,sobrepeso (s),2006-07-01,6,8,3,3,9,11,20
IXIAMAS,desnutricion global,sobrepeso (s),2006-07-01,11,17,4,5,15,22,37
JESUS DE MACHACA,desnutricion global,sobrepeso (s),2006-07-01,3,3,0,2,3,5,8
LA ASUNTA,desnutricion global,sobrepeso (s),2006-07-01,37,21,0,0,37,21,58
LA GUARDIA,desnutricion global,sobrepeso (s),2006-07-01,93,64,31,34,124,98,222
LA PAZ,desnutricion global,sobrepeso (s),2006-07-01,389,392,132,149,521,541,1062
LAGUNILLAS,desnutricion global,sobrepeso (s),2006-07-01,10,5,8,4,18,9,27
LAJA,desnutricion global,sobrepeso (s),2006-07-01,7,9,1,0,8,9,17
LAS CARRERAS,desnutricion global,sobrepeso (s),2006-07-01,4,3,0,0,4,3,7
LLALLAGUA,desnutricion global,sobrepeso (s),2006-07-01,82,76,32,35,114,111,225
LLICA,desnutricion global,sobrepeso (s),2006-07-01,4,4,0,0,4,4,8
LORETO,desnutricion global,sobrepeso (s),2006-07-01,2,1,2,4,4,5,9
LURIBAY,desnutricion global,sobrepeso (s),2006-07-01,11,8,3,0,14,8,22
MACHACAMARCA,desnutricion global,sobrepeso (s),2006-07-01,2,5,0,0,2,5,7
MACHARETI,desnutricion global,sobrepeso (s),2006-07-01,17,21,10,11,27,32,59
MAGDALENA,desnutricion global,sobrepeso (s),2006-07-01,15,12,1,2,16,14,30
MAIRANA,desnutricion global,sobrepeso (s),2006-07-01,16,18,2,0,18,18,36
MALLA,desnutricion global,sobrepeso (s),2006-07-01,0,1,0,0,0,1,1
MAPIRI,desnutricion global,sobrepeso (s),2006-07-01,14,17,2,2,16,19,35
MECAPACA,desnutricion global,sobrepeso (s),2006-07-01,8,5,0,1,8,6,14
MINEROS,desnutricion global,sobrepeso (s),2006-07-01,47,31,11,8,58,39,97
MIZQUE,desnutricion global,sobrepeso (s),2006-07-01,29,19,9,6,38,25,63
MOCOMOCO,desnutricion global,sobrepeso (s),2006-07-01,6,6,0,1,6,7,13
MOJOCOYA,desnutricion global,sobrepeso (s),2006-07-01,10,8,3,0,13,8,21
MONTEAGUDO,desnutricion global,sobrepeso (s),2006-07-01,64,63,18,11,82,74,156
MONTERO,desnutricion global,sobrepeso (s),2006-07-01,327,235,111,101,438,336,774
MORO MORO,desnutricion global,sobrepeso (s),2006-07-01,2,2,0,0,2,2,4
MOROCHATA,desnutricion global,sobrepeso (s),2006-07-01,6,1,0,1,6,2,8
OCURI,desnutricion global,sobrepeso (s),2006-07-01,5,4,3,0,8,4,12
OKINAWA,desnutricion global,sobrepeso (s),2006-07-01,8,2,1,5,9,7,16
OMEREQUE,desnutricion global,sobrepeso (s),2006-07-01,4,3,0,0,4,3,7
ORURO,desnutricion global,sobrepeso (s),2006-07-01,174,156,35,29,209,185,394
PADCAYA,desnutricion global,sobrepeso (s),2006-07-01,22,13,6,6,28,19,47
PADILLA,desnutricion global,sobrepeso (s),2006-07-01,19,13,7,4,26,17,43
PALCA,desnutricion global,sobrepeso (s),2006-07-01,5,3,1,2,6,5,11
PALOS BLANCOS,desnutricion global,sobrepeso (s),2006-07-01,37,24,6,7,43,31,74
PAMPA AULLAGAS,desnutricion global,sobrepeso (s),2006-07-01,4,9,0,0,4,9,13
PAMPA GRANDE,desnutricion global,sobrepeso (s),2006-07-01,10,10,9,0,19,10,29
PAPEL PAMPA,desnutricion global,sobrepeso (s),2006-07-01,1,2,0,1,1,3,4
PASORAPA,desnutricion global,sobrepeso (s),2006-07-01,5,4,0,0,5,4,9
PATACAMAYA,desnutricion global,sobrepeso (s),2006-07-01,11,13,3,1,14,14,28
PAZÑA,desnutricion global,sobrepeso (s),2006-07-01,4,5,0,1,4,6,10
PELECHUCO,desnutricion global,sobrepeso (s),2006-07-01,1,1,0,1,1,2,3
POCOATA,desnutricion global,sobrepeso (s),2006-07-01,12,8,1,1,13,9,22
POCONA,desnutricion global,sobrepeso (s),2006-07-01,5,8,1,2,6,10,16
POJO (CBBA),desnutricion global,sobrepeso (s),2006-07-01,21,21,2,1,23,22,45
POOPO,desnutricion global,sobrepeso (s),2006-07-01,0,3,0,0,0,3,3
PORCO,desnutricion global,sobrepeso (s),2006-07-01,4,2,0,0,4,2,6
POROMA,desnutricion global,sobrepeso (s),2006-07-01,27,23,15,5,42,28,70
PORONGO,desnutricion global,sobrepeso (s),2006-07-01,4,2,0,0,4,2,6
PORTACHUELO,desnutricion global,sobrepeso (s),2006-07-01,99,70,30,28,129,98,227
PORVENIR,desnutricion global,sobrepeso (s),2006-07-01,7,8,0,1,7,9,16
POSTRER VALLE,desnutricion global,sobrepeso (s),2006-07-01,1,2,4,2,5,4,9
POTOSI,desnutricion global,sobrepeso (s),2006-07-01,113,72,5,7,118,79,197
PRESTO,desnutricion global,sobrepeso (s),2006-07-01,5,3,2,1,7,4,11
PUCARA,desnutricion global,sobrepeso (s),2006-07-01,1,0,0,0,1,0,1
PUCARANI,desnutricion global,sobrepeso (s),2006-07-01,20,14,2,1,22,15,37
PUERTO ACOSTA,desnutricion global,sobrepeso (s),2006-07-01,14,7,1,2,15,9,24
PUERTO CARABUCO,desnutricion global,sobrepeso (s),2006-07-01,10,5,0,0,10,5,15
PUERTO GONZALO MORENO,desnutricion global,sobrepeso (s),2006-07-01,0,2,0,0,0,2,2
PUERTO PEREZ,desnutricion global,sobrepeso (s),2006-07-01,2,3,0,0,2,3,5
PUERTO QUIJARRO,desnutricion global,sobrepeso (s),2006-07-01,34,28,2,2,36,30,66
PUERTO RICO,desnutricion global,sobrepeso (s),2006-07-01,18,18,2,1,20,19,39
PUERTO SILES,desnutricion global,sobrepeso (s),2006-07-01,1,7,1,3,2,10,12
PUERTO SUAREZ,desnutricion global,sobrepeso (s),2006-07-01,39,31,20,18,59,49,108
PUERTO VILLARROEL,desnutricion global,sobrepeso (s),2006-07-01,51,28,6,11,57,39,96
PUNA,desnutricion global,sobrepeso (s),2006-07-01,24,10,5,4,29,14,43
PUNATA,desnutricion global,sobrepeso (s),2006-07-01,10,7,5,3,15,10,25
QUIABAYA,desnutricion global,sobrepeso (s),2006-07-01,2,1,0,0,2,1,3
QUILLACOLLO,desnutricion global,sobrepeso (s),2006-07-01,79,102,14,46,93,148,241
QUIME,desnutricion global,sobrepeso (s),2006-07-01,1,4,1,0,2,4,6
QUIRUSILLAS,desnutricion global,sobrepeso (s),2006-07-01,15,9,4,0,19,9,28
RAVELO,desnutricion global,sobrepeso (s),2006-07-01,9,5,0,0,9,5,14
REYES,desnutricion global,sobrepeso (s),2006-07-01,20,20,5,2,25,22,47
RIBERALTA,desnutricion global,sobrepeso (s),2006-07-01,78,26,15,2,93,28,121
RURRENABAQUE,desnutricion global,sobrepeso (s),2006-07-01,20,17,3,3,23,20,43
SABAYA,desnutricion global,sobrepeso (s),2006-07-01,2,2,0,0,2,2,4
SACABA,desnutricion global,sobrepeso (s),2006-07-01,42,20,4,2,46,22,68
SACABAMBA,desnutricion global,sobrepeso (s),2006-07-01,2,0,0,0,2,0,2
SACACA,desnutricion global,sobrepeso (s),2006-07-01,6,2,4,6,10,8,18
SAIPINA,desnutricion global,sobrepeso (s),2006-07-01,47,35,21,22,68,57,125
SALINAS DE GARCI MENDOZA,desnutricion global,sobrepeso (s),2006-07-01,15,11,1,1,16,12,28
SAMAIPATA,desnutricion global,sobrepeso (s),2006-07-01,11,10,2,1,13,11,24
SAN AGUSTIN,desnutricion global,sobrepeso (s),2006-07-01,0,0,0,2,0,2,2
SAN ANDRES,desnutricion global,sobrepeso (s),2006-07-01,19,14,3,2,22,16,38
SAN ANDRES DE MACHACA,desnutricion global,sobrepeso (s),2006-07-01,0,0,2,2,2,2,4
SAN ANTONIO DE ESMORUCO,desnutricion global,sobrepeso (s),2006-07-01,3,3,0,0,3,3,6
SAN ANTONIO DE LOMERIO,desnutricion global,sobrepeso (s),2006-07-01,19,11,0,4,19,15,34
SAN BENITO,desnutricion global,sobrepeso (s),2006-07-01,4,3,0,0,4,3,7
SAN BORJA,desnutricion global,sobrepeso (s),2006-07-01,49,35,8,10,57,45,102
SAN BUENA VENTURA,desnutricion global,sobrepeso (s),2006-07-01,5,9,1,3,6,12,18
SAN CARLOS,desnutricion global,sobrepeso (s),2006-07-01,40,37,4,3,44,40,84
SAN IGNACIO,desnutricion global,sobrepeso (s),2006-07-01,23,16,8,4,31,20,51
SAN IGNACIO DE VELASCO,desnutricion global,sobrepeso (s),2006-07-01,97,41,14,10,111,51,162
SAN JAVIER(BNI),desnutricion global,sobrepeso (s),2006-07-01,13,10,2,1,15,11,26
SAN JOAQUIN,desnutricion global,sobrepeso (s),2006-07-01,5,7,6,4,11,11,22
SAN JUAN DE YAPACANI,desnutricion global,sobrepeso (s),2006-07-01,28,15,19,8,47,23,70
SAN JULIAN,desnutricion global,sobrepeso (s),2006-07-01,32,32,29,17,61,49,110
SAN LORENZO(TJA),desnutricion global,sobrepeso (s),2006-07-01,14,9,3,3,17,12,29
SAN LUCAS,desnutricion global,sobrepeso (s),2006-07-01,10,11,0,6,10,17,27
SAN MATIAS,desnutricion global,sobrepeso (s),2006-07-01,33,15,9,5,42,20,62
SAN MIGUEL DE VELASCO,desnutricion global,sobrepeso (s),2006-07-01,19,19,2,2,21,21,42
SAN PABLO DE LIPEZ,desnutricion global,sobrepeso (s),2006-07-01,1,0,0,0,1,0,1
SAN PEDRO,desnutricion global,sobrepeso (s),2006-07-01,60,35,9,2,69,37,106
SAN PEDRO DE BUENA VISTA,desnutricion global,sobrepeso (s),2006-07-01,13,4,0,0,13,4,17
SAN PEDRO DE CURAHUARA,desnutricion global,sobrepeso (s),2006-07-01,0,0,2,0,2,0,2
SAN PEDRO DE QUEMES,desnutricion global,sobrepeso (s),2006-07-01,3,0,1,0,4,0,4
SAN PEDRO DE TIQUINA,desnutricion global,sobrepeso (s),2006-07-01,3,2,1,0,4,2,6
SAN RAFAEL,desnutricion global,sobrepeso (s),2006-07-01,2,5,0,0,2,5,7
SAN RAMON,desnutricion global,sobrepeso (s),2006-07-01,23,9,3,2,26,11,37
SANTA ANA,desnutricion global,sobrepeso (s),2006-07-01,253,37,18,8,271,45,316
SANTA CRUZ DE LA SIERRA,desnutricion global,sobrepeso (s),2006-07-01,1448,1171,370,344,1818,1515,3333
SANTA ROSA,desnutricion global,sobrepeso (s),2006-07-01,23,22,5,1,28,23,51
SANTA ROSA DEL SARA,desnutricion global,sobrepeso (s),2006-07-01,24,15,8,8,32,23,55
SANTIAGO DE CALLAPA,desnutricion global,sobrepeso (s),2006-07-01,0,0,3,0,3,0,3
SANTIAGO DE HUARI,desnutricion global,sobrepeso (s),2006-07-01,2,4,2,3,4,7,11
SANTIAGO DE MACHACA,desnutricion global,sobrepeso (s),2006-07-01,1,1,0,0,1,1,2
SANTIVAÑES,desnutricion global,sobrepeso (s),2006-07-01,2,2,0,0,2,2,4
SANTUARIO DE QUILLACAS,desnutricion global,sobrepeso (s),2006-07-01,1,2,1,0,2,2,4
SAPAHAQUI,desnutricion global,sobrepeso (s),2006-07-01,8,2,1,0,9,2,11
SICA SICA (VILLA AROMA),desnutricion global,sobrepeso (s),2006-07-01,9,9,0,2,9,11,20
SICAYA,desnutricion global,sobrepeso (s),2006-07-01,2,1,0,0,2,1,3
SIPE SIPE,desnutricion global,sobrepeso (s),2006-07-01,27,41,5,6,32,47,79
SOPACHUY,desnutricion global,sobrepeso (s),2006-07-01,5,8,0,0,5,8,13
SORACACHI,desnutricion global,sobrepeso (s),2006-07-01,6,3,0,0,6,3,9
SORATA,desnutricion global,sobrepeso (s),2006-07-01,13,14,4,3,17,17,34
SUCRE,desnutricion global,sobrepeso (s),2006-07-01,174,160,42,42,216,202,418
TACACHI,desnutricion global,sobrepeso (s),2006-07-01,3,0,0,0,3,0,3
TACACOMA,desnutricion global,sobrepeso (s),2006-07-01,6,4,0,0,6,4,10
TACOBAMBA,desnutricion global,sobrepeso (s),2006-07-01,6,5,2,0,8,5,13
TACOPAYA,desnutricion global,sobrepeso (s),2006-07-01,1,0,0,0,1,0,1
TAHUA,desnutricion global,sobrepeso (s),2006-07-01,1,0,1,0,2,0,2
TAPACARI,desnutricion global,sobrepeso (s),2006-07-01,3,0,1,1,4,1,5
TARABUCO,desnutricion global,sobrepeso (s),2006-07-01,15,8,3,5,18,13,31
TARATA,desnutricion global,sobrepeso (s),2006-07-01,4,7,1,1,5,8,13
TARIJA,desnutricion global,sobrepeso (s),2006-07-01,290,288,70,63,360,351,711
TARVITA,desnutricion global,sobrepeso (s),2006-07-01,6,0,3,0,9,0,9
TEOPONTE,desnutricion global,sobrepeso (s),2006-07-01,11,13,4,6,15,19,34
TIAWANACU,desnutricion global,sobrepeso (s),2006-07-01,9,10,4,5,13,15,28
TINGUIPAYA,desnutricion global,sobrepeso (s),2006-07-01,16,16,23,27,39,43,82
TIPUANI,desnutricion global,sobrepeso (s),2006-07-01,10,8,0,1,10,9,19
TIQUIPAYA,desnutricion global,sobrepeso (s),2006-07-01,10,6,3,2,13,8,21
TIRAQUE (CBBA),desnutricion global,sobrepeso (s),2006-07-01,58,70,7,9,65,79,144
TITO YUPANQUI (PARQUIPUJIO),desnutricion global,sobrepeso (s),2006-07-01,1,1,1,0,2,1,3
TOCO,desnutricion global,sobrepeso (s),2006-07-01,2,2,1,0,3,2,5
TOMAVE,desnutricion global,sobrepeso (s),2006-07-01,4,1,2,0,6,1,7
TOMINA,desnutricion global,sobrepeso (s),2006-07-01,4,9,0,0,4,9,13
TORO TORO,desnutricion global,sobrepeso (s),2006-07-01,2,6,0,0,2,6,8
TOTORA(CBBA),desnutricion global,sobrepeso (s),2006-07-01,6,6,0,0,6,6,12
TOTORA(ORR),desnutricion global,sobrepeso (s),2006-07-01,2,0,0,1,2,1,3
TRIGAL,desnutricion global,sobrepeso (s),2006-07-01,0,1,1,0,1,1,2
TRINIDAD,desnutricion global,sobrepeso (s),2006-07-01,195,124,36,35,231,159,390
TUPIZA,desnutricion global,sobrepeso (s),2006-07-01,46,27,18,7,64,34,98
TURCO,desnutricion global,sobrepeso (s),2006-07-01,6,0,1,0,7,0,7
UMALA,desnutricion global,sobrepeso (s),2006-07-01,2,2,0,0,2,2,4
UNCIA,desnutricion global,sobrepeso (s),2006-07-01,13,19,10,11,23,30,53
URIONDO (A. CONCEPCION),desnutricion global,sobrepeso (s),2006-07-01,17,13,3,7,20,20,40
URUBICHA,desnutricion global,sobrepeso (s),2006-07-01,0,0,1,2,1,2,3
UYUNI,desnutricion global,sobrepeso (s),2006-07-01,35,20,3,1,38,21,59
VALLEGRANDE,desnutricion global,sobrepeso (s),2006-07-01,27,26,2,4,29,30,59
VIACHA,desnutricion global,sobrepeso (s),2006-07-01,38,36,4,3,42,39,81
VILA VILA,desnutricion global,sobrepeso (s),2006-07-01,2,5,0,0,2,5,7
VILLA MONTES,desnutricion global,sobrepeso (s),2006-07-01,40,17,3,8,43,25,68
VILLA NUEVA (LOMA ALTA),desnutricion global,sobrepeso (s),2006-07-01,1,1,0,1,1,2,3
VILLA RIVERO,desnutricion global,sobrepeso (s),2006-07-01,6,6,0,1,6,7,13
VILLA SERRANO,desnutricion global,sobrepeso (s),2006-07-01,10,8,2,3,12,11,23
VILLA TUNARI,desnutricion global,sobrepeso (s),2006-07-01,80,66,14,12,94,78,172
VILLA VACA GUZMAN (MUYUPAMPA),desnutricion global,sobrepeso (s),2006-07-01,13,15,4,2,17,17,34
VILLAZON,desnutricion global,sobrepeso (s),2006-07-01,33,43,4,8,37,51,88
VINTO,desnutricion global,sobrepeso (s),2006-07-01,22,18,1,1,23,19,42
VITICHI,desnutricion global,sobrepeso (s),2006-07-01,3,3,0,1,3,4,7
WARNES,desnutricion global,sobrepeso (s),2006-07-01,150,105,42,19,192,124,316
YACO,desnutricion global,sobrepeso (s),2006-07-01,4,1,1,1,5,2,7
YACUIBA,desnutricion global,sobrepeso (s),2006-07-01,49,60,12,12,61,72,133
YAMPARAEZ,desnutricion global,sobrepeso (s),2006-07-01,9,12,1,1,10,13,23
YANACACHI,desnutricion global,sobrepeso (s),2006-07-01,1,0,2,1,3,1,4
YAPACANI,desnutricion global,sobrepeso (s),2006-07-01,56,73,10,5,66,78,144
YOCALLA,desnutricion global,sobrepeso (s),2006-07-01,3,0,1,0,4,0,4
YOTALA,desnutricion global,sobrepeso (s),2006-07-01,10,17,4,7,14,24,38
YUNCHARA,desnutricion global,sobrepeso (s),2006-07-01,0,1,0,0,0,1,1
ZUDAÑEZ,desnutricion global,sobrepeso (s),2006-07-01,7,6,2,0,9,6,15
ACACIO,desnutricion global,sobrepeso (s),2006-08-01,4,7,1,2,5,9,14
ACHACACHI,desnutricion global,sobrepeso (s),2006-08-01,5,15,4,4,9,19,28
ACHOCALLA,desnutricion global,sobrepeso (s),2006-08-01,6,2,0,0,6,2,8
AIQUILE,desnutricion global,sobrepeso (s),2006-08-01,7,3,2,4,9,7,16
ALCALA,desnutricion global,sobrepeso (s),2006-08-01,5,4,0,0,5,4,9
ANCORAIMES,desnutricion global,sobrepeso (s),2006-08-01,1,0,1,0,2,0,2
ANDAMARCA,desnutricion global,sobrepeso (s),2006-08-01,3,0,0,0,3,0,3
ANTEQUERA,desnutricion global,sobrepeso (s),2006-08-01,1,4,0,0,1,4,5
ANZALDO,desnutricion global,sobrepeso (s),2006-08-01,2,6,5,1,7,7,14
APOLO,desnutricion global,sobrepeso (s),2006-08-01,18,10,1,0,19,10,29
ARAMPAMPA,desnutricion global,sobrepeso (s),2006-08-01,3,3,1,2,4,5,9
ARANI,desnutricion global,sobrepeso (s),2006-08-01,2,0,0,0,2,0,2
ARBIETO,desnutricion global,sobrepeso (s),2006-08-01,8,2,1,2,9,4,13
ARQUE,desnutricion global,sobrepeso (s),2006-08-01,1,1,0,0,1,1,2
ASCENCION DE GUARAYOS,desnutricion global,sobrepeso (s),2006-08-01,34,22,15,10,49,32,81
ATOCHA,desnutricion global,sobrepeso (s),2006-08-01,2,4,3,2,5,6,11
AUCAPATA,desnutricion global,sobrepeso (s),2006-08-01,2,0,0,0,2,0,2
AYATA,desnutricion global,sobrepeso (s),2006-08-01,11,0,0,0,11,0,11
AYOPAYA (V. DE INDEPENDENCIA),desnutricion global,sobrepeso (s),2006-08-01,19,12,0,2,19,14,33
AZURDUY,desnutricion global,sobrepeso (s),2006-08-01,10,5,4,2,14,7,21
BATALLAS,desnutricion global,sobrepeso (s),2006-08-01,6,7,0,0,6,7,13
BAURES,desnutricion global,sobrepeso (s),2006-08-01,19,16,0,4,19,20,39
BELEN DE ANDAMARCA,desnutricion global,sobrepeso (s),2006-08-01,1,0,0,0,1,0,1
BELEN DE URMIRI,desnutricion global,sobrepeso (s),2006-08-01,1,0,0,0,1,0,1
BELLA FLOR,desnutricion global,sobrepeso (s),2006-08-01,3,2,1,2,4,4,8
BERMEJO,desnutricion global,sobrepeso (s),2006-08-01,16,15,0,0,16,15,31
BETANZOS,desnutricion global,sobrepeso (s),2006-08-01,20,10,1,0,21,10,31
BOLIVAR,desnutricion global,sobrepeso (s),2006-08-01,16,12,14,11,30,23,53
BOYUIBE,desnutricion global,sobrepeso (s),2006-08-01,10,4,2,3,12,7,19
BUENA VISTA,desnutricion global,sobrepeso (s),2006-08-01,28,12,4,4,32,16,48
CABEZAS,desnutricion global,sobrepeso (s),2006-08-01,48,28,16,10,64,38,102
CAIROMA,desnutricion global,sobrepeso (s),2006-08-01,3,5,0,1,3,6,9
"CAIZA ""D""",desnutricion global,sobrepeso (s),2006-08-01,6,12,1,1,7,13,20
CAJUATA,desnutricion global,sobrepeso (s),2006-08-01,12,6,3,0,15,6,21
CALAMARCA,desnutricion global,sobrepeso (s),2006-08-01,3,1,2,0,5,1,6
CAMARGO,desnutricion global,sobrepeso (s),2006-08-01,29,15,2,4,31,19,50
CAMATAQUI (C. VILLA ABECIA),desnutricion global,sobrepeso (s),2006-08-01,7,4,2,3,9,7,16
CAMIRI,desnutricion global,sobrepeso (s),2006-08-01,134,112,50,53,184,165,349
CAPINOTA,desnutricion global,sobrepeso (s),2006-08-01,2,3,0,2,2,5,7
CAQUIAVIRI,desnutricion global,sobrepeso (s),2006-08-01,13,14,2,2,15,16,31
CARACOLLO,desnutricion global,sobrepeso (s),2006-08-01,11,14,5,2,16,16,32
CARANAVI,desnutricion global,sobrepeso (s),2006-08-01,118,92,12,8,130,100,230
CARANGAS,desnutricion global,sobrepeso (s),2006-08-01,1,0,0,0,1,0,1
CARAPARI,desnutricion global,sobrepeso (s),2006-08-01,32,29,7,9,39,38,77
CARIPUYO,desnutricion global,sobrepeso (s),2006-08-01,21,15,7,5,28,20,48
CARMEN RIVERO TORREZ,desnutricion global,sobrepeso (s),2006-08-01,11,10,8,8,19,18,37
CHACARILLA,desnutricion global,sobrepeso (s),2006-08-01,1,0,0,0,1,0,1
CHALLAPATA,desnutricion global,sobrepeso (s),2006-08-01,17,38,5,3,22,41,63
CHAQUI,desnutricion global,sobrepeso (s),2006-08-01,5,4,0,0,5,4,9
CHARAGUA,desnutricion global,sobrepeso (s),2006-08-01,51,37,9,13,60,50,110
CHAYANTA,desnutricion global,sobrepeso (s),2006-08-01,10,8,3,0,13,8,21
CHIMORE,desnutricion global,sobrepeso (s),2006-08-01,6,12,0,1,6,13,19
CHIPAYA,desnutricion global,sobrepeso (s),2006-08-01,0,1,0,1,0,2,2
CHULUMANI (V. DE LA LIBERTAD),desnutricion global,sobrepeso (s),2006-08-01,5,2,0,1,5,3,8
CHUMA,desnutricion global,sobrepeso (s),2006-08-01,7,3,1,0,8,3,11
CLIZA,desnutricion global,sobrepeso (s),2006-08-01,31,10,5,5,36,15,51
COBIJA,desnutricion global,sobrepeso (s),2006-08-01,73,98,7,14,80,112,192
COCHABAMBA,desnutricion global,sobrepeso (s),2006-08-01,362,327,76,71,438,398,836
COIPASA,desnutricion global,sobrepeso (s),2006-08-01,0,1,0,0,0,1,1
COLCAPIRHUA,desnutricion global,sobrepeso (s),2006-08-01,31,36,6,16,37,52,89
"COLCHA ""K""",desnutricion global,sobrepeso (s),2006-08-01,8,11,0,0,8,11,19
COLLANA,desnutricion global,sobrepeso (s),2006-08-01,2,1,1,1,3,2,5
COLOMI,desnutricion global,sobrepeso (s),2006-08-01,11,5,1,1,12,6,18
COLPA BELGICA,desnutricion global,sobrepeso (s),2006-08-01,11,10,3,5,14,15,29
COLQUECHACA,desnutricion global,sobrepeso (s),2006-08-01,6,3,0,1,6,4,10
COLQUENCHA,desnutricion global,sobrepeso (s),2006-08-01,5,3,3,1,8,4,12
COLQUIRI,desnutricion global,sobrepeso (s),2006-08-01,5,9,0,0,5,9,14
COMARAPA,desnutricion global,sobrepeso (s),2006-08-01,68,52,19,17,87,69,156
CONCEPCION,desnutricion global,sobrepeso (s),2006-08-01,7,2,2,2,9,4,13
COPACABANA,desnutricion global,sobrepeso (s),2006-08-01,14,10,1,1,15,11,26
CORIPATA,desnutricion global,sobrepeso (s),2006-08-01,21,13,5,1,26,14,40
CORO CORO,desnutricion global,sobrepeso (s),2006-08-01,2,1,1,0,3,1,4
COROICO,desnutricion global,sobrepeso (s),2006-08-01,1,0,0,0,1,0,1
CORQUE,desnutricion global,sobrepeso (s),2006-08-01,4,4,3,1,7,5,12
COTAGAITA,desnutricion global,sobrepeso (s),2006-08-01,10,11,1,1,11,12,23
COTOCA,desnutricion global,sobrepeso (s),2006-08-01,43,20,9,1,52,21,73
CUATRO CAÑADAS,desnutricion global,sobrepeso (s),2006-08-01,26,14,4,1,30,15,45
CUEVO,desnutricion global,sobrepeso (s),2006-08-01,4,4,0,1,4,5,9
CULPINA,desnutricion global,sobrepeso (s),2006-08-01,21,12,2,5,23,17,40
CURAHUARA DE CARANGAS,desnutricion global,sobrepeso (s),2006-08-01,2,5,0,1,2,6,8
CURVA,desnutricion global,sobrepeso (s),2006-08-01,4,4,0,0,4,4,8
DESAGUADERO,desnutricion global,sobrepeso (s),2006-08-01,4,5,6,2,10,7,17
EL ALTO,desnutricion global,sobrepeso (s),2006-08-01,516,463,107,108,623,571,1194
EL CHORO,desnutricion global,sobrepeso (s),2006-08-01,1,4,0,0,1,4,5
EL PUENTE(STC),desnutricion global,sobrepeso (s),2006-08-01,8,2,1,0,9,2,11
EL PUENTE(TJA),desnutricion global,sobrepeso (s),2006-08-01,8,7,0,1,8,8,16
EL TORNO,desnutricion global,sobrepeso (s),2006-08-01,67,57,12,9,79,66,145
EL VILLAR,desnutricion global,sobrepeso (s),2006-08-01,4,1,2,1,6,2,8
ENTRE RIOS,desnutricion global,sobrepeso (s),2006-08-01,103,85,6,5,109,90,199
ENTRE RIOS,desnutricion global,sobrepeso (s),2006-08-01,33,36,7,8,40,44,84
EUCALIPTUS,desnutricion global,sobrepeso (s),2006-08-01,8,10,2,1,10,11,21
EXALTACION,desnutricion global,sobrepeso (s),2006-08-01,8,4,5,5,13,9,22
FERNANDEZ ALONSO,desnutricion global,sobrepeso (s),2006-08-01,25,15,1,3,26,18,44
FILADELFIA,desnutricion global,sobrepeso (s),2006-08-01,4,3,0,0,4,3,7
GENERAL SAAVEDRA,desnutricion global,sobrepeso (s),2006-08-01,35,37,12,9,47,46,93
GRAL. J.J. PEREZ (CHARAZANI),desnutricion global,sobrepeso (s),2006-08-01,14,16,3,0,17,16,33
GUANAY,desnutricion global,sobrepeso (s),2006-08-01,16,19,6,9,22,28,50
GUAQUI,desnutricion global,sobrepeso (s),2006-08-01,1,5,0,0,1,5,6
GUAYARAMERIN,desnutricion global,sobrepeso (s),2006-08-01,110,104,6,10,116,114,230
GUTIERREZ,desnutricion global,sobrepeso (s),2006-08-01,18,19,6,6,24,25,49
HUACARETA,desnutricion global,sobrepeso (s),2006-08-01,25,16,4,7,29,23,52
HUACAYA (VILLA DE HUACAYA),desnutricion global,sobrepeso (s),2006-08-01,9,5,1,1,10,6,16
HUANUNI,desnutricion global,sobrepeso (s),2006-08-01,35,30,0,0,35,30,65
HUARACAJE,desnutricion global,sobrepeso (s),2006-08-01,12,4,3,1,15,5,20
HUAYLLAMARCA,desnutricion global,sobrepeso (s),2006-08-01,1,1,0,0,1,1,2
ICHOCA,desnutricion global,sobrepeso (s),2006-08-01,2,3,1,0,3,3,6
ICLA,desnutricion global,sobrepeso (s),2006-08-01,10,6,2,0,12,6,18
INCAHUASI,desnutricion global,sobrepeso (s),2006-08-01,23,20,1,2,24,22,46
INGAVI (HUMAITA),desnutricion global,sobrepeso (s),2006-08-01,4,2,1,0,5,2,7
INQUISIVI,desnutricion global,sobrepeso (s),2006-08-01,17,13,1,0,18,13,31
IRUPANA (VILLA DE LANZA),desnutricion global,sobrepeso (s),2006-08-01,19,12,1,10,20,22,42
IXIAMAS,desnutricion global,sobrepeso (s),2006-08-01,19,20,4,2,23,22,45
JESUS DE MACHACA,desnutricion global,sobrepeso (s),2006-08-01,4,4,0,0,4,4,8
LA ASUNTA,desnutricion global,sobrepeso (s),2006-08-01,33,10,1,2,34,12,46
LA GUARDIA,desnutricion global,sobrepeso (s),2006-08-01,120,56,34,19,154,75,229
LA PAZ,desnutricion global,sobrepeso (s),2006-08-01,493,452,176,195,669,647,1316
LAGUNILLAS,desnutricion global,sobrepeso (s),2006-08-01,9,17,9,10,18,27,45
LAJA,desnutricion global,sobrepeso (s),2006-08-01,16,26,1,1,17,27,44
LAS CARRERAS,desnutricion global,sobrepeso (s),2006-08-01,8,7,1,1,9,8,17
LICOMA PAMPA,desnutricion global,sobrepeso (s),2006-08-01,1,0,0,0,1,0,1
LLALLAGUA,desnutricion global,sobrepeso (s),2006-08-01,57,83,30,29,87,112,199
LLICA,desnutricion global,sobrepeso (s),2006-08-01,6,4,1,1,7,5,12
LORETO,desnutricion global,sobrepeso (s),2006-08-01,1,2,1,1,2,3,5
LURIBAY,desnutricion global,sobrepeso (s),2006-08-01,10,6,2,0,12,6,18
MACHACAMARCA,desnutricion global,sobrepeso (s),2006-08-01,6,1,0,2,6,3,9
MACHARETI,desnutricion global,sobrepeso (s),2006-08-01,27,24,14,12,41,36,77
MAGDALENA,desnutricion global,sobrepeso (s),2006-08-01,16,3,3,0,19,3,22
MAIRANA,desnutricion global,sobrepeso (s),2006-08-01,14,37,5,4,19,41,60
MAPIRI,desnutricion global,sobrepeso (s),2006-08-01,14,10,0,2,14,12,26
MECAPACA,desnutricion global,sobrepeso (s),2006-08-01,8,2,0,1,8,3,11
MINEROS,desnutricion global,sobrepeso (s),2006-08-01,49,28,19,17,68,45,113
MIZQUE,desnutricion global,sobrepeso (s),2006-08-01,41,9,5,5,46,14,60
MOCOMOCO,desnutricion global,sobrepeso (s),2006-08-01,6,7,0,1,6,8,14
MOJOCOYA,desnutricion global,sobrepeso (s),2006-08-01,10,4,3,1,13,5,18
MONTEAGUDO,desnutricion global,sobrepeso (s),2006-08-01,62,48,10,7,72,55,127
MONTERO,desnutricion global,sobrepeso (s),2006-08-01,341,249,104,85,445,334,779
MORO MORO,desnutricion global,sobrepeso (s),2006-08-01,8,6,3,0,11,6,17
MOROCHATA,desnutricion global,sobrepeso (s),2006-08-01,7,4,0,3,7,7,14
NACEBE (SANTA ROSA DEL ABUNA),desnutricion global,sobrepeso (s),2006-08-01,2,2,0,2,2,4,6
OCURI,desnutricion global,sobrepeso (s),2006-08-01,8,6,3,1,11,7,18
OKINAWA,desnutricion global,sobrepeso (s),2006-08-01,16,13,10,12,26,25,51
OMEREQUE,desnutricion global,sobrepeso (s),2006-08-01,8,9,0,0,8,9,17
ORURO,desnutricion global,sobrepeso (s),2006-08-01,243,236,39,33,282,269,551
PADCAYA,desnutricion global,sobrepeso (s),2006-08-01,23,24,21,20,44,44,88
PADILLA,desnutricion global,sobrepeso (s),2006-08-01,24,13,8,2,32,15,47
PAILON,desnutricion global,sobrepeso (s),2006-08-01,0,68,11,0,11,68,79
PALCA,desnutricion global,sobrepeso (s),2006-08-01,6,4,2,2,8,6,14
PALOS BLANCOS,desnutricion global,sobrepeso (s),2006-08-01,45,35,6,3,51,38,89
PAMPA AULLAGAS,desnutricion global,sobrepeso (s),2006-08-01,2,3,0,0,2,3,5
PAMPA GRANDE,desnutricion global,sobrepeso (s),2006-08-01,10,10,0,2,10,12,22
PAPEL PAMPA,desnutricion global,sobrepeso (s),2006-08-01,2,4,3,0,5,4,9
PASORAPA,desnutricion global,sobrepeso (s),2006-08-01,9,8,3,0,12,8,20
PATACAMAYA,desnutricion global,sobrepeso (s),2006-08-01,8,5,1,0,9,5,14
PAZÑA,desnutricion global,sobrepeso (s),2006-08-01,5,1,1,2,6,3,9
PELECHUCO,desnutricion global,sobrepeso (s),2006-08-01,5,3,0,1,5,4,9
POCOATA,desnutricion global,sobrepeso (s),2006-08-01,18,13,3,0,21,13,34
POCONA,desnutricion global,sobrepeso (s),2006-08-01,9,7,1,0,10,7,17
POJO (CBBA),desnutricion global,sobrepeso (s),2006-08-01,26,11,0,0,26,11,37
POOPO,desnutricion global,sobrepeso (s),2006-08-01,3,2,1,1,4,3,7
PORCO,desnutricion global,sobrepeso (s),2006-08-01,8,7,0,1,8,8,16
POROMA,desnutricion global,sobrepeso (s),2006-08-01,5,18,1,1,6,19,25
PORONGO,desnutricion global,sobrepeso (s),2006-08-01,9,8,0,2,9,10,19
PORTACHUELO,desnutricion global,sobrepeso (s),2006-08-01,114,95,35,34,149,129,278
PORVENIR,desnutricion global,sobrepeso (s),2006-08-01,13,15,4,7,17,22,39
POSTRER VALLE,desnutricion global,sobrepeso (s),2006-08-01,5,4,2,1,7,5,12
POTOSI,desnutricion global,sobrepeso (s),2006-08-01,88,71,8,2,96,73,169
PRESTO,desnutricion global,sobrepeso (s),2006-08-01,5,1,1,2,6,3,9
PUCARA,desnutricion global,sobrepeso (s),2006-08-01,2,1,2,0,4,1,5
PUCARANI,desnutricion global,sobrepeso (s),2006-08-01,22,15,1,0,23,15,38
PUERTO ACOSTA,desnutricion global,sobrepeso (s),2006-08-01,20,8,8,7,28,15,43
PUERTO CARABUCO,desnutricion global,sobrepeso (s),2006-08-01,7,13,2,0,9,13,22
PUERTO GONZALO MORENO,desnutricion global,sobrepeso (s),2006-08-01,4,3,2,0,6,3,9
PUERTO QUIJARRO,desnutricion global,sobrepeso (s),2006-08-01,41,37,6,6,47,43,90
PUERTO RICO,desnutricion global,sobrepeso (s),2006-08-01,10,12,1,0,11,12,23
PUERTO SILES,desnutricion global,sobrepeso (s),2006-08-01,1,2,0,0,1,2,3
PUERTO SUAREZ,desnutricion global,sobrepeso (s),2006-08-01,32,29,5,11,37,40,77
PUERTO VILLARROEL,desnutricion global,sobrepeso (s),2006-08-01,72,51,12,8,84,59,143
PUNA,desnutricion global,sobrepeso (s),2006-08-01,8,12,2,1,10,13,23
PUNATA,desnutricion global,sobrepeso (s),2006-08-01,14,4,4,0,18,4,22
QUIABAYA,desnutricion global,sobrepeso (s),2006-08-01,1,1,0,0,1,1,2
QUILLACOLLO,desnutricion global,sobrepeso (s),2006-08-01,60,28,47,37,107,65,172
QUIME,desnutricion global,sobrepeso (s),2006-08-01,1,13,0,0,1,13,14
QUIRUSILLAS,desnutricion global,sobrepeso (s),2006-08-01,10,9,3,2,13,11,24
RAVELO,desnutricion global,sobrepeso (s),2006-08-01,11,5,1,0,12,5,17
REYES,desnutricion global,sobrepeso (s),2006-08-01,19,33,8,7,27,40,67
RIBERALTA,desnutricion global,sobrepeso (s),2006-08-01,108,40,19,8,127,48,175
ROBORE,desnutricion global,sobrepeso (s),2006-08-01,17,11,7,3,24,14,38
RURRENABAQUE,desnutricion global,sobrepeso (s),2006-08-01,10,13,1,0,11,13,24
SABAYA,desnutricion global,sobrepeso (s),2006-08-01,1,5,0,0,1,5,6
SACABA,desnutricion global,sobrepeso (s),2006-08-01,63,72,4,2,67,74,141
SACACA,desnutricion global,sobrepeso (s),2006-08-01,7,7,0,0,7,7,14
SAIPINA,desnutricion global,sobrepeso (s),2006-08-01,63,31,33,35,96,66,162
SALINAS DE GARCI MENDOZA,desnutricion global,sobrepeso (s),2006-08-01,18,12,6,5,24,17,41
SAMAIPATA,desnutricion global,sobrepeso (s),2006-08-01,22,10,8,6,30,16,46
SAN AGUSTIN,desnutricion global,sobrepeso (s),2006-08-01,2,1,1,0,3,1,4
SAN ANDRES,desnutricion global,sobrepeso (s),2006-08-01,21,7,6,2,27,9,36
SAN ANDRES DE MACHACA,desnutricion global,sobrepeso (s),2006-08-01,1,4,0,2,1,6,7
SAN ANTONIO DE ESMORUCO,desnutricion global,sobrepeso (s),2006-08-01,1,2,0,1,1,3,4
SAN ANTONIO DE LOMERIO,desnutricion global,sobrepeso (s),2006-08-01,14,7,1,0,15,7,22
SAN BENITO,desnutricion global,sobrepeso (s),2006-08-01,5,1,0,0,5,1,6
SAN BORJA,desnutricion global,sobrepeso (s),2006-08-01,80,50,7,11,87,61,148
SAN BUENA VENTURA,desnutricion global,sobrepeso (s),2006-08-01,10,24,4,0,14,24,38
SAN CARLOS,desnutricion global,sobrepeso (s),2006-08-01,58,61,12,13,70,74,144
SAN IGNACIO,desnutricion global,sobrepeso (s),2006-08-01,19,18,5,5,24,23,47
SAN IGNACIO DE VELASCO,desnutricion global,sobrepeso (s),2006-08-01,161,63,24,13,185,76,261
SAN JAVIER(BNI),desnutricion global,sobrepeso (s),2006-08-01,17,10,2,3,19,13,32
SAN JOAQUIN,desnutricion global,sobrepeso (s),2006-08-01,5,2,11,12,16,14,30
SAN JOSE DE CHIQUITOS,desnutricion global,sobrepeso (s),2006-08-01,22,12,5,2,27,14,41
SAN JUAN DE YAPACANI,desnutricion global,sobrepeso (s),2006-08-01,26,22,14,8,40,30,70
SAN JULIAN,desnutricion global,sobrepeso (s),2006-08-01,13,16,7,8,20,24,44
SAN LORENZO(PND),desnutricion global,sobrepeso (s),2006-08-01,2,2,0,0,2,2,4
SAN LORENZO(TJA),desnutricion global,sobrepeso (s),2006-08-01,15,18,11,11,26,29,55
SAN LUCAS,desnutricion global,sobrepeso (s),2006-08-01,17,13,2,5,19,18,37
SAN MATIAS,desnutricion global,sobrepeso (s),2006-08-01,18,11,5,6,23,17,40
SAN MIGUEL DE VELASCO,desnutricion global,sobrepeso (s),2006-08-01,26,23,4,2,30,25,55
SAN PABLO DE LIPEZ,desnutricion global,sobrepeso (s),2006-08-01,2,0,0,0,2,0,2
SAN PEDRO,desnutricion global,sobrepeso (s),2006-08-01,44,43,6,4,50,47,97
SAN PEDRO DE BUENA VISTA,desnutricion global,sobrepeso (s),2006-08-01,16,29,1,1,17,30,47
SAN PEDRO DE CURAHUARA,desnutricion global,sobrepeso (s),2006-08-01,3,3,0,0,3,3,6
SAN PEDRO DE QUEMES,desnutricion global,sobrepeso (s),2006-08-01,3,0,0,0,3,0,3
SAN PEDRO DE TIQUINA,desnutricion global,sobrepeso (s),2006-08-01,1,0,0,1,1,1,2
SAN PEDRO(PND),desnutricion global,sobrepeso (s),2006-08-01,1,2,0,1,1,3,4
SAN RAFAEL,desnutricion global,sobrepeso (s),2006-08-01,2,3,1,1,3,4,7
SAN RAMON,desnutricion global,sobrepeso (s),2006-08-01,32,8,7,0,39,8,47
SANTA ANA,desnutricion global,sobrepeso (s),2006-08-01,41,26,8,17,49,43,92
SANTA CRUZ DE LA SIERRA,desnutricion global,sobrepeso (s),2006-08-01,1708,1350,508,429,2216,1779,3995
SANTA ROSA,desnutricion global,sobrepeso (s),2006-08-01,38,32,13,8,51,40,91
SANTA ROSA DEL SARA,desnutricion global,sobrepeso (s),2006-08-01,27,15,7,3,34,18,52
SANTIAGO DE CALLAPA,desnutricion global,sobrepeso (s),2006-08-01,3,4,1,3,4,7,11
SANTIAGO DE HUARI,desnutricion global,sobrepeso (s),2006-08-01,13,5,3,5,16,10,26
SANTIAGO DE MACHACA,desnutricion global,sobrepeso (s),2006-08-01,2,0,0,0,2,0,2
SANTIVAÑES,desnutricion global,sobrepeso (s),2006-08-01,2,3,0,1,2,4,6
SANTUARIO DE QUILLACAS,desnutricion global,sobrepeso (s),2006-08-01,4,1,0,0,4,1,5
SAPAHAQUI,desnutricion global,sobrepeso (s),2006-08-01,9,1,0,1,9,2,11
SENA,desnutricion global,sobrepeso (s),2006-08-01,3,2,1,0,4,2,6
SICA SICA (VILLA AROMA),desnutricion global,sobrepeso (s),2006-08-01,8,7,0,1,8,8,16
SICAYA,desnutricion global,sobrepeso (s),2006-08-01,1,1,0,0,1,1,2
SIPE SIPE,desnutricion global,sobrepeso (s),2006-08-01,43,45,7,10,50,55,105
SOPACHUY,desnutricion global,sobrepeso (s),2006-08-01,6,5,1,0,7,5,12
SORACACHI,desnutricion global,sobrepeso (s),2006-08-01,10,7,2,4,12,11,23
SORATA,desnutricion global,sobrepeso (s),2006-08-01,9,11,1,5,10,16,26
SUCRE,desnutricion global,sobrepeso (s),2006-08-01,223,189,49,47,272,236,508
TACACHI,desnutricion global,sobrepeso (s),2006-08-01,2,0,0,0,2,0,2
TACACOMA,desnutricion global,sobrepeso (s),2006-08-01,1,2,0,0,1,2,3
TACOBAMBA,desnutricion global,sobrepeso (s),2006-08-01,6,5,0,0,6,5,11
TACOPAYA,desnutricion global,sobrepeso (s),2006-08-01,0,1,0,0,0,1,1
TAPACARI,desnutricion global,sobrepeso (s),2006-08-01,16,5,0,0,16,5,21
TARABUCO,desnutricion global,sobrepeso (s),2006-08-01,8,10,2,3,10,13,23
TARACO,desnutricion global,sobrepeso (s),2006-08-01,2,0,0,0,2,0,2
TARATA,desnutricion global,sobrepeso (s),2006-08-01,0,2,1,0,1,2,3
TARIJA,desnutricion global,sobrepeso (s),2006-08-01,305,180,63,68,368,248,616
TARVITA,desnutricion global,sobrepeso (s),2006-08-01,4,2,0,0,4,2,6
TEOPONTE,desnutricion global,sobrepeso (s),2006-08-01,21,8,8,2,29,10,39
TIAWANACU,desnutricion global,sobrepeso (s),2006-08-01,3,5,0,1,3,6,9
TINGUIPAYA,desnutricion global,sobrepeso (s),2006-08-01,29,23,21,16,50,39,89
TIPUANI,desnutricion global,sobrepeso (s),2006-08-01,16,16,0,0,16,16,32
TIQUIPAYA,desnutricion global,sobrepeso (s),2006-08-01,21,11,7,10,28,21,49
TIRAQUE (CBBA),desnutricion global,sobrepeso (s),2006-08-01,82,73,8,15,90,88,178
TITO YUPANQUI (PARQUIPUJIO),desnutricion global,sobrepeso (s),2006-08-01,1,0,1,0,2,0,2
TOCO,desnutricion global,sobrepeso (s),2006-08-01,0,2,0,0,0,2,2
TOLATA,desnutricion global,sobrepeso (s),2006-08-01,1,2,1,0,2,2,4
TOLEDO,desnutricion global,sobrepeso (s),2006-08-01,3,0,0,0,3,0,3
TOMAVE,desnutricion global,sobrepeso (s),2006-08-01,2,6,1,1,3,7,10
TOMINA,desnutricion global,sobrepeso (s),2006-08-01,10,10,1,0,11,10,21
TORO TORO,desnutricion global,sobrepeso (s),2006-08-01,4,7,0,0,4,7,11
TOTORA(CBBA),desnutricion global,sobrepeso (s),2006-08-01,8,10,0,1,8,11,19
TOTORA(ORR),desnutricion global,sobrepeso (s),2006-08-01,6,2,0,0,6,2,8
TRIGAL,desnutricion global,sobrepeso (s),2006-08-01,6,3,4,3,10,6,16
TRINIDAD,desnutricion global,sobrepeso (s),2006-08-01,181,135,40,34,221,169,390
TUPIZA,desnutricion global,sobrepeso (s),2006-08-01,46,35,13,9,59,44,103
TURCO,desnutricion global,sobrepeso (s),2006-08-01,9,6,2,0,11,6,17
UMALA,desnutricion global,sobrepeso (s),2006-08-01,0,8,0,1,0,9,9
UNCIA,desnutricion global,sobrepeso (s),2006-08-01,13,8,1,2,14,10,24
URIONDO (A. CONCEPCION),desnutricion global,sobrepeso (s),2006-08-01,20,24,4,2,24,26,50
URUBICHA,desnutricion global,sobrepeso (s),2006-08-01,7,10,2,0,9,10,19
UYUNI,desnutricion global,sobrepeso (s),2006-08-01,49,26,2,2,51,28,79
VACAS,desnutricion global,sobrepeso (s),2006-08-01,3,1,0,0,3,1,4
VALLEGRANDE,desnutricion global,sobrepeso (s),2006-08-01,29,30,17,34,46,64,110
VIACHA,desnutricion global,sobrepeso (s),2006-08-01,33,18,8,10,41,28,69
VILA VILA,desnutricion global,sobrepeso (s),2006-08-01,5,6,1,1,6,7,13
VILLA MONTES,desnutricion global,sobrepeso (s),2006-08-01,42,27,5,2,47,29,76
VILLA NUEVA (LOMA ALTA),desnutricion global,sobrepeso (s),2006-08-01,1,1,0,0,1,1,2
VILLA RIVERO,desnutricion global,sobrepeso (s),2006-08-01,5,16,1,3,6,19,25
VILLA SERRANO,desnutricion global,sobrepeso (s),2006-08-01,19,10,6,2,25,12,37
VILLA TUNARI,desnutricion global,sobrepeso (s),2006-08-01,124,480,19,19,143,499,642
VILLA VACA GUZMAN (MUYUPAMPA),desnutricion global,sobrepeso (s),2006-08-01,23,8,4,4,27,12,39
VILLAZON,desnutricion global,sobrepeso (s),2006-08-01,35,46,13,7,48,53,101
VINTO,desnutricion global,sobrepeso (s),2006-08-01,39,17,2,2,41,19,60
VITICHI,desnutricion global,sobrepeso (s),2006-08-01,4,1,0,0,4,1,5
WALDO BALLIVIAN,desnutricion global,sobrepeso (s),2006-08-01,4,1,0,0,4,1,5
WARNES,desnutricion global,sobrepeso (s),2006-08-01,219,110,40,17,259,127,386
YACO,desnutricion global,sobrepeso (s),2006-08-01,0,2,0,0,0,2,2
YACUIBA,desnutricion global,sobrepeso (s),2006-08-01,130,123,22,22,152,145,297
YAMPARAEZ,desnutricion global,sobrepeso (s),2006-08-01,12,12,2,0,14,12,26
YANACACHI,desnutricion global,sobrepeso (s),2006-08-01,2,2,0,0,2,2,4
YAPACANI,desnutricion global,sobrepeso (s),2006-08-01,91,106,8,9,99,115,214
YOCALLA,desnutricion global,sobrepeso (s),2006-08-01,6,6,0,0,6,6,12
YOTALA,desnutricion global,sobrepeso (s),2006-08-01,10,16,13,9,23,25,48
YUNCHARA,desnutricion global,sobrepeso (s),2006-08-01,3,1,0,0,3,1,4
ZUDAÑEZ,desnutricion global,sobrepeso (s),2006-08-01,6,11,1,1,7,12,19
ACACIO,desnutricion global,sobrepeso (s),2006-09-01,1,2,0,1,1,3,4
ACHACACHI,desnutricion global,sobrepeso (s),2006-09-01,25,27,6,6,31,33,64
ACHOCALLA,desnutricion global,sobrepeso (s),2006-09-01,3,1,0,0,3,1,4
AIQUILE,desnutricion global,sobrepeso (s),2006-09-01,2,3,0,1,2,4,6
ALCALA,desnutricion global,sobrepeso (s),2006-09-01,2,3,0,0,2,3,5
ANCORAIMES,desnutricion global,sobrepeso (s),2006-09-01,5,1,1,0,6,1,7
ANDAMARCA,desnutricion global,sobrepeso (s),2006-09-01,4,2,0,0,4,2,6
ANTEQUERA,desnutricion global,sobrepeso (s),2006-09-01,2,1,0,0,2,1,3
ANZALDO,desnutricion global,sobrepeso (s),2006-09-01,4,3,0,2,4,5,9
APOLO,desnutricion global,sobrepeso (s),2006-09-01,18,30,0,0,18,30,48
ARAMPAMPA,desnutricion global,sobrepeso (s),2006-09-01,2,2,0,0,2,2,4
ARANI,desnutricion global,sobrepeso (s),2006-09-01,4,1,0,0,4,1,5
ARBIETO,desnutricion global,sobrepeso (s),2006-09-01,12,5,2,0,14,5,19
ARQUE,desnutricion global,sobrepeso (s),2006-09-01,0,6,0,0,0,6,6
ATOCHA,desnutricion global,sobrepeso (s),2006-09-01,5,4,2,3,7,7,14
AUCAPATA,desnutricion global,sobrepeso (s),2006-09-01,3,0,1,0,4,0,4
AYATA,desnutricion global,sobrepeso (s),2006-09-01,4,8,0,0,4,8,12
AYO AYO,desnutricion global,sobrepeso (s),2006-09-01,2,1,0,0,2,1,3
AYOPAYA (V. DE INDEPENDENCIA),desnutricion global,sobrepeso (s),2006-09-01,19,11,1,1,20,12,32
AZURDUY,desnutricion global,sobrepeso (s),2006-09-01,17,6,5,1,22,7,29
BATALLAS,desnutricion global,sobrepeso (s),2006-09-01,6,2,0,0,6,2,8
BAURES,desnutricion global,sobrepeso (s),2006-09-01,13,6,0,3,13,9,22
BELEN DE URMIRI,desnutricion global,sobrepeso (s),2006-09-01,1,1,0,0,1,1,2
BELLA FLOR,desnutricion global,sobrepeso (s),2006-09-01,7,3,1,2,8,5,13
BERMEJO,desnutricion global,sobrepeso (s),2006-09-01,25,22,6,1,31,23,54
BETANZOS,desnutricion global,sobrepeso (s),2006-09-01,32,19,2,4,34,23,57
BOLIVAR,desnutricion global,sobrepeso (s),2006-09-01,1,0,2,1,3,1,4
BOLPEBRA,desnutricion global,sobrepeso (s),2006-09-01,0,1,0,0,0,1,1
BOYUIBE,desnutricion global,sobrepeso (s),2006-09-01,10,8,1,0,11,8,19
BUENA VISTA,desnutricion global,sobrepeso (s),2006-09-01,27,15,6,8,33,23,56
CABEZAS,desnutricion global,sobrepeso (s),2006-09-01,24,14,5,5,29,19,48
CAIROMA,desnutricion global,sobrepeso (s),2006-09-01,14,6,0,0,14,6,20
"CAIZA ""D""",desnutricion global,sobrepeso (s),2006-09-01,7,6,3,0,10,6,16
CAJUATA,desnutricion global,sobrepeso (s),2006-09-01,7,7,0,0,7,7,14
CALAMARCA,desnutricion global,sobrepeso (s),2006-09-01,3,4,1,1,4,5,9
CAMARGO,desnutricion global,sobrepeso (s),2006-09-01,32,17,7,7,39,24,63
CAMATAQUI (C. VILLA ABECIA),desnutricion global,sobrepeso (s),2006-09-01,5,5,1,2,6,7,13
CAMIRI,desnutricion global,sobrepeso (s),2006-09-01,115,92,41,26,156,118,274
CAPINOTA,desnutricion global,sobrepeso (s),2006-09-01,4,3,0,2,4,5,9
CAQUIAVIRI,desnutricion global,sobrepeso (s),2006-09-01,12,14,2,0,14,14,28
CARACOLLO,desnutricion global,sobrepeso (s),2006-09-01,13,12,1,0,14,12,26
CARANAVI,desnutricion global,sobrepeso (s),2006-09-01,105,63,15,8,120,71,191
CARAPARI,desnutricion global,sobrepeso (s),2006-09-01,21,15,8,0,29,15,44
CARIPUYO,desnutricion global,sobrepeso (s),2006-09-01,10,6,5,1,15,7,22
CARMEN RIVERO TORREZ,desnutricion global,sobrepeso (s),2006-09-01,5,1,0,1,5,2,7
CHACARILLA,desnutricion global,sobrepeso (s),2006-09-01,1,2,0,0,1,2,3
CHALLAPATA,desnutricion global,sobrepeso (s),2006-09-01,7,17,3,1,10,18,28
CHAQUI,desnutricion global,sobrepeso (s),2006-09-01,10,7,0,0,10,7,17
CHARAGUA,desnutricion global,sobrepeso (s),2006-09-01,81,65,28,15,109,80,189
CHARAÑA,desnutricion global,sobrepeso (s),2006-09-01,1,0,0,0,1,0,1
CHAYANTA,desnutricion global,sobrepeso (s),2006-09-01,11,13,1,4,12,17,29
CHIMORE,desnutricion global,sobrepeso (s),2006-09-01,3,3,0,0,3,3,6
CHIPAYA,desnutricion global,sobrepeso (s),2006-09-01,1,2,2,0,3,2,5
CHOQUE COTA,desnutricion global,sobrepeso (s),2006-09-01,0,0,0,1,0,1,1
CHULUMANI (V. DE LA LIBERTAD),desnutricion global,sobrepeso (s),2006-09-01,13,6,0,0,13,6,19
CHUMA,desnutricion global,sobrepeso (s),2006-09-01,5,6,0,0,5,6,11
CLIZA,desnutricion global,sobrepeso (s),2006-09-01,19,8,2,3,21,11,32
COBIJA,desnutricion global,sobrepeso (s),2006-09-01,66,86,9,7,75,93,168
COCHABAMBA,desnutricion global,sobrepeso (s),2006-09-01,320,307,52,50,372,357,729
COIPASA,desnutricion global,sobrepeso (s),2006-09-01,0,2,0,0,0,2,2
COLCAPIRHUA,desnutricion global,sobrepeso (s),2006-09-01,20,22,6,1,26,23,49
"COLCHA ""K""",desnutricion global,sobrepeso (s),2006-09-01,10,4,0,1,10,5,15
COLLANA,desnutricion global,sobrepeso (s),2006-09-01,0,1,0,0,0,1,1
COLOMI,desnutricion global,sobrepeso (s),2006-09-01,11,10,1,0,12,10,22
COLPA BELGICA,desnutricion global,sobrepeso (s),2006-09-01,15,6,3,3,18,9,27
COLQUECHACA,desnutricion global,sobrepeso (s),2006-09-01,8,8,0,0,8,8,16
COLQUENCHA,desnutricion global,sobrepeso (s),2006-09-01,7,0,0,0,7,0,7
COLQUIRI,desnutricion global,sobrepeso (s),2006-09-01,9,20,0,2,9,22,31
COMARAPA,desnutricion global,sobrepeso (s),2006-09-01,59,45,15,7,74,52,126
COMBAYA,desnutricion global,sobrepeso (s),2006-09-01,0,1,0,0,0,1,1
CONCEPCION,desnutricion global,sobrepeso (s),2006-09-01,10,6,10,3,20,9,29
COPACABANA,desnutricion global,sobrepeso (s),2006-09-01,4,10,3,0,7,10,17
CORIPATA,desnutricion global,sobrepeso (s),2006-09-01,15,11,0,0,15,11,26
CORO CORO,desnutricion global,sobrepeso (s),2006-09-01,1,0,0,0,1,0,1
COROICO,desnutricion global,sobrepeso (s),2006-09-01,4,5,2,0,6,5,11
CORQUE,desnutricion global,sobrepeso (s),2006-09-01,8,2,2,0,10,2,12
COTAGAITA,desnutricion global,sobrepeso (s),2006-09-01,9,10,1,0,10,10,20
COTOCA,desnutricion global,sobrepeso (s),2006-09-01,43,23,5,3,48,26,74
CUATRO CAÑADAS,desnutricion global,sobrepeso (s),2006-09-01,22,12,2,1,24,13,37
CUEVO,desnutricion global,sobrepeso (s),2006-09-01,7,5,1,2,8,7,15
CULPINA,desnutricion global,sobrepeso (s),2006-09-01,18,14,1,0,19,14,33
CURAHUARA DE CARANGAS,desnutricion global,sobrepeso (s),2006-09-01,3,4,0,0,3,4,7
CURVA,desnutricion global,sobrepeso (s),2006-09-01,0,1,0,0,0,1,1
DESAGUADERO,desnutricion global,sobrepeso (s),2006-09-01,4,2,1,1,5,3,8
EL ALTO,desnutricion global,sobrepeso (s),2006-09-01,460,426,137,127,597,553,1150
EL CHORO,desnutricion global,sobrepeso (s),2006-09-01,2,4,0,0,2,4,6
EL PUENTE(STC),desnutricion global,sobrepeso (s),2006-09-01,12,8,0,0,12,8,20
EL PUENTE(TJA),desnutricion global,sobrepeso (s),2006-09-01,4,5,3,3,7,8,15
EL TORNO,desnutricion global,sobrepeso (s),2006-09-01,64,31,13,11,77,42,119
EL VILLAR,desnutricion global,sobrepeso (s),2006-09-01,3,0,4,1,7,1,8
ENTRE RIOS,desnutricion global,sobrepeso (s),2006-09-01,31,30,9,7,40,37,77
ENTRE RIOS,desnutricion global,sobrepeso (s),2006-09-01,60,65,8,4,68,69,137
EUCALIPTUS,desnutricion global,sobrepeso (s),2006-09-01,5,3,3,1,8,4,12
EUREKA (SANTOS MERCADO),desnutricion global,sobrepeso (s),2006-09-01,1,0,0,0,1,0,1
EXALTACION,desnutricion global,sobrepeso (s),2006-09-01,22,18,12,5,34,23,57
FERNANDEZ ALONSO,desnutricion global,sobrepeso (s),2006-09-01,9,6,3,17,12,23,35
FILADELFIA,desnutricion global,sobrepeso (s),2006-09-01,2,5,1,0,3,5,8
GENERAL SAAVEDRA,desnutricion global,sobrepeso (s),2006-09-01,54,29,2,12,56,41,97
GRAL. J.J. PEREZ (CHARAZANI),desnutricion global,sobrepeso (s),2006-09-01,17,11,3,3,20,14,34
GUANAY,desnutricion global,sobrepeso (s),2006-09-01,17,21,7,5,24,26,50
GUAQUI,desnutricion global,sobrepeso (s),2006-09-01,2,7,0,0,2,7,9
GUAYARAMERIN,desnutricion global,sobrepeso (s),2006-09-01,128,132,14,7,142,139,281
GUTIERREZ,desnutricion global,sobrepeso (s),2006-09-01,30,27,13,5,43,32,75
HUACARETA,desnutricion global,sobrepeso (s),2006-09-01,16,10,9,4,25,14,39
HUACAYA (VILLA DE HUACAYA),desnutricion global,sobrepeso (s),2006-09-01,1,3,0,0,1,3,4
HUACHACALLA,desnutricion global,sobrepeso (s),2006-09-01,1,0,0,0,1,0,1
HUANUNI,desnutricion global,sobrepeso (s),2006-09-01,30,24,1,3,31,27,58
HUARACAJE,desnutricion global,sobrepeso (s),2006-09-01,8,5,3,1,11,6,17
HUAYLLAMARCA,desnutricion global,sobrepeso (s),2006-09-01,2,1,0,0,2,1,3
ICHOCA,desnutricion global,sobrepeso (s),2006-09-01,3,0,0,0,3,0,3
ICLA,desnutricion global,sobrepeso (s),2006-09-01,10,7,4,0,14,7,21
INCAHUASI,desnutricion global,sobrepeso (s),2006-09-01,16,27,1,0,17,27,44
INQUISIVI,desnutricion global,sobrepeso (s),2006-09-01,10,11,0,0,10,11,21
IRUPANA (VILLA DE LANZA),desnutricion global,sobrepeso (s),2006-09-01,12,9,7,4,19,13,32
IXIAMAS,desnutricion global,sobrepeso (s),2006-09-01,12,16,0,3,12,19,31
JESUS DE MACHACA,desnutricion global,sobrepeso (s),2006-09-01,5,2,0,0,5,2,7
LA ASUNTA,desnutricion global,sobrepeso (s),2006-09-01,25,23,2,2,27,25,52
LA GUARDIA,desnutricion global,sobrepeso (s),2006-09-01,100,53,13,15,113,68,181
LA PAZ,desnutricion global,sobrepeso (s),2006-09-01,432,374,179,178,611,552,1163
LAGUNILLAS,desnutricion global,sobrepeso (s),2006-09-01,15,16,9,14,24,30,54
LAJA,desnutricion global,sobrepeso (s),2006-09-01,12,13,0,0,12,13,25
LAS CARRERAS,desnutricion global,sobrepeso (s),2006-09-01,8,8,1,0,9,8,17
LICOMA PAMPA,desnutricion global,sobrepeso (s),2006-09-01,4,2,0,0,4,2,6
LLALLAGUA,desnutricion global,sobrepeso (s),2006-09-01,45,53,16,14,61,67,128
LLICA,desnutricion global,sobrepeso (s),2006-09-01,2,7,0,0,2,7,9
LORETO,desnutricion global,sobrepeso (s),2006-09-01,3,1,2,0,5,1,6
LURIBAY,desnutricion global,sobrepeso (s),2006-09-01,10,9,1,0,11,9,20
MACHACAMARCA,desnutricion global,sobrepeso (s),2006-09-01,2,3,0,0,2,3,5
MACHARETI,desnutricion global,sobrepeso (s),2006-09-01,22,26,11,8,33,34,67
MAGDALENA,desnutricion global,sobrepeso (s),2006-09-01,13,8,4,1,17,9,26
MAIRANA,desnutricion global,sobrepeso (s),2006-09-01,18,26,4,2,22,28,50
MALLA,desnutricion global,sobrepeso (s),2006-09-01,0,1,0,0,0,1,1
MAPIRI,desnutricion global,sobrepeso (s),2006-09-01,7,4,3,0,10,4,14
MECAPACA,desnutricion global,sobrepeso (s),2006-09-01,13,7,0,0,13,7,20
MINEROS,desnutricion global,sobrepeso (s),2006-09-01,26,25,14,12,40,37,77
MIZQUE,desnutricion global,sobrepeso (s),2006-09-01,25,18,1,6,26,24,50
MOCOMOCO,desnutricion global,sobrepeso (s),2006-09-01,3,6,0,1,3,7,10
MOJOCOYA,desnutricion global,sobrepeso (s),2006-09-01,17,4,2,0,19,4,23
MONTEAGUDO,desnutricion global,sobrepeso (s),2006-09-01,61,64,4,6,65,70,135
MONTERO,desnutricion global,sobrepeso (s),2006-09-01,265,211,67,83,332,294,626
MORO MORO,desnutricion global,sobrepeso (s),2006-09-01,6,6,0,1,6,7,13
MOROCHATA,desnutricion global,sobrepeso (s),2006-09-01,9,6,0,1,9,7,16
NACEBE (SANTA ROSA DEL ABUNA),desnutricion global,sobrepeso (s),2006-09-01,0,1,1,0,1,1,2
NUEVO MANOA (NUEVA ESPERANZA),desnutricion global,sobrepeso (s),2006-09-01,2,0,0,0,2,0,2
OCURI,desnutricion global,sobrepeso (s),2006-09-01,7,4,1,0,8,4,12
OKINAWA,desnutricion global,sobrepeso (s),2006-09-01,8,6,1,1,9,7,16
OMEREQUE,desnutricion global,sobrepeso (s),2006-09-01,7,7,0,1,7,8,15
ORURO,desnutricion global,sobrepeso (s),2006-09-01,180,149,37,32,217,181,398
PADCAYA,desnutricion global,sobrepeso (s),2006-09-01,19,23,12,12,31,35,66
PADILLA,desnutricion global,sobrepeso (s),2006-09-01,14,5,15,16,29,21,50
PAILON,desnutricion global,sobrepeso (s),2006-09-01,0,42,11,0,11,42,53
PALCA,desnutricion global,sobrepeso (s),2006-09-01,5,6,2,3,7,9,16
PALOS BLANCOS,desnutricion global,sobrepeso (s),2006-09-01,37,29,1,3,38,32,70
PAMPA AULLAGAS,desnutricion global,sobrepeso (s),2006-09-01,1,8,0,0,1,8,9
PAMPA GRANDE,desnutricion global,sobrepeso (s),2006-09-01,13,9,2,1,15,10,25
PAPEL PAMPA,desnutricion global,sobrepeso (s),2006-09-01,10,7,0,0,10,7,17
PASORAPA,desnutricion global,sobrepeso (s),2006-09-01,8,4,1,1,9,5,14
PATACAMAYA,desnutricion global,sobrepeso (s),2006-09-01,7,4,2,0,9,4,13
PAZÑA,desnutricion global,sobrepeso (s),2006-09-01,3,4,0,1,3,5,8
PELECHUCO,desnutricion global,sobrepeso (s),2006-09-01,1,1,0,0,1,1,2
POCOATA,desnutricion global,sobrepeso (s),2006-09-01,15,10,3,4,18,14,32
POCONA,desnutricion global,sobrepeso (s),2006-09-01,15,7,2,2,17,9,26
POJO (CBBA),desnutricion global,sobrepeso (s),2006-09-01,32,15,2,3,34,18,52
POOPO,desnutricion global,sobrepeso (s),2006-09-01,0,1,0,0,0,1,1
PORCO,desnutricion global,sobrepeso (s),2006-09-01,5,8,2,1,7,9,16
POROMA,desnutricion global,sobrepeso (s),2006-09-01,15,12,0,0,15,12,27
PORONGO,desnutricion global,sobrepeso (s),2006-09-01,7,4,0,1,7,5,12
PORTACHUELO,desnutricion global,sobrepeso (s),2006-09-01,79,63,21,18,100,81,181
PORVENIR,desnutricion global,sobrepeso (s),2006-09-01,5,10,0,1,5,11,16
POSTRER VALLE,desnutricion global,sobrepeso (s),2006-09-01,2,1,2,2,4,3,7
POTOSI,desnutricion global,sobrepeso (s),2006-09-01,95,67,22,14,117,81,198
PRESTO,desnutricion global,sobrepeso (s),2006-09-01,4,1,2,0,6,1,7
PUCARA,desnutricion global,sobrepeso (s),2006-09-01,1,1,1,0,2,1,3
PUCARANI,desnutricion global,sobrepeso (s),2006-09-01,16,21,1,1,17,22,39
PUERTO ACOSTA,desnutricion global,sobrepeso (s),2006-09-01,9,6,2,4,11,10,21
PUERTO CARABUCO,desnutricion global,sobrepeso (s),2006-09-01,5,14,1,2,6,16,22
PUERTO GONZALO MORENO,desnutricion global,sobrepeso (s),2006-09-01,1,5,1,0,2,5,7
PUERTO PEREZ,desnutricion global,sobrepeso (s),2006-09-01,1,1,1,1,2,2,4
PUERTO QUIJARRO,desnutricion global,sobrepeso (s),2006-09-01,41,41,5,3,46,44,90
PUERTO RICO,desnutricion global,sobrepeso (s),2006-09-01,8,6,0,0,8,6,14
PUERTO SILES,desnutricion global,sobrepeso (s),2006-09-01,6,9,3,3,9,12,21
PUERTO SUAREZ,desnutricion global,sobrepeso (s),2006-09-01,30,31,5,9,35,40,75
PUERTO VILLARROEL,desnutricion global,sobrepeso (s),2006-09-01,60,53,9,12,69,65,134
PUNA,desnutricion global,sobrepeso (s),2006-09-01,8,18,1,3,9,21,30
PUNATA,desnutricion global,sobrepeso (s),2006-09-01,13,9,1,1,14,10,24
QUIABAYA,desnutricion global,sobrepeso (s),2006-09-01,2,1,0,1,2,2,4
QUILLACOLLO,desnutricion global,sobrepeso (s),2006-09-01,30,22,3,5,33,27,60
QUIME,desnutricion global,sobrepeso (s),2006-09-01,6,7,1,0,7,7,14
QUIRUSILLAS,desnutricion global,sobrepeso (s),2006-09-01,8,8,4,0,12,8,20
RAVELO,desnutricion global,sobrepeso (s),2006-09-01,4,3,0,0,4,3,7
REYES,desnutricion global,sobrepeso (s),2006-09-01,23,18,6,2,29,20,49
RIBERALTA,desnutricion global,sobrepeso (s),2006-09-01,94,40,4,3,98,43,141
ROBORE,desnutricion global,sobrepeso (s),2006-09-01,21,8,6,2,27,10,37
RURRENABAQUE,desnutricion global,sobrepeso (s),2006-09-01,20,33,1,3,21,36,57
SABAYA,desnutricion global,sobrepeso (s),2006-09-01,2,3,0,0,2,3,5
SACABA,desnutricion global,sobrepeso (s),2006-09-01,37,32,7,7,44,39,83
SACABAMBA,desnutricion global,sobrepeso (s),2006-09-01,2,3,3,0,5,3,8
SACACA,desnutricion global,sobrepeso (s),2006-09-01,5,10,1,0,6,10,16
SAIPINA,desnutricion global,sobrepeso (s),2006-09-01,51,28,20,16,71,44,115
SALINAS DE GARCI MENDOZA,desnutricion global,sobrepeso (s),2006-09-01,14,15,1,1,15,16,31
SAMAIPATA,desnutricion global,sobrepeso (s),2006-09-01,12,7,2,7,14,14,28
SAN AGUSTIN,desnutricion global,sobrepeso (s),2006-09-01,1,0,1,0,2,0,2
SAN ANDRES,desnutricion global,sobrepeso (s),2006-09-01,11,5,1,5,12,10,22
SAN ANDRES DE MACHACA,desnutricion global,sobrepeso (s),2006-09-01,0,2,0,1,0,3,3
SAN ANTONIO DE ESMORUCO,desnutricion global,sobrepeso (s),2006-09-01,5,4,0,0,5,4,9
SAN ANTONIO DE LOMERIO,desnutricion global,sobrepeso (s),2006-09-01,3,4,2,2,5,6,11
SAN BENITO,desnutricion global,sobrepeso (s),2006-09-01,13,1,0,2,13,3,16
SAN BORJA,desnutricion global,sobrepeso (s),2006-09-01,69,39,17,7,86,46,132
SAN BUENA VENTURA,desnutricion global,sobrepeso (s),2006-09-01,9,5,0,1,9,6,15
SAN CARLOS,desnutricion global,sobrepeso (s),2006-09-01,43,38,7,7,50,45,95
SAN IGNACIO,desnutricion global,sobrepeso (s),2006-09-01,22,15,6,6,28,21,49
SAN IGNACIO DE VELASCO,desnutricion global,sobrepeso (s),2006-09-01,144,64,17,12,161,76,237
SAN JAVIER(BNI),desnutricion global,sobrepeso (s),2006-09-01,7,8,0,0,7,8,15
SAN JAVIER(STC),desnutricion global,sobrepeso (s),2006-09-01,9,8,1,1,10,9,19
SAN JOAQUIN,desnutricion global,sobrepeso (s),2006-09-01,5,3,8,8,13,11,24
SAN JOSE DE CHIQUITOS,desnutricion global,sobrepeso (s),2006-09-01,12,9,5,2,17,11,28
SAN JUAN DE YAPACANI,desnutricion global,sobrepeso (s),2006-09-01,23,33,10,7,33,40,73
SAN JULIAN,desnutricion global,sobrepeso (s),2006-09-01,41,27,13,9,54,36,90
SAN LORENZO(PND),desnutricion global,sobrepeso (s),2006-09-01,2,2,0,0,2,2,4
SAN LORENZO(TJA),desnutricion global,sobrepeso (s),2006-09-01,10,13,9,5,19,18,37
SAN LUCAS,desnutricion global,sobrepeso (s),2006-09-01,18,47,14,5,32,52,84
SAN MATIAS,desnutricion global,sobrepeso (s),2006-09-01,18,16,5,3,23,19,42
SAN MIGUEL DE VELASCO,desnutricion global,sobrepeso (s),2006-09-01,18,18,2,1,20,19,39
SAN PABLO DE LIPEZ,desnutricion global,sobrepeso (s),2006-09-01,2,1,0,0,2,1,3
SAN PEDRO,desnutricion global,sobrepeso (s),2006-09-01,54,48,13,4,67,52,119
SAN PEDRO DE BUENA VISTA,desnutricion global,sobrepeso (s),2006-09-01,11,8,3,1,14,9,23
SAN PEDRO DE CURAHUARA,desnutricion global,sobrepeso (s),2006-09-01,2,3,0,0,2,3,5
SAN PEDRO DE QUEMES,desnutricion global,sobrepeso (s),2006-09-01,2,3,1,0,3,3,6
SAN PEDRO DE TIQUINA,desnutricion global,sobrepeso (s),2006-09-01,1,2,1,0,2,2,4
SAN PEDRO(PND),desnutricion global,sobrepeso (s),2006-09-01,3,0,0,0,3,0,3
SAN RAFAEL,desnutricion global,sobrepeso (s),2006-09-01,4,5,0,2,4,7,11
SAN RAMON,desnutricion global,sobrepeso (s),2006-09-01,19,9,3,1,22,10,32
SANTA ANA,desnutricion global,sobrepeso (s),2006-09-01,28,23,17,15,45,38,83
SANTA CRUZ DE LA SIERRA,desnutricion global,sobrepeso (s),2006-09-01,1214,931,345,354,1559,1285,2844
SANTA ROSA,desnutricion global,sobrepeso (s),2006-09-01,35,23,9,4,44,27,71
SANTA ROSA DEL SARA,desnutricion global,sobrepeso (s),2006-09-01,27,19,4,7,31,26,57
SANTIAGO DE HUARI,desnutricion global,sobrepeso (s),2006-09-01,7,6,3,0,10,6,16
SANTIAGO DE MACHACA,desnutricion global,sobrepeso (s),2006-09-01,1,0,0,0,1,0,1
SANTIVAÑES,desnutricion global,sobrepeso (s),2006-09-01,0,1,0,0,0,1,1
SANTUARIO DE QUILLACAS,desnutricion global,sobrepeso (s),2006-09-01,2,1,0,0,2,1,3
SAPAHAQUI,desnutricion global,sobrepeso (s),2006-09-01,7,5,2,2,9,7,16
SENA,desnutricion global,sobrepeso (s),2006-09-01,1,1,2,4,3,5,8
SICA SICA (VILLA AROMA),desnutricion global,sobrepeso (s),2006-09-01,6,9,3,0,9,9,18
SIPE SIPE,desnutricion global,sobrepeso (s),2006-09-01,35,45,11,14,46,59,105
SOPACHUY,desnutricion global,sobrepeso (s),2006-09-01,15,1,0,1,15,2,17
SORACACHI,desnutricion global,sobrepeso (s),2006-09-01,8,8,0,4,8,12,20
SORATA,desnutricion global,sobrepeso (s),2006-09-01,9,7,1,0,10,7,17
SUCRE,desnutricion global,sobrepeso (s),2006-09-01,185,156,40,39,225,195,420
TACACHI,desnutricion global,sobrepeso (s),2006-09-01,1,0,0,0,1,0,1
TACACOMA,desnutricion global,sobrepeso (s),2006-09-01,4,0,1,1,5,1,6
TACOBAMBA,desnutricion global,sobrepeso (s),2006-09-01,6,5,0,1,6,6,12
TACOPAYA,desnutricion global,sobrepeso (s),2006-09-01,1,3,0,0,1,3,4
TAHUA,desnutricion global,sobrepeso (s),2006-09-01,3,0,0,1,3,1,4
TAPACARI,desnutricion global,sobrepeso (s),2006-09-01,4,9,4,3,8,12,20
TARABUCO,desnutricion global,sobrepeso (s),2006-09-01,13,13,4,1,17,14,31
TARACO,desnutricion global,sobrepeso (s),2006-09-01,4,1,0,0,4,1,5
TARATA,desnutricion global,sobrepeso (s),2006-09-01,14,16,1,4,15,20,35
TARIJA,desnutricion global,sobrepeso (s),2006-09-01,303,234,79,73,382,307,689
TARVITA,desnutricion global,sobrepeso (s),2006-09-01,1,1,0,0,1,1,2
TEOPONTE,desnutricion global,sobrepeso (s),2006-09-01,17,8,6,3,23,11,34
TIAWANACU,desnutricion global,sobrepeso (s),2006-09-01,4,9,3,2,7,11,18
TINGUIPAYA,desnutricion global,sobrepeso (s),2006-09-01,9,1,1,0,10,1,11
TIPUANI,desnutricion global,sobrepeso (s),2006-09-01,15,5,1,0,16,5,21
TIQUIPAYA,desnutricion global,sobrepeso (s),2006-09-01,6,8,1,1,7,9,16
TIRAQUE (CBBA),desnutricion global,sobrepeso (s),2006-09-01,91,48,9,4,100,52,152
TITO YUPANQUI (PARQUIPUJIO),desnutricion global,sobrepeso (s),2006-09-01,1,0,0,0,1,0,1
TOCO,desnutricion global,sobrepeso (s),2006-09-01,1,1,0,0,1,1,2
TOLEDO,desnutricion global,sobrepeso (s),2006-09-01,0,2,0,0,0,2,2
TOMAVE,desnutricion global,sobrepeso (s),2006-09-01,3,0,2,0,5,0,5
TOMINA,desnutricion global,sobrepeso (s),2006-09-01,9,14,0,1,9,15,24
TORO TORO,desnutricion global,sobrepeso (s),2006-09-01,8,7,0,1,8,8,16
TOTORA(CBBA),desnutricion global,sobrepeso (s),2006-09-01,14,13,2,1,16,14,30
TOTORA(ORR),desnutricion global,sobrepeso (s),2006-09-01,2,0,0,1,2,1,3
TRIGAL,desnutricion global,sobrepeso (s),2006-09-01,3,1,2,0,5,1,6
TRINIDAD,desnutricion global,sobrepeso (s),2006-09-01,176,107,30,20,206,127,333
TUPIZA,desnutricion global,sobrepeso (s),2006-09-01,52,43,20,14,72,57,129
TURCO,desnutricion global,sobrepeso (s),2006-09-01,8,2,4,0,12,2,14
UMALA,desnutricion global,sobrepeso (s),2006-09-01,2,2,0,0,2,2,4
UNCIA,desnutricion global,sobrepeso (s),2006-09-01,7,4,0,1,7,5,12
URIONDO (A. CONCEPCION),desnutricion global,sobrepeso (s),2006-09-01,19,18,4,7,23,25,48
URUBICHA,desnutricion global,sobrepeso (s),2006-09-01,1,0,0,0,1,0,1
UYUNI,desnutricion global,sobrepeso (s),2006-09-01,35,21,2,1,37,22,59
VACAS,desnutricion global,sobrepeso (s),2006-09-01,2,1,0,0,2,1,3
VALLEGRANDE,desnutricion global,sobrepeso (s),2006-09-01,20,36,15,9,35,45,80
VIACHA,desnutricion global,sobrepeso (s),2006-09-01,36,36,4,4,40,40,80
VILA VILA,desnutricion global,sobrepeso (s),2006-09-01,1,0,0,0,1,0,1
VILLA MONTES,desnutricion global,sobrepeso (s),2006-09-01,25,13,5,3,30,16,46
VILLA NUEVA (LOMA ALTA),desnutricion global,sobrepeso (s),2006-09-01,1,2,1,1,2,3,5
VILLA RIVERO,desnutricion global,sobrepeso (s),2006-09-01,5,6,1,2,6,8,14
VILLA SERRANO,desnutricion global,sobrepeso (s),2006-09-01,7,12,6,1,13,13,26
VILLA TUNARI,desnutricion global,sobrepeso (s),2006-09-01,76,58,9,4,85,62,147
VILLA VACA GUZMAN (MUYUPAMPA),desnutricion global,sobrepeso (s),2006-09-01,18,13,6,2,24,15,39
VILLAZON,desnutricion global,sobrepeso (s),2006-09-01,37,45,5,5,42,50,92
VINTO,desnutricion global,sobrepeso (s),2006-09-01,24,7,1,2,25,9,34
VITICHI,desnutricion global,sobrepeso (s),2006-09-01,7,2,0,0,7,2,9
WARNES,desnutricion global,sobrepeso (s),2006-09-01,146,89,24,23,170,112,282
YACO,desnutricion global,sobrepeso (s),2006-09-01,1,0,0,1,1,1,2
YACUIBA,desnutricion global,sobrepeso (s),2006-09-01,74,64,13,7,87,71,158
YAMPARAEZ,desnutricion global,sobrepeso (s),2006-09-01,9,10,1,0,10,10,20
YANACACHI,desnutricion global,sobrepeso (s),2006-09-01,4,0,1,0,5,0,5
YAPACANI,desnutricion global,sobrepeso (s),2006-09-01,70,78,13,7,83,85,168
YOCALLA,desnutricion global,sobrepeso (s),2006-09-01,1,0,1,0,2,0,2
YOTALA,desnutricion global,sobrepeso (s),2006-09-01,15,15,6,6,21,21,42
YUNCHARA,desnutricion global,sobrepeso (s),2006-09-01,1,0,1,0,2,0,2
ZUDAÑEZ,desnutricion global,sobrepeso (s),2006-09-01,9,15,2,0,11,15,26
ACACIO,desnutricion global,sobrepeso (s),2006-10-01,2,0,0,1,2,1,3
ACHACACHI,desnutricion global,sobrepeso (s),2006-10-01,20,31,8,7,28,38,66
ACHOCALLA,desnutricion global,sobrepeso (s),2006-10-01,2,2,0,0,2,2,4
AIQUILE,desnutricion global,sobrepeso (s),2006-10-01,7,5,0,1,7,6,13
ALCALA,desnutricion global,sobrepeso (s),2006-10-01,3,4,0,0,3,4,7
ANCORAIMES,desnutricion global,sobrepeso (s),2006-10-01,3,2,2,0,5,2,7
ANDAMARCA,desnutricion global,sobrepeso (s),2006-10-01,1,0,0,0,1,0,1
ANTEQUERA,desnutricion global,sobrepeso (s),2006-10-01,4,0,0,1,4,1,5
ANZALDO,desnutricion global,sobrepeso (s),2006-10-01,5,3,4,4,9,7,16
APOLO,desnutricion global,sobrepeso (s),2006-10-01,16,23,2,3,18,26,44
ARAMPAMPA,desnutricion global,sobrepeso (s),2006-10-01,4,1,2,1,6,2,8
ARANI,desnutricion global,sobrepeso (s),2006-10-01,1,2,0,0,1,2,3
ARBIETO,desnutricion global,sobrepeso (s),2006-10-01,13,7,0,0,13,7,20
ARQUE,desnutricion global,sobrepeso (s),2006-10-01,1,3,1,1,2,4,6
ASCENCION DE GUARAYOS,desnutricion global,sobrepeso (s),2006-10-01,48,25,8,5,56,30,86
ATOCHA,desnutricion global,sobrepeso (s),2006-10-01,5,6,0,1,5,7,12
AUCAPATA,desnutricion global,sobrepeso (s),2006-10-01,4,2,3,0,7,2,9
AYATA,desnutricion global,sobrepeso (s),2006-10-01,3,2,2,5,5,7,12
AYO AYO,desnutricion global,sobrepeso (s),2006-10-01,2,1,1,0,3,1,4
AYOPAYA (V. DE INDEPENDENCIA),desnutricion global,sobrepeso (s),2006-10-01,13,14,4,1,17,15,32
AZURDUY,desnutricion global,sobrepeso (s),2006-10-01,14,7,3,2,17,9,26
BATALLAS,desnutricion global,sobrepeso (s),2006-10-01,6,1,1,1,7,2,9
BAURES,desnutricion global,sobrepeso (s),2006-10-01,19,13,1,4,20,17,37
BELEN DE URMIRI,desnutricion global,sobrepeso (s),2006-10-01,0,0,0,1,0,1,1
BELLA FLOR,desnutricion global,sobrepeso (s),2006-10-01,3,0,0,0,3,0,3
BERMEJO,desnutricion global,sobrepeso (s),2006-10-01,13,3,3,2,16,5,21
BETANZOS,desnutricion global,sobrepeso (s),2006-10-01,30,22,3,6,33,28,61
BOLIVAR,desnutricion global,sobrepeso (s),2006-10-01,3,0,2,1,5,1,6
BOLPEBRA,desnutricion global,sobrepeso (s),2006-10-01,0,1,0,1,0,2,2
BOYUIBE,desnutricion global,sobrepeso (s),2006-10-01,7,3,0,2,7,5,12
BUENA VISTA,desnutricion global,sobrepeso (s),2006-10-01,22,12,1,0,23,12,35
CABEZAS,desnutricion global,sobrepeso (s),2006-10-01,31,27,8,5,39,32,71
CAIROMA,desnutricion global,sobrepeso (s),2006-10-01,8,8,0,0,8,8,16
"CAIZA ""D""",desnutricion global,sobrepeso (s),2006-10-01,13,15,2,3,15,18,33
CAJUATA,desnutricion global,sobrepeso (s),2006-10-01,16,16,4,2,20,18,38
CALACOTO,desnutricion global,sobrepeso (s),2006-10-01,1,0,0,0,1,0,1
CALAMARCA,desnutricion global,sobrepeso (s),2006-10-01,8,8,2,0,10,8,18
CAMARGO,desnutricion global,sobrepeso (s),2006-10-01,29,15,3,2,32,17,49
CAMATAQUI (C. VILLA ABECIA),desnutricion global,sobrepeso (s),2006-10-01,4,4,0,1,4,5,9
CAMIRI,desnutricion global,sobrepeso (s),2006-10-01,105,85,35,29,140,114,254
CAPINOTA,desnutricion global,sobrepeso (s),2006-10-01,1,2,0,1,1,3,4
CAQUIAVIRI,desnutricion global,sobrepeso (s),2006-10-01,14,5,1,3,15,8,23
CARACOLLO,desnutricion global,sobrepeso (s),2006-10-01,11,19,0,1,11,20,31
CARANAVI,desnutricion global,sobrepeso (s),2006-10-01,116,63,12,8,128,71,199
CARAPARI,desnutricion global,sobrepeso (s),2006-10-01,34,25,9,7,43,32,75
CARIPUYO,desnutricion global,sobrepeso (s),2006-10-01,6,7,1,0,7,7,14
CARMEN RIVERO TORREZ,desnutricion global,sobrepeso (s),2006-10-01,5,1,0,1,5,2,7
CHACARILLA,desnutricion global,sobrepeso (s),2006-10-01,0,1,0,0,0,1,1
CHALLAPATA,desnutricion global,sobrepeso (s),2006-10-01,13,17,1,1,14,18,32
CHAQUI,desnutricion global,sobrepeso (s),2006-10-01,5,5,1,0,6,5,11
CHARAGUA,desnutricion global,sobrepeso (s),2006-10-01,71,66,32,16,103,82,185
CHAYANTA,desnutricion global,sobrepeso (s),2006-10-01,8,8,5,8,13,16,29
CHIMORE,desnutricion global,sobrepeso (s),2006-10-01,3,7,2,1,5,8,13
CHIPAYA,desnutricion global,sobrepeso (s),2006-10-01,3,0,0,1,3,1,4
CHULUMANI (V. DE LA LIBERTAD),desnutricion global,sobrepeso (s),2006-10-01,6,5,0,1,6,6,12
CHUMA,desnutricion global,sobrepeso (s),2006-10-01,10,5,0,0,10,5,15
CLIZA,desnutricion global,sobrepeso (s),2006-10-01,19,9,3,2,22,11,33
COBIJA,desnutricion global,sobrepeso (s),2006-10-01,46,60,15,12,61,72,133
COCHABAMBA,desnutricion global,sobrepeso (s),2006-10-01,366,259,104,58,470,317,787
COIPASA,desnutricion global,sobrepeso (s),2006-10-01,1,0,0,0,1,0,1
COLCAPIRHUA,desnutricion global,sobrepeso (s),2006-10-01,39,46,6,4,45,50,95
"COLCHA ""K""",desnutricion global,sobrepeso (s),2006-10-01,4,5,0,0,4,5,9
COLLANA,desnutricion global,sobrepeso (s),2006-10-01,3,2,1,1,4,3,7
COLOMI,desnutricion global,sobrepeso (s),2006-10-01,10,14,2,0,12,14,26
COLPA BELGICA,desnutricion global,sobrepeso (s),2006-10-01,18,6,3,3,21,9,30
COLQUECHACA,desnutricion global,sobrepeso (s),2006-10-01,11,6,1,4,12,10,22
COLQUENCHA,desnutricion global,sobrepeso (s),2006-10-01,2,2,0,0,2,2,4
COLQUIRI,desnutricion global,sobrepeso (s),2006-10-01,1,5,1,1,2,6,8
COMARAPA,desnutricion global,sobrepeso (s),2006-10-01,80,56,29,15,109,71,180
CONCEPCION,desnutricion global,sobrepeso (s),2006-10-01,5,3,1,0,6,3,9
COPACABANA,desnutricion global,sobrepeso (s),2006-10-01,16,6,3,1,19,7,26
CORIPATA,desnutricion global,sobrepeso (s),2006-10-01,11,10,0,0,11,10,21
CORO CORO,desnutricion global,sobrepeso (s),2006-10-01,2,3,2,2,4,5,9
COROICO,desnutricion global,sobrepeso (s),2006-10-01,2,2,0,1,2,3,5
CORQUE,desnutricion global,sobrepeso (s),2006-10-01,4,3,1,0,5,3,8
COTAGAITA,desnutricion global,sobrepeso (s),2006-10-01,10,6,0,1,10,7,17
COTOCA,desnutricion global,sobrepeso (s),2006-10-01,47,32,12,3,59,35,94
CUATRO CAÑADAS,desnutricion global,sobrepeso (s),2006-10-01,31,8,3,0,34,8,42
CUEVO,desnutricion global,sobrepeso (s),2006-10-01,7,7,1,1,8,8,16
CULPINA,desnutricion global,sobrepeso (s),2006-10-01,22,8,6,6,28,14,42
CURAHUARA DE CARANGAS,desnutricion global,sobrepeso (s),2006-10-01,3,3,1,0,4,3,7
CURVA,desnutricion global,sobrepeso (s),2006-10-01,2,2,0,0,2,2,4
DESAGUADERO,desnutricion global,sobrepeso (s),2006-10-01,6,6,0,0,6,6,12
EL ALTO,desnutricion global,sobrepeso (s),2006-10-01,448,453,93,83,541,536,1077
EL CHORO,desnutricion global,sobrepeso (s),2006-10-01,0,0,0,1,0,1,1
EL PUENTE(STC),desnutricion global,sobrepeso (s),2006-10-01,15,8,0,1,15,9,24
EL PUENTE(TJA),desnutricion global,sobrepeso (s),2006-10-01,4,10,0,2,4,12,16
EL TORNO,desnutricion global,sobrepeso (s),2006-10-01,74,49,12,8,86,57,143
EL VILLAR,desnutricion global,sobrepeso (s),2006-10-01,3,1,3,1,6,2,8
ENTRE RIOS,desnutricion global,sobrepeso (s),2006-10-01,109,57,7,4,116,61,177
ENTRE RIOS,desnutricion global,sobrepeso (s),2006-10-01,26,21,14,5,40,26,66
EUCALIPTUS,desnutricion global,sobrepeso (s),2006-10-01,0,3,0,0,0,3,3
EUREKA (SANTOS MERCADO),desnutricion global,sobrepeso (s),2006-10-01,0,1,0,0,0,1,1
EXALTACION,desnutricion global,sobrepeso (s),2006-10-01,3,4,2,0,5,4,9
FERNANDEZ ALONSO,desnutricion global,sobrepeso (s),2006-10-01,10,4,2,0,12,4,16
FILADELFIA,desnutricion global,sobrepeso (s),2006-10-01,3,4,1,0,4,4,8
GENERAL SAAVEDRA,desnutricion global,sobrepeso (s),2006-10-01,27,21,6,9,33,30,63
GRAL. J.J. PEREZ (CHARAZANI),desnutricion global,sobrepeso (s),2006-10-01,7,5,2,0,9,5,14
GUANAY,desnutricion global,sobrepeso (s),2006-10-01,13,13,28,21,41,34,75
GUAQUI,desnutricion global,sobrepeso (s),2006-10-01,9,7,3,2,12,9,21
GUAYARAMERIN,desnutricion global,sobrepeso (s),2006-10-01,105,99,23,18,128,117,245
GUTIERREZ,desnutricion global,sobrepeso (s),2006-10-01,29,31,14,9,43,40,83
HUACARETA,desnutricion global,sobrepeso (s),2006-10-01,16,8,6,2,22,10,32
HUACAYA (VILLA DE HUACAYA),desnutricion global,sobrepeso (s),2006-10-01,3,7,2,2,5,9,14
HUANUNI,desnutricion global,sobrepeso (s),2006-10-01,25,45,2,1,27,46,73
HUARACAJE,desnutricion global,sobrepeso (s),2006-10-01,4,3,0,0,4,3,7
ICHOCA,desnutricion global,sobrepeso (s),2006-10-01,4,0,1,1,5,1,6
ICLA,desnutricion global,sobrepeso (s),2006-10-01,13,5,3,0,16,5,21
INCAHUASI,desnutricion global,sobrepeso (s),2006-10-01,20,24,2,2,22,26,48
INGAVI (HUMAITA),desnutricion global,sobrepeso (s),2006-10-01,6,3,1,0,7,3,10
INQUISIVI,desnutricion global,sobrepeso (s),2006-10-01,14,10,2,2,16,12,28
IRUPANA (VILLA DE LANZA),desnutricion global,sobrepeso (s),2006-10-01,4,4,3,0,7,4,11
IXIAMAS,desnutricion global,sobrepeso (s),2006-10-01,17,9,1,1,18,10,28
JESUS DE MACHACA,desnutricion global,sobrepeso (s),2006-10-01,5,7,0,0,5,7,12
LA ASUNTA,desnutricion global,sobrepeso (s),2006-10-01,33,15,2,1,35,16,51
LA GUARDIA,desnutricion global,sobrepeso (s),2006-10-01,74,34,16,17,90,51,141
LA PAZ,desnutricion global,sobrepeso (s),2006-10-01,352,326,143,127,495,453,948
LAGUNILLAS,desnutricion global,sobrepeso (s),2006-10-01,24,9,5,12,29,21,50
LAJA,desnutricion global,sobrepeso (s),2006-10-01,7,11,0,1,7,12,19
LAS CARRERAS,desnutricion global,sobrepeso (s),2006-10-01,9,4,1,1,10,5,15
LICOMA PAMPA,desnutricion global,sobrepeso (s),2006-10-01,1,2,0,1,1,3,4
LLALLAGUA,desnutricion global,sobrepeso (s),2006-10-01,42,62,15,11,57,73,130
LLICA,desnutricion global,sobrepeso (s),2006-10-01,3,7,2,0,5,7,12
LORETO,desnutricion global,sobrepeso (s),2006-10-01,3,1,2,2,5,3,8
LURIBAY,desnutricion global,sobrepeso (s),2006-10-01,4,3,1,0,5,3,8
MACHACAMARCA,desnutricion global,sobrepeso (s),2006-10-01,6,2,1,1,7,3,10
MACHARETI,desnutricion global,sobrepeso (s),2006-10-01,27,23,15,7,42,30,72
MAGDALENA,desnutricion global,sobrepeso (s),2006-10-01,17,9,4,4,21,13,34
MAIRANA,desnutricion global,sobrepeso (s),2006-10-01,20,16,4,2,24,18,42
MAPIRI,desnutricion global,sobrepeso (s),2006-10-01,35,25,5,4,40,29,69
MECAPACA,desnutricion global,sobrepeso (s),2006-10-01,8,5,0,0,8,5,13
MINEROS,desnutricion global,sobrepeso (s),2006-10-01,46,36,13,16,59,52,111
MIZQUE,desnutricion global,sobrepeso (s),2006-10-01,22,22,8,6,30,28,58
MOCOMOCO,desnutricion global,sobrepeso (s),2006-10-01,6,6,0,0,6,6,12
MOJOCOYA,desnutricion global,sobrepeso (s),2006-10-01,16,4,3,3,19,7,26
MONTEAGUDO,desnutricion global,sobrepeso (s),2006-10-01,44,64,12,11,56,75,131
MONTERO,desnutricion global,sobrepeso (s),2006-10-01,297,225,75,64,372,289,661
MORO MORO,desnutricion global,sobrepeso (s),2006-10-01,4,2,1,1,5,3,8
MOROCHATA,desnutricion global,sobrepeso (s),2006-10-01,1,2,0,0,1,2,3
NUEVO MANOA (NUEVA ESPERANZA),desnutricion global,sobrepeso (s),2006-10-01,1,0,1,1,2,1,3
OCURI,desnutricion global,sobrepeso (s),2006-10-01,10,5,2,0,12,5,17
OKINAWA,desnutricion global,sobrepeso (s),2006-10-01,11,5,1,0,12,5,17
OMEREQUE,desnutricion global,sobrepeso (s),2006-10-01,7,6,0,0,7,6,13
ORURO,desnutricion global,sobrepeso (s),2006-10-01,159,138,39,30,198,168,366
PADCAYA,desnutricion global,sobrepeso (s),2006-10-01,20,23,6,10,26,33,59
PADILLA,desnutricion global,sobrepeso (s),2006-10-01,18,12,20,18,38,30,68
PAILON,desnutricion global,sobrepeso (s),2006-10-01,2,76,19,5,21,81,102
PALCA,desnutricion global,sobrepeso (s),2006-10-01,11,11,2,0,13,11,24
PALOS BLANCOS,desnutricion global,sobrepeso (s),2006-10-01,29,36,9,5,38,41,79
PAMPA AULLAGAS,desnutricion global,sobrepeso (s),2006-10-01,2,1,0,0,2,1,3
PAMPA GRANDE,desnutricion global,sobrepeso (s),2006-10-01,11,11,4,4,15,15,30
PAPEL PAMPA,desnutricion global,sobrepeso (s),2006-10-01,0,2,2,2,2,4,6
PASORAPA,desnutricion global,sobrepeso (s),2006-10-01,6,5,1,0,7,5,12
PATACAMAYA,desnutricion global,sobrepeso (s),2006-10-01,15,5,3,1,18,6,24
PAZÑA,desnutricion global,sobrepeso (s),2006-10-01,9,3,0,1,9,4,13
PELECHUCO,desnutricion global,sobrepeso (s),2006-10-01,2,2,0,1,2,3,5
POCOATA,desnutricion global,sobrepeso (s),2006-10-01,18,8,2,3,20,11,31
POCONA,desnutricion global,sobrepeso (s),2006-10-01,9,4,5,0,14,4,18
POJO (CBBA),desnutricion global,sobrepeso (s),2006-10-01,18,8,1,2,19,10,29
POOPO,desnutricion global,sobrepeso (s),2006-10-01,2,3,2,0,4,3,7
PORCO,desnutricion global,sobrepeso (s),2006-10-01,4,4,0,0,4,4,8
POROMA,desnutricion global,sobrepeso (s),2006-10-01,12,8,1,2,13,10,23
PORONGO,desnutricion global,sobrepeso (s),2006-10-01,8,4,2,0,10,4,14
PORTACHUELO,desnutricion global,sobrepeso (s),2006-10-01,89,73,20,21,109,94,203
PORVENIR,desnutricion global,sobrepeso (s),2006-10-01,6,7,1,4,7,11,18
POSTRER VALLE,desnutricion global,sobrepeso (s),2006-10-01,0,2,2,2,2,4,6
POTOSI,desnutricion global,sobrepeso (s),2006-10-01,88,87,15,7,103,94,197
PRESTO,desnutricion global,sobrepeso (s),2006-10-01,4,7,1,0,5,7,12
PUCARA,desnutricion global,sobrepeso (s),2006-10-01,2,3,5,0,7,3,10
PUCARANI,desnutricion global,sobrepeso (s),2006-10-01,22,28,1,3,23,31,54
PUERTO ACOSTA,desnutricion global,sobrepeso (s),2006-10-01,9,4,3,6,12,10,22
PUERTO CARABUCO,desnutricion global,sobrepeso (s),2006-10-01,7,15,1,1,8,16,24
PUERTO GONZALO MORENO,desnutricion global,sobrepeso (s),2006-10-01,4,7,0,0,4,7,11
PUERTO PEREZ,desnutricion global,sobrepeso (s),2006-10-01,4,2,1,0,5,2,7
PUERTO QUIJARRO,desnutricion global,sobrepeso (s),2006-10-01,38,34,7,6,45,40,85
PUERTO RICO,desnutricion global,sobrepeso (s),2006-10-01,8,4,8,0,16,4,20
PUERTO SILES,desnutricion global,sobrepeso (s),2006-10-01,1,0,0,0,1,0,1
PUERTO SUAREZ,desnutricion global,sobrepeso (s),2006-10-01,23,41,14,11,37,52,89
PUERTO VILLARROEL,desnutricion global,sobrepeso (s),2006-10-01,73,64,4,11,77,75,152
PUNA,desnutricion global,sobrepeso (s),2006-10-01,5,12,3,1,8,13,21
PUNATA,desnutricion global,sobrepeso (s),2006-10-01,11,4,1,1,12,5,17
QUIABAYA,desnutricion global,sobrepeso (s),2006-10-01,1,2,0,1,1,3,4
QUILLACOLLO,desnutricion global,sobrepeso (s),2006-10-01,32,26,5,10,37,36,73
QUIME,desnutricion global,sobrepeso (s),2006-10-01,4,9,1,0,5,9,14
QUIRUSILLAS,desnutricion global,sobrepeso (s),2006-10-01,6,6,5,0,11,6,17
RAVELO,desnutricion global,sobrepeso (s),2006-10-01,14,7,2,1,16,8,24
REYES,desnutricion global,sobrepeso (s),2006-10-01,20,18,4,0,24,18,42
RIBERALTA,desnutricion global,sobrepeso (s),2006-10-01,84,22,10,2,94,24,118
ROBORE,desnutricion global,sobrepeso (s),2006-10-01,28,27,12,5,40,32,72
RURRENABAQUE,desnutricion global,sobrepeso (s),2006-10-01,15,8,0,0,15,8,23
SABAYA,desnutricion global,sobrepeso (s),2006-10-01,3,3,0,0,3,3,6
SACABA,desnutricion global,sobrepeso (s),2006-10-01,53,37,2,2,55,39,94
SACABAMBA,desnutricion global,sobrepeso (s),2006-10-01,0,0,1,2,1,2,3
SACACA,desnutricion global,sobrepeso (s),2006-10-01,4,7,2,1,6,8,14
SAIPINA,desnutricion global,sobrepeso (s),2006-10-01,47,37,28,24,75,61,136
SALINAS DE GARCI MENDOZA,desnutricion global,sobrepeso (s),2006-10-01,3,3,0,0,3,3,6
SAMAIPATA,desnutricion global,sobrepeso (s),2006-10-01,14,3,1,0,15,3,18
SAN AGUSTIN,desnutricion global,sobrepeso (s),2006-10-01,0,1,1,0,1,1,2
SAN ANDRES,desnutricion global,sobrepeso (s),2006-10-01,16,12,2,4,18,16,34
SAN ANDRES DE MACHACA,desnutricion global,sobrepeso (s),2006-10-01,2,2,0,3,2,5,7
SAN ANTONIO DE ESMORUCO,desnutricion global,sobrepeso (s),2006-10-01,0,2,0,0,0,2,2
SAN ANTONIO DE LOMERIO,desnutricion global,sobrepeso (s),2006-10-01,3,9,0,1,3,10,13
SAN BENITO,desnutricion global,sobrepeso (s),2006-10-01,11,3,1,0,12,3,15
SAN BORJA,desnutricion global,sobrepeso (s),2006-10-01,62,35,6,5,68,40,108
SAN BUENA VENTURA,desnutricion global,sobrepeso (s),2006-10-01,6,8,1,0,7,8,15
SAN CARLOS,desnutricion global,sobrepeso (s),2006-10-01,54,46,11,7,65,53,118
SAN IGNACIO,desnutricion global,sobrepeso (s),2006-10-01,17,18,10,5,27,23,50
SAN IGNACIO DE VELASCO,desnutricion global,sobrepeso (s),2006-10-01,65,26,13,9,78,35,113
SAN JAVIER(BNI),desnutricion global,sobrepeso (s),2006-10-01,2,2,0,0,2,2,4
SAN JAVIER(STC),desnutricion global,sobrepeso (s),2006-10-01,3,0,0,0,3,0,3
SAN JOAQUIN,desnutricion global,sobrepeso (s),2006-10-01,10,6,5,3,15,9,24
SAN JOSE DE CHIQUITOS,desnutricion global,sobrepeso (s),2006-10-01,20,12,9,4,29,16,45
SAN JUAN DE YAPACANI,desnutricion global,sobrepeso (s),2006-10-01,26,13,12,4,38,17,55
SAN JULIAN,desnutricion global,sobrepeso (s),2006-10-01,15,17,5,5,20,22,42
SAN LORENZO(PND),desnutricion global,sobrepeso (s),2006-10-01,3,4,1,0,4,4,8
SAN LORENZO(TJA),desnutricion global,sobrepeso (s),2006-10-01,15,11,7,1,22,12,34
SAN LUCAS,desnutricion global,sobrepeso (s),2006-10-01,26,11,0,2,26,13,39
SAN MATIAS,desnutricion global,sobrepeso (s),2006-10-01,28,7,2,4,30,11,41
SAN MIGUEL DE VELASCO,desnutricion global,sobrepeso (s),2006-10-01,23,17,2,1,25,18,43
SAN PEDRO,desnutricion global,sobrepeso (s),2006-10-01,48,37,6,2,54,39,93
SAN PEDRO DE BUENA VISTA,desnutricion global,sobrepeso (s),2006-10-01,7,13,2,1,9,14,23
SAN PEDRO DE CURAHUARA,desnutricion global,sobrepeso (s),2006-10-01,2,0,0,0,2,0,2
SAN PEDRO DE QUEMES,desnutricion global,sobrepeso (s),2006-10-01,0,2,1,0,1,2,3
SAN PEDRO DE TIQUINA,desnutricion global,sobrepeso (s),2006-10-01,0,0,0,1,0,1,1
SAN PEDRO(PND),desnutricion global,sobrepeso (s),2006-10-01,2,0,0,1,2,1,3
SAN RAFAEL,desnutricion global,sobrepeso (s),2006-10-01,6,5,1,0,7,5,12
SAN RAMON,desnutricion global,sobrepeso (s),2006-10-01,21,12,4,2,25,14,39
SANTA ANA,desnutricion global,sobrepeso (s),2006-10-01,32,24,11,10,43,34,77
SANTA CRUZ DE LA SIERRA,desnutricion global,sobrepeso (s),2006-10-01,1251,962,379,334,1630,1296,2926
SANTA ROSA,desnutricion global,sobrepeso (s),2006-10-01,6,7,1,3,7,10,17
SANTA ROSA DEL SARA,desnutricion global,sobrepeso (s),2006-10-01,35,26,5,7,40,33,73
SANTIAGO DE CALLAPA,desnutricion global,sobrepeso (s),2006-10-01,1,0,0,0,1,0,1
SANTIAGO DE HUARI,desnutricion global,sobrepeso (s),2006-10-01,5,3,0,0,5,3,8
SANTIAGO DE MACHACA,desnutricion global,sobrepeso (s),2006-10-01,1,0,0,0,1,0,1
SANTIVAÑES,desnutricion global,sobrepeso (s),2006-10-01,0,3,0,0,0,3,3
SANTUARIO DE QUILLACAS,desnutricion global,sobrepeso (s),2006-10-01,3,6,1,1,4,7,11
SAPAHAQUI,desnutricion global,sobrepeso (s),2006-10-01,7,3,0,0,7,3,10
SENA,desnutricion global,sobrepeso (s),2006-10-01,1,2,1,1,2,3,5
SICA SICA (VILLA AROMA),desnutricion global,sobrepeso (s),2006-10-01,10,10,1,0,11,10,21
SICAYA,desnutricion global,sobrepeso (s),2006-10-01,1,1,0,0,1,1,2
SIPE SIPE,desnutricion global,sobrepeso (s),2006-10-01,62,54,12,11,74,65,139
SOPACHUY,desnutricion global,sobrepeso (s),2006-10-01,14,4,0,0,14,4,18
SORACACHI,desnutricion global,sobrepeso (s),2006-10-01,14,8,6,2,20,10,30
SORATA,desnutricion global,sobrepeso (s),2006-10-01,15,11,1,0,16,11,27
SUCRE,desnutricion global,sobrepeso (s),2006-10-01,207,182,87,64,294,246,540
TACACHI,desnutricion global,sobrepeso (s),2006-10-01,2,0,0,0,2,0,2
TACACOMA,desnutricion global,sobrepeso (s),2006-10-01,8,0,3,0,11,0,11
TACOBAMBA,desnutricion global,sobrepeso (s),2006-10-01,3,0,3,0,6,0,6
TACOPAYA,desnutricion global,sobrepeso (s),2006-10-01,2,2,0,0,2,2,4
TAHUA,desnutricion global,sobrepeso (s),2006-10-01,0,1,0,0,0,1,1
TAPACARI,desnutricion global,sobrepeso (s),2006-10-01,13,6,4,2,17,8,25
TARABUCO,desnutricion global,sobrepeso (s),2006-10-01,10,11,6,5,16,16,32
TARACO,desnutricion global,sobrepeso (s),2006-10-01,1,0,0,0,1,0,1
TARATA,desnutricion global,sobrepeso (s),2006-10-01,9,10,1,3,10,13,23
TARIJA,desnutricion global,sobrepeso (s),2006-10-01,261,213,69,62,330,275,605
TARVITA,desnutricion global,sobrepeso (s),2006-10-01,3,7,3,0,6,7,13
TEOPONTE,desnutricion global,sobrepeso (s),2006-10-01,8,7,4,2,12,9,21
TIAWANACU,desnutricion global,sobrepeso (s),2006-10-01,1,2,1,0,2,2,4
TINGUIPAYA,desnutricion global,sobrepeso (s),2006-10-01,6,1,0,0,6,1,7
TIPUANI,desnutricion global,sobrepeso (s),2006-10-01,15,17,0,0,15,17,32
TIQUIPAYA,desnutricion global,sobrepeso (s),2006-10-01,17,13,3,0,20,13,33
TIRAQUE (CBBA),desnutricion global,sobrepeso (s),2006-10-01,82,76,19,9,101,85,186
TITO YUPANQUI (PARQUIPUJIO),desnutricion global,sobrepeso (s),2006-10-01,0,2,0,0,0,2,2
TOCO,desnutricion global,sobrepeso (s),2006-10-01,0,2,0,3,0,5,5
TOLATA,desnutricion global,sobrepeso (s),2006-10-01,1,2,0,0,1,2,3
TOLEDO,desnutricion global,sobrepeso (s),2006-10-01,3,1,0,0,3,1,4
TOMAVE,desnutricion global,sobrepeso (s),2006-10-01,2,3,0,0,2,3,5
TOMINA,desnutricion global,sobrepeso (s),2006-10-01,13,11,0,1,13,12,25
TORO TORO,desnutricion global,sobrepeso (s),2006-10-01,6,9,1,0,7,9,16
TOTORA(CBBA),desnutricion global,sobrepeso (s),2006-10-01,19,22,1,0,20,22,42
TOTORA(ORR),desnutricion global,sobrepeso (s),2006-10-01,2,2,0,0,2,2,4
TRIGAL,desnutricion global,sobrepeso (s),2006-10-01,5,3,1,1,6,4,10
TRINIDAD,desnutricion global,sobrepeso (s),2006-10-01,171,117,38,20,209,137,346
TUPIZA,desnutricion global,sobrepeso (s),2006-10-01,46,27,21,8,67,35,102
TURCO,desnutricion global,sobrepeso (s),2006-10-01,5,4,0,0,5,4,9
UMALA,desnutricion global,sobrepeso (s),2006-10-01,1,5,1,0,2,5,7
UNCIA,desnutricion global,sobrepeso (s),2006-10-01,11,3,2,4,13,7,20
URIONDO (A. CONCEPCION),desnutricion global,sobrepeso (s),2006-10-01,14,12,2,1,16,13,29
URUBICHA,desnutricion global,sobrepeso (s),2006-10-01,14,10,5,3,19,13,32
UYUNI,desnutricion global,sobrepeso (s),2006-10-01,7,8,2,1,9,9,18
VACAS,desnutricion global,sobrepeso (s),2006-10-01,1,0,1,0,2,0,2
VALLEGRANDE,desnutricion global,sobrepeso (s),2006-10-01,27,28,16,11,43,39,82
VIACHA,desnutricion global,sobrepeso (s),2006-10-01,40,45,6,5,46,50,96
VILA VILA,desnutricion global,sobrepeso (s),2006-10-01,4,4,2,1,6,5,11
VILLA MONTES,desnutricion global,sobrepeso (s),2006-10-01,25,12,11,8,36,20,56
VILLA NUEVA (LOMA ALTA),desnutricion global,sobrepeso (s),2006-10-01,0,4,1,0,1,4,5
VILLA RIVERO,desnutricion global,sobrepeso (s),2006-10-01,4,11,4,0,8,11,19
VILLA SERRANO,desnutricion global,sobrepeso (s),2006-10-01,9,15,3,4,12,19,31
VILLA TUNARI,desnutricion global,sobrepeso (s),2006-10-01,82,53,11,8,93,61,154
VILLA VACA GUZMAN (MUYUPAMPA),desnutricion global,sobrepeso (s),2006-10-01,16,20,7,22,23,42,65
VILLAZON,desnutricion global,sobrepeso (s),2006-10-01,30,36,5,4,35,40,75
VINTO,desnutricion global,sobrepeso (s),2006-10-01,22,10,0,2,22,12,34
VITICHI,desnutricion global,sobrepeso (s),2006-10-01,7,0,1,0,8,0,8
WARNES,desnutricion global,sobrepeso (s),2006-10-01,137,104,89,86,226,190,416
YACO,desnutricion global,sobrepeso (s),2006-10-01,1,0,0,0,1,0,1
YACUIBA,desnutricion global,sobrepeso (s),2006-10-01,80,87,6,9,86,96,182
YAMPARAEZ,desnutricion global,sobrepeso (s),2006-10-01,12,11,2,0,14,11,25
YANACACHI,desnutricion global,sobrepeso (s),2006-10-01,6,2,1,2,7,4,11
YAPACANI,desnutricion global,sobrepeso (s),2006-10-01,81,82,6,6,87,88,175
YOCALLA,desnutricion global,sobrepeso (s),2006-10-01,5,5,0,0,5,5,10
YOTALA,desnutricion global,sobrepeso (s),2006-10-01,9,7,5,3,14,10,24
YUNCHARA,desnutricion global,sobrepeso (s),2006-10-01,0,3,0,0,0,3,3
ZUDAÑEZ,desnutricion global,sobrepeso (s),2006-10-01,8,11,1,0,9,11,20
ACACIO,desnutricion global,sobrepeso (s),2006-11-01,4,3,0,1,4,4,8
ACHACACHI,desnutricion global,sobrepeso (s),2006-11-01,27,32,6,7,33,39,72
AIQUILE,desnutricion global,sobrepeso (s),2006-11-01,7,2,1,2,8,4,12
ALCALA,desnutricion global,sobrepeso (s),2006-11-01,4,5,1,1,5,6,11
ANCORAIMES,desnutricion global,sobrepeso (s),2006-11-01,2,3,2,0,4,3,7
ANDAMARCA,desnutricion global,sobrepeso (s),2006-11-01,0,1,1,0,1,1,2
ANTEQUERA,desnutricion global,sobrepeso (s),2006-11-01,4,1,0,0,4,1,5
ANZALDO,desnutricion global,sobrepeso (s),2006-11-01,3,0,0,1,3,1,4
APOLO,desnutricion global,sobrepeso (s),2006-11-01,18,9,3,2,21,11,32
ARAMPAMPA,desnutricion global,sobrepeso (s),2006-11-01,0,1,0,0,0,1,1
ARANI,desnutricion global,sobrepeso (s),2006-11-01,4,2,2,4,6,6,12
ARBIETO,desnutricion global,sobrepeso (s),2006-11-01,4,2,0,0,4,2,6
ARQUE,desnutricion global,sobrepeso (s),2006-11-01,2,5,0,0,2,5,7
ASCENCION DE GUARAYOS,desnutricion global,sobrepeso (s),2006-11-01,3,5,2,0,5,5,10
ATOCHA,desnutricion global,sobrepeso (s),2006-11-01,13,10,1,5,14,15,29
AUCAPATA,desnutricion global,sobrepeso (s),2006-11-01,1,0,0,0,1,0,1
AYATA,desnutricion global,sobrepeso (s),2006-11-01,3,1,0,1,3,2,5
AYO AYO,desnutricion global,sobrepeso (s),2006-11-01,3,3,1,0,4,3,7
AYOPAYA (V. DE INDEPENDENCIA),desnutricion global,sobrepeso (s),2006-11-01,28,33,4,2,32,35,67
AZURDUY,desnutricion global,sobrepeso (s),2006-11-01,14,3,3,0,17,3,20
BATALLAS,desnutricion global,sobrepeso (s),2006-11-01,2,1,0,0,2,1,3
BAURES,desnutricion global,sobrepeso (s),2006-11-01,9,2,2,3,11,5,16
BELEN DE ANDAMARCA,desnutricion global,sobrepeso (s),2006-11-01,1,0,0,0,1,0,1
BELEN DE URMIRI,desnutricion global,sobrepeso (s),2006-11-01,0,0,0,2,0,2,2
BELLA FLOR,desnutricion global,sobrepeso (s),2006-11-01,15,7,3,4,18,11,29
BERMEJO,desnutricion global,sobrepeso (s),2006-11-01,1,0,2,0,3,0,3
BETANZOS,desnutricion global,sobrepeso (s),2006-11-01,35,25,1,2,36,27,63
BOLIVAR,desnutricion global,sobrepeso (s),2006-11-01,2,0,0,0,2,0,2
BOLPEBRA,desnutricion global,sobrepeso (s),2006-11-01,0,2,0,0,0,2,2
BOYUIBE,desnutricion global,sobrepeso (s),2006-11-01,4,5,1,4,5,9,14
BUENA VISTA,desnutricion global,sobrepeso (s),2006-11-01,28,20,3,4,31,24,55
CABEZAS,desnutricion global,sobrepeso (s),2006-11-01,32,18,10,7,42,25,67
CAIROMA,desnutricion global,sobrepeso (s),2006-11-01,4,6,0,0,4,6,10
"CAIZA ""D""",desnutricion global,sobrepeso (s),2006-11-01,12,4,3,1,15,5,20
CAJUATA,desnutricion global,sobrepeso (s),2006-11-01,20,16,2,1,22,17,39
CALACOTO,desnutricion global,sobrepeso (s),2006-11-01,0,1,1,0,1,1,2
CALAMARCA,desnutricion global,sobrepeso (s),2006-11-01,6,4,0,0,6,4,10
CAMARGO,desnutricion global,sobrepeso (s),2006-11-01,46,19,2,3,48,22,70
CAMATAQUI (C. VILLA ABECIA),desnutricion global,sobrepeso (s),2006-11-01,4,8,2,2,6,10,16
CAMIRI,desnutricion global,sobrepeso (s),2006-11-01,154,92,44,27,198,119,317
CAPINOTA,desnutricion global,sobrepeso (s),2006-11-01,1,2,0,1,1,3,4
CAQUIAVIRI,desnutricion global,sobrepeso (s),2006-11-01,4,6,0,1,4,7,11
CARACOLLO,desnutricion global,sobrepeso (s),2006-11-01,14,17,2,0,16,17,33
CARANAVI,desnutricion global,sobrepeso (s),2006-11-01,118,77,4,7,122,84,206
CARAPARI,desnutricion global,sobrepeso (s),2006-11-01,34,32,10,6,44,38,82
CARIPUYO,desnutricion global,sobrepeso (s),2006-11-01,7,2,2,0,9,2,11
CARMEN RIVERO TORREZ,desnutricion global,sobrepeso (s),2006-11-01,1,1,2,2,3,3,6
CHALLAPATA,desnutricion global,sobrepeso (s),2006-11-01,11,29,1,2,12,31,43
CHAQUI,desnutricion global,sobrepeso (s),2006-11-01,7,11,0,0,7,11,18
CHARAGUA,desnutricion global,sobrepeso (s),2006-11-01,45,33,14,11,59,44,103
CHARAÑA,desnutricion global,sobrepeso (s),2006-11-01,1,5,1,0,2,5,7
CHAYANTA,desnutricion global,sobrepeso (s),2006-11-01,8,11,2,4,10,15,25
CHIMORE,desnutricion global,sobrepeso (s),2006-11-01,3,0,1,1,4,1,5
CHULUMANI (V. DE LA LIBERTAD),desnutricion global,sobrepeso (s),2006-11-01,13,4,4,0,17,4,21
CHUMA,desnutricion global,sobrepeso (s),2006-11-01,11,7,2,4,13,11,24
CLIZA,desnutricion global,sobrepeso (s),2006-11-01,25,9,8,4,33,13,46
COBIJA,desnutricion global,sobrepeso (s),2006-11-01,56,70,9,13,65,83,148
COCHABAMBA,desnutricion global,sobrepeso (s),2006-11-01,440,323,86,75,526,398,924
COLCAPIRHUA,desnutricion global,sobrepeso (s),2006-11-01,51,36,14,11,65,47,112
"COLCHA ""K""",desnutricion global,sobrepeso (s),2006-11-01,8,10,2,1,10,11,21
COLLANA,desnutricion global,sobrepeso (s),2006-11-01,1,0,0,0,1,0,1
COLOMI,desnutricion global,sobrepeso (s),2006-11-01,9,9,1,0,10,9,19
COLPA BELGICA,desnutricion global,sobrepeso (s),2006-11-01,20,12,7,6,27,18,45
COLQUECHACA,desnutricion global,sobrepeso (s),2006-11-01,13,2,1,0,14,2,16
COLQUENCHA,desnutricion global,sobrepeso (s),2006-11-01,6,2,0,0,6,2,8
COLQUIRI,desnutricion global,sobrepeso (s),2006-11-01,4,5,0,3,4,8,12
COMANCHE,desnutricion global,sobrepeso (s),2006-11-01,0,0,1,0,1,0,1
COMARAPA,desnutricion global,sobrepeso (s),2006-11-01,98,65,16,20,114,85,199
COMBAYA,desnutricion global,sobrepeso (s),2006-11-01,1,1,0,0,1,1,2
CONCEPCION,desnutricion global,sobrepeso (s),2006-11-01,19,8,0,2,19,10,29
COPACABANA,desnutricion global,sobrepeso (s),2006-11-01,18,10,3,0,21,10,31
CORIPATA,desnutricion global,sobrepeso (s),2006-11-01,17,4,0,0,17,4,21
CORO CORO,desnutricion global,sobrepeso (s),2006-11-01,1,4,0,1,1,5,6
COROICO,desnutricion global,sobrepeso (s),2006-11-01,4,3,5,6,9,9,18
CORQUE,desnutricion global,sobrepeso (s),2006-11-01,1,2,1,1,2,3,5
COTAGAITA,desnutricion global,sobrepeso (s),2006-11-01,15,12,8,4,23,16,39
COTOCA,desnutricion global,sobrepeso (s),2006-11-01,49,35,9,6,58,41,99
CUATRO CAÑADAS,desnutricion global,sobrepeso (s),2006-11-01,32,12,3,3,35,15,50
CUEVO,desnutricion global,sobrepeso (s),2006-11-01,10,8,1,0,11,8,19
CULPINA,desnutricion global,sobrepeso (s),2006-11-01,16,24,5,1,21,25,46
CURAHUARA DE CARANGAS,desnutricion global,sobrepeso (s),2006-11-01,8,7,1,0,9,7,16
CURVA,desnutricion global,sobrepeso (s),2006-11-01,1,3,0,0,1,3,4
DESAGUADERO,desnutricion global,sobrepeso (s),2006-11-01,8,9,0,0,8,9,17
EL ALTO,desnutricion global,sobrepeso (s),2006-11-01,656,482,112,162,768,644,1412
EL CHORO,desnutricion global,sobrepeso (s),2006-11-01,1,0,0,0,1,0,1
EL PUENTE(STC),desnutricion global,sobrepeso (s),2006-11-01,8,0,2,0,10,0,10
EL PUENTE(TJA),desnutricion global,sobrepeso (s),2006-11-01,13,13,3,1,16,14,30
EL TORNO,desnutricion global,sobrepeso (s),2006-11-01,68,32,17,24,85,56,141
EL VILLAR,desnutricion global,sobrepeso (s),2006-11-01,4,3,2,1,6,4,10
ENTRE RIOS,desnutricion global,sobrepeso (s),2006-11-01,27,32,9,12,36,44,80
ENTRE RIOS,desnutricion global,sobrepeso (s),2006-11-01,56,53,9,2,65,55,120
EUCALIPTUS,desnutricion global,sobrepeso (s),2006-11-01,6,3,3,2,9,5,14
EXALTACION,desnutricion global,sobrepeso (s),2006-11-01,14,3,0,1,14,4,18
FERNANDEZ ALONSO,desnutricion global,sobrepeso (s),2006-11-01,18,10,3,1,21,11,32
FILADELFIA,desnutricion global,sobrepeso (s),2006-11-01,14,10,3,1,17,11,28
GENERAL SAAVEDRA,desnutricion global,sobrepeso (s),2006-11-01,39,29,12,6,51,35,86
GRAL. J.J. PEREZ (CHARAZANI),desnutricion global,sobrepeso (s),2006-11-01,14,15,0,0,14,15,29
GUANAY,desnutricion global,sobrepeso (s),2006-11-01,43,23,12,9,55,32,87
GUAQUI,desnutricion global,sobrepeso (s),2006-11-01,10,7,4,0,14,7,21
GUAYARAMERIN,desnutricion global,sobrepeso (s),2006-11-01,127,124,5,11,132,135,267
GUTIERREZ,desnutricion global,sobrepeso (s),2006-11-01,38,30,12,5,50,35,85
HUACARETA,desnutricion global,sobrepeso (s),2006-11-01,17,14,7,3,24,17,41
HUACAYA (VILLA DE HUACAYA),desnutricion global,sobrepeso (s),2006-11-01,4,5,0,2,4,7,11
HUACHACALLA,desnutricion global,sobrepeso (s),2006-11-01,3,0,2,0,5,0,5
HUANUNI,desnutricion global,sobrepeso (s),2006-11-01,37,33,4,2,41,35,76
HUARACAJE,desnutricion global,sobrepeso (s),2006-11-01,5,2,1,1,6,3,9
HUAYLLAMARCA,desnutricion global,sobrepeso (s),2006-11-01,0,1,0,1,0,2,2
ICHOCA,desnutricion global,sobrepeso (s),2006-11-01,2,2,0,0,2,2,4
ICLA,desnutricion global,sobrepeso (s),2006-11-01,10,1,1,1,11,2,13
INCAHUASI,desnutricion global,sobrepeso (s),2006-11-01,27,26,2,3,29,29,58
INQUISIVI,desnutricion global,sobrepeso (s),2006-11-01,10,11,0,0,10,11,21
IRUPANA (VILLA DE LANZA),desnutricion global,sobrepeso (s),2006-11-01,4,4,4,2,8,6,14
IXIAMAS,desnutricion global,sobrepeso (s),2006-11-01,15,19,7,1,22,20,42
JESUS DE MACHACA,desnutricion global,sobrepeso (s),2006-11-01,4,7,0,1,4,8,12
LA ASUNTA,desnutricion global,sobrepeso (s),2006-11-01,24,19,4,3,28,22,50
LA GUARDIA,desnutricion global,sobrepeso (s),2006-11-01,98,62,17,20,115,82,197
LA PAZ,desnutricion global,sobrepeso (s),2006-11-01,478,451,151,119,629,570,1199
LAGUNILLAS,desnutricion global,sobrepeso (s),2006-11-01,22,20,3,14,25,34,59
LAJA,desnutricion global,sobrepeso (s),2006-11-01,6,10,1,1,7,11,18
LAS CARRERAS,desnutricion global,sobrepeso (s),2006-11-01,6,6,1,2,7,8,15
LICOMA PAMPA,desnutricion global,sobrepeso (s),2006-11-01,2,3,0,0,2,3,5
LLALLAGUA,desnutricion global,sobrepeso (s),2006-11-01,58,65,17,12,75,77,152
LLICA,desnutricion global,sobrepeso (s),2006-11-01,1,6,1,1,2,7,9
LORETO,desnutricion global,sobrepeso (s),2006-11-01,2,4,4,5,6,9,15
LURIBAY,desnutricion global,sobrepeso (s),2006-11-01,7,4,0,3,7,7,14
MACHACAMARCA,desnutricion global,sobrepeso (s),2006-11-01,2,1,1,1,3,2,5
MACHARETI,desnutricion global,sobrepeso (s),2006-11-01,33,22,14,9,47,31,78
MAGDALENA,desnutricion global,sobrepeso (s),2006-11-01,20,9,6,3,26,12,38
MAIRANA,desnutricion global,sobrepeso (s),2006-11-01,16,21,3,5,19,26,45
MAPIRI,desnutricion global,sobrepeso (s),2006-11-01,30,16,2,5,32,21,53
MECAPACA,desnutricion global,sobrepeso (s),2006-11-01,13,4,4,3,17,7,24
MINEROS,desnutricion global,sobrepeso (s),2006-11-01,27,24,9,5,36,29,65
MIZQUE,desnutricion global,sobrepeso (s),2006-11-01,51,24,6,3,57,27,84
MOCOMOCO,desnutricion global,sobrepeso (s),2006-11-01,3,5,0,0,3,5,8
MOJINETE,desnutricion global,sobrepeso (s),2006-11-01,0,0,0,1,0,1,1
MOJOCOYA,desnutricion global,sobrepeso (s),2006-11-01,13,7,4,1,17,8,25
MONTEAGUDO,desnutricion global,sobrepeso (s),2006-11-01,67,56,13,11,80,67,147
MONTERO,desnutricion global,sobrepeso (s),2006-11-01,333,225,107,91,440,316,756
MORO MORO,desnutricion global,sobrepeso (s),2006-11-01,10,10,6,1,16,11,27
MOROCHATA,desnutricion global,sobrepeso (s),2006-11-01,2,1,1,0,3,1,4
NACEBE (SANTA ROSA DEL ABUNA),desnutricion global,sobrepeso (s),2006-11-01,4,1,1,1,5,2,7
OCURI,desnutricion global,sobrepeso (s),2006-11-01,5,6,0,1,5,7,12
OKINAWA,desnutricion global,sobrepeso (s),2006-11-01,13,11,3,3,16,14,30
OMEREQUE,desnutricion global,sobrepeso (s),2006-11-01,6,3,0,0,6,3,9
ORURO,desnutricion global,sobrepeso (s),2006-11-01,220,182,32,33,252,215,467
PADCAYA,desnutricion global,sobrepeso (s),2006-11-01,12,21,8,9,20,30,50
PADILLA,desnutricion global,sobrepeso (s),2006-11-01,24,32,11,16,35,48,83
PAILON,desnutricion global,sobrepeso (s),2006-11-01,0,75,26,0,26,75,101
PALCA,desnutricion global,sobrepeso (s),2006-11-01,7,5,1,0,8,5,13
PALOS BLANCOS,desnutricion global,sobrepeso (s),2006-11-01,21,24,5,3,26,27,53
PAMPA AULLAGAS,desnutricion global,sobrepeso (s),2006-11-01,1,3,0,1,1,4,5
PAMPA GRANDE,desnutricion global,sobrepeso (s),2006-11-01,14,12,2,6,16,18,34
PAPEL PAMPA,desnutricion global,sobrepeso (s),2006-11-01,0,6,1,0,1,6,7
PASORAPA,desnutricion global,sobrepeso (s),2006-11-01,5,5,1,1,6,6,12
PATACAMAYA,desnutricion global,sobrepeso (s),2006-11-01,6,5,5,0,11,5,16
PAZÑA,desnutricion global,sobrepeso (s),2006-11-01,6,3,0,0,6,3,9
PELECHUCO,desnutricion global,sobrepeso (s),2006-11-01,2,2,0,0,2,2,4
POCOATA,desnutricion global,sobrepeso (s),2006-11-01,16,14,5,2,21,16,37
POCONA,desnutricion global,sobrepeso (s),2006-11-01,7,3,1,1,8,4,12
POJO (CBBA),desnutricion global,sobrepeso (s),2006-11-01,34,20,3,1,37,21,58
POOPO,desnutricion global,sobrepeso (s),2006-11-01,3,5,0,0,3,5,8
PORCO,desnutricion global,sobrepeso (s),2006-11-01,31,3,4,0,35,3,38
POROMA,desnutricion global,sobrepeso (s),2006-11-01,17,12,0,1,17,13,30
PORONGO,desnutricion global,sobrepeso (s),2006-11-01,27,21,6,6,33,27,60
PORTACHUELO,desnutricion global,sobrepeso (s),2006-11-01,121,80,33,25,154,105,259
PORVENIR,desnutricion global,sobrepeso (s),2006-11-01,12,10,1,1,13,11,24
POSTRER VALLE,desnutricion global,sobrepeso (s),2006-11-01,2,5,2,4,4,9,13
POTOSI,desnutricion global,sobrepeso (s),2006-11-01,118,73,12,13,130,86,216
PRESTO,desnutricion global,sobrepeso (s),2006-11-01,8,4,0,5,8,9,17
PUCARA,desnutricion global,sobrepeso (s),2006-11-01,1,0,2,0,3,0,3
PUCARANI,desnutricion global,sobrepeso (s),2006-11-01,19,21,1,4,20,25,45
PUERTO ACOSTA,desnutricion global,sobrepeso (s),2006-11-01,11,3,4,5,15,8,23
PUERTO CARABUCO,desnutricion global,sobrepeso (s),2006-11-01,8,13,0,0,8,13,21
PUERTO GONZALO MORENO,desnutricion global,sobrepeso (s),2006-11-01,6,1,0,1,6,2,8
PUERTO QUIJARRO,desnutricion global,sobrepeso (s),2006-11-01,42,37,5,5,47,42,89
PUERTO RICO,desnutricion global,sobrepeso (s),2006-11-01,9,3,0,0,9,3,12
PUERTO SILES,desnutricion global,sobrepeso (s),2006-11-01,7,5,3,3,10,8,18
PUERTO SUAREZ,desnutricion global,sobrepeso (s),2006-11-01,47,30,9,11,56,41,97
PUERTO VILLARROEL,desnutricion global,sobrepeso (s),2006-11-01,63,72,13,10,76,82,158
PUNA,desnutricion global,sobrepeso (s),2006-11-01,21,13,0,2,21,15,36
PUNATA,desnutricion global,sobrepeso (s),2006-11-01,13,9,5,3,18,12,30
QUIABAYA,desnutricion global,sobrepeso (s),2006-11-01,1,1,0,0,1,1,2
QUILLACOLLO,desnutricion global,sobrepeso (s),2006-11-01,58,75,38,15,96,90,186
QUIME,desnutricion global,sobrepeso (s),2006-11-01,12,6,1,0,13,6,19
QUIRUSILLAS,desnutricion global,sobrepeso (s),2006-11-01,6,8,3,1,9,9,18
RAVELO,desnutricion global,sobrepeso (s),2006-11-01,11,3,0,0,11,3,14
REYES,desnutricion global,sobrepeso (s),2006-11-01,29,11,7,3,36,14,50
RIBERALTA,desnutricion global,sobrepeso (s),2006-11-01,102,40,15,6,117,46,163
ROBORE,desnutricion global,sobrepeso (s),2006-11-01,22,7,8,7,30,14,44
RURRENABAQUE,desnutricion global,sobrepeso (s),2006-11-01,6,2,0,2,6,4,10
SABAYA,desnutricion global,sobrepeso (s),2006-11-01,1,2,0,0,1,2,3
SACABA,desnutricion global,sobrepeso (s),2006-11-01,71,51,10,8,81,59,140
SACACA,desnutricion global,sobrepeso (s),2006-11-01,4,4,0,0,4,4,8
SAIPINA,desnutricion global,sobrepeso (s),2006-11-01,66,38,24,24,90,62,152
SALINAS DE GARCI MENDOZA,desnutricion global,sobrepeso (s),2006-11-01,14,18,2,1,16,19,35
SAMAIPATA,desnutricion global,sobrepeso (s),2006-11-01,11,6,1,1,12,7,19
SAN AGUSTIN,desnutricion global,sobrepeso (s),2006-11-01,2,3,0,0,2,3,5
SAN ANDRES,desnutricion global,sobrepeso (s),2006-11-01,33,24,6,1,39,25,64
SAN ANDRES DE MACHACA,desnutricion global,sobrepeso (s),2006-11-01,2,7,0,2,2,9,11
SAN ANTONIO DE ESMORUCO,desnutricion global,sobrepeso (s),2006-11-01,2,2,0,0,2,2,4
SAN ANTONIO DE LOMERIO,desnutricion global,sobrepeso (s),2006-11-01,11,13,1,2,12,15,27
SAN BENITO,desnutricion global,sobrepeso (s),2006-11-01,2,5,2,0,4,5,9
SAN BORJA,desnutricion global,sobrepeso (s),2006-11-01,63,44,12,17,75,61,136
SAN BUENA VENTURA,desnutricion global,sobrepeso (s),2006-11-01,10,9,2,0,12,9,21
SAN CARLOS,desnutricion global,sobrepeso (s),2006-11-01,60,45,14,8,74,53,127
SAN IGNACIO,desnutricion global,sobrepeso (s),2006-11-01,24,8,6,1,30,9,39
SAN IGNACIO DE VELASCO,desnutricion global,sobrepeso (s),2006-11-01,141,78,23,8,164,86,250
SAN JAVIER(BNI),desnutricion global,sobrepeso (s),2006-11-01,10,4,0,0,10,4,14
SAN JOAQUIN,desnutricion global,sobrepeso (s),2006-11-01,2,2,6,12,8,14,22
SAN JOSE DE CHIQUITOS,desnutricion global,sobrepeso (s),2006-11-01,11,9,10,8,21,17,38
SAN JUAN DE YAPACANI,desnutricion global,sobrepeso (s),2006-11-01,46,22,4,2,50,24,74
SAN JULIAN,desnutricion global,sobrepeso (s),2006-11-01,43,54,48,50,91,104,195
SAN LORENZO(TJA),desnutricion global,sobrepeso (s),2006-11-01,14,7,4,2,18,9,27
SAN LUCAS,desnutricion global,sobrepeso (s),2006-11-01,37,27,2,5,39,32,71
SAN MATIAS,desnutricion global,sobrepeso (s),2006-11-01,17,6,5,2,22,8,30
SAN MIGUEL DE VELASCO,desnutricion global,sobrepeso (s),2006-11-01,21,17,1,2,22,19,41
SAN PABLO DE LIPEZ,desnutricion global,sobrepeso (s),2006-11-01,1,0,0,0,1,0,1
SAN PEDRO,desnutricion global,sobrepeso (s),2006-11-01,56,46,6,10,62,56,118
SAN PEDRO DE BUENA VISTA,desnutricion global,sobrepeso (s),2006-11-01,18,16,0,0,18,16,34
SAN PEDRO DE CURAHUARA,desnutricion global,sobrepeso (s),2006-11-01,1,0,0,1,1,1,2
SAN PEDRO DE TIQUINA,desnutricion global,sobrepeso (s),2006-11-01,0,0,0,2,0,2,2
SAN PEDRO(PND),desnutricion global,sobrepeso (s),2006-11-01,0,0,1,0,1,0,1
SAN RAFAEL,desnutricion global,sobrepeso (s),2006-11-01,5,7,2,1,7,8,15
SAN RAMON,desnutricion global,sobrepeso (s),2006-11-01,19,8,2,1,21,9,30
SANTA ANA,desnutricion global,sobrepeso (s),2006-11-01,43,25,12,6,55,31,86
SANTA CRUZ DE LA SIERRA,desnutricion global,sobrepeso (s),2006-11-01,1414,1131,534,504,1948,1635,3583
SANTA ROSA,desnutricion global,sobrepeso (s),2006-11-01,42,23,5,7,47,30,77
SANTA ROSA DEL SARA,desnutricion global,sobrepeso (s),2006-11-01,22,43,8,7,30,50,80
SANTIAGO DE HUARI,desnutricion global,sobrepeso (s),2006-11-01,6,3,1,1,7,4,11
SANTIAGO DE MACHACA,desnutricion global,sobrepeso (s),2006-11-01,1,0,2,0,3,0,3
SANTUARIO DE QUILLACAS,desnutricion global,sobrepeso (s),2006-11-01,4,7,7,0,11,7,18
SAPAHAQUI,desnutricion global,sobrepeso (s),2006-11-01,6,3,0,2,6,5,11
SENA,desnutricion global,sobrepeso (s),2006-11-01,2,5,0,0,2,5,7
SICA SICA (VILLA AROMA),desnutricion global,sobrepeso (s),2006-11-01,6,15,0,0,6,15,21
SICAYA,desnutricion global,sobrepeso (s),2006-11-01,1,1,0,0,1,1,2
SIPE SIPE,desnutricion global,sobrepeso (s),2006-11-01,66,45,20,33,86,78,164
SOPACHUY,desnutricion global,sobrepeso (s),2006-11-01,10,7,0,1,10,8,18
SORACACHI,desnutricion global,sobrepeso (s),2006-11-01,14,7,7,5,21,12,33
SORATA,desnutricion global,sobrepeso (s),2006-11-01,9,10,0,3,9,13,22
SUCRE,desnutricion global,sobrepeso (s),2006-11-01,253,205,47,40,300,245,545
TACACHI,desnutricion global,sobrepeso (s),2006-11-01,2,0,0,0,2,0,2
TACACOMA,desnutricion global,sobrepeso (s),2006-11-01,7,3,3,1,10,4,14
TACOBAMBA,desnutricion global,sobrepeso (s),2006-11-01,1,5,0,0,1,5,6
TACOPAYA,desnutricion global,sobrepeso (s),2006-11-01,4,1,0,0,4,1,5
TAHUA,desnutricion global,sobrepeso (s),2006-11-01,2,2,1,2,3,4,7
TAPACARI,desnutricion global,sobrepeso (s),2006-11-01,10,3,1,1,11,4,15
TARABUCO,desnutricion global,sobrepeso (s),2006-11-01,10,11,3,0,13,11,24
TARACO,desnutricion global,sobrepeso (s),2006-11-01,3,3,0,0,3,3,6
TARATA,desnutricion global,sobrepeso (s),2006-11-01,10,13,2,3,12,16,28
TARIJA,desnutricion global,sobrepeso (s),2006-11-01,331,303,62,74,393,377,770
TARVITA,desnutricion global,sobrepeso (s),2006-11-01,5,1,3,0,8,1,9
TEOPONTE,desnutricion global,sobrepeso (s),2006-11-01,21,7,6,8,27,15,42
TIAWANACU,desnutricion global,sobrepeso (s),2006-11-01,3,3,1,2,4,5,9
TINGUIPAYA,desnutricion global,sobrepeso (s),2006-11-01,5,3,0,0,5,3,8
TIPUANI,desnutricion global,sobrepeso (s),2006-11-01,11,6,1,0,12,6,18
TIQUIPAYA,desnutricion global,sobrepeso (s),2006-11-01,19,18,3,3,22,21,43
TIRAQUE (CBBA),desnutricion global,sobrepeso (s),2006-11-01,34,70,16,55,50,125,175
TITO YUPANQUI (PARQUIPUJIO),desnutricion global,sobrepeso (s),2006-11-01,1,1,0,0,1,1,2
TOLATA,desnutricion global,sobrepeso (s),2006-11-01,0,1,0,0,0,1,1
TOLEDO,desnutricion global,sobrepeso (s),2006-11-01,8,1,1,1,9,2,11
TOMAVE,desnutricion global,sobrepeso (s),2006-11-01,3,8,0,0,3,8,11
TOMINA,desnutricion global,sobrepeso (s),2006-11-01,18,10,4,2,22,12,34
TORO TORO,desnutricion global,sobrepeso (s),2006-11-01,14,8,4,1,18,9,27
TOTORA(CBBA),desnutricion global,sobrepeso (s),2006-11-01,17,9,3,0,20,9,29
TOTORA(ORR),desnutricion global,sobrepeso (s),2006-11-01,3,0,0,2,3,2,5
TRIGAL,desnutricion global,sobrepeso (s),2006-11-01,6,1,0,1,6,2,8
TRINIDAD,desnutricion global,sobrepeso (s),2006-11-01,138,111,29,22,167,133,300
TUPIZA,desnutricion global,sobrepeso (s),2006-11-01,62,48,9,18,71,66,137
TURCO,desnutricion global,sobrepeso (s),2006-11-01,4,6,1,2,5,8,13
UMALA,desnutricion global,sobrepeso (s),2006-11-01,1,4,0,0,1,4,5
UNCIA,desnutricion global,sobrepeso (s),2006-11-01,25,7,5,5,30,12,42
URIONDO (A. CONCEPCION),desnutricion global,sobrepeso (s),2006-11-01,25,19,7,4,32,23,55
UYUNI,desnutricion global,sobrepeso (s),2006-11-01,89,43,11,5,100,48,148
VACAS,desnutricion global,sobrepeso (s),2006-11-01,0,0,2,0,2,0,2
VALLEGRANDE,desnutricion global,sobrepeso (s),2006-11-01,50,40,7,9,57,49,106
VIACHA,desnutricion global,sobrepeso (s),2006-11-01,34,37,8,3,42,40,82
VILA VILA,desnutricion global,sobrepeso (s),2006-11-01,1,0,0,0,1,0,1
VILLA MONTES,desnutricion global,sobrepeso (s),2006-11-01,35,18,5,5,40,23,63
VILLA NUEVA (LOMA ALTA),desnutricion global,sobrepeso (s),2006-11-01,1,0,0,0,1,0,1
VILLA RIVERO,desnutricion global,sobrepeso (s),2006-11-01,5,9,3,0,8,9,17
VILLA SERRANO,desnutricion global,sobrepeso (s),2006-11-01,12,17,13,7,25,24,49
VILLA TUNARI,desnutricion global,sobrepeso (s),2006-11-01,102,76,25,11,127,87,214
VILLA VACA GUZMAN (MUYUPAMPA),desnutricion global,sobrepeso (s),2006-11-01,20,8,8,5,28,13,41
VILLAZON,desnutricion global,sobrepeso (s),2006-11-01,33,39,8,4,41,43,84
VINTO,desnutricion global,sobrepeso (s),2006-11-01,7,8,0,0,7,8,15
VITICHI,desnutricion global,sobrepeso (s),2006-11-01,1,5,1,0,2,5,7
WARNES,desnutricion global,sobrepeso (s),2006-11-01,137,126,39,46,176,172,348
YACO,desnutricion global,sobrepeso (s),2006-11-01,1,4,1,0,2,4,6
YACUIBA,desnutricion global,sobrepeso (s),2006-11-01,117,74,13,9,130,83,213
YAMPARAEZ,desnutricion global,sobrepeso (s),2006-11-01,7,17,4,14,11,31,42
YANACACHI,desnutricion global,sobrepeso (s),2006-11-01,7,4,2,4,9,8,17
YAPACANI,desnutricion global,sobrepeso (s),2006-11-01,103,87,9,8,112,95,207
YOCALLA,desnutricion global,sobrepeso (s),2006-11-01,11,5,0,0,11,5,16
YOTALA,desnutricion global,sobrepeso (s),2006-11-01,12,8,3,5,15,13,28
YUNCHARA,desnutricion global,sobrepeso (s),2006-11-01,1,6,0,0,1,6,7
ZUDAÑEZ,desnutricion global,sobrepeso (s),2006-11-01,12,14,0,0,12,14,26
ACACIO,desnutricion global,sobrepeso (s),2006-12-01,2,5,0,0,2,5,7
ACHACACHI,desnutricion global,sobrepeso (s),2006-12-01,11,13,4,16,15,29,44
ACHOCALLA,desnutricion global,sobrepeso (s),2006-12-01,1,2,0,0,1,2,3
AIQUILE,desnutricion global,sobrepeso (s),2006-12-01,4,1,0,0,4,1,5
ALCALA,desnutricion global,sobrepeso (s),2006-12-01,1,5,0,0,1,5,6
ANCORAIMES,desnutricion global,sobrepeso (s),2006-12-01,6,5,0,0,6,5,11
ANDAMARCA,desnutricion global,sobrepeso (s),2006-12-01,3,0,0,0,3,0,3
ANTEQUERA,desnutricion global,sobrepeso (s),2006-12-01,4,3,0,1,4,4,8
ANZALDO,desnutricion global,sobrepeso (s),2006-12-01,4,1,0,1,4,2,6
APOLO,desnutricion global,sobrepeso (s),2006-12-01,25,18,1,1,26,19,45
ARAMPAMPA,desnutricion global,sobrepeso (s),2006-12-01,5,4,0,0,5,4,9
ARANI,desnutricion global,sobrepeso (s),2006-12-01,2,0,0,1,2,1,3
ARBIETO,desnutricion global,sobrepeso (s),2006-12-01,3,3,1,3,4,6,10
ARQUE,desnutricion global,sobrepeso (s),2006-12-01,1,8,0,0,1,8,9
ASCENCION DE GUARAYOS,desnutricion global,sobrepeso (s),2006-12-01,55,29,16,5,71,34,105
ATOCHA,desnutricion global,sobrepeso (s),2006-12-01,5,3,0,1,5,4,9
AYATA,desnutricion global,sobrepeso (s),2006-12-01,3,0,0,0,3,0,3
AYO AYO,desnutricion global,sobrepeso (s),2006-12-01,1,1,0,0,1,1,2
AYOPAYA (V. DE INDEPENDENCIA),desnutricion global,sobrepeso (s),2006-12-01,6,14,3,1,9,15,24
AZURDUY,desnutricion global,sobrepeso (s),2006-12-01,14,5,2,0,16,5,21
BATALLAS,desnutricion global,sobrepeso (s),2006-12-01,4,2,0,0,4,2,6
BAURES,desnutricion global,sobrepeso (s),2006-12-01,9,5,1,3,10,8,18
BELEN DE URMIRI,desnutricion global,sobrepeso (s),2006-12-01,0,2,0,0,0,2,2
BELLA FLOR,desnutricion global,sobrepeso (s),2006-12-01,14,0,4,4,18,4,22
BERMEJO,desnutricion global,sobrepeso (s),2006-12-01,5,2,1,1,6,3,9
BETANZOS,desnutricion global,sobrepeso (s),2006-12-01,23,21,1,2,24,23,47
BOLPEBRA,desnutricion global,sobrepeso (s),2006-12-01,1,3,0,2,1,5,6
BOYUIBE,desnutricion global,sobrepeso (s),2006-12-01,5,7,0,4,5,11,16
BUENA VISTA,desnutricion global,sobrepeso (s),2006-12-01,14,11,3,2,17,13,30
CABEZAS,desnutricion global,sobrepeso (s),2006-12-01,25,4,7,4,32,8,40
CAIROMA,desnutricion global,sobrepeso (s),2006-12-01,3,1,0,0,3,1,4
"CAIZA ""D""",desnutricion global,sobrepeso (s),2006-12-01,9,4,6,0,15,4,19
CAJUATA,desnutricion global,sobrepeso (s),2006-12-01,15,11,0,2,15,13,28
CALACOTO,desnutricion global,sobrepeso (s),2006-12-01,1,0,0,1,1,1,2
CALAMARCA,desnutricion global,sobrepeso (s),2006-12-01,6,1,1,0,7,1,8
CAMARGO,desnutricion global,sobrepeso (s),2006-12-01,19,9,2,0,21,9,30
CAMATAQUI (C. VILLA ABECIA),desnutricion global,sobrepeso (s),2006-12-01,4,0,1,1,5,1,6
CAMIRI,desnutricion global,sobrepeso (s),2006-12-01,108,88,34,16,142,104,246
CAPINOTA,desnutricion global,sobrepeso (s),2006-12-01,0,1,1,1,1,2,3
CAQUIAVIRI,desnutricion global,sobrepeso (s),2006-12-01,4,4,0,0,4,4,8
CARACOLLO,desnutricion global,sobrepeso (s),2006-12-01,12,10,7,0,19,10,29
CARANAVI,desnutricion global,sobrepeso (s),2006-12-01,87,59,4,11,91,70,161
CARAPARI,desnutricion global,sobrepeso (s),2006-12-01,17,19,5,5,22,24,46
CARIPUYO,desnutricion global,sobrepeso (s),2006-12-01,4,5,1,0,5,5,10
CARMEN RIVERO TORREZ,desnutricion global,sobrepeso (s),2006-12-01,6,4,0,0,6,4,10
CHACARILLA,desnutricion global,sobrepeso (s),2006-12-01,1,0,0,0,1,0,1
CHALLAPATA,desnutricion global,sobrepeso (s),2006-12-01,21,14,0,3,21,17,38
CHAQUI,desnutricion global,sobrepeso (s),2006-12-01,3,4,0,1,3,5,8
CHARAGUA,desnutricion global,sobrepeso (s),2006-12-01,51,39,9,8,60,47,107
CHARAÑA,desnutricion global,sobrepeso (s),2006-12-01,3,3,1,0,4,3,7
CHAYANTA,desnutricion global,sobrepeso (s),2006-12-01,10,11,0,4,10,15,25
CHIMORE,desnutricion global,sobrepeso (s),2006-12-01,3,10,0,0,3,10,13
CHIPAYA,desnutricion global,sobrepeso (s),2006-12-01,0,2,0,0,0,2,2
CHOQUE COTA,desnutricion global,sobrepeso (s),2006-12-01,2,1,0,0,2,1,3
CHULUMANI (V. DE LA LIBERTAD),desnutricion global,sobrepeso (s),2006-12-01,5,0,0,0,5,0,5
CHUMA,desnutricion global,sobrepeso (s),2006-12-01,6,5,0,0,6,5,11
CLIZA,desnutricion global,sobrepeso (s),2006-12-01,24,9,3,5,27,14,41
COBIJA,desnutricion global,sobrepeso (s),2006-12-01,66,76,12,12,78,88,166
COCHABAMBA,desnutricion global,sobrepeso (s),2006-12-01,285,196,69,37,354,233,587
COLCAPIRHUA,desnutricion global,sobrepeso (s),2006-12-01,21,18,6,11,27,29,56
"COLCHA ""K""",desnutricion global,sobrepeso (s),2006-12-01,9,10,0,1,9,11,20
COLLANA,desnutricion global,sobrepeso (s),2006-12-01,1,0,0,0,1,0,1
COLOMI,desnutricion global,sobrepeso (s),2006-12-01,10,6,1,0,11,6,17
COLPA BELGICA,desnutricion global,sobrepeso (s),2006-12-01,15,8,2,5,17,13,30
COLQUECHACA,desnutricion global,sobrepeso (s),2006-12-01,4,6,1,0,5,6,11
COLQUENCHA,desnutricion global,sobrepeso (s),2006-12-01,10,8,3,1,13,9,22
COLQUIRI,desnutricion global,sobrepeso (s),2006-12-01,3,7,2,0,5,7,12
COMARAPA,desnutricion global,sobrepeso (s),2006-12-01,80,40,25,9,105,49,154
CONCEPCION,desnutricion global,sobrepeso (s),2006-12-01,7,2,3,2,10,4,14
COPACABANA,desnutricion global,sobrepeso (s),2006-12-01,9,6,1,1,10,7,17
CORIPATA,desnutricion global,sobrepeso (s),2006-12-01,9,7,1,0,10,7,17
CORO CORO,desnutricion global,sobrepeso (s),2006-12-01,3,0,0,1,3,1,4
COROICO,desnutricion global,sobrepeso (s),2006-12-01,28,7,2,3,30,10,40
CORQUE,desnutricion global,sobrepeso (s),2006-12-01,0,1,1,0,1,1,2
COTAGAITA,desnutricion global,sobrepeso (s),2006-12-01,13,7,6,0,19,7,26
COTOCA,desnutricion global,sobrepeso (s),2006-12-01,39,31,2,1,41,32,73
CUATRO CAÑADAS,desnutricion global,sobrepeso (s),2006-12-01,13,6,4,1,17,7,24
CULPINA,desnutricion global,sobrepeso (s),2006-12-01,12,8,6,3,18,11,29
CURAHUARA DE CARANGAS,desnutricion global,sobrepeso (s),2006-12-01,7,8,0,0,7,8,15
CURVA,desnutricion global,sobrepeso (s),2006-12-01,3,0,0,0,3,0,3
DESAGUADERO,desnutricion global,sobrepeso (s),2006-12-01,6,5,0,1,6,6,12
EL ALTO,desnutricion global,sobrepeso (s),2006-12-01,467,408,108,103,575,511,1086
EL CHORO,desnutricion global,sobrepeso (s),2006-12-01,3,1,0,0,3,1,4
EL PUENTE(STC),desnutricion global,sobrepeso (s),2006-12-01,23,4,0,0,23,4,27
EL PUENTE(TJA),desnutricion global,sobrepeso (s),2006-12-01,2,4,0,0,2,4,6
EL TORNO,desnutricion global,sobrepeso (s),2006-12-01,35,37,10,5,45,42,87
EL VILLAR,desnutricion global,sobrepeso (s),2006-12-01,3,2,4,1,7,3,10
ENTRE RIOS,desnutricion global,sobrepeso (s),2006-12-01,36,35,9,4,45,39,84
ENTRE RIOS,desnutricion global,sobrepeso (s),2006-12-01,23,28,7,6,30,34,64
ESMERALDA,desnutricion global,sobrepeso (s),2006-12-01,0,1,0,0,0,1,1
EUCALIPTUS,desnutricion global,sobrepeso (s),2006-12-01,2,2,1,1,3,3,6
EXALTACION,desnutricion global,sobrepeso (s),2006-12-01,2,1,0,2,2,3,5
FERNANDEZ ALONSO,desnutricion global,sobrepeso (s),2006-12-01,24,13,2,1,26,14,40
FILADELFIA,desnutricion global,sobrepeso (s),2006-12-01,3,0,0,0,3,0,3
GENERAL SAAVEDRA,desnutricion global,sobrepeso (s),2006-12-01,44,25,13,6,57,31,88
GRAL. J.J. PEREZ (CHARAZANI),desnutricion global,sobrepeso (s),2006-12-01,7,14,0,0,7,14,21
GUANAY,desnutricion global,sobrepeso (s),2006-12-01,17,26,1,3,18,29,47
GUAQUI,desnutricion global,sobrepeso (s),2006-12-01,5,3,4,1,9,4,13
GUAYARAMERIN,desnutricion global,sobrepeso (s),2006-12-01,88,80,6,9,94,89,183
GUTIERREZ,desnutricion global,sobrepeso (s),2006-12-01,22,26,7,2,29,28,57
HUACARETA,desnutricion global,sobrepeso (s),2006-12-01,15,10,5,5,20,15,35
HUACAYA (VILLA DE HUACAYA),desnutricion global,sobrepeso (s),2006-12-01,4,8,0,0,4,8,12
HUACHACALLA,desnutricion global,sobrepeso (s),2006-12-01,0,1,0,0,0,1,1
HUANUNI,desnutricion global,sobrepeso (s),2006-12-01,23,25,2,4,25,29,54
HUARACAJE,desnutricion global,sobrepeso (s),2006-12-01,2,2,0,2,2,4,6
HUAYLLAMARCA,desnutricion global,sobrepeso (s),2006-12-01,1,0,0,0,1,0,1
ICHOCA,desnutricion global,sobrepeso (s),2006-12-01,1,0,1,0,2,0,2
ICLA,desnutricion global,sobrepeso (s),2006-12-01,9,0,2,0,11,0,11
INCAHUASI,desnutricion global,sobrepeso (s),2006-12-01,17,19,1,1,18,20,38
INGAVI (HUMAITA),desnutricion global,sobrepeso (s),2006-12-01,0,1,0,0,0,1,1
INQUISIVI,desnutricion global,sobrepeso (s),2006-12-01,6,3,0,0,6,3,9
IRUPANA (VILLA DE LANZA),desnutricion global,sobrepeso (s),2006-12-01,6,6,2,2,8,8,16
IXIAMAS,desnutricion global,sobrepeso (s),2006-12-01,14,11,2,0,16,11,27
JESUS DE MACHACA,desnutricion global,sobrepeso (s),2006-12-01,2,3,1,0,3,3,6
LA ASUNTA,desnutricion global,sobrepeso (s),2006-12-01,18,8,1,0,19,8,27
LA GUARDIA,desnutricion global,sobrepeso (s),2006-12-01,71,39,15,22,86,61,147
LA PAZ,desnutricion global,sobrepeso (s),2006-12-01,324,266,75,77,399,343,742
LAGUNILLAS,desnutricion global,sobrepeso (s),2006-12-01,8,7,3,10,11,17,28
LAJA,desnutricion global,sobrepeso (s),2006-12-01,3,4,1,1,4,5,9
LAS CARRERAS,desnutricion global,sobrepeso (s),2006-12-01,6,7,1,2,7,9,16
LICOMA PAMPA,desnutricion global,sobrepeso (s),2006-12-01,1,4,0,1,1,5,6
LLALLAGUA,desnutricion global,sobrepeso (s),2006-12-01,50,67,11,9,61,76,137
LLICA,desnutricion global,sobrepeso (s),2006-12-01,4,2,1,0,5,2,7
LORETO,desnutricion global,sobrepeso (s),2006-12-01,8,5,5,4,13,9,22
LURIBAY,desnutricion global,sobrepeso (s),2006-12-01,6,3,1,1,7,4,11
MACHACAMARCA,desnutricion global,sobrepeso (s),2006-12-01,4,6,1,1,5,7,12
MACHARETI,desnutricion global,sobrepeso (s),2006-12-01,25,17,14,9,39,26,65
MAGDALENA,desnutricion global,sobrepeso (s),2006-12-01,7,2,3,1,10,3,13
MAIRANA,desnutricion global,sobrepeso (s),2006-12-01,19,16,4,1,23,17,40
MAPIRI,desnutricion global,sobrepeso (s),2006-12-01,24,24,9,6,33,30,63
MECAPACA,desnutricion global,sobrepeso (s),2006-12-01,3,0,0,0,3,0,3
MINEROS,desnutricion global,sobrepeso (s),2006-12-01,21,10,7,4,28,14,42
MIZQUE,desnutricion global,sobrepeso (s),2006-12-01,46,41,7,5,53,46,99
MOCOMOCO,desnutricion global,sobrepeso (s),2006-12-01,1,2,0,1,1,3,4
MOJOCOYA,desnutricion global,sobrepeso (s),2006-12-01,15,7,3,0,18,7,25
MONTEAGUDO,desnutricion global,sobrepeso (s),2006-12-01,48,40,10,11,58,51,109
MONTERO,desnutricion global,sobrepeso (s),2006-12-01,259,172,79,80,338,252,590
MORO MORO,desnutricion global,sobrepeso (s),2006-12-01,6,3,1,2,7,5,12
MOROCHATA,desnutricion global,sobrepeso (s),2006-12-01,8,7,2,1,10,8,18
NACEBE (SANTA ROSA DEL ABUNA),desnutricion global,sobrepeso (s),2006-12-01,3,2,1,1,4,3,7
OCURI,desnutricion global,sobrepeso (s),2006-12-01,8,3,0,0,8,3,11
OKINAWA,desnutricion global,sobrepeso (s),2006-12-01,4,0,1,1,5,1,6
OMEREQUE,desnutricion global,sobrepeso (s),2006-12-01,1,3,1,2,2,5,7
ORURO,desnutricion global,sobrepeso (s),2006-12-01,154,115,22,29,176,144,320
PADCAYA,desnutricion global,sobrepeso (s),2006-12-01,23,22,4,6,27,28,55
PADILLA,desnutricion global,sobrepeso (s),2006-12-01,15,24,6,5,21,29,50
PAILON,desnutricion global,sobrepeso (s),2006-12-01,16,29,11,3,27,32,59
PALCA,desnutricion global,sobrepeso (s),2006-12-01,10,3,0,0,10,3,13
PALOS BLANCOS,desnutricion global,sobrepeso (s),2006-12-01,8,5,0,0,8,5,13
PAMPA AULLAGAS,desnutricion global,sobrepeso (s),2006-12-01,2,2,0,0,2,2,4
PAMPA GRANDE,desnutricion global,sobrepeso (s),2006-12-01,10,8,0,0,10,8,18
PAPEL PAMPA,desnutricion global,sobrepeso (s),2006-12-01,0,1,0,0,0,1,1
PASORAPA,desnutricion global,sobrepeso (s),2006-12-01,2,5,1,1,3,6,9
PATACAMAYA,desnutricion global,sobrepeso (s),2006-12-01,16,7,5,4,21,11,32
PAZÑA,desnutricion global,sobrepeso (s),2006-12-01,0,1,0,1,0,2,2
PELECHUCO,desnutricion global,sobrepeso (s),2006-12-01,6,5,0,0,6,5,11
POCOATA,desnutricion global,sobrepeso (s),2006-12-01,17,8,3,1,20,9,29
POCONA,desnutricion global,sobrepeso (s),2006-12-01,4,2,1,1,5,3,8
POJO (CBBA),desnutricion global,sobrepeso (s),2006-12-01,15,3,2,1,17,4,21
POOPO,desnutricion global,sobrepeso (s),2006-12-01,2,2,1,0,3,2,5
PORCO,desnutricion global,sobrepeso (s),2006-12-01,6,2,0,2,6,4,10
POROMA,desnutricion global,sobrepeso (s),2006-12-01,15,4,0,1,15,5,20
PORONGO,desnutricion global,sobrepeso (s),2006-12-01,10,1,3,1,13,2,15
PORTACHUELO,desnutricion global,sobrepeso (s),2006-12-01,61,28,16,15,77,43,120
PORVENIR,desnutricion global,sobrepeso (s),2006-12-01,12,10,2,6,14,16,30
POSTRER VALLE,desnutricion global,sobrepeso (s),2006-12-01,3,2,1,0,4,2,6
POTOSI,desnutricion global,sobrepeso (s),2006-12-01,79,39,10,7,89,46,135
PUCARA,desnutricion global,sobrepeso (s),2006-12-01,2,1,0,1,2,2,4
PUCARANI,desnutricion global,sobrepeso (s),2006-12-01,27,15,5,1,32,16,48
PUERTO ACOSTA,desnutricion global,sobrepeso (s),2006-12-01,1,1,0,1,1,2,3
PUERTO CARABUCO,desnutricion global,sobrepeso (s),2006-12-01,4,2,2,2,6,4,10
PUERTO GONZALO MORENO,desnutricion global,sobrepeso (s),2006-12-01,2,3,0,0,2,3,5
PUERTO QUIJARRO,desnutricion global,sobrepeso (s),2006-12-01,34,25,4,2,38,27,65
PUERTO RICO,desnutricion global,sobrepeso (s),2006-12-01,10,5,3,1,13,6,19
PUERTO SILES,desnutricion global,sobrepeso (s),2006-12-01,1,2,0,0,1,2,3
PUERTO SUAREZ,desnutricion global,sobrepeso (s),2006-12-01,27,27,5,8,32,35,67
PUERTO VILLARROEL,desnutricion global,sobrepeso (s),2006-12-01,37,58,10,7,47,65,112
PUNA,desnutricion global,sobrepeso (s),2006-12-01,29,13,10,8,39,21,60
PUNATA,desnutricion global,sobrepeso (s),2006-12-01,10,3,1,0,11,3,14
QUIABAYA,desnutricion global,sobrepeso (s),2006-12-01,2,1,0,0,2,1,3
QUILLACOLLO,desnutricion global,sobrepeso (s),2006-12-01,44,31,9,3,53,34,87
QUIME,desnutricion global,sobrepeso (s),2006-12-01,7,8,0,0,7,8,15
QUIRUSILLAS,desnutricion global,sobrepeso (s),2006-12-01,7,3,2,1,9,4,13
RAVELO,desnutricion global,sobrepeso (s),2006-12-01,6,6,0,0,6,6,12
REYES,desnutricion global,sobrepeso (s),2006-12-01,11,12,2,3,13,15,28
RIBERALTA,desnutricion global,sobrepeso (s),2006-12-01,69,50,4,7,73,57,130
ROBORE,desnutricion global,sobrepeso (s),2006-12-01,12,3,9,5,21,8,29
RURRENABAQUE,desnutricion global,sobrepeso (s),2006-12-01,13,8,1,5,14,13,27
SABAYA,desnutricion global,sobrepeso (s),2006-12-01,4,4,0,0,4,4,8
SACABA,desnutricion global,sobrepeso (s),2006-12-01,57,63,5,5,62,68,130
SACABAMBA,desnutricion global,sobrepeso (s),2006-12-01,2,0,0,1,2,1,3
SACACA,desnutricion global,sobrepeso (s),2006-12-01,13,17,3,3,16,20,36
SAIPINA,desnutricion global,sobrepeso (s),2006-12-01,42,25,16,19,58,44,102
SALINAS DE GARCI MENDOZA,desnutricion global,sobrepeso (s),2006-12-01,12,10,1,1,13,11,24
SAMAIPATA,desnutricion global,sobrepeso (s),2006-12-01,10,6,1,2,11,8,19
SAN AGUSTIN,desnutricion global,sobrepeso (s),2006-12-01,0,3,0,0,0,3,3
SAN ANDRES,desnutricion global,sobrepeso (s),2006-12-01,17,7,3,3,20,10,30
SAN ANTONIO DE ESMORUCO,desnutricion global,sobrepeso (s),2006-12-01,0,2,0,0,0,2,2
SAN ANTONIO DE LOMERIO,desnutricion global,sobrepeso (s),2006-12-01,2,7,0,1,2,8,10
SAN BENITO,desnutricion global,sobrepeso (s),2006-12-01,0,2,0,0,0,2,2
SAN BORJA,desnutricion global,sobrepeso (s),2006-12-01,61,40,8,6,69,46,115
SAN BUENA VENTURA,desnutricion global,sobrepeso (s),2006-12-01,9,6,1,0,10,6,16
SAN CARLOS,desnutricion global,sobrepeso (s),2006-12-01,47,35,13,7,60,42,102
SAN IGNACIO,desnutricion global,sobrepeso (s),2006-12-01,18,15,5,3,23,18,41
SAN IGNACIO DE VELASCO,desnutricion global,sobrepeso (s),2006-12-01,74,41,10,8,84,49,133
SAN JAVIER(BNI),desnutricion global,sobrepeso (s),2006-12-01,2,5,0,0,2,5,7
SAN JOAQUIN,desnutricion global,sobrepeso (s),2006-12-01,11,4,3,5,14,9,23
SAN JOSE DE CHIQUITOS,desnutricion global,sobrepeso (s),2006-12-01,14,11,6,3,20,14,34
SAN JUAN DE YAPACANI,desnutricion global,sobrepeso (s),2006-12-01,35,21,4,4,39,25,64
SAN JULIAN,desnutricion global,sobrepeso (s),2006-12-01,15,7,7,2,22,9,31
SAN LORENZO(PND),desnutricion global,sobrepeso (s),2006-12-01,3,4,1,0,4,4,8
SAN LORENZO(TJA),desnutricion global,sobrepeso (s),2006-12-01,4,9,1,2,5,11,16
SAN LUCAS,desnutricion global,sobrepeso (s),2006-12-01,27,16,2,2,29,18,47
SAN MATIAS,desnutricion global,sobrepeso (s),2006-12-01,12,4,2,3,14,7,21
SAN MIGUEL DE VELASCO,desnutricion global,sobrepeso (s),2006-12-01,23,14,2,2,25,16,41
SAN PEDRO,desnutricion global,sobrepeso (s),2006-12-01,50,31,9,4,59,35,94
SAN PEDRO DE BUENA VISTA,desnutricion global,sobrepeso (s),2006-12-01,12,9,2,0,14,9,23
SAN PEDRO DE CURAHUARA,desnutricion global,sobrepeso (s),2006-12-01,1,1,0,0,1,1,2
SAN PEDRO DE TIQUINA,desnutricion global,sobrepeso (s),2006-12-01,2,1,3,1,5,2,7
SAN PEDRO(PND),desnutricion global,sobrepeso (s),2006-12-01,3,2,1,0,4,2,6
SAN RAFAEL,desnutricion global,sobrepeso (s),2006-12-01,7,4,1,1,8,5,13
SAN RAMON,desnutricion global,sobrepeso (s),2006-12-01,22,8,6,2,28,10,38
SANTA ANA,desnutricion global,sobrepeso (s),2006-12-01,27,13,11,14,38,27,65
SANTA CRUZ DE LA SIERRA,desnutricion global,sobrepeso (s),2006-12-01,1076,823,294,342,1370,1165,2535
SANTA ROSA,desnutricion global,sobrepeso (s),2006-12-01,41,38,2,7,43,45,88
SANTA ROSA DEL SARA,desnutricion global,sobrepeso (s),2006-12-01,16,10,2,0,18,10,28
SANTIAGO DE HUARI,desnutricion global,sobrepeso (s),2006-12-01,7,3,1,2,8,5,13
SANTIAGO DE MACHACA,desnutricion global,sobrepeso (s),2006-12-01,2,1,0,0,2,1,3
SANTUARIO DE QUILLACAS,desnutricion global,sobrepeso (s),2006-12-01,10,9,13,13,23,22,45
SAPAHAQUI,desnutricion global,sobrepeso (s),2006-12-01,12,2,1,1,13,3,16
SENA,desnutricion global,sobrepeso (s),2006-12-01,3,2,0,0,3,2,5
SICA SICA (VILLA AROMA),desnutricion global,sobrepeso (s),2006-12-01,5,9,0,2,5,11,16
SIPE SIPE,desnutricion global,sobrepeso (s),2006-12-01,44,43,7,9,51,52,103
SOPACHUY,desnutricion global,sobrepeso (s),2006-12-01,8,2,0,0,8,2,10
SORACACHI,desnutricion global,sobrepeso (s),2006-12-01,18,12,3,6,21,18,39
SORATA,desnutricion global,sobrepeso (s),2006-12-01,3,4,1,2,4,6,10
SUCRE,desnutricion global,sobrepeso (s),2006-12-01,151,131,46,29,197,160,357
TACACOMA,desnutricion global,sobrepeso (s),2006-12-01,6,6,0,0,6,6,12
TACOBAMBA,desnutricion global,sobrepeso (s),2006-12-01,5,2,0,1,5,3,8
TACOPAYA,desnutricion global,sobrepeso (s),2006-12-01,2,2,1,0,3,2,5
TAHUA,desnutricion global,sobrepeso (s),2006-12-01,3,1,0,0,3,1,4
TAPACARI,desnutricion global,sobrepeso (s),2006-12-01,11,4,3,0,14,4,18
TARABUCO,desnutricion global,sobrepeso (s),2006-12-01,7,12,1,1,8,13,21
TARACO,desnutricion global,sobrepeso (s),2006-12-01,1,0,0,0,1,0,1
TARATA,desnutricion global,sobrepeso (s),2006-12-01,11,16,0,1,11,17,28
TARIJA,desnutricion global,sobrepeso (s),2006-12-01,222,178,62,38,284,216,500
TARVITA,desnutricion global,sobrepeso (s),2006-12-01,6,1,1,0,7,1,8
TEOPONTE,desnutricion global,sobrepeso (s),2006-12-01,15,11,8,4,23,15,38
TIAWANACU,desnutricion global,sobrepeso (s),2006-12-01,3,3,0,0,3,3,6
TINGUIPAYA,desnutricion global,sobrepeso (s),2006-12-01,3,7,0,1,3,8,11
TIPUANI,desnutricion global,sobrepeso (s),2006-12-01,4,9,0,0,4,9,13
TIQUIPAYA,desnutricion global,sobrepeso (s),2006-12-01,6,7,1,0,7,7,14
TIRAQUE (CBBA),desnutricion global,sobrepeso (s),2006-12-01,59,35,15,6,74,41,115
TITO YUPANQUI (PARQUIPUJIO),desnutricion global,sobrepeso (s),2006-12-01,1,2,1,0,2,2,4
TOCO,desnutricion global,sobrepeso (s),2006-12-01,0,3,5,8,5,11,16
TOLATA,desnutricion global,sobrepeso (s),2006-12-01,2,2,0,0,2,2,4
TOLEDO,desnutricion global,sobrepeso (s),2006-12-01,8,4,2,1,10,5,15
TOMAVE,desnutricion global,sobrepeso (s),2006-12-01,0,9,0,3,0,12,12
TOMINA,desnutricion global,sobrepeso (s),2006-12-01,11,6,0,2,11,8,19
TORO TORO,desnutricion global,sobrepeso (s),2006-12-01,11,4,1,1,12,5,17
TOTORA(CBBA),desnutricion global,sobrepeso (s),2006-12-01,13,13,0,1,13,14,27
TOTORA(ORR),desnutricion global,sobrepeso (s),2006-12-01,3,4,0,1,3,5,8
TRIGAL,desnutricion global,sobrepeso (s),2006-12-01,3,0,2,0,5,0,5
TRINIDAD,desnutricion global,sobrepeso (s),2006-12-01,134,94,24,15,158,109,267
TUPIZA,desnutricion global,sobrepeso (s),2006-12-01,51,37,11,13,62,50,112
TURCO,desnutricion global,sobrepeso (s),2006-12-01,4,1,0,2,4,3,7
UMALA,desnutricion global,sobrepeso (s),2006-12-01,1,4,0,0,1,4,5
UNCIA,desnutricion global,sobrepeso (s),2006-12-01,4,1,0,0,4,1,5
URIONDO (A. CONCEPCION),desnutricion global,sobrepeso (s),2006-12-01,9,8,3,1,12,9,21
URUBICHA,desnutricion global,sobrepeso (s),2006-12-01,9,7,2,3,11,10,21
UYUNI,desnutricion global,sobrepeso (s),2006-12-01,60,41,2,1,62,42,104
VACAS,desnutricion global,sobrepeso (s),2006-12-01,2,0,0,0,2,0,2
VALLEGRANDE,desnutricion global,sobrepeso (s),2006-12-01,17,12,8,4,25,16,41
VIACHA,desnutricion global,sobrepeso (s),2006-12-01,48,44,12,7,60,51,111
VILA VILA,desnutricion global,sobrepeso (s),2006-12-01,0,3,0,0,0,3,3
VILLA MONTES,desnutricion global,sobrepeso (s),2006-12-01,33,11,6,6,39,17,56
VILLA RIVERO,desnutricion global,sobrepeso (s),2006-12-01,3,6,1,0,4,6,10
VILLA SERRANO,desnutricion global,sobrepeso (s),2006-12-01,10,12,1,1,11,13,24
VILLA TUNARI,desnutricion global,sobrepeso (s),2006-12-01,78,49,23,17,101,66,167
VILLA VACA GUZMAN (MUYUPAMPA),desnutricion global,sobrepeso (s),2006-12-01,11,12,6,4,17,16,33
VILLAZON,desnutricion global,sobrepeso (s),2006-12-01,45,27,10,12,55,39,94
VINTO,desnutricion global,sobrepeso (s),2006-12-01,8,2,3,0,11,2,13
VITICHI,desnutricion global,sobrepeso (s),2006-12-01,4,1,0,1,4,2,6
WARNES,desnutricion global,sobrepeso (s),2006-12-01,114,103,13,30,127,133,260
YACO,desnutricion global,sobrepeso (s),2006-12-01,1,0,1,2,2,2,4
YACUIBA,desnutricion global,sobrepeso (s),2006-12-01,65,57,10,3,75,60,135
YAMPARAEZ,desnutricion global,sobrepeso (s),2006-12-01,8,17,3,2,11,19,30
YANACACHI,desnutricion global,sobrepeso (s),2006-12-01,5,2,0,0,5,2,7
YAPACANI,desnutricion global,sobrepeso (s),2006-12-01,69,51,7,6,76,57,133
YOCALLA,desnutricion global,sobrepeso (s),2006-12-01,3,3,0,1,3,4,7
YOTALA,desnutricion global,sobrepeso (s),2006-12-01,8,9,4,5,12,14,26
YUNCHARA,desnutricion global,sobrepeso (s),2006-12-01,1,0,0,0,1,0,1
ZUDAÑEZ,desnutricion global,sobrepeso (s),2006-12-01,8,10,0,0,8,10,18
